0.558	5.902	2.382
0.559	5.906	2.411
0.559	5.908	2.409
0.560	5.908	2.407
0.560	5.911	2.410
0.561	5.917	2.375
0.562	5.920	2.377
0.563	5.927	2.377
0.564	5.933	2.377
0.565	5.941	2.377
0.565	5.945	2.401
0.565	5.945	2.409
0.565	5.945	2.412
0.565	5.945	2.410
0.565	5.946	2.399
0.566	5.955	2.378
0.567	5.960	2.377
0.568	5.969	2.377
0.568	5.971	2.377
0.569	5.974	2.377
0.569	5.981	2.377
0.570	5.994	2.377
0.570	5.999	2.377
0.571	6.006	2.407
0.572	6.015	2.378
0.573	6.030	2.377
0.573	6.036	2.377
0.573	6.038	2.372
0.573	6.040	2.377
0.573	6.041	2.377
0.574	6.042	2.377
0.574	6.051	2.377
0.575	6.062	2.378
0.575	6.067	2.398
0.576	6.078	2.377
0.576	6.079	2.377
0.576	6.080	2.377
0.576	6.082	2.377
0.576	6.082	2.388
0.576	6.083	2.415
0.577	6.085	2.415
0.577	6.090	2.414
0.578	6.092	2.414
0.578	6.100	2.384
0.579	6.110	2.377
0.580	6.119	2.377
0.581	6.128	2.377
0.582	6.140	2.377
0.582	6.144	2.412
0.582	6.146	2.414
0.583	6.150	2.415
0.583	6.152	2.417
0.584	6.160	2.399
0.584	6.165	2.378
0.584	6.170	2.378
0.585	6.175	2.379
0.585	6.182	2.379
0.586	6.192	2.390
0.587	6.206	2.415
0.588	6.215	2.416
0.589	6.221	2.418
0.590	6.226	2.417
0.590	6.233	2.384
0.591	6.248	2.378
0.592	6.258	2.381
0.593	6.266	2.376
0.594	6.280	2.383
0.595	6.297	2.377
0.596	6.305	2.382
0.596	6.311	2.378
0.597	6.322	2.400
0.597	6.332	2.402
0.598	6.343	2.385
0.600	6.355	2.387
0.600	6.362	2.380
0.601	6.370	2.377
0.602	6.374	2.377
0.603	6.383	2.382
0.604	6.395	2.379
0.605	6.409	2.382
0.605	6.418	2.410
0.606	6.426	2.386
0.607	6.435	2.382
0.608	6.451	2.389
0.609	6.467	2.390
0.610	6.475	2.385
0.610	6.480	2.417
0.611	6.482	2.425
0.611	6.489	2.420
0.611	6.492	2.421
0.612	6.495	2.408
0.612	6.501	2.388
0.613	6.507	2.388
0.614	6.519	2.386
0.614	6.526	2.385
0.615	6.532	2.404
0.616	6.542	2.424
0.616	6.551	2.424
0.617	6.561	2.424
0.617	6.566	2.425
0.617	6.569	2.398
0.618	6.575	2.391
0.618	6.580	2.384
0.618	6.588	2.389
0.620	6.597	2.387
0.621	6.607	2.427
0.622	6.618	2.423
0.622	6.619	2.422
0.622	6.625	2.423
0.623	6.628	2.410
0.623	6.633	2.389
0.624	6.644	2.387
0.626	6.665	2.387
0.628	6.685	2.384
0.629	6.698	2.383
0.629	6.703	2.393
0.629	6.712	2.392
0.630	6.716	2.392
0.630	6.724	2.388
0.630	6.726	2.395
0.631	6.734	2.391
0.632	6.740	2.394
0.633	6.751	2.384
0.633	6.759	2.386
0.634	6.766	2.387
0.634	6.773	2.389
0.635	6.775	2.393
0.635	6.781	2.398
0.636	6.791	2.400
0.637	6.801	2.394
0.638	6.812	2.396
0.639	6.824	2.394
0.640	6.836	2.398
0.640	6.841	2.416
0.641	6.854	2.427
0.642	6.868	2.432
0.643	6.873	2.429
0.643	6.879	2.424
0.643	6.882	2.402
0.643	6.885	2.389
0.643	6.886	2.400
0.644	6.892	2.401
0.644	6.898	2.404
0.644	6.903	2.406
0.645	6.909	2.400
0.645	6.913	2.432
0.646	6.921	2.433
0.647	6.925	2.409
0.647	6.934	2.406
0.647	6.939	2.400
0.648	6.946	2.405
0.649	6.958	2.398
0.650	6.970	2.429
0.651	6.977	2.432
0.652	6.995	2.432
0.653	7.006	2.434
0.654	7.012	2.425
0.655	7.022	2.405
0.655	7.029	2.400
0.656	7.031	2.400
0.656	7.035	2.401
0.656	7.041	2.399
0.657	7.046	2.400
0.658	7.055	2.402
0.658	7.063	2.401
0.659	7.069	2.403
0.660	7.083	2.413
0.661	7.094	2.406
0.662	7.104	2.405
0.663	7.119	2.394
0.664	7.134	2.395
0.664	7.140	2.418
0.665	7.142	2.402
0.666	7.149	2.400
0.666	7.157	2.402
0.667	7.166	2.425
0.668	7.182	2.408
0.670	7.192	2.404
0.671	7.208	2.413
0.672	7.223	2.404
0.673	7.234	2.419
0.674	7.240	2.439
0.675	7.248	2.440
0.676	7.260	2.442
0.677	7.274	2.445
0.677	7.285	2.408
0.678	7.297	2.408
0.679	7.310	2.400
0.680	7.319	2.409
0.680	7.325	2.405
0.681	7.334	2.413
0.681	7.338	2.409
0.682	7.346	2.416
0.683	7.349	2.444
0.683	7.357	2.428
0.684	7.363	2.412
0.685	7.372	2.412
0.685	7.375	2.411
0.686	7.385	2.416
0.686	7.393	2.416
0.686	7.397	2.446
0.687	7.405	2.446
0.688	7.414	2.444
0.688	7.422	2.407
0.689	7.432	2.419
0.689	7.437	2.411
0.690	7.446	2.415
0.690	7.453	2.414
0.691	7.459	2.417
0.691	7.469	2.416
0.692	7.471	2.418
0.692	7.474	2.413
0.693	7.479	2.425
0.693	7.483	2.413
0.693	7.489	2.415
0.694	7.494	2.417
0.694	7.496	2.418
0.695	7.507	2.404
0.696	7.516	2.405
0.697	7.529	2.413
0.697	7.532	2.413
0.698	7.542	2.414
0.699	7.553	2.440
0.700	7.566	2.425
0.700	7.571	2.416
0.701	7.577	2.421
0.702	7.586	2.422
0.702	7.593	2.425
0.703	7.597	2.428
0.704	7.611	2.417
0.705	7.620	2.415
0.706	7.632	2.416
0.707	7.642	2.413
0.707	7.650	2.418
0.707	7.654	2.423
0.708	7.662	2.420
0.709	7.667	2.424
0.709	7.674	2.444
0.710	7.682	2.416
0.711	7.690	2.416
0.711	7.700	2.423
0.712	7.710	2.420
0.712	7.715	2.416
0.713	7.720	2.411
0.713	7.725	2.427
0.714	7.729	2.437
0.714	7.739	2.433
0.715	7.746	2.437
0.716	7.756	2.427
0.716	7.763	2.421
0.717	7.766	2.428
0.717	7.776	2.418
0.718	7.786	2.427
0.719	7.790	2.431
0.719	7.800	2.424
0.720	7.808	2.430
0.721	7.813	2.424
0.722	7.824	2.422
0.722	7.826	2.427
0.722	7.829	2.435
0.722	7.832	2.433
0.722	7.836	2.437
0.723	7.841	2.438
0.723	7.851	2.426
0.723	7.856	2.413
0.724	7.861	2.416
0.724	7.870	2.425
0.725	7.881	2.434
0.726	7.886	2.419
0.726	7.890	2.443
0.726	7.898	2.422
0.727	7.904	2.423
0.727	7.914	2.424
0.728	7.922	2.428
0.729	7.925	2.427
0.729	7.929	2.447
0.730	7.940	2.423
0.731	7.945	2.427
0.732	7.954	2.424
0.732	7.963	2.408
0.733	7.971	2.427
0.734	7.976	2.418
0.735	7.983	2.425
0.736	7.996	2.426
0.737	8.013	2.426
0.738	8.022	2.427
0.738	8.023	2.426
0.738	8.025	2.441
0.738	8.032	2.427
0.739	8.037	2.427
0.740	8.053	2.426
0.741	8.060	2.427
0.743	8.076	2.427
0.744	8.093	2.427
0.747	8.113	2.454
0.748	8.138	2.464
0.751	8.158	2.465
0.753	8.183	2.463
0.754	8.205	2.451
0.756	8.226	2.429
0.758	8.248	2.427
0.758	8.261	2.428
0.759	8.269	2.427
0.761	8.280	2.427
0.761	8.294	2.427
0.762	8.311	2.427
0.763	8.322	2.427
0.764	8.335	2.461
0.765	8.346	2.428
0.766	8.352	2.429
0.766	8.359	2.430
0.766	8.364	2.421
0.767	8.370	2.427
0.768	8.376	2.427
0.768	8.385	2.427
0.769	8.395	2.427
0.769	8.398	2.439
0.770	8.402	2.450
0.770	8.411	2.427
0.771	8.418	2.441
0.772	8.425	2.430
0.772	8.435	2.427
0.773	8.447	2.427
0.773	8.453	2.427
0.774	8.463	2.428
0.775	8.474	2.439
0.776	8.476	2.467
0.778	8.493	2.433
0.780	8.511	2.433
0.781	8.528	2.432
0.783	8.556	2.430
0.784	8.569	2.431
0.785	8.571	2.465
0.786	8.582	2.467
0.786	8.591	2.470
0.787	8.608	2.469
0.788	8.622	2.452
0.790	8.638	2.430
0.791	8.655	2.429
0.793	8.673	2.430
0.794	8.692	2.437
0.795	8.700	2.452
0.794	8.702	2.467
0.795	8.708	2.472
0.796	8.716	2.472
0.796	8.721	2.468
0.796	8.731	2.433
0.797	8.739	2.434
0.797	8.742	2.436
0.798	8.747	2.430
0.798	8.748	2.432
0.798	8.751	2.447
0.798	8.752	2.433
0.798	8.760	2.433
0.799	8.769	2.455
0.799	8.782	2.431
0.799	8.789	2.436
0.800	8.793	2.435
0.800	8.796	2.439
0.801	8.799	2.442
0.801	8.801	2.429
0.801	8.804	2.436
0.801	8.806	2.431
0.802	8.810	2.450
0.803	8.822	2.430
0.804	8.834	2.433
0.805	8.840	2.444
0.805	8.844	2.454
0.805	8.849	2.438
0.806	8.854	2.439
0.807	8.862	2.473
0.807	8.872	2.472
0.808	8.880	2.471
0.809	8.886	2.472
0.809	8.896	2.455
0.810	8.907	2.428
0.812	8.915	2.431
0.812	8.924	2.434
0.813	8.936	2.427
0.813	8.942	2.460
0.814	8.948	2.474
0.815	8.958	2.471
0.817	8.972	2.471
0.818	8.988	2.467
0.819	9.007	2.450
0.820	9.012	2.456
0.820	9.022	2.444
0.822	9.034	2.459
0.822	9.043	2.449
0.823	9.046	2.476
0.824	9.060	2.475
0.825	9.075	2.477
0.826	9.087	2.476
0.827	9.099	2.450
0.827	9.105	2.439
0.827	9.106	2.447
0.827	9.106	2.437
0.827	9.106	2.440
0.827	9.106	2.441
0.826	9.107	2.441
0.827	9.107	2.440
0.826	9.106	2.456
0.827	9.106	2.466
0.828	9.121	2.448
0.831	9.159	2.447
0.835	9.192	2.441
0.835	9.204	2.440
0.835	9.204	2.460
0.835	9.204	2.439
0.835	9.204	2.441
0.835	9.205	2.441
0.835	9.204	2.467
0.835	9.207	2.447
0.835	9.211	2.448
0.837	9.229	2.449
0.840	9.271	2.448
0.842	9.296	2.444
0.843	9.298	2.473
0.843	9.300	2.479
0.843	9.301	2.478
0.842	9.300	2.479
0.842	9.302	2.466
0.842	9.302	2.444
0.842	9.302	2.458
0.842	9.303	2.444
0.842	9.303	2.447
0.842	9.302	2.461
0.843	9.302	2.482
0.843	9.309	2.481
0.844	9.314	2.481
0.844	9.319	2.477
0.845	9.326	2.454
0.845	9.329	2.453
0.845	9.337	2.466
0.846	9.342	2.466
0.847	9.349	2.448
0.847	9.346	2.483
0.847	9.350	2.481
0.848	9.351	2.480
0.849	9.362	2.482
0.849	9.371	2.477
0.850	9.382	2.458
0.850	9.389	2.452
0.851	9.397	2.454
0.852	9.404	2.449
0.853	9.415	2.452
0.854	9.431	2.448
0.855	9.440	2.450
0.856	9.448	2.445
0.857	9.452	2.486
0.858	9.467	2.457
0.859	9.475	2.453
0.860	9.485	2.471
0.861	9.498	2.453
0.862	9.512	2.453
0.863	9.532	2.450
0.864	9.547	2.464
0.864	9.560	2.457
0.865	9.567	2.454
0.867	9.577	2.473
0.867	9.592	2.451
0.869	9.608	2.455
0.871	9.624	2.473
0.872	9.642	2.468
0.872	9.655	2.463
0.873	9.660	2.488
0.874	9.668	2.488
0.874	9.672	2.490
0.875	9.677	2.490
0.876	9.692	2.461
0.876	9.696	2.457
0.876	9.706	2.439
0.877	9.717	2.456
0.878	9.723	2.463
0.878	9.730	2.459
0.879	9.741	2.458
0.880	9.743	2.471
0.881	9.745	2.493
0.881	9.753	2.465
0.881	9.759	2.468
0.882	9.768	2.462
0.882	9.778	2.458
0.883	9.786	2.461
0.883	9.789	2.471
0.884	9.790	2.492
0.884	9.793	2.494
0.885	9.799	2.494
0.885	9.804	2.487
0.886	9.812	2.466
0.886	9.817	2.456
0.887	9.832	2.459
0.888	9.843	2.458
0.890	9.855	2.463
0.890	9.866	2.456
0.891	9.875	2.465
0.892	9.883	2.454
0.892	9.888	2.483
0.894	9.901	2.462
0.895	9.916	2.469
0.896	9.933	2.460
0.898	9.954	2.453
0.900	9.979	2.452
0.901	9.985	2.456
0.901	9.999	2.458
0.903	10.010	2.457
0.903	10.023	2.460
0.904	10.030	2.485
0.905	10.045	2.467
0.906	10.056	2.459
0.907	10.068	2.468
0.909	10.092	2.462
0.911	10.107	2.473
0.912	10.118	2.493
0.913	10.132	2.495
0.913	10.141	2.496
0.913	10.144	2.494
0.914	10.151	2.460
0.914	10.156	2.462
0.914	10.159	2.452
0.915	10.163	2.459
0.916	10.170	2.459
0.916	10.180	2.464
0.917	10.191	2.459
0.918	10.196	2.487
0.918	10.200	2.499
0.919	10.207	2.481
0.919	10.217	2.466
0.920	10.218	2.473
0.920	10.227	2.478
0.920	10.232	2.475
0.921	10.238	2.469
0.922	10.241	2.500
0.922	10.242	2.501
0.922	10.244	2.501
0.922	10.246	2.503
0.923	10.260	2.462
0.923	10.266	2.475
0.923	10.271	2.465
0.924	10.278	2.460
0.924	10.281	2.469
0.924	10.288	2.466
0.925	10.291	2.465
0.926	10.300	2.472
0.927	10.309	2.473
0.927	10.318	2.481
0.928	10.328	2.468
0.929	10.334	2.470
0.930	10.339	2.465
0.930	10.352	2.469
0.932	10.362	2.463
0.932	10.370	2.465
0.934	10.384	2.460
0.935	10.398	2.463
0.936	10.400	2.492
0.937	10.417	2.465
0.938	10.425	2.470
0.939	10.442	2.476
0.939	10.454	2.478
0.940	10.465	2.470
0.941	10.467	2.494
0.941	10.473	2.502
0.942	10.476	2.499
0.943	10.486	2.504
0.943	10.494	2.485
0.943	10.503	2.472
0.944	10.515	2.476
0.945	10.522	2.477
0.945	10.531	2.471
0.946	10.536	2.482
0.946	10.535	2.503
0.946	10.540	2.504
0.947	10.548	2.508
0.948	10.559	2.507
0.949	10.573	2.475
0.950	10.585	2.473
0.951	10.596	2.478
0.952	10.607	2.476
0.952	10.613	2.482
0.952	10.610	2.506
0.953	10.622	2.470
0.953	10.628	2.478
0.954	10.632	2.478
0.954	10.640	2.478
0.955	10.645	2.483
0.955	10.652	2.478
0.956	10.659	2.475
0.956	10.667	2.468
0.956	10.669	2.478
0.957	10.676	2.477
0.958	10.681	2.472
0.958	10.683	2.481
0.959	10.683	2.494
0.959	10.698	2.471
0.960	10.705	2.476
0.960	10.711	2.477
0.961	10.720	2.470
0.962	10.730	2.477
0.962	10.738	2.473
0.962	10.742	2.478
0.963	10.746	2.478
0.963	10.749	2.477
0.963	10.757	2.480
0.964	10.766	2.476
0.964	10.769	2.476
0.965	10.776	2.476
0.965	10.781	2.478
0.966	10.783	2.492
0.967	10.796	2.475
0.967	10.802	2.476
0.968	10.809	2.479
0.969	10.825	2.473
0.970	10.836	2.486
0.972	10.846	2.478
0.974	10.865	2.467
0.975	10.883	2.474
0.976	10.905	2.478
0.977	10.922	2.476
0.979	10.935	2.477
0.980	10.936	2.495
0.981	10.952	2.486
0.982	10.970	2.475
0.984	10.993	2.481
0.986	11.009	2.478
0.986	11.019	2.478
0.986	11.023	2.477
0.987	11.024	2.504
0.988	11.047	2.478
0.989	11.060	2.478
0.990	11.071	2.477
0.990	11.082	2.478
0.991	11.089	2.495
0.992	11.101	2.478
0.993	11.118	2.478
0.993	11.127	2.474
0.995	11.139	2.478
0.996	11.145	2.484
0.996	11.151	2.478
0.996	11.157	2.478
0.997	11.151	2.500
0.997	11.162	2.478
0.997	11.166	2.478
0.998	11.171	2.478
0.998	11.180	2.468
0.999	11.183	2.478
1.000	11.193	2.478
1.000	11.205	2.478
1.001	11.214	2.478
1.002	11.220	2.496
1.003	11.225	2.494
1.003	11.243	2.479
1.004	11.249	2.481
1.005	11.260	2.479
1.006	11.272	2.485
1.006	11.275	2.494
1.008	11.289	2.484
1.009	11.307	2.483
1.010	11.318	2.478
1.012	11.327	2.482
1.013	11.340	2.502
1.015	11.360	2.479
1.015	11.372	2.485
1.016	11.380	2.478
1.017	11.388	2.480
1.017	11.390	2.514
1.017	11.405	2.481
1.018	11.412	2.478
1.018	11.414	2.480
1.018	11.419	2.479
1.020	11.424	2.486
1.020	11.426	2.500
1.020	11.435	2.483
1.021	11.438	2.482
1.021	11.441	2.509
1.022	11.453	2.520
1.023	11.466	2.519
1.025	11.475	2.519
1.025	11.483	2.514
1.026	11.499	2.488
1.026	11.508	2.484
1.027	11.511	2.499
1.027	11.512	2.485
1.027	11.517	2.478
1.028	11.533	2.472
1.028	11.546	2.486
1.028	11.553	2.483
1.030	11.558	2.481
1.030	11.561	2.485
1.031	11.569	2.494
1.032	11.580	2.478
1.033	11.585	2.483
1.033	11.594	2.485
1.034	11.600	2.479
1.034	11.607	2.481
1.035	11.611	2.478
1.035	11.618	2.489
1.036	11.614	2.519
1.036	11.624	2.483
1.036	11.628	2.487
1.037	11.636	2.501
1.038	11.648	2.486
1.038	11.658	2.481
1.038	11.658	2.522
1.039	11.662	2.522
1.040	11.675	2.525
1.041	11.689	2.523
1.042	11.703	2.499
1.042	11.707	2.486
1.042	11.709	2.487
1.043	11.721	2.485
1.045	11.736	2.491
1.046	11.748	2.503
1.047	11.757	2.526
1.049	11.772	2.529
1.051	11.784	2.525
1.052	11.793	2.527
1.054	11.822	2.492
1.055	11.844	2.487
1.058	11.864	2.506
1.060	11.894	2.490
1.062	11.914	2.478
1.063	11.930	2.527
1.065	11.953	2.529
1.067	11.971	2.526
1.068	11.989	2.527
1.068	11.999	2.503
1.068	12.005	2.497
1.069	12.010	2.496
1.069	12.012	2.503
1.070	12.020	2.493
1.070	12.024	2.494
1.071	12.029	2.489
1.071	12.036	2.486
1.071	12.039	2.489
1.071	12.044	2.492
1.072	12.053	2.493
1.073	12.052	2.514
1.073	12.061	2.492
1.073	12.067	2.492
1.074	12.073	2.488
1.075	12.079	2.491
1.075	12.088	2.489
1.076	12.098	2.485
1.076	12.102	2.499
1.076	12.104	2.506
1.077	12.110	2.492
1.077	12.115	2.496
1.077	12.119	2.509
1.077	12.122	2.495
1.078	12.123	2.518
1.079	12.124	2.530
1.079	12.136	2.533
1.080	12.146	2.534
1.082	12.160	2.531
1.082	12.180	2.490
1.083	12.188	2.504
1.084	12.200	2.501
1.084	12.208	2.496
1.085	12.219	2.498
1.086	12.221	2.535
1.087	12.224	2.533
1.087	12.229	2.533
1.088	12.231	2.531
1.088	12.235	2.518
1.088	12.244	2.499
1.089	12.247	2.515
1.091	12.263	2.500
1.091	12.278	2.503
1.092	12.285	2.524
1.093	12.292	2.535
1.094	12.304	2.539
1.094	12.307	2.534
1.094	12.311	2.527
1.094	12.320	2.508
1.095	12.327	2.517
1.096	12.337	2.502
1.097	12.344	2.497
1.097	12.351	2.515
1.098	12.358	2.503
1.098	12.366	2.500
1.099	12.368	2.514
1.099	12.372	2.526
1.101	12.389	2.519
1.102	12.408	2.502
1.102	12.415	2.503
1.102	12.427	2.497
1.103	12.435	2.494
1.104	12.439	2.494
1.105	12.446	2.490
1.105	12.455	2.501
1.105	12.465	2.495
1.106	12.465	2.524
1.107	12.476	2.512
1.107	12.484	2.506
1.108	12.489	2.503
1.109	12.500	2.515
1.109	12.510	2.505
1.110	12.511	2.543
1.110	12.514	2.540
1.111	12.521	2.542
1.111	12.527	2.541
1.112	12.544	2.515
1.112	12.553	2.506
1.114	12.561	2.500
1.114	12.572	2.503
1.114	12.575	2.509
1.115	12.580	2.510
1.115	12.585	2.510
1.116	12.585	2.536
1.117	12.594	2.544
1.117	12.600	2.533
1.118	12.615	2.504
1.118	12.622	2.511
1.119	12.626	2.511
1.120	12.636	2.505
1.120	12.638	2.528
1.120	12.638	2.547
1.121	12.650	2.545
1.123	12.667	2.545
1.124	12.689	2.545
1.126	12.707	2.519
1.127	12.717	2.507
1.128	12.721	2.507
1.129	12.735	2.508
1.130	12.751	2.515
1.131	12.762	2.521
1.131	12.769	2.517
1.132	12.780	2.509
1.133	12.792	2.511
1.134	12.793	2.541
1.135	12.808	2.509
1.135	12.814	2.520
1.136	12.824	2.513
1.137	12.836	2.500
1.137	12.852	2.506
1.139	12.865	2.509
1.140	12.872	2.523
1.140	12.883	2.511
1.141	12.887	2.531
1.142	12.895	2.530
1.142	12.909	2.514
1.143	12.916	2.519
1.144	12.925	2.517
1.145	12.935	2.514
1.145	12.939	2.509
1.146	12.940	2.552
1.147	12.952	2.551
1.147	12.964	2.552
1.148	12.966	2.546
1.148	12.976	2.526
1.149	12.980	2.514
1.148	12.985	2.507
1.149	12.987	2.514
1.149	12.989	2.510
1.149	12.992	2.514
1.150	12.999	2.511
1.150	12.994	2.551
1.151	12.999	2.552
1.152	13.010	2.524
1.152	13.025	2.518
1.152	13.027	2.516
1.152	13.032	2.516
1.153	13.034	2.529
1.153	13.036	2.539
1.154	13.037	2.553
1.154	13.045	2.551
1.155	13.051	2.553
1.155	13.058	2.551
1.156	13.076	2.526
1.157	13.084	2.520
1.158	13.089	2.515
1.159	13.096	2.521
1.159	13.102	2.523
1.159	13.107	2.520
1.160	13.112	2.522
1.161	13.120	2.527
1.162	13.126	2.541
1.163	13.149	2.529
1.165	13.166	2.513
1.165	13.171	2.527
1.166	13.184	2.522
1.167	13.198	2.510
1.168	13.203	2.514
1.169	13.208	2.516
1.169	13.212	2.518
1.169	13.220	2.516
1.170	13.220	2.548
1.171	13.235	2.527
1.172	13.248	2.524
1.173	13.261	2.523
1.174	13.268	2.521
1.174	13.270	2.520
1.175	13.269	2.555
1.176	13.280	2.556
1.176	13.293	2.558
1.178	13.304	2.558
1.178	13.313	2.531
1.178	13.318	2.524
1.179	13.323	2.527
1.179	13.330	2.525
1.179	13.339	2.529
1.181	13.346	2.550
1.181	13.354	2.560
1.182	13.367	2.557
1.183	13.378	2.555
1.184	13.388	2.547
1.185	13.404	2.534
1.186	13.415	2.535
1.186	13.425	2.527
1.187	13.430	2.532
1.188	13.437	2.536
1.189	13.438	2.561
1.189	13.442	2.559
1.189	13.452	2.557
1.190	13.461	2.556
1.191	13.475	2.530
1.192	13.488	2.520
1.193	13.493	2.512
1.193	13.498	2.521
1.193	13.507	2.514
1.193	13.511	2.529
1.194	13.514	2.521
1.194	13.518	2.521
1.195	13.520	2.525
1.195	13.519	2.541
1.195	13.533	2.522
1.196	13.542	2.531
1.197	13.555	2.526
1.198	13.564	2.510
1.199	13.572	2.525
1.199	13.581	2.518
1.200	13.589	2.523
1.202	13.609	2.523
1.204	13.635	2.520
1.206	13.652	2.523
1.207	13.661	2.526
1.209	13.670	2.524
1.210	13.689	2.523
1.211	13.707	2.528
1.213	13.721	2.553
1.215	13.735	2.559
1.217	13.750	2.558
1.217	13.765	2.556
1.219	13.787	2.546
1.220	13.806	2.527
1.221	13.817	2.515
1.221	13.828	2.520
1.222	13.838	2.521
1.222	13.843	2.520
1.223	13.848	2.520
1.223	13.855	2.525
1.224	13.859	2.559
1.224	13.867	2.557
1.225	13.890	2.523
1.225	13.901	2.525
1.226	13.905	2.525
1.227	13.911	2.524
1.227	13.915	2.524
1.228	13.914	2.551
1.228	13.916	2.558
1.229	13.921	2.555
1.229	13.927	2.558
1.230	13.939	2.514
1.230	13.946	2.527
1.230	13.952	2.527
1.230	13.954	2.523
1.231	13.961	2.516
1.231	13.964	2.525
1.232	13.974	2.521
1.232	13.978	2.519
1.233	13.985	2.524
1.233	13.978	2.547
1.234	14.004	2.517
1.235	14.011	2.524
1.236	14.020	2.521
1.236	14.031	2.516
1.236	14.041	2.518
1.237	14.045	2.519
1.238	14.051	2.517
1.240	14.065	2.518
1.242	14.084	2.519
1.243	14.092	2.540
1.244	14.111	2.522
1.245	14.120	2.525
1.246	14.125	2.524
1.247	14.136	2.525
1.247	14.140	2.523
1.247	14.143	2.528
1.249	14.160	2.518
1.250	14.174	2.511
1.251	14.191	2.516
1.252	14.205	2.529
1.253	14.215	2.524
1.254	14.228	2.513
1.255	14.241	2.522
1.256	14.252	2.519
1.258	14.263	2.530
1.258	14.278	2.524
1.259	14.285	2.537
1.260	14.308	2.521
1.261	14.318	2.518
1.262	14.321	2.528
1.262	14.331	2.521
1.263	14.342	2.528
1.264	14.350	2.524
1.264	14.353	2.527
1.265	14.359	2.531
1.266	14.376	2.510
1.266	14.384	2.512
1.266	14.392	2.517
1.267	14.399	2.526
1.267	14.404	2.520
1.267	14.406	2.517
1.267	14.416	2.515
1.269	14.419	2.520
1.269	14.421	2.524
1.270	14.425	2.520
1.270	14.429	2.522
1.270	14.424	2.540
1.270	14.439	2.520
1.271	14.444	2.526
1.272	14.458	2.517
1.273	14.466	2.524
1.273	14.483	2.504
1.274	14.490	2.511
1.274	14.493	2.518
1.274	14.500	2.514
1.275	14.503	2.515
1.275	14.493	2.541
1.276	14.513	2.522
1.277	14.521	2.518
1.278	14.532	2.519
1.279	14.541	2.515
1.279	14.548	2.529
1.281	14.564	2.526
1.282	14.586	2.511
1.282	14.589	2.510
1.283	14.595	2.508
1.285	14.600	2.518
1.285	14.610	2.500
1.286	14.618	2.498
1.286	14.624	2.528
1.287	14.636	2.512
1.288	14.643	2.511
1.289	14.647	2.517
1.289	14.646	2.521
1.290	14.652	2.525
1.290	14.674	2.505
1.292	14.685	2.515
1.293	14.698	2.520
1.294	14.717	2.509
1.296	14.733	2.513
1.297	14.742	2.525
1.298	14.747	2.546
1.299	14.758	2.542
1.300	14.766	2.547
1.299	14.769	2.543
1.300	14.781	2.525
1.300	14.791	2.513
1.301	14.799	2.505
1.302	14.809	2.503
1.302	14.818	2.503
1.303	14.824	2.502
1.303	14.832	2.522
1.304	14.838	2.499
1.304	14.840	2.512
1.304	14.839	2.528
1.305	14.861	2.505
1.306	14.867	2.515
1.306	14.872	2.500
1.307	14.877	2.493
1.307	14.879	2.517
1.308	14.888	2.515
1.309	14.902	2.498
1.310	14.910	2.499
1.310	14.910	2.522
1.311	14.924	2.505
1.312	14.929	2.502
1.312	14.936	2.502
1.314	14.943	2.515
1.314	14.960	2.505
1.315	14.964	2.528
1.316	14.971	2.535
1.316	14.979	2.531
1.316	14.987	2.535
1.318	14.999	2.523
1.319	15.017	2.515
1.319	15.028	2.510
1.320	15.040	2.496
1.321	15.050	2.506
1.322	15.051	2.520
1.323	15.055	2.532
1.324	15.064	2.527
1.325	15.071	2.530
1.326	15.081	2.530
1.328	15.103	2.500
1.328	15.112	2.493
1.329	15.122	2.503
1.330	15.136	2.493
1.331	15.146	2.495
1.331	15.144	2.528
1.332	15.149	2.530
1.332	15.157	2.528
1.333	15.165	2.530
1.334	15.176	2.519
1.335	15.201	2.493
1.336	15.215	2.505
1.337	15.225	2.495
1.338	15.237	2.499
1.340	15.256	2.484
1.341	15.273	2.483
1.341	15.282	2.495
1.342	15.289	2.481
1.343	15.285	2.521
1.344	15.305	2.491
1.344	15.313	2.490
1.345	15.323	2.493
1.345	15.333	2.485
1.346	15.344	2.483
1.346	15.353	2.483
1.348	15.361	2.486
1.348	15.364	2.498
1.349	15.370	2.488
1.349	15.369	2.509
1.350	15.382	2.495
1.350	15.392	2.502
1.350	15.401	2.494
1.352	15.416	2.479
1.353	15.428	2.502
1.354	15.427	2.520
1.355	15.435	2.521
1.356	15.440	2.521
1.357	15.448	2.519
1.358	15.481	2.496
1.359	15.503	2.487
1.360	15.514	2.486
1.361	15.522	2.484
1.362	15.530	2.483
1.363	15.540	2.478
1.364	15.551	2.482
1.366	15.551	2.512
1.366	15.555	2.517
1.367	15.570	2.497
1.368	15.588	2.479
1.368	15.596	2.482
1.369	15.601	2.478
1.369	15.611	2.478
1.369	15.609	2.490
1.369	15.602	2.514
1.370	15.608	2.516
1.371	15.616	2.515
1.372	15.629	2.514
1.373	15.652	2.478
1.374	15.662	2.478
1.375	15.677	2.478
1.376	15.689	2.477
1.377	15.699	2.477
1.378	15.709	2.478
1.378	15.711	2.478
1.379	15.719	2.478
1.379	15.717	2.498
1.380	15.729	2.484
1.381	15.739	2.477
1.381	15.750	2.478
1.382	15.763	2.478
1.383	15.774	2.454
1.383	15.778	2.474
1.384	15.784	2.475
1.385	15.791	2.473
1.385	15.795	2.474
1.385	15.791	2.495
1.385	15.805	2.477
1.386	15.808	2.476
1.386	15.820	2.477
1.387	15.829	2.477
1.388	15.839	2.484
1.389	15.838	2.509
1.390	15.846	2.509
1.391	15.857	2.507
1.391	15.866	2.508
1.392	15.882	2.481
1.392	15.894	2.473
1.394	15.901	2.462
1.393	15.903	2.472
1.394	15.906	2.470
1.395	15.916	2.465
1.395	15.928	2.465
1.395	15.927	2.482
1.396	15.931	2.506
1.398	15.946	2.495
1.399	15.964	2.477
1.399	15.971	2.476
1.400	15.979	2.474
1.402	15.981	2.484
1.402	15.989	2.476
1.403	15.988	2.505
1.404	15.995	2.505
1.405	16.003	2.506
1.405	16.011	2.504
1.406	16.029	2.469
1.406	16.033	2.471
1.406	16.039	2.473
1.407	16.042	2.465
1.409	16.046	2.470
1.409	16.056	2.478
1.410	16.069	2.474
1.411	16.084	2.466
1.411	16.098	2.480
1.412	16.097	2.490
1.412	16.112	2.475
1.413	16.118	2.466
1.414	16.126	2.467
1.415	16.138	2.455
1.416	16.147	2.465
1.417	16.156	2.464
1.419	16.167	2.462
1.419	16.174	2.478
1.419	16.175	2.492
1.420	16.190	2.472
1.420	16.202	2.469
1.421	16.211	2.463
1.422	16.214	2.475
1.423	16.223	2.465
1.423	16.224	2.495
1.424	16.239	2.498
1.425	16.248	2.499
1.426	16.259	2.502
1.427	16.271	2.488
1.427	16.294	2.467
1.429	16.309	2.464
1.429	16.320	2.468
1.430	16.326	2.469
1.430	16.328	2.471
1.430	16.321	2.501
1.430	16.323	2.501
1.430	16.323	2.499
1.431	16.324	2.500
1.431	16.342	2.461
1.431	16.345	2.468
1.432	16.352	2.463
1.432	16.357	2.462
1.433	16.367	2.454
1.435	16.365	2.487
1.435	16.373	2.495
1.435	16.381	2.496
1.436	16.394	2.494
1.436	16.402	2.492
1.436	16.418	2.469
1.438	16.422	2.477
1.438	16.428	2.476
1.439	16.433	2.460
1.439	16.439	2.467
1.440	16.446	2.455
1.441	16.449	2.466
1.441	16.455	2.476
1.442	16.461	2.463
1.443	16.467	2.458
1.443	16.469	2.464
1.444	16.479	2.461
1.444	16.483	2.458
1.445	16.492	2.452
1.445	16.497	2.458
1.445	16.504	2.463
1.447	16.512	2.444
1.448	16.516	2.457
1.448	16.503	2.482
1.449	16.524	2.462
1.449	16.533	2.470
1.450	16.544	2.465
1.451	16.556	2.466
1.452	16.564	2.466
1.453	16.562	2.495
1.455	16.574	2.491
1.454	16.579	2.497
1.454	16.584	2.492
1.455	16.604	2.471
1.456	16.613	2.472
1.457	16.623	2.451
1.458	16.626	2.455
1.458	16.634	2.453
1.458	16.638	2.457
1.459	16.644	2.457
1.459	16.641	2.481
1.460	16.642	2.491
1.460	16.656	2.482
1.461	16.678	2.463
1.461	16.687	2.459
1.462	16.695	2.474
1.462	16.706	2.463
1.463	16.707	2.477
1.464	16.706	2.493
1.464	16.712	2.495
1.465	16.716	2.491
1.466	16.724	2.492
1.466	16.744	2.468
1.466	16.751	2.463
1.468	16.755	2.471
1.469	16.766	2.460
1.469	16.780	2.458
1.470	16.789	2.454
1.471	16.794	2.475
1.471	16.806	2.456
1.471	16.809	2.465
1.472	16.818	2.455
1.473	16.823	2.474
1.474	16.836	2.466
1.474	16.850	2.457
1.475	16.860	2.466
1.476	16.873	2.448
1.476	16.879	2.461
1.477	16.882	2.472
1.477	16.893	2.462
1.479	16.884	2.483
1.480	16.904	2.459
1.481	16.907	2.465
1.481	16.911	2.470
1.482	16.919	2.459
1.482	16.917	2.473
1.483	16.911	2.495
1.483	16.913	2.491
1.483	16.917	2.492
1.486	16.930	2.490
1.486	16.956	2.463
1.488	16.978	2.460
1.489	16.993	2.459
1.491	17.005	2.472
1.492	17.029	2.469
1.494	17.040	2.473
1.496	17.050	2.492
1.497	17.062	2.494
1.498	17.077	2.489
1.498	17.087	2.467
1.499	17.118	2.463
1.501	17.128	2.464
1.502	17.143	2.459
1.503	17.159	2.456
1.504	17.163	2.460
1.503	17.162	2.467
1.503	17.178	2.471
1.504	17.189	2.452
1.504	17.194	2.469
1.504	17.200	2.468
1.505	17.208	2.455
1.505	17.213	2.447
1.506	17.217	2.463
1.507	17.226	2.459
1.508	17.236	2.452
1.508	17.244	2.458
1.509	17.255	2.457
1.510	17.260	2.463
1.510	17.260	2.472
1.511	17.273	2.465
1.510	17.273	2.465
1.510	17.273	2.464
1.511	17.281	2.453
1.513	17.303	2.456
1.515	17.339	2.459
1.517	17.358	2.448
1.518	17.359	2.458
1.518	17.352	2.469
1.518	17.362	2.463
1.518	17.372	2.458
1.519	17.380	2.455
1.520	17.385	2.465
1.520	17.392	2.464
1.520	17.380	2.486
1.522	17.405	2.461
1.523	17.414	2.449
1.524	17.418	2.464
1.524	17.421	2.457
1.525	17.424	2.463
1.525	17.431	2.459
1.526	17.438	2.464
1.527	17.447	2.469
1.528	17.458	2.473
1.530	17.470	2.465
1.530	17.482	2.452
1.531	17.494	2.449
1.532	17.512	2.456
1.533	17.531	2.455
1.535	17.545	2.458
1.536	17.551	2.462
1.536	17.554	2.478
1.536	17.563	2.461
1.537	17.550	2.484
1.538	17.577	2.459
1.538	17.584	2.473
1.539	17.592	2.471
1.539	17.603	2.453
1.540	17.613	2.469
1.541	17.621	2.477
1.542	17.629	2.467
1.543	17.638	2.460
1.543	17.643	2.462
1.543	17.654	2.459
1.544	17.664	2.460
1.544	17.672	2.460
1.545	17.666	2.480
1.547	17.699	2.460
1.548	17.714	2.465
1.548	17.724	2.466
1.549	17.740	2.457
1.549	17.749	2.455
1.550	17.750	2.456
1.550	17.754	2.459
1.550	17.759	2.463
1.551	17.765	2.464
1.551	17.763	2.473
1.553	17.783	2.474
1.553	17.798	2.465
1.554	17.809	2.461
1.555	17.815	2.462
1.555	17.806	2.475
1.555	17.821	2.460
1.555	17.824	2.456
1.556	17.829	2.459
1.556	17.834	2.466
1.557	17.839	2.468
1.558	17.842	2.478
1.559	17.848	2.470
1.560	17.856	2.466
1.561	17.855	2.479
1.561	17.854	2.496
1.562	17.857	2.498
1.562	17.868	2.500
1.564	17.882	2.476
1.564	17.890	2.469
1.565	17.895	2.478
1.566	17.911	2.470
1.567	17.936	2.467
1.569	17.949	2.469
1.570	17.945	2.493
1.571	17.950	2.500
1.571	17.966	2.500
1.572	17.979	2.502
1.574	17.997	2.490
1.574	18.015	2.473
1.575	18.024	2.469
1.575	18.035	2.465
1.577	18.049	2.461
1.578	18.061	2.464
1.579	18.077	2.471
1.580	18.094	2.477
1.583	18.122	2.470
1.583	18.119	2.492
1.584	18.138	2.463
1.584	18.144	2.466
1.584	18.144	2.471
1.584	18.151	2.458
1.585	18.163	2.469
1.585	18.179	2.463
1.586	18.198	2.461
1.588	18.210	2.466
1.590	18.218	2.474
1.590	18.216	2.489
1.589	18.231	2.466
1.589	18.235	2.464
1.590	18.242	2.468
1.591	18.248	2.479
1.591	18.253	2.472
1.592	18.251	2.502
1.593	18.259	2.504
1.595	18.266	2.501
1.596	18.280	2.502
1.596	18.297	2.476
1.597	18.314	2.473
1.598	18.319	2.478
1.598	18.324	2.478
1.599	18.329	2.474
1.599	18.335	2.472
1.599	18.338	2.467
1.601	18.325	2.496
1.602	18.335	2.502
1.602	18.348	2.491
1.603	18.365	2.478
1.603	18.373	2.471
1.604	18.376	2.478
1.605	18.387	2.469
1.606	18.392	2.476
1.606	18.389	2.505
1.608	18.401	2.502
1.609	18.405	2.509
1.609	18.420	2.506
1.609	18.441	2.474
1.610	18.454	2.469
1.610	18.459	2.472
1.611	18.468	2.466
1.611	18.469	2.478
1.612	18.480	2.477
1.614	18.496	2.473
1.615	18.508	2.471
1.615	18.521	2.477
1.617	18.520	2.502
1.617	18.547	2.477
1.619	18.562	2.472
1.621	18.585	2.471
1.621	18.604	2.460
1.622	18.613	2.467
1.623	18.616	2.478
1.623	18.627	2.471
1.624	18.631	2.470
1.623	18.632	2.477
1.624	18.636	2.472
1.624	18.646	2.475
1.625	18.656	2.480
1.627	18.674	2.478
1.628	18.694	2.474
1.629	18.699	2.490
1.629	18.701	2.502
1.629	18.702	2.505
1.630	18.712	2.504
1.630	18.719	2.499
1.631	18.737	2.478
1.632	18.749	2.477
1.633	18.760	2.448
1.633	18.762	2.467
1.634	18.769	2.469
1.635	18.774	2.467
1.635	18.782	2.472
1.635	18.776	2.499
1.636	18.775	2.506
1.637	18.791	2.478
1.638	18.807	2.474
1.640	18.818	2.471
1.641	18.831	2.471
1.642	18.840	2.476
1.642	18.840	2.493
1.643	18.844	2.508
1.644	18.852	2.504
1.645	18.862	2.508
1.647	18.881	2.505
1.648	18.915	2.465
1.650	18.930	2.476
1.651	18.946	2.476
1.651	18.959	2.474
1.653	18.966	2.478
1.653	18.971	2.485
1.654	18.981	2.478
1.654	18.991	2.471
1.656	18.994	2.494
1.657	19.014	2.482
1.658	19.037	2.477
1.659	19.053	2.477
1.660	19.061	2.470
1.660	19.063	2.476
1.660	19.067	2.473
1.660	19.067	2.475
1.660	19.068	2.477
1.660	19.074	2.471
1.661	19.072	2.496
1.662	19.100	2.474
1.663	19.119	2.473
1.663	19.134	2.473
1.664	19.142	2.478
1.665	19.152	2.486
1.667	19.157	2.510
1.668	19.171	2.511
1.669	19.187	2.510
1.670	19.203	2.510
1.671	19.229	2.472
1.671	19.232	2.477
1.672	19.237	2.473
1.671	19.240	2.472
1.671	19.239	2.478
1.672	19.241	2.476
1.673	19.243	2.478
1.673	19.238	2.500
1.674	19.233	2.511
1.674	19.243	2.495
1.674	19.251	2.482
1.674	19.251	2.485
1.674	19.258	2.477
1.674	19.258	2.478
1.675	19.253	2.492
1.674	19.246	2.511
1.675	19.251	2.512
1.677	19.263	2.513
1.678	19.280	2.512
1.680	19.308	2.478
1.681	19.318	2.478
1.682	19.324	2.478
1.682	19.329	2.476
1.682	19.336	2.477
1.683	19.343	2.478
1.683	19.348	2.478
1.684	19.357	2.476
1.685	19.363	2.487
1.687	19.376	2.493
1.687	19.395	2.478
1.688	19.402	2.478
1.689	19.415	2.478
1.689	19.429	2.466
1.690	19.437	2.477
1.691	19.444	2.477
1.690	19.446	2.476
1.692	19.451	2.478
1.693	19.448	2.503
1.694	19.473	2.480
1.694	19.490	2.478
1.695	19.501	2.478
1.697	19.512	2.480
1.697	19.525	2.478
1.698	19.523	2.511
1.699	19.537	2.516
1.700	19.550	2.517
1.700	19.554	2.516
1.701	19.562	2.495
1.701	19.574	2.478
1.701	19.579	2.473
1.701	19.583	2.471
1.702	19.584	2.478
1.702	19.598	2.478
1.703	19.610	2.478
1.703	19.623	2.478
1.704	19.621	2.499
1.704	19.624	2.518
1.705	19.649	2.482
1.706	19.655	2.478
1.707	19.665	2.478
1.708	19.677	2.478
1.709	19.689	2.478
1.711	19.689	2.516
1.711	19.692	2.516
1.711	19.695	2.516
1.712	19.700	2.518
1.712	19.708	2.497
1.714	19.721	2.478
1.715	19.725	2.501
1.716	19.735	2.497
1.715	19.748	2.478
1.716	19.755	2.478
1.717	19.762	2.479
1.717	19.765	2.479
1.717	19.768	2.492
1.718	19.763	2.519
1.718	19.786	2.478
1.719	19.793	2.482
1.720	19.798	2.495
1.722	19.809	2.482
1.722	19.815	2.492
1.724	19.827	2.492
1.725	19.844	2.478
1.725	19.858	2.478
1.726	19.867	2.481
1.727	19.868	2.496
1.726	19.879	2.490
1.727	19.886	2.478
1.728	19.896	2.479
1.729	19.901	2.484
1.730	19.901	2.499
1.730	19.889	2.523
1.730	19.897	2.522
1.731	19.907	2.519
1.732	19.916	2.521
1.732	19.938	2.500
1.732	19.953	2.478
1.732	19.961	2.478
1.733	19.974	2.483
1.734	19.981	2.495
1.734	19.972	2.517
1.735	19.979	2.523
1.737	19.995	2.523
1.737	20.001	2.524
1.739	20.023	2.501
1.738	20.036	2.503
1.739	20.044	2.487
1.738	20.051	2.481
1.739	20.054	2.490
1.740	20.053	2.500
1.740	20.055	2.522
1.740	20.060	2.523
1.742	20.081	2.490
1.742	20.090	2.480
1.743	20.097	2.497
1.742	20.105	2.487
1.743	20.107	2.496
1.744	20.115	2.486
1.744	20.125	2.485
1.745	20.138	2.487
1.747	20.152	2.484
1.748	20.164	2.494
1.748	20.157	2.513
1.749	20.188	2.475
1.751	20.190	2.490
1.751	20.197	2.488
1.752	20.203	2.489
1.752	20.211	2.482
1.753	20.217	2.480
1.754	20.222	2.495
1.755	20.232	2.482
1.755	20.243	2.486
1.756	20.229	2.515
1.756	20.261	2.485
1.757	20.268	2.490
1.760	20.278	2.488
1.760	20.284	2.500
1.761	20.289	2.496
1.762	20.292	2.501
1.763	20.322	2.480
1.763	20.327	2.488
1.763	20.331	2.488
1.763	20.332	2.485
1.764	20.333	2.495
1.766	20.348	2.496
1.767	20.362	2.497
1.767	20.366	2.503
1.766	20.347	2.520
1.768	20.387	2.487
1.769	20.399	2.483
1.769	20.408	2.485
1.769	20.412	2.488
1.769	20.417	2.494
1.770	20.424	2.491
1.771	20.428	2.497
1.771	20.429	2.508
1.772	20.427	2.505
1.772	20.440	2.495
1.773	20.449	2.481
1.773	20.456	2.487
1.775	20.465	2.494
1.775	20.482	2.502
1.775	20.497	2.496
1.776	20.508	2.505
1.777	20.522	2.493
1.777	20.532	2.489
1.778	20.540	2.491
1.779	20.550	2.491
1.780	20.563	2.493
1.782	20.568	2.511
1.783	20.578	2.508
1.782	20.593	2.492
1.783	20.596	2.491
1.784	20.600	2.491
1.784	20.609	2.487
1.784	20.617	2.485
1.785	20.622	2.505
1.787	20.642	2.488
1.788	20.657	2.488
1.788	20.649	2.505
1.790	20.665	2.493
1.789	20.667	2.491
1.789	20.668	2.490
1.789	20.667	2.510
1.789	20.671	2.489
1.790	20.649	2.514
1.792	20.677	2.485
1.791	20.680	2.490
1.793	20.683	2.504
1.793	20.691	2.490
1.793	20.694	2.498
1.795	20.700	2.499
1.795	20.706	2.494
1.795	20.714	2.499
1.795	20.716	2.506
1.797	20.733	2.493
1.796	20.743	2.489
1.798	20.751	2.488
1.798	20.757	2.486
1.798	20.763	2.489
1.799	20.771	2.495
1.800	20.777	2.497
1.801	20.790	2.490
1.802	20.803	2.492
1.802	20.794	2.522
1.802	20.800	2.531
1.803	20.801	2.528
1.803	20.805	2.530
1.803	20.814	2.517
1.802	20.829	2.494
1.803	20.831	2.491
1.803	20.834	2.494
1.804	20.840	2.485
1.805	20.841	2.501
1.806	20.852	2.487
1.807	20.862	2.492
1.808	20.874	2.491
1.808	20.872	2.527
1.809	20.893	2.495
1.810	20.901	2.493
1.810	20.908	2.489
1.810	20.911	2.492
1.811	20.923	2.482
1.812	20.935	2.485
1.812	20.946	2.488
1.814	20.953	2.488
1.813	20.959	2.488
1.813	20.950	2.520
1.815	20.979	2.478
1.816	20.990	2.493
1.818	21.004	2.491
1.818	21.021	2.495
1.819	21.036	2.502
1.820	21.042	2.530
1.821	21.055	2.531
1.822	21.056	2.529
1.823	21.063	2.529
1.823	21.083	2.507
1.823	21.093	2.491
1.823	21.097	2.492
1.824	21.102	2.495
1.824	21.105	2.496
1.824	21.108	2.493
1.825	21.110	2.497
1.825	21.100	2.522
1.826	21.101	2.533
1.827	21.108	2.526
1.828	21.130	2.497
1.829	21.133	2.490
1.830	21.133	2.491
1.831	21.131	2.497
1.831	21.132	2.497
1.831	21.118	2.533

