1.757	21.081	15.386
1.757	21.077	15.390
1.756	21.073	15.389
1.755	21.070	15.387
1.755	21.049	15.389
1.754	21.045	15.389
1.754	21.043	15.389
1.753	21.041	15.389
1.752	21.050	15.392
1.752	21.052	15.392
1.752	21.049	15.392
1.750	21.045	15.393
1.749	21.045	15.392
1.749	21.031	15.392
1.749	21.020	15.395
1.748	21.016	15.392
1.748	21.014	15.391
1.747	21.013	15.392
1.746	21.027	15.395
1.746	21.027	15.394
1.745	21.023	15.394
1.744	21.021	15.393
1.742	21.009	15.394
1.741	20.983	15.396
1.739	20.972	15.397
1.739	20.969	15.397
1.739	20.964	15.397
1.739	20.970	15.396
1.738	20.972	15.397
1.739	20.972	15.398
1.738	20.969	15.397
1.737	20.961	15.398
1.737	20.946	15.398
1.736	20.937	15.397
1.736	20.940	15.398
1.735	20.927	15.400
1.735	20.915	15.401
1.734	20.907	15.397
1.733	20.898	15.400
1.734	20.891	15.400
1.733	20.889	15.400
1.732	20.886	15.402
1.733	20.867	15.401
1.733	20.862	15.402
1.732	20.858	15.401
1.732	20.852	15.402
1.731	20.855	15.404
1.732	20.863	15.401
1.731	20.862	15.402
1.732	20.860	15.402
1.731	20.858	15.403
1.731	20.857	15.402
1.731	20.854	15.405
1.731	20.853	15.403
1.731	20.834	15.402
1.731	20.830	15.404
1.730	20.846	15.404
1.731	20.846	15.405
1.730	20.844	15.402
1.730	20.840	15.404
1.730	20.837	15.403
1.730	20.820	15.405
1.730	20.814	15.405
1.728	20.809	15.407
1.729	20.803	15.405
1.728	20.805	15.406
1.729	20.811	15.407
1.728	20.805	15.406
1.728	20.801	15.406
1.727	20.798	15.405
1.727	20.793	15.407
1.727	20.774	15.408
1.727	20.772	15.407
1.726	20.770	15.407
1.726	20.767	15.409
1.725	20.777	15.408
1.726	20.779	15.408
1.725	20.776	15.409
1.726	20.773	15.409
1.725	20.771	15.407
1.724	20.756	15.409
1.724	20.740	15.410
1.724	20.733	15.409
1.723	20.743	15.411
1.723	20.738	15.410
1.723	20.738	15.410
1.722	20.733	15.409
1.720	20.728	15.411
1.721	20.725	15.410
1.720	20.720	15.412
1.719	20.698	15.409
1.719	20.693	15.410
1.719	20.687	15.408
1.719	20.704	15.412
1.719	20.705	15.410
1.719	20.697	15.411
1.718	20.690	15.409
1.718	20.680	15.410
1.716	20.671	15.409
1.717	20.656	15.411
1.716	20.656	15.412
1.716	20.657	15.413
1.716	20.652	15.412
1.714	20.641	15.412
1.713	20.625	15.410
1.713	20.613	15.410
1.712	20.601	15.410
1.712	20.596	15.411
1.712	20.593	15.412
1.711	20.572	15.414
1.710	20.586	15.412
1.710	20.583	15.414
1.710	20.581	15.412
1.709	20.578	15.414
1.709	20.575	15.408
1.709	20.572	15.410
1.708	20.569	15.411
1.708	20.569	15.415
1.708	20.569	15.412
1.708	20.563	15.411
1.708	20.560	15.413
1.707	20.565	15.413
1.708	20.563	15.411
1.706	20.560	15.414
1.705	20.557	15.412
1.705	20.551	15.415
1.705	20.544	15.413
1.704	20.533	15.414
1.703	20.503	15.414
1.703	20.522	15.414
1.703	20.522	15.416
1.702	20.509	15.415
1.702	20.507	15.414
1.702	20.498	15.414
1.701	20.493	15.415
1.700	20.483	15.416
1.699	20.476	15.415
1.698	20.468	15.414
1.699	20.457	15.415
1.698	20.459	15.416
1.697	20.451	15.415
1.697	20.446	15.418
1.697	20.439	15.416
1.697	20.432	15.418
1.696	20.429	15.418
1.696	20.422	15.418
1.695	20.420	15.416
1.696	20.391	15.416
1.695	20.406	15.418
1.695	20.398	15.417
1.695	20.394	15.417
1.695	20.383	15.417
1.693	20.361	15.418
1.692	20.349	15.416
1.692	20.343	15.419
1.691	20.337	15.418
1.690	20.322	15.417
1.689	20.321	15.419
1.689	20.317	15.421
1.688	20.308	15.419
1.687	20.301	15.419
1.688	20.299	15.416
1.686	20.293	15.421
1.687	20.289	15.416
1.686	20.283	15.416
1.685	20.264	15.420
1.684	20.235	15.419
1.684	20.251	15.418
1.682	20.239	15.419
1.682	20.229	15.418
1.682	20.218	15.417
1.680	20.207	15.417
1.680	20.194	15.421
1.680	20.186	15.417
1.677	20.178	15.420
1.677	20.156	15.417
1.675	20.150	15.420
1.674	20.137	15.422
1.674	20.131	15.421
1.674	20.119	15.420
1.673	20.115	15.419
1.672	20.106	15.420
1.671	20.105	15.421
1.671	20.104	15.419
1.671	20.103	15.420
1.671	20.079	15.420
1.670	20.075	15.419
1.669	20.068	15.420
1.668	20.061	15.419
1.668	20.062	15.423
1.667	20.063	15.419
1.667	20.058	15.422
1.666	20.053	15.422
1.667	20.047	15.422
1.666	20.044	15.422
1.666	20.043	15.421
1.665	20.039	15.423
1.665	20.016	15.422
1.665	20.010	15.420
1.664	20.024	15.420
1.664	20.021	15.425
1.664	20.012	15.423
1.663	20.007	15.424
1.663	20.000	15.422
1.661	19.976	15.421
1.662	19.966	15.424
1.661	19.958	15.422
1.661	19.948	15.422
1.660	19.942	15.422
1.660	19.947	15.426
1.659	19.944	15.424
1.658	19.938	15.422
1.658	19.934	15.423
1.659	19.926	15.424
1.658	19.905	15.423
1.657	19.898	15.424
1.656	19.893	15.422
1.656	19.885	15.424
1.656	19.895	15.424
1.655	19.896	15.424
1.655	19.894	15.424
1.655	19.890	15.423
1.654	19.885	15.425
1.654	19.869	15.423
1.654	19.879	15.426
1.654	19.880	15.426
1.654	19.879	15.424
1.654	19.878	15.425
1.654	19.871	15.425
1.654	19.863	15.424
1.653	19.858	15.424
1.652	19.852	15.424
1.652	19.847	15.426
1.651	19.824	15.423
1.650	19.817	15.424
1.651	19.812	15.426
1.650	19.809	15.425
1.649	19.815	15.428
1.648	19.811	15.426
1.648	19.804	15.426
1.648	19.790	15.425
1.647	19.783	15.428
1.646	19.777	15.427
1.645	19.769	15.427
1.644	19.758	15.425
1.643	19.727	15.427
1.643	19.721	15.428
1.642	19.722	15.424
1.640	19.706	15.429
1.638	19.681	15.430
1.636	19.656	15.429
1.635	19.637	15.430
1.634	19.620	15.427
1.634	19.614	15.426
1.634	19.604	15.427
1.633	19.596	15.428
1.631	19.605	15.428
1.630	19.601	15.428
1.630	19.595	15.430
1.629	19.584	15.430
1.628	19.571	15.430
1.628	19.554	15.427
1.627	19.545	15.428
1.626	19.539	15.430
1.625	19.529	15.429
1.623	19.519	15.432
1.622	19.499	15.430
1.621	19.479	15.431
1.621	19.470	15.431
1.620	19.458	15.429
1.618	19.443	15.430
1.618	19.422	15.430
1.619	19.421	15.428
1.618	19.418	15.429
1.618	19.427	15.432
1.617	19.424	15.431
1.616	19.407	15.433
1.615	19.394	15.432
1.614	19.377	15.433
1.614	19.367	15.433
1.614	19.346	15.430
1.611	19.334	15.434
1.611	19.330	15.433
1.610	19.324	15.434
1.609	19.316	15.432
1.608	19.307	15.434
1.608	19.288	15.436
1.607	19.277	15.434
1.606	19.271	15.436
1.605	19.262	15.436
1.605	19.253	15.435
1.604	19.246	15.435
1.604	19.231	15.435
1.604	19.226	15.434
1.604	19.237	15.435
1.603	19.235	15.435
1.602	19.230	15.436
1.602	19.225	15.437
1.602	19.215	15.437
1.600	19.191	15.434
1.598	19.184	15.435
1.598	19.179	15.440
1.598	19.171	15.436
1.598	19.171	15.436
1.598	19.175	15.436
1.597	19.169	15.438
1.597	19.164	15.437
1.596	19.160	15.439
1.596	19.157	15.438
1.596	19.148	15.438
1.595	19.129	15.436
1.594	19.126	15.436
1.593	19.120	15.435
1.593	19.130	15.438
1.592	19.123	15.437
1.591	19.116	15.439
1.591	19.110	15.438
1.590	19.104	15.437
1.590	19.080	15.439
1.589	19.069	15.440
1.588	19.060	15.440
1.587	19.051	15.440
1.586	19.047	15.439
1.585	19.039	15.439
1.584	19.020	15.439
1.584	19.005	15.439
1.583	18.995	15.441
1.583	18.988	15.441
1.583	18.965	15.441
1.583	18.959	15.442
1.583	18.956	15.444
1.582	18.946	15.444
1.580	18.948	15.444
1.580	18.944	15.444
1.579	18.936	15.442
1.579	18.929	15.442
1.578	18.923	15.442
1.578	18.907	15.444
1.578	18.899	15.445
1.578	18.896	15.443
1.578	18.891	15.444
1.577	18.887	15.445
1.576	18.896	15.445
1.576	18.888	15.444
1.575	18.882	15.447
1.573	18.872	15.445
1.573	18.866	15.445
1.573	18.846	15.446
1.573	18.839	15.447
1.572	18.832	15.449
1.572	18.823	15.445
1.570	18.827	15.448
1.571	18.823	15.447
1.568	18.815	15.448
1.569	18.800	15.448
1.567	18.787	15.450
1.567	18.768	15.449
1.566	18.759	15.449
1.566	18.748	15.449
1.565	18.738	15.445
1.563	18.727	15.445
1.563	18.727	15.447
1.562	18.719	15.447
1.561	18.716	15.448
1.561	18.714	15.446
1.561	18.713	15.448
1.561	18.701	15.448
1.561	18.710	15.448
1.560	18.705	15.449
1.561	18.701	15.448
1.560	18.702	15.448
1.560	18.692	15.449
1.559	18.689	15.450
1.559	18.679	15.450
1.558	18.674	15.452
1.558	18.669	15.450
1.557	18.651	15.451
1.557	18.648	15.450
1.557	18.643	15.451
1.556	18.642	15.452
1.555	18.649	15.452
1.554	18.644	15.451
1.554	18.636	15.451
1.553	18.623	15.452
1.551	18.607	15.451
1.549	18.590	15.452
1.549	18.576	15.453
1.548	18.544	15.453
1.548	18.533	15.454
1.548	18.542	15.453
1.547	18.537	15.454
1.547	18.530	15.455
1.546	18.524	15.453
1.546	18.518	15.455
1.545	18.501	15.453
1.546	18.496	15.458
1.544	18.494	15.456
1.545	18.490	15.453
1.544	18.487	15.455
1.543	18.485	15.455
1.543	18.474	15.457
1.542	18.466	15.454
1.542	18.456	15.457
1.541	18.441	15.456
1.539	18.421	15.459
1.539	18.412	15.457
1.538	18.409	15.458
1.538	18.406	15.459
1.538	18.414	15.459
1.538	18.416	15.457
1.537	18.410	15.458
1.537	18.403	15.457
1.536	18.391	15.457
1.535	18.374	15.456
1.535	18.376	15.461
1.533	18.368	15.461
1.532	18.351	15.460
1.532	18.336	15.459
1.530	18.325	15.458
1.530	18.306	15.459
1.528	18.292	15.460
1.527	18.285	15.459
1.526	18.279	15.462
1.526	18.269	15.460
1.525	18.246	15.460
1.525	18.237	15.461
1.525	18.233	15.461
1.525	18.239	15.461
1.524	18.237	15.464
1.524	18.233	15.460
1.522	18.226	15.459
1.521	18.218	15.462
1.520	18.197	15.462
1.519	18.182	15.465
1.519	18.173	15.465
1.518	18.164	15.463
1.517	18.161	15.465
1.516	18.170	15.463
1.515	18.164	15.463
1.515	18.155	15.465
1.514	18.151	15.465
1.514	18.139	15.463
1.512	18.107	15.466
1.511	18.086	15.465
1.510	18.068	15.466
1.509	18.060	15.465
1.508	18.052	15.466
1.508	18.042	15.467
1.507	18.037	15.466
1.507	18.034	15.466
1.507	18.030	15.466
1.507	18.013	15.464
1.506	18.017	15.466
1.505	18.013	15.467
1.504	17.998	15.468
1.504	17.985	15.467
1.503	17.972	15.468
1.502	17.961	15.466
1.501	17.951	15.467
1.500	17.935	15.468
1.499	17.929	15.470
1.498	17.907	15.467
1.498	17.917	15.469
1.497	17.905	15.470
1.496	17.888	15.469
1.495	17.879	15.470
1.494	17.871	15.469
1.493	17.860	15.469
1.492	17.848	15.470
1.491	17.831	15.469
1.489	17.812	15.469
1.488	17.799	15.471
1.487	17.758	15.470
1.486	17.768	15.469
1.485	17.765	15.470
1.485	17.763	15.471
1.485	17.761	15.470
1.485	17.761	15.473
1.485	17.756	15.470
1.484	17.748	15.473
1.483	17.723	15.473
1.482	17.735	15.470
1.481	17.725	15.473
1.480	17.717	15.471
1.480	17.711	15.473
1.479	17.699	15.474
1.477	17.677	15.474
1.476	17.664	15.475
1.475	17.654	15.472
1.474	17.633	15.474
1.474	17.621	15.474
1.473	17.619	15.477
1.473	17.613	15.475
1.472	17.609	15.475
1.472	17.605	15.476
1.473	17.606	15.476
1.472	17.603	15.477
1.472	17.598	15.476
1.471	17.590	15.476
1.471	17.585	15.473
1.471	17.565	15.475
1.471	17.577	15.477
1.471	17.576	15.476
1.470	17.572	15.477
1.471	17.564	15.477
1.469	17.551	15.475
1.469	17.545	15.477
1.468	17.543	15.476
1.468	17.540	15.476
1.467	17.533	15.478
1.467	17.540	15.475
1.467	17.531	15.477
1.466	17.523	15.479
1.466	17.517	15.478
1.465	17.510	15.479
1.465	17.507	15.478
1.465	17.503	15.477
1.464	17.495	15.478
1.463	17.482	15.479
1.461	17.468	15.479
1.461	17.440	15.480
1.460	17.446	15.480
1.459	17.428	15.479
1.457	17.412	15.480
1.457	17.404	15.478
1.456	17.395	15.480
1.455	17.389	15.479
1.455	17.382	15.481
1.454	17.355	15.481
1.453	17.358	15.480
1.451	17.347	15.479
1.451	17.343	15.482
1.451	17.336	15.480
1.450	17.334	15.483
1.450	17.322	15.483
1.449	17.319	15.481
1.449	17.317	15.481
1.449	17.305	15.483
1.448	17.291	15.485
1.447	17.280	15.486
1.447	17.273	15.483
1.446	17.268	15.485
1.445	17.272	15.483
1.444	17.266	15.484
1.443	17.261	15.483
1.444	17.257	15.482
1.443	17.253	15.484
1.442	17.231	15.484
1.441	17.213	15.486
1.441	17.202	15.487
1.440	17.192	15.485
1.439	17.183	15.485
1.439	17.181	15.484
1.438	17.173	15.484
1.437	17.164	15.483
1.436	17.163	15.484
1.437	17.163	15.484
1.437	17.150	15.486
1.436	17.158	15.486
1.436	17.151	15.484
1.436	17.148	15.486
1.436	17.145	15.486
1.435	17.140	15.486
1.435	17.142	15.487
1.435	17.139	15.483
1.435	17.135	15.484
1.434	17.129	15.485
1.434	17.125	15.486
1.434	17.110	15.487
1.434	17.104	15.488
1.433	17.103	15.488
1.433	17.106	15.488
1.432	17.100	15.489
1.431	17.090	15.488
1.431	17.082	15.487
1.430	17.074	15.488
1.430	17.053	15.488
1.430	17.047	15.489
1.429	17.041	15.489
1.429	17.035	15.490
1.428	17.038	15.491
1.428	17.036	15.490
1.427	17.030	15.490
1.427	17.027	15.488
1.427	17.017	15.489
1.425	16.997	15.489
1.425	16.982	15.492
1.424	16.976	15.491
1.424	16.972	15.492
1.424	16.973	15.491
1.423	16.980	15.492
1.422	16.975	15.490
1.421	16.968	15.492
1.421	16.966	15.491
1.420	16.957	15.495
1.420	16.931	15.492
1.419	16.919	15.494
1.417	16.908	15.494
1.417	16.902	15.493
1.416	16.904	15.494
1.416	16.901	15.494
1.415	16.894	15.493
1.415	16.884	15.493
1.414	16.874	15.496
1.414	16.860	15.496
1.412	16.850	15.498
1.411	16.845	15.497
1.410	16.837	15.496
1.411	16.833	15.496
1.410	16.832	15.496
1.410	16.826	15.496
1.410	16.826	15.495
1.409	16.821	15.496
1.409	16.821	15.497
1.408	16.814	15.497
1.407	16.805	15.497
1.406	16.795	15.495
1.406	16.773	15.496
1.405	16.772	15.496
1.405	16.772	15.497
1.405	16.765	15.497
1.404	16.757	15.497
1.404	16.750	15.499
1.403	16.745	15.497
1.403	16.736	15.496
1.402	16.731	15.497
1.402	16.713	15.494
1.401	16.710	15.498
1.400	16.714	15.497
1.401	16.711	15.499
1.400	16.704	15.497
1.400	16.699	15.499
1.399	16.691	15.497
1.399	16.676	15.498
1.399	16.670	15.501
1.398	16.666	15.499
1.398	16.663	15.498
1.396	16.659	15.499
1.396	16.661	15.499
1.396	16.658	15.498
1.396	16.655	15.499
1.395	16.651	15.500
1.395	16.646	15.498
1.395	16.633	15.500
1.395	16.629	15.498
1.395	16.627	15.497
1.394	16.626	15.502
1.394	16.630	15.500
1.393	16.632	15.502
1.394	16.627	15.502
1.393	16.622	15.502
1.392	16.615	15.502
1.392	16.603	15.503
1.391	16.589	15.501
1.392	16.585	15.502
1.391	16.577	15.503
1.390	16.570	15.504
1.390	16.575	15.502
1.389	16.567	15.502
1.388	16.559	15.504
1.387	16.554	15.504
1.387	16.546	15.506
1.387	16.541	15.505
1.386	16.538	15.502
1.386	16.530	15.505
1.385	16.513	15.503
1.384	16.507	15.504
1.383	16.506	15.503
1.383	16.499	15.505
1.382	16.490	15.504
1.381	16.482	15.506
1.381	16.473	15.505
1.380	16.455	15.501
1.378	16.440	15.504
1.378	16.429	15.505
1.377	16.423	15.506
1.377	16.432	15.506
1.377	16.431	15.506
1.377	16.428	15.506
1.376	16.423	15.506
1.376	16.418	15.506
1.376	16.403	15.505
1.374	16.382	15.505
1.373	16.370	15.506
1.373	16.365	15.504
1.372	16.362	15.507
1.372	16.367	15.508
1.372	16.366	15.508
1.372	16.365	15.510
1.371	16.361	15.508
1.371	16.357	15.508
1.370	16.354	15.508
1.369	16.328	15.506
1.368	16.321	15.505
1.367	16.310	15.507
1.367	16.308	15.507
1.366	16.306	15.510
1.366	16.303	15.510
1.367	16.301	15.509
1.366	16.300	15.510
1.366	16.289	15.507
1.366	16.284	15.509
1.366	16.278	15.508
1.365	16.285	15.514
1.364	16.278	15.511
1.363	16.273	15.510
1.364	16.272	15.511
1.363	16.273	15.512
1.363	16.272	15.510
1.363	16.268	15.511
1.363	16.260	15.513
1.362	16.259	15.513
1.362	16.256	15.510
1.361	16.235	15.509
1.361	16.243	15.512
1.360	16.238	15.512
1.360	16.234	15.512
1.359	16.224	15.513
1.359	16.219	15.512
1.359	16.214	15.512
1.359	16.211	15.514
1.359	16.204	15.514
1.358	16.190	15.512
1.358	16.192	15.513
1.358	16.199	15.514
1.358	16.198	15.512
1.357	16.191	15.514
1.357	16.185	15.514
1.356	16.179	15.514
1.355	16.162	15.512
1.355	16.154	15.513
1.355	16.148	15.511
1.354	16.141	15.513
1.354	16.147	15.515
1.354	16.150	15.515
1.354	16.147	15.516
1.354	16.142	15.517
1.353	16.136	15.518
1.352	16.120	15.515
1.352	16.109	15.513
1.350	16.098	15.514
1.349	16.083	15.514
1.349	16.076	15.514
1.349	16.082	15.519
1.348	16.078	15.519
1.348	16.075	15.517
1.348	16.072	15.516
1.348	16.070	15.519
1.347	16.056	15.517
1.347	16.065	15.517
1.347	16.063	15.518
1.346	16.057	15.518
1.346	16.053	15.518
1.345	16.045	15.519
1.344	16.039	15.518
1.344	16.033	15.517
1.343	16.023	15.518
1.342	16.007	15.518
1.341	15.996	15.519
1.341	15.988	15.518
1.340	15.979	15.518
1.340	15.965	15.518
1.340	15.974	15.519
1.339	15.971	15.518
1.339	15.972	15.518
1.340	15.969	15.519
1.339	15.970	15.519
1.340	15.970	15.520
1.340	15.968	15.520
1.339	15.961	15.520
1.339	15.944	15.517
1.337	15.941	15.518
1.337	15.944	15.522
1.337	15.937	15.520
1.336	15.930	15.521
1.336	15.924	15.521
1.336	15.920	15.521
1.335	15.901	15.519
1.335	15.896	15.518
1.334	15.894	15.518
1.334	15.894	15.519
1.333	15.900	15.521
1.333	15.896	15.521
1.332	15.889	15.522
1.331	15.876	15.521
1.330	15.862	15.523
1.329	15.844	15.520
1.328	15.830	15.519
1.328	15.824	15.521
1.327	15.820	15.522
1.327	15.817	15.519
1.327	15.826	15.523
1.327	15.820	15.523
1.326	15.816	15.524
1.326	15.808	15.523
1.325	15.805	15.522
1.324	15.784	15.521
1.324	15.795	15.524
1.324	15.789	15.526
1.324	15.784	15.524
1.323	15.783	15.522
1.323	15.775	15.525
1.322	15.770	15.525
1.322	15.761	15.525
1.322	15.760	15.524
1.322	15.756	15.524
1.321	15.748	15.525
1.320	15.739	15.526
1.320	15.728	15.526
1.319	15.711	15.526
1.319	15.720	15.526
1.319	15.715	15.526
1.318	15.710	15.528
1.317	15.700	15.526
1.316	15.683	15.524
1.314	15.659	15.527
1.311	15.635	15.527
1.310	15.611	15.524
1.309	15.599	15.523
1.308	15.592	15.526
1.307	15.581	15.526
1.307	15.588	15.526
1.307	15.586	15.526
1.307	15.582	15.525
1.306	15.563	15.525
1.306	15.559	15.526
1.304	15.545	15.527
1.302	15.522	15.525
1.301	15.507	15.526
1.300	15.502	15.526
1.299	15.495	15.529
1.299	15.489	15.527
1.299	15.479	15.527
1.299	15.471	15.528
1.298	15.446	15.527
1.296	15.448	15.528
1.295	15.439	15.530
1.294	15.433	15.529
1.294	15.423	15.529
1.293	15.411	15.529
1.293	15.407	15.530
1.293	15.401	15.530
1.293	15.393	15.529
1.292	15.374	15.529
1.291	15.385	15.530
1.290	15.378	15.529
1.289	15.370	15.529
1.288	15.362	15.531
1.287	15.352	15.530
1.287	15.343	15.531
1.287	15.333	15.531
1.286	15.334	15.532
1.286	15.324	15.529
1.285	15.318	15.529
1.285	15.308	15.529
1.285	15.302	15.532
1.284	15.289	15.530
1.283	15.280	15.532
1.283	15.281	15.534
1.282	15.275	15.533
1.282	15.271	15.532
1.282	15.264	15.533
1.281	15.253	15.532
1.281	15.253	15.531
1.281	15.252	15.534
1.281	15.247	15.533
1.279	15.245	15.531
1.279	15.235	15.533
1.278	15.224	15.533
1.278	15.215	15.532
1.275	15.194	15.532
1.275	15.180	15.533
1.274	15.155	15.529
1.273	15.164	15.533
1.274	15.162	15.532
1.273	15.161	15.533
1.272	15.155	15.532
1.271	15.140	15.533
1.270	15.123	15.533
1.269	15.113	15.534
1.269	15.103	15.533
1.268	15.097	15.534
1.268	15.089	15.532
1.267	15.075	15.533
1.266	15.075	15.535
1.266	15.063	15.533
1.265	15.052	15.534
1.264	15.042	15.537
1.263	15.034	15.533
1.262	15.027	15.534
1.262	15.022	15.537
1.261	15.001	15.535
1.261	15.010	15.535
1.260	15.002	15.536
1.259	14.995	15.534
1.259	14.990	15.536
1.258	14.979	15.536
1.258	14.973	15.535
1.257	14.966	15.535
1.255	14.956	15.536
1.255	14.945	15.538
1.254	14.935	15.536
1.253	14.929	15.536
1.253	14.915	15.540
1.251	14.898	15.537
1.250	14.876	15.537
1.250	14.870	15.539
1.249	14.865	15.536
1.248	14.859	15.538
1.248	14.854	15.537
1.247	14.837	15.536
1.246	14.831	15.538
1.246	14.818	15.538
1.245	14.809	15.540
1.244	14.806	15.536
1.243	14.795	15.537
1.243	14.791	15.538
1.243	14.783	15.536
1.242	14.775	15.535
1.242	14.768	15.538
1.240	14.743	15.537
1.239	14.733	15.537
1.239	14.722	15.536
1.237	14.707	15.536
1.236	14.703	15.537
1.236	14.697	15.538
1.234	14.685	15.540
1.232	14.669	15.536
1.232	14.652	15.538
1.231	14.634	15.537
1.230	14.618	15.539
1.229	14.605	15.539
1.227	14.586	15.538
1.225	14.569	15.538
1.224	14.556	15.541
1.223	14.546	15.540
1.223	14.539	15.539
1.222	14.529	15.539
1.222	14.520	15.539
1.220	14.501	15.539
1.220	14.502	15.538
1.219	14.493	15.541
1.219	14.490	15.541
1.219	14.486	15.540
1.218	14.479	15.540
1.218	14.477	15.540
1.217	14.467	15.541
1.216	14.457	15.543
1.215	14.444	15.542
1.214	14.434	15.542
1.213	14.419	15.540
1.213	14.404	15.540
1.211	14.394	15.541
1.210	14.381	15.543
1.210	14.368	15.540
1.209	14.359	15.541
1.207	14.350	15.540
1.207	14.338	15.542
1.206	14.329	15.543
1.206	14.317	15.540
1.205	14.298	15.540
1.204	14.293	15.542
1.204	14.292	15.543
1.204	14.293	15.542
1.203	14.286	15.544
1.202	14.276	15.541
1.201	14.267	15.542
1.200	14.247	15.540
1.200	14.235	15.539
1.199	14.222	15.541
1.198	14.209	15.541
1.197	14.199	15.544
1.196	14.191	15.544
1.195	14.183	15.544
1.194	14.172	15.544
1.193	14.164	15.543
1.192	14.154	15.543
1.192	14.139	15.544
1.191	14.126	15.542
1.189	14.115	15.544
1.189	14.103	15.546
1.187	14.087	15.544
1.186	14.076	15.545
1.185	14.064	15.544
1.184	14.050	15.543
1.182	14.039	15.546
1.181	14.014	15.544
1.180	14.005	15.544
1.180	14.001	15.544
1.179	13.995	15.544
1.178	13.981	15.545
1.177	13.955	15.543
1.176	13.948	15.542
1.174	13.929	15.544
1.173	13.915	15.543
1.172	13.897	15.543
1.170	13.879	15.545
1.169	13.866	15.546
1.168	13.857	15.545
1.168	13.850	15.546
1.166	13.833	15.546
1.163	13.798	15.547
1.161	13.775	15.547
1.160	13.756	15.544
1.159	13.739	15.548
1.156	13.701	15.546
1.155	13.694	15.546
1.154	13.680	15.545
1.153	13.666	15.544
1.153	13.661	15.543
1.153	13.660	15.546
1.152	13.658	15.546
1.152	13.651	15.543
1.152	13.640	15.545
1.150	13.624	15.544
1.150	13.607	15.545
1.149	13.602	15.544
1.148	13.598	15.546
1.148	13.592	15.545
1.146	13.588	15.548
1.146	13.584	15.546
1.146	13.582	15.547
1.146	13.583	15.545
1.146	13.578	15.547
1.146	13.570	15.548
1.146	13.562	15.547
1.146	13.559	15.545
1.146	13.565	15.550
1.145	13.562	15.545
1.145	13.561	15.545
1.145	13.559	15.548
1.145	13.557	15.549
1.144	13.551	15.548
1.142	13.529	15.547
1.140	13.504	15.546
1.140	13.489	15.546
1.139	13.476	15.548
1.139	13.464	15.549
1.137	13.464	15.547
1.136	13.455	15.547
1.136	13.446	15.547
1.136	13.441	15.548
1.136	13.440	15.546
1.136	13.436	15.548
1.136	13.440	15.549
1.135	13.430	15.549
1.134	13.422	15.549
1.133	13.416	15.552
1.133	13.405	15.552
1.132	13.401	15.550
1.132	13.393	15.549
1.130	13.380	15.552
1.128	13.364	15.550
1.127	13.348	15.547
1.126	13.335	15.552
1.125	13.316	15.545
1.124	13.305	15.550
1.123	13.295	15.550
1.122	13.276	15.549
1.121	13.263	15.548
1.119	13.247	15.550
1.117	13.227	15.548
1.117	13.207	15.548
1.114	13.190	15.551
1.113	13.166	15.550
1.111	13.147	15.548
1.110	13.135	15.549
1.108	13.119	15.550
1.107	13.110	15.552
1.106	13.100	15.552
1.106	13.091	15.552
1.106	13.082	15.552
1.106	13.070	15.550
1.105	13.054	15.549
1.104	13.049	15.550
1.103	13.047	15.552
1.102	13.037	15.552
1.100	13.025	15.552
1.100	13.015	15.552
1.100	13.007	15.552
1.099	13.000	15.553
1.099	12.986	15.553
1.099	12.976	15.551
1.098	12.971	15.552
1.097	12.962	15.550
1.096	12.953	15.550
1.095	12.948	15.551
1.094	12.936	15.553
1.093	12.925	15.554
1.092	12.916	15.553
1.091	12.897	15.551
1.090	12.885	15.551
1.089	12.878	15.551
1.088	12.868	15.551
1.088	12.862	15.552
1.087	12.854	15.552
1.087	12.848	15.553
1.086	12.839	15.551
1.085	12.827	15.554
1.084	12.817	15.552
1.084	12.801	15.550
1.083	12.793	15.550
1.082	12.781	15.551
1.081	12.768	15.552
1.080	12.757	15.551
1.079	12.754	15.554
1.079	12.746	15.554
1.078	12.737	15.552
1.077	12.724	15.555
1.076	12.703	15.553
1.074	12.680	15.552
1.073	12.662	15.553
1.072	12.652	15.551
1.070	12.637	15.552
1.069	12.624	15.551
1.067	12.604	15.555
1.066	12.588	15.552
1.065	12.572	15.555
1.063	12.557	15.553
1.062	12.537	15.552
1.062	12.529	15.554
1.062	12.524	15.552
1.061	12.522	15.553
1.060	12.519	15.556
1.060	12.508	15.555
1.058	12.488	15.555
1.056	12.468	15.555
1.054	12.441	15.554
1.052	12.422	15.553
1.051	12.406	15.555
1.049	12.387	15.556
1.047	12.365	15.554
1.046	12.346	15.555
1.045	12.325	15.556
1.043	12.303	15.554
1.041	12.280	15.557
1.040	12.268	15.555
1.039	12.250	15.555
1.038	12.219	15.553
1.035	12.195	15.557
1.032	12.172	15.555
1.030	12.146	15.555
1.029	12.134	15.556
1.028	12.114	15.557
1.028	12.109	15.556
1.028	12.097	15.555
1.027	12.085	15.556
1.026	12.076	15.557
1.025	12.050	15.553
1.022	12.026	15.554
1.021	12.004	15.556
1.019	11.989	15.558
1.017	11.977	15.557
1.017	11.969	15.557
1.017	11.963	15.557
1.016	11.959	15.557
1.016	11.951	15.557
1.014	11.923	15.557
1.013	11.914	15.558
1.011	11.898	15.558
1.010	11.886	15.557
1.010	11.876	15.558
1.008	11.858	15.556
1.006	11.833	15.557
1.004	11.811	15.556
1.003	11.794	15.557
1.001	11.762	15.556
1.001	11.762	15.558
1.000	11.755	15.557
1.000	11.746	15.559
0.999	11.737	15.557
0.998	11.726	15.558
0.996	11.706	15.557
0.995	11.694	15.558
0.995	11.680	15.556
0.993	11.668	15.559
0.993	11.653	15.558
0.992	11.649	15.556
0.991	11.645	15.556
0.991	11.635	15.558
0.990	11.623	15.557
0.989	11.610	15.555
0.988	11.600	15.556
0.988	11.585	15.558
0.986	11.580	15.559
0.986	11.563	15.555
0.985	11.559	15.559
0.984	11.552	15.556
0.983	11.541	15.559
0.982	11.528	15.559
0.981	11.519	15.558
0.981	11.516	15.559
0.981	11.515	15.559
0.980	11.512	15.557
0.979	11.504	15.557
0.978	11.471	15.560
0.977	11.461	15.558
0.976	11.450	15.559
0.974	11.442	15.560
0.973	11.426	15.558
0.971	11.400	15.560
0.969	11.379	15.559
0.967	11.363	15.559
0.966	11.347	15.561
0.965	11.331	15.561
0.965	11.322	15.560
0.964	11.314	15.558
0.964	11.312	15.559
0.964	11.307	15.559
0.964	11.299	15.559
0.963	11.287	15.561
0.962	11.276	15.560
0.960	11.252	15.561
0.959	11.239	15.559
0.957	11.218	15.563
0.956	11.206	15.560
0.955	11.190	15.559
0.954	11.174	15.558
0.953	11.163	15.561
0.953	11.156	15.559
0.952	11.150	15.559
0.952	11.144	15.561
0.951	11.136	15.560
0.951	11.125	15.562
0.951	11.129	15.561
0.951	11.125	15.561
0.950	11.121	15.562
0.949	11.115	15.561
0.949	11.108	15.563
0.948	11.098	15.560
0.947	11.094	15.561
0.946	11.083	15.561
0.945	11.070	15.563
0.944	11.049	15.561
0.943	11.044	15.563
0.942	11.033	15.561
0.941	11.016	15.561
0.939	10.994	15.564
0.938	10.984	15.562
0.938	10.976	15.562
0.937	10.969	15.563
0.936	10.952	15.563
0.935	10.938	15.562
0.934	10.923	15.559
0.932	10.911	15.560
0.931	10.894	15.562
0.930	10.886	15.560
0.929	10.877	15.561
0.928	10.854	15.562
0.928	10.843	15.560
0.928	10.840	15.561
0.927	10.833	15.562
0.926	10.811	15.562
0.924	10.793	15.562
0.921	10.761	15.562
0.920	10.740	15.563
0.919	10.730	15.562
0.918	10.726	15.562
0.918	10.715	15.561
0.917	10.706	15.563
0.917	10.696	15.563
0.916	10.686	15.562
0.915	10.672	15.561
0.914	10.657	15.560
0.913	10.649	15.562
0.913	10.645	15.562
0.912	10.643	15.564
0.911	10.632	15.564
0.911	10.621	15.564
0.911	10.618	15.563
0.910	10.613	15.564
0.909	10.601	15.562
0.908	10.586	15.564
0.906	10.560	15.563
0.905	10.559	15.565
0.906	10.560	15.565
0.905	10.559	15.567
0.905	10.558	15.565
0.905	10.555	15.565
0.904	10.546	15.563
0.903	10.526	15.565
0.901	10.510	15.563
0.901	10.500	15.560
0.901	10.500	15.564
0.900	10.498	15.563
0.899	10.488	15.564
0.897	10.461	15.564
0.896	10.449	15.564
0.895	10.443	15.565
0.895	10.434	15.565
0.893	10.416	15.564
0.893	10.402	15.563
0.892	10.387	15.565
0.892	10.383	15.563
0.892	10.384	15.564
0.892	10.382	15.566
0.891	10.376	15.565
0.891	10.375	15.565
0.891	10.372	15.564
0.891	10.366	15.563
0.890	10.352	15.565
0.889	10.339	15.562
0.888	10.329	15.565
0.887	10.319	15.563
0.886	10.306	15.564
0.884	10.291	15.565
0.884	10.277	15.565
0.883	10.267	15.567
0.882	10.258	15.566
0.881	10.244	15.564
0.880	10.235	15.567
0.880	10.218	15.566
0.879	10.214	15.568
0.878	10.208	15.565
0.877	10.200	15.567
0.876	10.191	15.564
0.876	10.182	15.565
0.874	10.171	15.566
0.873	10.150	15.566
0.872	10.135	15.569
0.871	10.132	15.565
0.871	10.132	15.563
0.871	10.125	15.566
0.870	10.121	15.566
0.869	10.113	15.566
0.868	10.097	15.566
0.867	10.079	15.566
0.866	10.069	15.568
0.865	10.056	15.565
0.864	10.043	15.567
0.863	10.032	15.564
0.862	10.018	15.567
0.861	10.014	15.567
0.861	10.008	15.567
0.861	10.007	15.568
0.861	10.007	15.567
0.861	10.003	15.566
0.860	9.994	15.568
0.859	9.985	15.566
0.858	9.970	15.567
0.857	9.951	15.568
0.856	9.939	15.566
0.855	9.929	15.570
0.855	9.921	15.568
0.854	9.911	15.568
0.853	9.897	15.569
0.852	9.883	15.566
0.850	9.861	15.565
0.848	9.834	15.568
0.847	9.812	15.569
0.845	9.801	15.568
0.845	9.790	15.569
0.845	9.788	15.568
0.844	9.778	15.569
0.842	9.767	15.569
0.841	9.758	15.567
0.840	9.744	15.568
0.839	9.723	15.568
0.839	9.717	15.568
0.838	9.714	15.571
0.838	9.710	15.568
0.837	9.701	15.569
0.836	9.689	15.566
0.836	9.683	15.568
0.835	9.677	15.568
0.834	9.662	15.568
0.833	9.656	15.568
0.833	9.649	15.571
0.832	9.645	15.569
0.831	9.638	15.569
0.830	9.614	15.569
0.828	9.598	15.569
0.828	9.590	15.570
0.827	9.587	15.570
0.827	9.583	15.570
0.827	9.582	15.569
0.826	9.569	15.570
0.825	9.554	15.569
0.824	9.537	15.569
0.823	9.534	15.571
0.823	9.535	15.570
0.822	9.527	15.570
0.821	9.514	15.572
0.821	9.505	15.570
0.820	9.491	15.570
0.820	9.485	15.570
0.819	9.476	15.573
0.818	9.466	15.569
0.817	9.452	15.569
0.817	9.438	15.572
0.817	9.439	15.569
0.816	9.435	15.570
0.816	9.427	15.574
0.814	9.420	15.573
0.813	9.406	15.570
0.812	9.379	15.572
0.811	9.368	15.572
0.810	9.359	15.571
0.810	9.351	15.571
0.809	9.340	15.570
0.809	9.326	15.575
0.809	9.328	15.570
0.808	9.326	15.570
0.807	9.322	15.571
0.807	9.314	15.572
0.806	9.306	15.573
0.806	9.300	15.572
0.806	9.294	15.572
0.805	9.287	15.571
0.804	9.283	15.569
0.804	9.279	15.571
0.804	9.277	15.570
0.804	9.277	15.573
0.804	9.277	15.570
0.804	9.271	15.572
0.804	9.266	15.573
0.803	9.265	15.570
0.803	9.263	15.571
0.802	9.260	15.573
0.802	9.260	15.572
0.802	9.253	15.573
0.801	9.249	15.571
0.801	9.243	15.572
0.800	9.236	15.571
0.799	9.225	15.571
0.799	9.216	15.575
0.798	9.204	15.574
0.797	9.195	15.575
0.797	9.196	15.573
0.796	9.185	15.571
0.795	9.178	15.572
0.794	9.168	15.572
0.793	9.155	15.574
0.791	9.138	15.573
0.790	9.122	15.574
0.790	9.113	15.573
0.790	9.108	15.573
0.790	9.106	15.575
0.789	9.101	15.572
0.787	9.084	15.575
0.785	9.063	15.574
0.784	9.037	15.573
0.783	9.021	15.573
0.782	9.014	15.574
0.782	9.008	15.574
0.781	8.997	15.576
0.781	8.994	15.574
0.781	8.990	15.577
0.781	8.987	15.573
0.780	8.980	15.573
0.780	8.972	15.573
0.779	8.964	15.571
0.778	8.960	15.573
0.777	8.950	15.574
0.777	8.939	15.573
0.776	8.931	15.574
0.776	8.923	15.574
0.775	8.913	15.574
0.774	8.901	15.574
0.774	8.896	15.575
0.773	8.890	15.575
0.773	8.887	15.573
0.773	8.879	15.574
0.772	8.874	15.574
0.771	8.868	15.575
0.771	8.861	15.575
0.770	8.850	15.574
0.769	8.841	15.574
0.769	8.838	15.574
0.769	8.836	15.574
0.769	8.830	15.577
0.769	8.828	15.576
0.769	8.822	15.575
0.768	8.816	15.577
0.767	8.813	15.575
0.767	8.807	15.575
0.766	8.802	15.575
0.766	8.792	15.576
0.765	8.784	15.574
0.764	8.777	15.574
0.763	8.774	15.574
0.763	8.765	15.574
0.762	8.753	15.578
0.761	8.742	15.576
0.760	8.728	15.577
0.759	8.719	15.576
0.759	8.713	15.578
0.758	8.705	15.575
0.757	8.702	15.577
0.756	8.691	15.577
0.756	8.679	15.579
0.755	8.665	15.575
0.755	8.661	15.576
0.754	8.653	15.578
0.753	8.643	15.578
0.752	8.629	15.577
0.751	8.618	15.577
0.751	8.614	15.577
0.750	8.606	15.579
0.750	8.597	15.578
0.748	8.579	15.576
0.748	8.571	15.577
0.748	8.569	15.578
0.747	8.559	15.578
0.747	8.556	15.578
0.747	8.552	15.576
0.746	8.545	15.577
0.745	8.535	15.577
0.745	8.529	15.575
0.745	8.521	15.576
0.745	8.510	15.575
0.744	8.508	15.575
0.743	8.491	15.575
0.741	8.476	15.575
0.740	8.470	15.580
0.740	8.465	15.577
0.739	8.458	15.577
0.738	8.447	15.576
0.737	8.433	15.578
0.736	8.413	15.577
0.735	8.399	15.578
0.734	8.391	15.577
0.734	8.386	15.580
0.734	8.383	15.581
0.733	8.373	15.578
0.732	8.362	15.580
0.732	8.361	15.580
0.732	8.359	15.579
0.732	8.356	15.578
0.732	8.349	15.581
0.731	8.347	15.578
0.730	8.338	15.580
0.729	8.327	15.579
0.728	8.317	15.579
0.727	8.303	15.578
0.726	8.294	15.580
0.726	8.289	15.578
0.725	8.285	15.577
0.725	8.275	15.581
0.724	8.264	15.579
0.723	8.260	15.581
0.723	8.252	15.581
0.722	8.249	15.581
0.721	8.240	15.580
0.719	8.220	15.582
0.718	8.203	15.580
0.717	8.189	15.581
0.716	8.179	15.579
0.716	8.173	15.582
0.716	8.176	15.579
0.716	8.171	15.581
0.715	8.160	15.579
0.715	8.153	15.580
0.714	8.145	15.578
0.713	8.137	15.580
0.713	8.130	15.579
0.712	8.126	15.582
0.712	8.120	15.581
0.712	8.118	15.582
0.711	8.111	15.582
0.711	8.102	15.580
0.710	8.089	15.581
0.709	8.081	15.581
0.709	8.071	15.581
0.708	8.067	15.580
0.708	8.059	15.579
0.708	8.056	15.581
0.707	8.044	15.579
0.707	8.036	15.580
0.706	8.032	15.580
0.706	8.022	15.580
0.705	8.014	15.581
0.703	8.007	15.581
0.703	7.996	15.583
0.702	7.988	15.580
0.702	7.984	15.584
0.702	7.979	15.581
0.702	7.971	15.582
0.701	7.967	15.583
0.701	7.961	15.584
0.700	7.955	15.583
0.699	7.948	15.584
0.698	7.943	15.582
0.698	7.933	15.582
0.697	7.923	15.582
0.696	7.916	15.584
0.695	7.904	15.581
0.694	7.890	15.582
0.693	7.880	15.582
0.693	7.870	15.583
0.692	7.859	15.581
0.691	7.850	15.583
0.691	7.849	15.583
0.691	7.845	15.583
0.690	7.841	15.583
0.689	7.828	15.585
0.689	7.817	15.583
0.689	7.813	15.584
0.688	7.809	15.581
0.687	7.800	15.582
0.687	7.800	15.585
0.686	7.796	15.581
0.686	7.788	15.582
0.685	7.781	15.584
0.685	7.776	15.582
0.684	7.773	15.583
0.684	7.764	15.580
0.684	7.760	15.583
0.683	7.751	15.581
0.682	7.742	15.582
0.681	7.739	15.584
0.681	7.729	15.584
0.680	7.718	15.583
0.679	7.714	15.583
0.679	7.709	15.585
0.679	7.703	15.582
0.678	7.700	15.582
0.678	7.690	15.582
0.677	7.678	15.583
0.676	7.667	15.582
0.676	7.662	15.584
0.675	7.653	15.585
0.674	7.643	15.583
0.674	7.630	15.584
0.673	7.622	15.584
0.672	7.611	15.582
0.671	7.599	15.585
0.670	7.589	15.584
0.670	7.585	15.584
0.670	7.584	15.585
0.670	7.581	15.583
0.669	7.574	15.583
0.669	7.568	15.583
0.668	7.557	15.585
0.667	7.546	15.583
0.667	7.540	15.582
0.666	7.532	15.585
0.666	7.528	15.585
0.665	7.521	15.584
0.664	7.515	15.586
0.664	7.507	15.586
0.663	7.496	15.586
0.662	7.487	15.586
0.662	7.483	15.588
0.661	7.471	15.587
0.660	7.458	15.584
0.659	7.451	15.585
0.659	7.446	15.587
0.658	7.436	15.584
0.657	7.422	15.585
0.656	7.410	15.586
0.655	7.398	15.582
0.655	7.391	15.585
0.654	7.382	15.583
0.653	7.364	15.584
0.652	7.351	15.585
0.651	7.348	15.585
0.650	7.342	15.585
0.649	7.336	15.586
0.648	7.324	15.586
0.647	7.317	15.587
0.647	7.310	15.589
0.646	7.296	15.587
0.645	7.288	15.586
0.645	7.285	15.585
0.645	7.282	15.586
0.645	7.275	15.588
0.644	7.268	15.586
0.643	7.251	15.587
0.642	7.240	15.589
0.641	7.232	15.588
0.640	7.223	15.588
0.639	7.212	15.587
0.638	7.197	15.584
0.638	7.186	15.586
0.637	7.177	15.586
0.636	7.166	15.586
0.636	7.154	15.587
0.635	7.146	15.590
0.635	7.142	15.587
0.635	7.141	15.589
0.635	7.138	15.588
0.634	7.130	15.588
0.633	7.125	15.589
0.632	7.107	15.587
0.631	7.097	15.588
0.631	7.092	15.588
0.630	7.085	15.589
0.630	7.074	15.589
0.628	7.058	15.588
0.627	7.044	15.588
0.627	7.038	15.590
0.626	7.031	15.589
0.626	7.023	15.588
0.625	7.019	15.587
0.625	7.017	15.589
0.624	7.015	15.584
0.624	7.008	15.589
0.623	7.003	15.588
0.623	6.995	15.588
0.622	6.985	15.588
0.621	6.970	15.586
0.621	6.966	15.589
0.620	6.958	15.589
0.619	6.945	15.588
0.618	6.934	15.590
0.618	6.933	15.587
0.618	6.924	15.589
0.617	6.921	15.588
0.617	6.919	15.588
0.616	6.911	15.588
0.615	6.903	15.589
0.614	6.894	15.587
0.614	6.887	15.587
0.613	6.877	15.588
0.612	6.867	15.590
0.611	6.855	15.591
0.610	6.837	15.588
0.609	6.825	15.589
0.608	6.819	15.590
0.607	6.812	15.589
0.607	6.801	15.591
0.606	6.791	15.588
0.605	6.777	15.588
0.604	6.764	15.590
0.603	6.750	15.590
0.602	6.741	15.590
0.601	6.729	15.588
0.600	6.715	15.590
0.598	6.689	15.592
0.598	6.679	15.589
0.598	6.677	15.591
0.597	6.666	15.591
0.597	6.661	15.591
0.597	6.658	15.589
0.597	6.653	15.591
0.596	6.650	15.590
0.596	6.642	15.589
0.595	6.634	15.590
0.594	6.621	15.591
0.593	6.616	15.589
0.592	6.601	15.590
0.591	6.587	15.590
0.590	6.577	15.591
0.589	6.565	15.591
0.588	6.555	15.590
0.588	6.542	15.590
0.587	6.531	15.592
0.586	6.520	15.589
0.585	6.505	15.592
0.584	6.494	15.592
0.583	6.486	15.593
0.583	6.482	15.591
0.582	6.480	15.590
0.582	6.473	15.590
0.581	6.467	15.590
0.580	6.452	15.591
0.579	6.445	15.593
0.579	6.438	15.591
0.579	6.433	15.593
0.579	6.428	15.592
0.578	6.421	15.591
0.577	6.418	15.591
0.577	6.412	15.594
0.577	6.409	15.593
0.576	6.397	15.593
0.575	6.385	15.592
0.575	6.381	15.593
0.574	6.372	15.592
0.573	6.365	15.593
0.572	6.359	15.592
0.571	6.352	15.592
0.571	6.348	15.593
0.571	6.347	15.594
0.571	6.346	15.592
0.570	6.339	15.595
0.570	6.332	15.594
0.569	6.319	15.591
0.568	6.311	15.594
0.568	6.305	15.593
0.568	6.299	15.594
0.567	6.293	15.592
0.566	6.280	15.594
0.565	6.262	15.595
0.565	6.251	15.596
0.564	6.242	15.593
0.563	6.226	15.590
0.562	6.218	15.592
0.561	6.213	15.590
0.561	6.208	15.592
0.560	6.199	15.592
0.559	6.183	15.590
0.558	6.171	15.592
0.558	6.165	15.592
0.557	6.153	15.592
0.556	6.140	15.593
0.555	6.124	15.591
0.553	6.106	15.593
0.552	6.092	15.593
0.552	6.088	15.593
0.551	6.080	15.594
0.550	6.079	15.593
0.550	6.075	15.594
0.550	6.067	15.593
0.549	6.057	15.591
0.549	6.044	15.595
0.548	6.036	15.594
0.547	6.022	15.593
0.546	6.006	15.592
0.545	5.994	15.596
0.544	5.979	15.594
0.542	5.965	15.595
0.541	5.957	15.594
0.541	5.953	15.595
