
1.622	21.021	35.290
1.621	21.033	35.293
1.619	21.029	35.293
1.618	21.021	35.293
1.617	21.014	35.291
1.616	21.009	35.289
1.616	20.984	35.288
1.615	20.979	35.289
1.615	20.977	35.288
1.614	20.978	35.286
1.614	20.991	35.289
1.613	20.980	35.286
1.612	20.966	35.289
1.611	20.961	35.288
1.611	20.959	35.285
1.610	20.929	35.287
1.609	20.911	35.283
1.609	20.904	35.284
1.609	20.896	35.282
1.608	20.893	35.285
1.608	20.899	35.282
1.609	20.898	35.284
1.608	20.893	35.281
1.607	20.887	35.285
1.608	20.877	35.281
1.606	20.850	35.276
1.607	20.844	35.279
1.605	20.837	35.278
1.605	20.839	35.276
1.605	20.852	35.278
1.604	20.853	35.276
1.605	20.850	35.274
1.604	20.846	35.274
1.604	20.837	35.274
1.604	20.835	35.274
1.604	20.828	35.274
1.604	20.806	35.272
1.603	20.804	35.272
1.603	20.798	35.271
1.604	20.811	35.271
1.603	20.806	35.270
1.603	20.802	35.268
1.602	20.801	35.268
1.603	20.798	35.268
1.603	20.778	35.269
1.602	20.778	35.268
1.602	20.776	35.265
1.602	20.772	35.265
1.602	20.789	35.266
1.601	20.785	35.266
1.601	20.781	35.264
1.600	20.776	35.265
1.601	20.770	35.260
1.599	20.748	35.260
1.599	20.732	35.262
1.598	20.748	35.260
1.598	20.745	35.261
1.597	20.739	35.262
1.597	20.728	35.260
1.596	20.710	35.259
1.595	20.703	35.258
1.595	20.700	35.260
1.595	20.694	35.258
1.595	20.664	35.256
1.594	20.684	35.256
1.593	20.679	35.254
1.593	20.674	35.257
1.592	20.670	35.253
1.593	20.667	35.253
1.592	20.667	35.253
1.592	20.660	35.254
1.591	20.648	35.254
1.591	20.622	35.251
1.591	20.635	35.252
1.590	20.630	35.251
1.590	20.618	35.252
1.590	20.604	35.251
1.589	20.598	35.249
1.588	20.594	35.250
1.587	20.590	35.250
1.587	20.586	35.249
1.587	20.585	35.250
1.587	20.585	35.248
1.586	20.579	35.248
1.586	20.575	35.248
1.585	20.583	35.247
1.585	20.582	35.245
1.585	20.580	35.247
1.585	20.580	35.246
1.585	20.573	35.247
1.584	20.569	35.244
1.583	20.545	35.243
1.583	20.564	35.246
1.583	20.559	35.245
1.582	20.552	35.243
1.581	20.540	35.242
1.580	20.526	35.245
1.579	20.520	35.243
1.580	20.515	35.245
1.579	20.512	35.241
1.580	20.509	35.242
1.579	20.495	35.240
1.578	20.508	35.241
1.579	20.505	35.240
1.579	20.501	35.240
1.579	20.496	35.237
1.577	20.494	35.239
1.578	20.488	35.241
1.577	20.485	35.239
1.576	20.483	35.236
1.576	20.452	35.238
1.576	20.463	35.236
1.576	20.457	35.237
1.575	20.453	35.236
1.575	20.447	35.235
1.574	20.440	35.235
1.574	20.433	35.236
1.573	20.424	35.238
1.573	20.420	35.235
1.573	20.409	35.235
1.573	20.394	35.235
1.572	20.399	35.235
1.572	20.394	35.231
1.571	20.382	35.238
1.571	20.365	35.231
1.570	20.352	35.234
1.570	20.349	35.234
1.569	20.341	35.231
1.569	20.337	35.231
1.568	20.333	35.233
1.569	20.330	35.233
1.568	20.322	35.230
1.568	20.313	35.231
1.568	20.323	35.228
1.567	20.322	35.227
1.568	20.320	35.231
1.567	20.320	35.229
1.567	20.316	35.232
1.567	20.312	35.228
1.566	20.307	35.228
1.566	20.304	35.228
1.566	20.285	35.227
1.566	20.290	35.229
1.566	20.300	35.227
1.566	20.297	35.227
1.565	20.279	35.227
1.564	20.264	35.229
1.563	20.256	35.227
1.562	20.232	35.226
1.561	20.222	35.225
1.561	20.215	35.225
1.561	20.216	35.228
1.561	20.235	35.227
1.561	20.234	35.225
1.560	20.222	35.227
1.559	20.203	35.226
1.559	20.200	35.226
1.559	20.193	35.225
1.559	20.177	35.227
1.558	20.172	35.226
1.559	20.167	35.224
1.557	20.182	35.223
1.558	20.184	35.226
1.557	20.177	35.226
1.556	20.169	35.225
1.555	20.155	35.224
1.554	20.142	35.227
1.553	20.111	35.223
1.551	20.100	35.225
1.550	20.083	35.225
1.550	20.080	35.225
1.550	20.088	35.225
1.549	20.081	35.225
1.548	20.072	35.227
1.547	20.063	35.227
1.546	20.051	35.225
1.546	20.044	35.224
1.544	20.038	35.224
1.544	20.026	35.225
1.543	20.014	35.225
1.543	19.986	35.226
1.542	19.992	35.227
1.542	19.987	35.223
1.541	19.984	35.225
1.541	19.968	35.223
1.539	19.954	35.225
1.539	19.946	35.225
1.540	19.945	35.223
1.539	19.938	35.226
1.538	19.927	35.223
1.538	19.901	35.224
1.537	19.907	35.224
1.536	19.897	35.226
1.537	19.891	35.223
1.536	19.885	35.222
1.535	19.879	35.226
1.535	19.849	35.222
1.534	19.836	35.224
1.533	19.842	35.220
1.532	19.835	35.226
1.532	19.829	35.226
1.533	19.827	35.222
1.532	19.827	35.223
1.533	19.825	35.225
1.532	19.816	35.224
1.531	19.796	35.225
1.530	19.784	35.226
1.530	19.779	35.222
1.530	19.772	35.221
1.529	19.783	35.224
1.529	19.781	35.228
1.529	19.781	35.225
1.529	19.775	35.226
1.528	19.770	35.224
1.527	19.763	35.226
1.527	19.739	35.223
1.526	19.729	35.226
1.526	19.724	35.224
1.525	19.724	35.225
1.525	19.718	35.223
1.524	19.714	35.222
1.524	19.709	35.221
1.522	19.701	35.221
1.521	19.691	35.224
1.521	19.683	35.225
1.520	19.678	35.226
1.520	19.674	35.223
1.520	19.671	35.224
1.519	19.655	35.221
1.519	19.662	35.223
1.519	19.663	35.223
1.519	19.660	35.222
1.519	19.654	35.225
1.518	19.647	35.224
1.518	19.624	35.223
1.517	19.617	35.223
1.517	19.612	35.222
1.515	19.625	35.223
1.515	19.620	35.222
1.515	19.617	35.221
1.514	19.614	35.223
1.514	19.609	35.224
1.513	19.603	35.225
1.513	19.596	35.225
1.512	19.577	35.221
1.512	19.582	35.222
1.512	19.580	35.225
1.511	19.575	35.223
1.511	19.570	35.224
1.510	19.564	35.224
1.509	19.556	35.223
1.509	19.554	35.224
1.509	19.548	35.223
1.508	19.533	35.222
1.508	19.525	35.223
1.508	19.519	35.224
1.507	19.503	35.222
1.506	19.490	35.223
1.506	19.479	35.221
1.505	19.471	35.222
1.504	19.464	35.223
1.504	19.449	35.221
1.503	19.437	35.220
1.503	19.421	35.222
1.503	19.432	35.222
1.503	19.428	35.219
1.503	19.423	35.220
1.502	19.417	35.222
1.502	19.405	35.221
1.501	19.397	35.219
1.500	19.389	35.219
1.499	19.376	35.221
1.499	19.369	35.221
1.498	19.364	35.219
1.498	19.360	35.220
1.498	19.358	35.220
1.497	19.335	35.222
1.497	19.351	35.223
1.497	19.350	35.218
1.497	19.349	35.222
1.495	19.339	35.216
1.493	19.306	35.221
1.492	19.272	35.220
1.491	19.259	35.220
1.490	19.232	35.219
1.491	19.254	35.218
1.490	19.252	35.221
1.490	19.248	35.220
1.488	19.237	35.221
1.487	19.221	35.219
1.486	19.214	35.221
1.486	19.190	35.219
1.485	19.201	35.218
1.484	19.189	35.220
1.484	19.179	35.218
1.482	19.168	35.218
1.482	19.164	35.217
1.481	19.155	35.217
1.480	19.145	35.216
1.480	19.132	35.217
1.478	19.122	35.215
1.477	19.089	35.219
1.477	19.096	35.217
1.476	19.089	35.217
1.476	19.082	35.218
1.476	19.076	35.215
1.476	19.067	35.219
1.475	19.056	35.217
1.473	19.049	35.214
1.472	19.039	35.214
1.472	19.016	35.216
1.472	19.012	35.217
1.472	19.007	35.219
1.471	19.000	35.214
1.471	18.994	35.213
1.471	18.988	35.215
1.471	18.982	35.214
1.470	18.980	35.213
1.470	18.972	35.218
1.469	18.963	35.213
1.468	18.951	35.213
1.467	18.945	35.212
1.467	18.936	35.213
1.466	18.928	35.212
1.466	18.902	35.212
1.464	18.907	35.215
1.463	18.894	35.214
1.461	18.876	35.213
1.459	18.845	35.214
1.459	18.836	35.209
1.459	18.835	35.211
1.459	18.835	35.211
1.459	18.817	35.214
1.459	18.835	35.212
1.458	18.830	35.211
1.456	18.812	35.212
1.456	18.797	35.211
1.455	18.783	35.209
1.453	18.765	35.212
1.452	18.741	35.210
1.451	18.723	35.210
1.451	18.713	35.209
1.450	18.726	35.208
1.450	18.714	35.209
1.449	18.705	35.208
1.449	18.697	35.209
1.447	18.680	35.208
1.446	18.665	35.206
1.445	18.654	35.208
1.444	18.626	35.207
1.442	18.612	35.210
1.441	18.601	35.209
1.440	18.591	35.209
1.440	18.579	35.207
1.439	18.569	35.205
1.439	18.565	35.206
1.438	18.555	35.205
1.438	18.542	35.207
1.437	18.528	35.206
1.436	18.510	35.208
1.436	18.503	35.206
1.435	18.495	35.207
1.435	18.504	35.205
1.434	18.494	35.205
1.434	18.482	35.207
1.433	18.471	35.206
1.432	18.464	35.204
1.432	18.459	35.204
1.431	18.452	35.205
1.431	18.445	35.203
1.430	18.433	35.203
1.428	18.411	35.204
1.426	18.381	35.203
1.425	18.372	35.204
1.425	18.369	35.203
1.425	18.368	35.205
1.424	18.368	35.202
1.425	18.358	35.202
1.425	18.349	35.202
1.424	18.347	35.204
1.423	18.343	35.201
1.423	18.350	35.202
1.421	18.331	35.200
1.418	18.290	35.202
1.418	18.278	35.201
1.416	18.257	35.200
1.414	18.238	35.200
1.413	18.204	35.199
1.411	18.187	35.200
1.411	18.174	35.198
1.410	18.187	35.199
1.410	18.181	35.198
1.409	18.173	35.199
1.409	18.161	35.199
1.406	18.141	35.202
1.405	18.126	35.200
1.404	18.089	35.198
1.403	18.076	35.198
1.402	18.066	35.199
1.402	18.054	35.199
1.401	18.045	35.199
1.400	18.037	35.198
1.399	18.020	35.200
1.399	18.005	35.198
1.397	17.992	35.199
1.396	17.974	35.199
1.395	17.946	35.196
1.393	17.927	35.196
1.391	17.903	35.194
1.390	17.906	35.197
1.389	17.891	35.197
1.389	17.878	35.195
1.387	17.861	35.196
1.386	17.847	35.193
1.384	17.831	35.195
1.383	17.812	35.193
1.380	17.783	35.195
1.379	17.767	35.194
1.377	17.745	35.192
1.376	17.722	35.192
1.373	17.705	35.194
1.373	17.693	35.192
1.371	17.676	35.193
1.370	17.664	35.190
1.368	17.634	35.193
1.368	17.614	35.191
1.367	17.583	35.188
1.366	17.561	35.187
1.366	17.560	35.188
1.365	17.556	35.189
1.364	17.545	35.192
1.363	17.523	35.190
1.361	17.505	35.191
1.361	17.495	35.189
1.360	17.486	35.186
1.360	17.471	35.187
1.360	17.488	35.188
1.360	17.488	35.187
1.360	17.485	35.185
1.359	17.484	35.185
1.359	17.480	35.186
1.359	17.480	35.188
1.359	17.479	35.187
1.358	17.468	35.182
1.350	17.357	35.184
1.347	17.349	35.186
1.345	17.324	35.186
1.344	17.303	35.187
1.343	17.283	35.183
1.341	17.264	35.184
1.340	17.248	35.183
1.338	17.222	35.182
1.337	17.208	35.184
1.337	17.197	35.182
1.336	17.175	35.183
1.336	17.175	35.181
1.335	17.160	35.181
1.334	17.144	35.179
1.333	17.130	35.179
1.332	17.110	35.179
1.330	17.080	35.178
1.329	17.065	35.180
1.328	17.051	35.178
1.327	17.034	35.177
1.326	17.019	35.176
1.326	17.018	35.178
1.326	17.018	35.174
1.326	17.017	35.176
1.326	17.017	35.176
1.326	17.017	35.177
1.326	17.017	35.175
1.327	17.017	35.174
1.327	17.017	35.174
1.326	17.001	35.176
1.326	17.017	35.173
1.324	17.009	35.174
1.323	16.990	35.174
1.316	16.915	35.173
1.315	16.900	35.173
1.313	16.863	35.177
1.311	16.844	35.173
1.311	16.845	35.171
1.311	16.839	35.170
1.311	16.822	35.171
1.310	16.822	35.173
1.308	16.800	35.171
1.306	16.782	35.170
1.305	16.767	35.169
1.304	16.758	35.170
1.304	16.748	35.169
1.303	16.736	35.172
1.303	16.726	35.170
1.302	16.704	35.170
1.302	16.713	35.166
1.301	16.703	35.167
1.301	16.694	35.166
1.300	16.687	35.170
1.300	16.678	35.167
1.299	16.661	35.168
1.298	16.648	35.166
1.297	16.638	35.168
1.296	16.614	35.167
1.294	16.595	35.166
1.293	16.579	35.165
1.292	16.565	35.165
1.291	16.561	35.168
1.292	16.555	35.166
1.291	16.551	35.164
1.290	16.541	35.166
1.290	16.532	35.166
1.290	16.529	35.164
1.290	16.528	35.165
1.289	16.521	35.163
1.288	16.511	35.166
1.286	16.486	35.166
1.285	16.479	35.164
1.285	16.471	35.160
1.285	16.467	35.163
1.283	16.455	35.163
1.281	16.436	35.161
1.280	16.416	35.165
1.278	16.396	35.161
1.277	16.388	35.162
1.277	16.364	35.161
1.276	16.371	35.159
1.275	16.364	35.160
1.274	16.357	35.162
1.274	16.349	35.161
1.273	16.342	35.159
1.272	16.332	35.159
1.271	16.311	35.157
1.271	16.315	35.160
1.270	16.311	35.161
1.270	16.307	35.158
1.270	16.294	35.158
1.269	16.282	35.158
1.267	16.272	35.159
1.267	16.256	35.158
1.266	16.248	35.160
1.266	16.223	35.157
1.265	16.224	35.155
1.264	16.209	35.158
1.263	16.199	35.158
1.262	16.187	35.158
1.262	16.163	35.157
1.260	16.144	35.156
1.258	16.122	35.156
1.257	16.109	35.157
1.257	16.102	35.156
1.255	16.072	35.153
1.254	16.052	35.155
1.251	16.049	35.155
1.250	16.034	35.156
1.250	16.010	35.155
1.248	15.983	35.153
1.244	15.964	35.153
1.243	15.942	35.154
1.241	15.926	35.155
1.240	15.911	35.153
1.238	15.888	35.154
1.237	15.872	35.152
1.236	15.858	35.152
1.235	15.852	35.152
1.235	15.845	35.151
1.234	15.833	35.152
1.234	15.826	35.152
1.233	15.812	35.153
1.232	15.801	35.152
1.232	15.794	35.151
1.231	15.784	35.150
1.231	15.776	35.149
1.231	15.760	35.151
1.231	15.754	35.150
1.229	15.750	35.150
1.228	15.733	35.151
1.228	15.719	35.149
1.226	15.706	35.149
1.226	15.690	35.149
1.225	15.667	35.149
1.224	15.664	35.147
1.224	15.670	35.148
1.224	15.666	35.151
1.224	15.661	35.148
1.219	15.620	35.146
1.214	15.557	35.146
1.214	15.550	35.145
1.213	15.536	35.145
1.212	15.512	35.143
1.211	15.498	35.143
1.210	15.495	35.144
1.208	15.475	35.144
1.207	15.461	35.143
1.207	15.453	35.146
1.206	15.442	35.146
1.204	15.431	35.144
1.202	15.404	35.144
1.202	15.385	35.142
1.202	15.373	35.140
1.200	15.381	35.143
1.200	15.377	35.143
1.199	15.371	35.141
1.199	15.369	35.140
1.199	15.359	35.142
1.198	15.346	35.139
1.197	15.327	35.140
1.196	15.304	35.141
1.194	15.276	35.140
1.193	15.264	35.142
1.192	15.247	35.140
1.191	15.234	35.138
1.190	15.222	35.138
1.189	15.202	35.134
1.187	15.179	35.137
1.186	15.170	35.138
1.186	15.167	35.138
1.186	15.166	35.134
1.186	15.161	35.136
1.184	15.137	35.133
1.182	15.098	35.135
1.182	15.096	35.133
1.182	15.100	35.136
1.181	15.088	35.132
1.180	15.075	35.135
1.179	15.063	35.134
1.179	15.052	35.133
1.178	15.031	35.132
1.177	15.024	35.131
1.176	15.032	35.133
1.176	15.032	35.131
1.175	15.027	35.130
1.175	15.015	35.130
1.174	15.006	35.130
1.173	15.002	35.131
1.172	14.995	35.129
1.172	14.989	35.128
1.172	14.967	35.130
1.171	14.966	35.129
1.171	14.968	35.131
1.171	14.974	35.126
1.170	14.968	35.129
1.170	14.963	35.127
1.168	14.939	35.130
1.166	14.917	35.127
1.166	14.909	35.129
1.165	14.885	35.129
1.165	14.883	35.130
1.164	14.872	35.126
1.163	14.868	35.127
1.163	14.860	35.127
1.162	14.851	35.126
1.162	14.844	35.123
1.161	14.832	35.125
1.161	14.819	35.124
1.160	14.805	35.122
1.160	14.807	35.124
1.160	14.800	35.122
1.160	14.806	35.124
1.160	14.805	35.123
1.159	14.804	35.123
1.159	14.790	35.122
1.158	14.779	35.122
1.157	14.771	35.125
1.157	14.758	35.121
1.155	14.747	35.122
1.155	14.736	35.121
1.154	14.724	35.121
1.152	14.703	35.120
1.151	14.694	35.119
1.150	14.682	35.122
1.149	14.672	35.118
1.148	14.654	35.118
1.146	14.634	35.119
1.138	14.539	35.121
1.136	14.523	35.121
1.136	14.513	35.120
1.135	14.502	35.116
1.134	14.494	35.117
1.135	14.490	35.118
1.134	14.484	35.117
1.134	14.478	35.116
1.133	14.474	35.118
1.133	14.467	35.114
1.133	14.446	35.117
1.132	14.451	35.115
1.131	14.435	35.114
1.127	14.373	35.116
1.126	14.362	35.115
1.126	14.355	35.115
1.125	14.346	35.115
1.125	14.343	35.113
1.125	14.339	35.114
1.125	14.327	35.114
1.125	14.334	35.115
1.125	14.336	35.114
1.125	14.334	35.113
1.125	14.332	35.113
1.124	14.329	35.115
1.124	14.321	35.113
1.124	14.313	35.113
1.124	14.306	35.111
1.123	14.297	35.112
1.121	14.275	35.110
1.121	14.283	35.114
1.121	14.273	35.112
1.120	14.268	35.110
1.119	14.259	35.111
1.118	14.247	35.111
1.117	14.227	35.109
1.115	14.201	35.110
1.113	14.182	35.108
1.112	14.163	35.111
1.109	14.140	35.111
1.108	14.113	35.110
1.106	14.084	35.109
1.106	14.088	35.109
1.106	14.081	35.110
1.105	14.075	35.108
1.105	14.069	35.107
1.104	14.062	35.108
1.104	14.056	35.106
1.103	14.037	35.107
1.102	14.042	35.106
1.102	14.038	35.106
1.102	14.027	35.107
1.101	14.020	35.108
1.101	14.012	35.106
1.100	14.001	35.106
1.099	13.989	35.104
1.098	13.970	35.105
1.097	13.954	35.105
1.097	13.946	35.104
1.097	13.950	35.106
1.097	13.947	35.106
1.096	13.933	35.105
1.095	13.920	35.104
1.094	13.908	35.103
1.094	13.895	35.105
1.093	13.881	35.104
1.092	13.873	35.104
1.092	13.857	35.104
1.090	13.845	35.104
1.089	13.842	35.106
1.088	13.823	35.102
1.086	13.799	35.102
1.085	13.787	35.103
1.085	13.782	35.104
1.085	13.782	35.102
1.085	13.782	35.099
1.084	13.774	35.100
1.082	13.743	35.099
1.081	13.722	35.101
1.080	13.708	35.102
1.079	13.699	35.101
1.078	13.696	35.099
1.077	13.684	35.102
1.076	13.669	35.099
1.075	13.656	35.099
1.074	13.643	35.101
1.073	13.626	35.099
1.072	13.613	35.099
1.071	13.606	35.097
1.070	13.591	35.096
1.070	13.586	35.096
1.069	13.577	35.097
1.067	13.554	35.099
1.067	13.547	35.098
1.066	13.535	35.096
1.065	13.522	35.094
1.065	13.503	35.094
1.064	13.494	35.096
1.063	13.483	35.098
1.062	13.467	35.096
1.060	13.451	35.095
1.060	13.440	35.098
1.060	13.434	35.095
1.059	13.428	35.093
1.059	13.422	35.095
1.058	13.406	35.093
1.057	13.392	35.094
1.055	13.379	35.094
1.053	13.367	35.091
1.052	13.354	35.095
1.051	13.342	35.096
1.050	13.327	35.095
1.049	13.317	35.094
1.049	13.311	35.091
1.048	13.293	35.095
1.047	13.266	35.089
1.046	13.264	35.091
1.044	13.246	35.095
1.043	13.226	35.091
1.041	13.218	35.090
1.041	13.204	35.093
1.039	13.189	35.091
1.039	13.175	35.093
1.037	13.159	35.089
1.036	13.138	35.087
1.035	13.116	35.088
1.034	13.113	35.088
1.033	13.104	35.088
1.032	13.082	35.090
1.031	13.058	35.091
1.029	13.042	35.090
1.028	13.032	35.088
1.028	13.023	35.088
1.027	13.003	35.089
1.025	12.976	35.083
1.024	12.959	35.086
1.023	12.954	35.086
1.022	12.945	35.089
1.022	12.938	35.087
1.021	12.927	35.086
1.020	12.914	35.086
1.019	12.898	35.084
1.018	12.891	35.084
1.017	12.874	35.083
1.016	12.858	35.084
1.014	12.843	35.085
1.012	12.825	35.085
1.012	12.812	35.084
1.011	12.797	35.083
1.010	12.786	35.084
1.009	12.772	35.085
1.007	12.756	35.082
1.007	12.747	35.081
1.006	12.729	35.082
1.005	12.721	35.085
1.005	12.718	35.080
1.005	12.711	35.081
1.003	12.696	35.083
1.003	12.685	35.081
1.003	12.674	35.083
1.001	12.663	35.085
1.000	12.647	35.082
0.999	12.623	35.083
0.998	12.621	35.082
0.997	12.601	35.082
0.996	12.585	35.082
0.995	12.573	35.080
0.994	12.561	35.084
0.993	12.549	35.085
0.993	12.537	35.082
0.991	12.524	35.083
0.990	12.502	35.081
0.990	12.490	35.081
0.989	12.486	35.082
0.988	12.479	35.080
0.988	12.469	35.083
0.987	12.463	35.081
0.986	12.442	35.081
0.984	12.430	35.081
0.982	12.407	35.080
0.981	12.390	35.082
0.980	12.377	35.079
0.979	12.360	35.080
0.978	12.335	35.079
0.976	12.317	35.078
0.976	12.306	35.078
0.974	12.286	35.081
0.972	12.268	35.081
0.971	12.253	35.078
0.970	12.233	35.077
0.968	12.202	35.079
0.967	12.192	35.079
0.967	12.190	35.079
0.966	12.182	35.080
0.965	12.169	35.078
0.964	12.154	35.079
0.963	12.135	35.078
0.962	12.122	35.076
0.962	12.113	35.078
0.961	12.098	35.079
0.960	12.075	35.079
0.959	12.080	35.079
0.959	12.075	35.075
0.959	12.068	35.077
0.958	12.052	35.077
0.956	12.035	35.077
0.956	12.028	35.077
0.956	12.022	35.077
0.955	12.012	35.078
0.954	11.993	35.078
0.954	11.994	35.077
0.953	11.990	35.076
0.953	11.986	35.077
0.952	11.980	35.075
0.951	11.970	35.075
0.950	11.954	35.075
0.948	11.931	35.075
0.947	11.918	35.076
0.946	11.909	35.076
0.945	11.889	35.075
0.944	11.883	35.075
0.942	11.865	35.075
0.941	11.848	35.077
0.940	11.832	35.075
0.938	11.816	35.073
0.938	11.805	35.075
0.937	11.795	35.074
0.936	11.768	35.074
0.934	11.742	35.074
0.933	11.734	35.076
0.932	11.729	35.073
0.930	11.702	35.072
0.929	11.681	35.071
0.929	11.671	35.073
0.928	11.670	35.073
0.928	11.661	35.072
0.927	11.646	35.075
0.926	11.627	35.073
0.924	11.596	35.071
0.923	11.584	35.072
0.922	11.580	35.072
0.922	11.572	35.072
0.921	11.564	35.070
0.921	11.560	35.072
0.921	11.555	35.069
0.920	11.548	35.070
0.919	11.538	35.069
0.918	11.525	35.071
0.917	11.513	35.070
0.916	11.509	35.069
0.914	11.484	35.070
0.913	11.456	35.068
0.911	11.443	35.072
0.909	11.424	35.067
0.909	11.407	35.070
0.908	11.397	35.069
0.906	11.381	35.068
0.905	11.358	35.067
0.903	11.341	35.068
0.902	11.332	35.067
0.901	11.319	35.070
0.901	11.314	35.068
0.901	11.304	35.068
0.900	11.292	35.067
0.899	11.283	35.066
0.899	11.278	35.067
0.898	11.265	35.066
0.897	11.244	35.065
0.897	11.241	35.067
0.896	11.239	35.066
0.895	11.220	35.067
0.894	11.204	35.066
0.893	11.187	35.066
0.892	11.176	35.068
0.892	11.167	35.065
0.891	11.149	35.065
0.890	11.135	35.065
0.890	11.128	35.064
0.889	11.120	35.064
0.888	11.101	35.065
0.887	11.096	35.062
0.887	11.097	35.064
0.886	11.095	35.063
0.885	11.084	35.063
0.884	11.064	35.064
0.883	11.048	35.063
0.882	11.033	35.064
0.882	11.024	35.063
0.880	11.022	35.064
0.879	11.003	35.062
0.878	10.990	35.062
0.878	10.984	35.063
0.876	10.970	35.063
0.875	10.946	35.062
0.874	10.931	35.061
0.873	10.918	35.061
0.873	10.909	35.060
0.872	10.913	35.063
0.871	10.900	35.062
0.870	10.889	35.061
0.869	10.876	35.060
0.868	10.855	35.059
0.866	10.828	35.060
0.865	10.815	35.060
0.865	10.810	35.058
0.865	10.802	35.059
0.865	10.800	35.063
0.864	10.794	35.060
0.863	10.778	35.059
0.863	10.765	35.059
0.862	10.751	35.060
0.860	10.735	35.060
0.860	10.723	35.060
0.859	10.707	35.057
0.858	10.683	35.059
0.857	10.670	35.059
0.856	10.661	35.060
0.855	10.654	35.060
0.854	10.642	35.059
0.853	10.622	35.059
0.851	10.608	35.057
0.850	10.598	35.058
0.848	10.570	35.059
0.846	10.548	35.057
0.845	10.535	35.059
0.843	10.521	35.057
0.842	10.499	35.057
0.841	10.483	35.058
0.839	10.462	35.058
0.839	10.457	35.057
0.838	10.455	35.056
0.838	10.453	35.057
0.838	10.446	35.057
0.837	10.427	35.055
0.836	10.413	35.058
0.835	10.410	35.059
0.835	10.406	35.060
0.835	10.402	35.056
0.835	10.396	35.057
0.834	10.383	35.059
0.833	10.374	35.057
0.833	10.369	35.056
0.832	10.366	35.057
0.832	10.354	35.057
0.831	10.341	35.058
0.830	10.327	35.058
0.829	10.315	35.057
0.828	10.301	35.058
0.827	10.283	35.055
0.825	10.263	35.057
0.824	10.245	35.056
0.823	10.227	35.055
0.823	10.207	35.053
0.822	10.205	35.055
0.821	10.193	35.058
0.820	10.182	35.057
0.819	10.172	35.058
0.818	10.156	35.058
0.818	10.145	35.056
0.817	10.140	35.055
0.816	10.130	35.056
0.815	10.113	35.053
0.814	10.110	35.056
0.814	10.107	35.055
0.813	10.102	35.055
0.812	10.087	35.056
0.810	10.066	35.055
0.809	10.048	35.056
0.808	10.039	35.055
0.807	10.025	35.056
0.806	10.011	35.056
0.804	9.999	35.055
0.803	9.976	35.052
0.801	9.956	35.056
0.799	9.934	35.056
0.798	9.911	35.057
0.797	9.897	35.055
0.796	9.886	35.056
0.796	9.875	35.056
0.795	9.859	35.056
0.793	9.832	35.055
0.792	9.812	35.055
0.791	9.793	35.054
0.789	9.776	35.056
0.789	9.766	35.053
0.788	9.755	35.055
0.787	9.747	35.054
0.787	9.743	35.054
0.787	9.734	35.055
0.786	9.721	35.054
0.785	9.713	35.051
0.784	9.713	35.055
0.783	9.692	35.055
0.782	9.681	35.053
0.781	9.665	35.055
0.780	9.651	35.054
0.779	9.646	35.054
0.778	9.644	35.054
0.778	9.632	35.057
0.777	9.606	35.053
0.776	9.591	35.054
0.775	9.583	35.056
0.773	9.570	35.054
0.772	9.558	35.055
0.771	9.540	35.054
0.770	9.525	35.054
0.768	9.497	35.054
0.767	9.476	35.051
0.765	9.449	35.053
0.763	9.426	35.051
0.762	9.412	35.052
0.762	9.408	35.054
0.761	9.399	35.054
0.760	9.382	35.053
0.759	9.362	35.054
0.758	9.334	35.052
0.756	9.321	35.054
0.755	9.306	35.052
0.755	9.295	35.051
0.754	9.283	35.051
0.752	9.267	35.051
0.751	9.259	35.052
0.750	9.248	35.054
0.749	9.228	35.051
0.747	9.207	35.053
0.745	9.190	35.053
0.743	9.169	35.053
0.741	9.145	35.052
0.740	9.116	35.050
0.739	9.106	35.050
0.739	9.104	35.050
0.738	9.092	35.051
0.737	9.076	35.053
0.736	9.052	35.052
0.733	9.021	35.051
0.732	8.998	35.052
0.730	8.973	35.051
0.729	8.958	35.051
0.727	8.936	35.050
0.727	8.925	35.052
0.726	8.906	35.051
0.723	8.878	35.053
0.722	8.855	35.050
0.721	8.840	35.052
0.720	8.828	35.050
0.720	8.821	35.050
0.718	8.801	35.051
0.717	8.783	35.048
0.716	8.774	35.048
0.715	8.764	35.052
0.714	8.747	35.052
0.714	8.746	35.050
0.714	8.747	35.053
0.714	8.739	35.049
0.712	8.716	35.050
0.711	8.707	35.052
0.710	8.702	35.052
0.709	8.683	35.050
0.707	8.657	35.050
0.706	8.643	35.049
0.704	8.622	35.049
0.703	8.615	35.046
0.702	8.595	35.052
0.700	8.566	35.047
0.698	8.549	35.045
0.697	8.533	35.047
0.696	8.512	35.049
0.696	8.502	35.048
0.696	8.495	35.048
0.695	8.488	35.046
0.694	8.483	35.046
0.694	8.473	35.049
0.694	8.472	35.047
0.693	8.462	35.048
0.692	8.457	35.049
0.691	8.447	35.049
0.691	8.429	35.046
0.690	8.410	35.047
0.688	8.386	35.047
0.688	8.374	35.046
0.688	8.367	35.047
0.687	8.361	35.050
0.687	8.352	35.047
0.686	8.348	35.050
0.686	8.336	35.046
0.684	8.320	35.046
0.683	8.303	35.045
0.682	8.291	35.045
0.682	8.282	35.047
0.680	8.264	35.046
0.679	8.252	35.045
0.678	8.246	35.047
0.676	8.237	35.047
0.675	8.216	35.046
0.674	8.205	35.046
0.673	8.191	35.042
0.673	8.190	35.045
0.671	8.160	35.045
0.668	8.133	35.043
0.667	8.118	35.046
0.666	8.106	35.046
0.666	8.099	35.046
0.666	8.085	35.044
0.665	8.070	35.044
0.664	8.065	35.043
0.664	8.061	35.045
0.663	8.051	35.042
0.662	8.030	35.042
0.661	8.015	35.042
0.660	8.012	35.043
0.660	8.003	35.040
0.658	7.978	35.045
0.657	7.959	35.042
0.656	7.947	35.042
0.655	7.930	35.043
0.654	7.917	35.042
0.653	7.903	35.042
0.652	7.897	35.040
0.652	7.890	35.042
0.651	7.877	35.043
0.650	7.853	35.043
0.649	7.839	35.042
0.648	7.837	35.041
0.648	7.832	35.041
0.647	7.812	35.041
0.645	7.794	35.042
0.643	7.777	35.039
0.642	7.766	35.038
0.640	7.749	35.042
0.639	7.732	35.040
0.638	7.717	35.039
0.637	7.708	35.040
0.636	7.699	35.039
0.635	7.676	35.040
0.633	7.651	35.037
0.631	7.628	35.038
0.630	7.611	35.037
0.629	7.593	35.039
0.628	7.581	35.039
0.628	7.579	35.040
0.627	7.565	35.036
0.626	7.546	35.036
0.626	7.537	35.040
0.625	7.532	35.036
0.624	7.515	35.036
0.622	7.486	35.036
0.621	7.466	35.039
0.620	7.456	35.035
0.619	7.446	35.037
0.619	7.436	35.038
0.618	7.426	35.034
0.618	7.421	35.036
0.617	7.406	35.035
0.616	7.402	35.035
0.615	7.391	35.036
0.613	7.360	35.035
0.611	7.340	35.035
0.610	7.329	35.037
0.608	7.315	35.034
0.607	7.300	35.033
0.606	7.286	35.034
0.605	7.270	35.032
0.604	7.247	35.034
0.603	7.239	35.034
0.603	7.236	35.033
0.602	7.233	35.030
0.602	7.225	35.031
0.600	7.204	35.034
0.599	7.186	35.033
0.598	7.175	35.032
0.597	7.153	35.030
0.595	7.132	35.031
0.595	7.129	35.030
0.594	7.120	35.031
0.594	7.106	35.030
0.593	7.092	35.030
0.592	7.080	35.029
0.592	7.069	35.029
0.591	7.058	35.030
0.590	7.045	35.028
0.589	7.032	35.029
0.588	7.021	35.028
0.587	7.018	35.027
0.586	7.006	35.028
0.585	6.992	35.028
0.584	6.970	35.029
0.583	6.958	35.029
0.582	6.946	35.027
0.582	6.937	35.023
0.581	6.929	35.026
0.579	6.910	35.026
0.578	6.889	35.025
0.576	6.870	35.026
0.575	6.860	35.024
0.573	6.838	35.027
0.572	6.820	35.026
0.570	6.801	35.023
0.569	6.780	35.026
0.568	6.767	35.023
0.567	6.752	35.022
0.566	6.733	35.025
0.565	6.725	35.023
0.565	6.719	35.025
0.564	6.712	35.024
0.564	6.705	35.023
0.564	6.702	35.024
0.564	6.695	35.022
0.564	6.687	35.021
0.563	6.676	35.022
0.562	6.660	35.022
0.561	6.649	35.021
0.561	6.646	35.019
0.561	6.645	35.022
0.561	6.645	35.023
0.561	6.643	35.019
0.561	6.641	35.020
0.560	6.630	35.020
0.558	6.611	35.020
0.556	6.592	35.020
0.556	6.580	35.020
0.555	6.575	35.020
0.555	6.565	35.019
0.554	6.555	35.020
0.553	6.539	35.021
0.553	6.531	35.019
0.552	6.525	35.018
0.551	6.508	35.017
0.549	6.489	35.019
0.547	6.469	35.019
0.545	6.442	35.019
0.544	6.422	35.018
0.543	6.418	35.017
0.543	6.417	35.017
0.543	6.409	35.018
0.542	6.391	35.017
0.541	6.380	35.017
0.541	6.375	35.018
0.540	6.370	35.017
0.539	6.366	35.017
0.539	6.365	35.017
0.539	6.365	35.018
0.539	6.365	35.017
0.539	6.364	35.016
0.538	6.358	35.015
0.537	6.340	35.016
0.536	6.328	35.016
0.536	6.325	35.014
0.535	6.317	35.016
0.534	6.295	35.017
0.531	6.258	35.015
0.530	6.249	35.015
0.530	6.239	35.013
0.529	6.222	35.014
0.525	6.185	35.011
0.525	6.174	35.011
0.525	6.173	35.013
0.525	6.170	35.013
0.524	6.160	35.013
0.523	6.148	35.013
0.523	6.137	35.014
0.522	6.126	35.012
0.521	6.112	35.014
0.520	6.094	35.012
0.519	6.083	35.013
0.518	6.073	35.013
0.517	6.057	35.011


