0.587	6.350	11.262
0.588	6.360	11.261
0.589	6.372	11.261
0.591	6.386	11.264
0.592	6.409	11.261
0.593	6.420	11.263
0.594	6.435	11.262
0.596	6.453	11.261
0.596	6.460	11.261
0.596	6.468	11.261
0.597	6.470	11.262
0.597	6.477	11.261
0.598	6.483	11.264
0.598	6.486	11.262
0.598	6.493	11.262
0.599	6.496	11.264
0.600	6.506	11.260
0.601	6.519	11.264
0.601	6.527	11.262
0.602	6.531	11.263
0.603	6.541	11.263
0.604	6.556	11.262
0.604	6.565	11.265
0.604	6.567	11.263
0.605	6.573	11.263
0.606	6.580	11.264
0.607	6.592	11.263
0.608	6.604	11.263
0.609	6.617	11.261
0.610	6.628	11.262
0.611	6.638	11.264
0.612	6.646	11.265
0.613	6.658	11.266
0.614	6.676	11.265
0.616	6.691	11.264
0.617	6.714	11.264
0.618	6.725	11.262
0.619	6.730	11.264
0.619	6.738	11.264
0.619	6.741	11.264
0.619	6.745	11.265
0.620	6.751	11.267
0.620	6.762	11.267
0.621	6.765	11.265
0.621	6.772	11.267
0.621	6.775	11.263
0.621	6.776	11.266
0.622	6.784	11.265
0.623	6.793	11.267
0.624	6.810	11.265
0.625	6.818	11.266
0.626	6.825	11.265
0.626	6.836	11.266
0.627	6.848	11.266
0.628	6.860	11.268
0.629	6.868	11.264
0.630	6.876	11.264
0.630	6.885	11.264
0.631	6.894	11.266
0.631	6.905	11.265
0.632	6.911	11.264
0.633	6.919	11.265
0.633	6.927	11.266
0.634	6.934	11.268
0.634	6.940	11.266
0.635	6.948	11.266
0.635	6.958	11.268
0.636	6.963	11.266
0.637	6.970	11.263
0.637	6.982	11.270
0.638	6.994	11.267
0.638	6.997	11.267
0.639	7.002	11.268
0.639	7.007	11.269
0.640	7.019	11.265
0.642	7.025	11.266
0.643	7.038	11.267
0.643	7.045	11.268
0.644	7.052	11.270
0.644	7.056	11.269
0.645	7.065	11.270
0.646	7.080	11.270
0.647	7.098	11.271
0.648	7.109	11.271
0.649	7.121	11.268
0.650	7.129	11.267
0.651	7.136	11.269
0.652	7.150	11.268
0.653	7.161	11.271
0.653	7.168	11.269
0.653	7.173	11.271
0.654	7.178	11.269
0.654	7.181	11.270
0.655	7.189	11.267
0.655	7.197	11.270
0.656	7.207	11.269
0.657	7.214	11.269
0.657	7.222	11.271
0.658	7.227	11.270
0.658	7.232	11.269
0.658	7.238	11.271
0.659	7.242	11.272
0.660	7.251	11.270
0.660	7.263	11.269
0.661	7.277	11.268
0.662	7.289	11.268
0.663	7.302	11.270
0.665	7.316	11.272
0.666	7.328	11.269
0.667	7.337	11.270
0.667	7.344	11.271
0.668	7.349	11.272
0.669	7.359	11.268
0.669	7.361	11.269
0.669	7.365	11.272
0.670	7.371	11.270
0.670	7.380	11.273
0.671	7.390	11.271
0.671	7.399	11.271
0.672	7.410	11.270
0.672	7.415	11.274
0.672	7.422	11.273
0.673	7.426	11.269
0.674	7.435	11.270
0.674	7.445	11.270
0.675	7.450	11.272
0.675	7.455	11.272
0.675	7.458	11.275
0.675	7.459	11.274
0.677	7.468	11.273
0.678	7.481	11.272
0.679	7.494	11.273
0.680	7.503	11.274
0.680	7.507	11.271
0.680	7.518	11.271
0.681	7.522	11.273
0.682	7.532	11.275
0.683	7.543	11.274
0.684	7.549	11.276
0.684	7.557	11.274
0.685	7.570	11.274
0.686	7.581	11.272
0.687	7.589	11.273
0.687	7.593	11.274
0.688	7.596	11.273
0.688	7.606	11.273
0.689	7.617	11.275
0.690	7.626	11.272
0.691	7.642	11.275
0.692	7.653	11.275
0.693	7.660	11.276
0.693	7.666	11.273
0.694	7.673	11.273
0.694	7.682	11.273
0.695	7.694	11.273
0.696	7.705	11.275
0.697	7.715	11.275
0.698	7.727	11.276
0.699	7.738	11.275
0.700	7.747	11.275
0.700	7.754	11.276
0.701	7.764	11.274
0.702	7.772	11.276
0.703	7.779	11.275
0.703	7.788	11.277
0.704	7.800	11.274
0.705	7.809	11.277
0.706	7.817	11.277
0.707	7.830	11.277
0.707	7.843	11.277
0.708	7.852	11.277
0.709	7.869	11.277
0.710	7.881	11.277
0.711	7.896	11.277
0.712	7.910	11.279
0.713	7.921	11.278
0.714	7.925	11.277
0.713	7.928	11.278
0.714	7.928	11.279
0.714	7.926	11.278
0.714	7.930	11.278
0.714	7.935	11.277
0.715	7.946	11.276
0.716	7.952	11.276
0.716	7.959	11.276
0.716	7.960	11.275
0.717	7.968	11.279
0.718	7.971	11.279
0.718	7.974	11.277
0.718	7.976	11.280
0.718	7.983	11.278
0.719	7.990	11.278
0.719	8.000	11.279
0.720	8.008	11.277
0.721	8.015	11.279
0.722	8.020	11.277
0.722	8.032	11.278
0.723	8.044	11.280
0.724	8.048	11.277
0.724	8.053	11.278
0.725	8.057	11.279
0.725	8.066	11.280
0.726	8.070	11.279
0.726	8.081	11.279
0.727	8.083	11.277
0.727	8.093	11.280
0.728	8.102	11.278
0.728	8.110	11.279
0.729	8.118	11.278
0.730	8.125	11.279
0.730	8.130	11.281
0.731	8.132	11.280
0.731	8.142	11.279
0.731	8.147	11.279
0.732	8.154	11.278
0.732	8.159	11.277
0.733	8.169	11.281
0.734	8.178	11.281
0.735	8.183	11.282
0.736	8.198	11.280
0.736	8.208	11.279
0.737	8.215	11.279
0.738	8.228	11.281
0.738	8.239	11.283
0.739	8.244	11.281
0.739	8.250	11.281
0.740	8.252	11.281
0.740	8.253	11.280
0.741	8.266	11.283
0.742	8.276	11.280
0.742	8.283	11.281
0.743	8.289	11.280
0.743	8.295	11.281
0.744	8.301	11.280
0.744	8.309	11.282
0.745	8.317	11.280
0.746	8.325	11.282
0.747	8.337	11.284
0.748	8.347	11.281
0.748	8.353	11.280
0.749	8.362	11.282
0.750	8.371	11.284
0.750	8.377	11.281
0.751	8.384	11.284
0.751	8.389	11.281
0.752	8.397	11.283
0.752	8.398	11.284
0.752	8.403	11.283
0.752	8.408	11.284
0.753	8.414	11.284
0.754	8.426	11.285
0.755	8.440	11.283
0.756	8.452	11.283
0.757	8.460	11.282
0.758	8.470	11.281
0.759	8.477	11.281
0.759	8.485	11.284
0.760	8.495	11.283
0.761	8.502	11.281
0.762	8.510	11.284
0.762	8.521	11.285
0.762	8.533	11.283
0.763	8.543	11.282
0.764	8.548	11.283
0.765	8.552	11.284
0.765	8.554	11.284
0.765	8.557	11.284
0.766	8.563	11.284
0.766	8.570	11.282
0.767	8.581	11.285
0.768	8.598	11.287
0.769	8.611	11.286
0.769	8.620	11.287
0.769	8.620	11.286
0.770	8.624	11.288
0.770	8.630	11.285
0.771	8.639	11.284
0.771	8.643	11.284
0.772	8.648	11.286
0.773	8.656	11.288
0.773	8.667	11.285
0.774	8.679	11.284
0.775	8.688	11.286
0.775	8.696	11.287
0.775	8.702	11.284
0.776	8.704	11.286
0.776	8.710	11.286
0.777	8.718	11.287
0.778	8.724	11.288
0.778	8.732	11.285
0.779	8.741	11.287
0.779	8.756	11.287
0.779	8.765	11.287
0.780	8.770	11.287
0.780	8.772	11.286
0.780	8.777	11.287
0.782	8.783	11.287
0.783	8.791	11.288
0.784	8.804	11.290
0.784	8.815	11.289
0.785	8.822	11.288
0.786	8.828	11.287
0.786	8.837	11.289
0.787	8.849	11.288
0.788	8.861	11.287
0.788	8.863	11.288
0.788	8.866	11.286
0.788	8.869	11.291
0.789	8.875	11.287
0.790	8.882	11.292
0.790	8.887	11.288
0.791	8.896	11.288
0.792	8.900	11.289
0.792	8.905	11.288
0.793	8.911	11.289
0.793	8.917	11.288
0.793	8.920	11.288
0.793	8.923	11.290
0.793	8.924	11.287
0.793	8.926	11.292
0.793	8.927	11.288
0.793	8.930	11.289
0.793	8.932	11.289
0.793	8.932	11.288
0.793	8.933	11.290
0.793	8.928	11.290
0.793	8.928	11.289
0.793	8.933	11.290
0.794	8.936	11.289
0.794	8.936	11.292
0.794	8.942	11.290
0.803	9.018	11.294
0.806	9.049	11.291
0.806	9.059	11.293
0.807	9.073	11.289
0.808	9.090	11.291
0.810	9.118	11.291
0.812	9.145	11.291
0.813	9.157	11.290
0.813	9.164	11.292
0.814	9.169	11.291
0.816	9.186	11.291
0.817	9.206	11.292
0.819	9.232	11.294
0.821	9.249	11.292
0.822	9.265	11.291
0.824	9.283	11.291
0.825	9.300	11.291
0.826	9.312	11.291
0.826	9.315	11.293
0.826	9.318	11.292
0.826	9.320	11.292
0.826	9.323	11.292
0.826	9.319	11.290
0.827	9.324	11.292
0.828	9.335	11.291
0.828	9.349	11.292
0.829	9.362	11.294
0.830	9.370	11.292
0.831	9.380	11.291
0.832	9.399	11.296
0.833	9.412	11.295
0.835	9.422	11.294
0.835	9.430	11.294
0.837	9.438	11.294
0.837	9.448	11.294
0.838	9.460	11.294
0.839	9.472	11.295
0.840	9.485	11.294
0.840	9.492	11.296
0.840	9.491	11.296
0.840	9.489	11.296
0.840	9.490	11.293
0.840	9.493	11.295
0.840	9.495	11.295
0.840	9.497	11.294
0.840	9.497	11.295
0.842	9.525	11.296
0.847	9.571	11.296
0.850	9.609	11.298
0.851	9.611	11.295
0.850	9.615	11.294
0.850	9.617	11.295
0.850	9.618	11.294
0.851	9.627	11.296
0.852	9.644	11.296
0.854	9.658	11.296
0.855	9.678	11.295
0.856	9.695	11.298
0.858	9.712	11.296
0.860	9.722	11.296
0.860	9.738	11.297
0.861	9.746	11.297
0.861	9.753	11.296
0.861	9.760	11.296
0.862	9.764	11.297
0.862	9.770	11.299
0.862	9.772	11.299
0.863	9.775	11.298
0.863	9.778	11.298
0.864	9.789	11.297
0.865	9.800	11.296
0.865	9.805	11.298
0.866	9.814	11.298
0.866	9.821	11.297
0.867	9.828	11.299
0.867	9.839	11.297
0.868	9.851	11.299
0.869	9.859	11.296
0.870	9.863	11.297
0.871	9.872	11.300
0.872	9.886	11.297
0.874	9.906	11.300
0.876	9.935	11.297
0.877	9.951	11.299
0.878	9.960	11.298
0.879	9.973	11.298
0.880	9.987	11.299
0.881	10.000	11.301
0.883	10.015	11.296
0.884	10.033	11.298
0.885	10.051	11.298
0.886	10.059	11.298
0.886	10.071	11.299
0.887	10.075	11.297
0.887	10.077	11.295
0.887	10.080	11.299
0.888	10.094	11.298
0.889	10.112	11.299
0.891	10.124	11.300
0.891	10.132	11.298
0.892	10.139	11.298
0.892	10.144	11.300
0.893	10.149	11.301
0.893	10.162	11.301
0.894	10.170	11.298
0.895	10.179	11.300
0.896	10.181	11.301
0.897	10.193	11.300
0.897	10.201	11.301
0.897	10.205	11.301
0.898	10.208	11.301
0.899	10.217	11.301
0.899	10.226	11.301
0.901	10.243	11.302
0.901	10.255	11.302
0.902	10.266	11.304
0.904	10.278	11.301
0.905	10.296	11.301
0.906	10.306	11.302
0.907	10.311	11.303
0.907	10.324	11.302
0.908	10.335	11.301
0.911	10.361	11.303
0.913	10.377	11.303
0.914	10.393	11.301
0.916	10.414	11.304
0.917	10.430	11.302
0.918	10.440	11.300
0.919	10.451	11.300
0.921	10.474	11.304
0.923	10.503	11.303
0.924	10.525	11.303
0.926	10.543	11.303
0.928	10.561	11.304
0.928	10.574	11.303
0.929	10.577	11.304
0.930	10.584	11.301
0.930	10.593	11.303
0.931	10.601	11.301
0.932	10.614	11.304
0.932	10.624	11.302
0.932	10.632	11.302
0.933	10.642	11.303
0.933	10.645	11.303
0.933	10.645	11.303
0.933	10.648	11.304
0.934	10.657	11.307
0.934	10.665	11.304
0.935	10.673	11.306
0.936	10.681	11.304
0.937	10.691	11.305
0.937	10.697	11.304
0.938	10.706	11.307
0.938	10.712	11.301
0.939	10.714	11.302
0.939	10.730	11.305
0.940	10.740	11.306
0.942	10.752	11.305
0.943	10.766	11.305
0.944	10.778	11.306
0.945	10.793	11.302
0.946	10.803	11.306
0.947	10.815	11.303
0.948	10.828	11.302
0.949	10.840	11.305
0.950	10.853	11.304
0.951	10.868	11.306
0.952	10.886	11.306
0.953	10.898	11.306
0.954	10.906	11.306
0.955	10.913	11.304
0.955	10.924	11.305
0.956	10.932	11.307
0.958	10.936	11.304
0.959	10.968	11.308
0.961	10.986	11.308
0.963	11.008	11.309
0.964	11.024	11.306
0.965	11.040	11.306
0.966	11.056	11.308
0.967	11.075	11.308
0.968	11.092	11.307
0.969	11.103	11.306
0.970	11.109	11.305
0.971	11.112	11.307
0.972	11.123	11.309
0.972	11.132	11.307
0.973	11.140	11.307
0.974	11.154	11.307
0.976	11.169	11.307
0.977	11.184	11.307
0.977	11.194	11.311
0.979	11.207	11.308
0.980	11.222	11.310
0.981	11.237	11.307
0.983	11.242	11.306
0.984	11.278	11.308
0.986	11.292	11.306
0.987	11.304	11.309
0.987	11.309	11.306
0.988	11.316	11.308
0.988	11.321	11.308
0.989	11.335	11.310
0.990	11.346	11.309
0.991	11.361	11.311
0.991	11.371	11.309
0.992	11.377	11.309
0.993	11.381	11.310
0.994	11.403	11.312
0.996	11.423	11.311
0.997	11.442	11.310
0.999	11.455	11.308
1.001	11.481	11.309
1.002	11.511	11.310
1.003	11.512	11.312
1.005	11.530	11.310
1.006	11.547	11.310
1.007	11.555	11.310
1.007	11.560	11.310
1.008	11.563	11.310
1.008	11.565	11.309
1.009	11.576	11.312
1.010	11.591	11.311
1.012	11.613	11.310
1.013	11.627	11.311
1.013	11.638	11.310
1.014	11.644	11.312
1.014	11.648	11.311
1.015	11.658	11.310
1.015	11.665	11.312
1.016	11.666	11.308
1.017	11.671	11.308
1.017	11.682	11.311
1.018	11.692	11.310
1.019	11.711	11.309
1.020	11.726	11.310
1.021	11.731	11.311
1.022	11.739	11.313
1.022	11.746	11.314
1.023	11.755	11.313
1.024	11.760	11.312
1.025	11.772	11.314
1.026	11.782	11.313
1.026	11.790	11.313
1.027	11.805	11.312
1.028	11.818	11.314
1.029	11.832	11.312
1.030	11.843	11.311
1.031	11.856	11.312
1.032	11.867	11.312
1.034	11.884	11.312
1.035	11.898	11.313
1.036	11.911	11.310
1.038	11.925	11.311
1.039	11.951	11.311
1.040	11.964	11.313
1.041	11.977	11.313
1.042	11.987	11.313
1.043	11.996	11.314
1.043	12.004	11.314
1.044	12.012	11.312
1.044	12.018	11.313
1.045	12.020	11.312
1.046	12.034	11.315
1.047	12.047	11.313
1.048	12.061	11.315
1.049	12.075	11.312
1.049	12.082	11.315
1.050	12.084	11.311
1.051	12.092	11.312
1.052	12.102	11.314
1.053	12.119	11.313
1.055	12.149	11.314
1.058	12.182	11.316
1.060	12.195	11.314
1.062	12.211	11.314
1.063	12.231	11.315
1.064	12.247	11.316
1.065	12.256	11.314
1.066	12.268	11.312
1.067	12.279	11.312
1.067	12.288	11.315
1.069	12.309	11.315
1.070	12.326	11.315
1.073	12.359	11.315
1.074	12.386	11.315
1.076	12.408	11.316
1.078	12.425	11.314
1.079	12.442	11.315
1.080	12.463	11.315
1.081	12.474	11.314
1.082	12.484	11.314
1.083	12.493	11.317
1.085	12.513	11.317
1.086	12.532	11.317
1.087	12.548	11.317
1.088	12.561	11.315
1.088	12.560	11.318
1.088	12.561	11.316
1.089	12.568	11.317
1.089	12.573	11.316
1.090	12.585	11.318
1.091	12.598	11.317
1.091	12.614	11.317
1.093	12.627	11.319
1.094	12.648	11.318
1.095	12.658	11.315
1.096	12.663	11.316
1.097	12.671	11.316
1.098	12.683	11.317
1.099	12.688	11.317
1.100	12.710	11.317
1.101	12.723	11.318
1.102	12.743	11.319
1.103	12.755	11.317
1.105	12.765	11.319
1.106	12.775	11.320
1.107	12.792	11.318
1.108	12.805	11.317
1.109	12.825	11.318
1.112	12.857	11.317
1.114	12.882	11.318
1.116	12.905	11.318
1.118	12.927	11.320
1.119	12.946	11.319
1.121	12.955	11.318
1.121	12.967	11.321
1.121	12.973	11.316
1.121	12.976	11.319
1.121	12.979	11.317
1.122	12.995	11.319
1.123	13.006	11.320
1.123	13.011	11.319
1.124	13.013	11.320
1.124	13.025	11.317
1.124	13.024	11.322
1.125	13.026	11.318
1.126	13.032	11.318
1.127	13.041	11.318
1.127	13.055	11.319
1.128	13.062	11.320
1.129	13.072	11.320
1.130	13.084	11.320
1.130	13.097	11.321
1.131	13.105	11.320
1.133	13.110	11.320
1.134	13.123	11.320
1.135	13.137	11.321
1.136	13.145	11.318
1.136	13.157	11.322
1.137	13.165	11.319
1.138	13.173	11.321
1.139	13.186	11.323
1.139	13.196	11.320
1.140	13.205	11.320
1.141	13.216	11.321
1.142	13.223	11.320
1.143	13.238	11.321
1.145	13.254	11.320
1.146	13.269	11.320
1.147	13.281	11.320
1.148	13.295	11.322
1.149	13.311	11.322
1.150	13.320	11.320
1.152	13.335	11.321
1.153	13.353	11.320
1.154	13.367	11.323
1.155	13.378	11.322
1.156	13.393	11.320
1.157	13.406	11.323
1.158	13.422	11.322
1.159	13.431	11.323
1.159	13.440	11.322
1.160	13.444	11.322
1.161	13.444	11.322
1.161	13.452	11.321
1.162	13.461	11.325
1.162	13.473	11.324
1.163	13.482	11.324
1.163	13.488	11.324
1.163	13.492	11.323
1.164	13.501	11.325
1.165	13.505	11.323
1.166	13.513	11.325
1.166	13.523	11.325
1.168	13.535	11.323
1.169	13.554	11.325
1.170	13.584	11.325
1.172	13.596	11.323
1.172	13.599	11.324
1.172	13.605	11.323
1.174	13.611	11.322
1.175	13.608	11.325
1.176	13.624	11.324
1.177	13.644	11.321
1.179	13.663	11.325
1.180	13.681	11.325
1.182	13.696	11.325
1.182	13.705	11.324
1.183	13.720	11.326
1.184	13.736	11.325
1.185	13.751	11.325
1.186	13.759	11.325
1.187	13.777	11.325
1.188	13.792	11.326
1.190	13.815	11.324
1.191	13.837	11.323
1.192	13.852	11.325
1.193	13.860	11.324
1.193	13.864	11.327
1.194	13.869	11.323
1.195	13.868	11.326
1.196	13.881	11.327
1.197	13.897	11.325
1.198	13.915	11.323
1.199	13.936	11.325
1.200	13.953	11.325
1.202	13.963	11.326
1.202	13.979	11.326
1.203	13.989	11.325
1.205	13.998	11.326
1.206	14.013	11.327
1.207	14.033	11.327
1.207	14.038	11.326
1.207	14.038	11.328
1.208	14.050	11.327
1.208	14.051	11.328
1.208	14.051	11.325
1.208	14.052	11.324
1.208	14.055	11.326
1.208	14.054	11.328
1.210	14.074	11.328
1.212	14.089	11.328
1.213	14.108	11.328
1.215	14.136	11.326
1.217	14.154	11.328
1.220	14.176	11.330
1.222	14.204	11.328
1.225	14.241	11.329
1.227	14.266	11.328
1.228	14.281	11.328
1.229	14.299	11.331
1.231	14.319	11.330
1.232	14.332	11.327
1.233	14.357	11.328
1.234	14.368	11.327
1.236	14.388	11.326
1.237	14.404	11.329
1.238	14.425	11.328
1.239	14.436	11.327
1.239	14.441	11.329
1.240	14.451	11.328
1.240	14.462	11.332
1.242	14.477	11.329
1.244	14.495	11.328
1.245	14.515	11.329
1.246	14.525	11.329
1.247	14.533	11.329
1.248	14.538	11.330
1.249	14.542	11.328
1.250	14.559	11.332
1.252	14.578	11.331
1.254	14.601	11.331
1.257	14.636	11.329
1.259	14.670	11.330
1.261	14.691	11.332
1.262	14.703	11.330
1.263	14.715	11.328
1.263	14.720	11.328
1.265	14.731	11.329
1.266	14.743	11.330
1.266	14.757	11.331
1.267	14.769	11.331
1.268	14.794	11.330
1.270	14.808	11.333
1.271	14.825	11.330
1.273	14.849	11.331
1.274	14.865	11.333
1.275	14.867	11.335
1.277	14.893	11.333
1.278	14.907	11.333
1.278	14.917	11.333
1.278	14.929	11.333
1.279	14.941	11.334
1.280	14.954	11.334
1.281	14.963	11.332
1.282	14.970	11.332
1.282	14.973	11.333
1.283	14.977	11.333
1.284	14.982	11.335
1.285	14.988	11.332
1.286	15.008	11.336
1.286	15.015	11.333
1.287	15.027	11.331
1.289	15.036	11.331
1.290	15.040	11.335
1.290	15.049	11.336
1.291	15.066	11.332
1.292	15.080	11.332
1.293	15.092	11.332
1.294	15.104	11.335
1.295	15.121	11.334
1.297	15.140	11.332
1.298	15.157	11.334
1.299	15.167	11.334
1.300	15.178	11.331
1.301	15.187	11.334
1.302	15.205	11.332
1.302	15.221	11.335
1.303	15.229	11.336
1.304	15.240	11.337
1.304	15.248	11.336
1.305	15.255	11.338
1.306	15.260	11.335
1.306	15.274	11.337
1.306	15.272	11.339
1.306	15.278	11.337
1.307	15.283	11.335
1.307	15.285	11.335
1.307	15.289	11.334
1.308	15.289	11.338
1.309	15.308	11.336
1.309	15.318	11.335
1.311	15.328	11.338
1.311	15.338	11.335
1.312	15.349	11.337
1.313	15.352	11.335
1.315	15.375	11.335
1.316	15.384	11.337
1.316	15.393	11.335
1.317	15.403	11.335
1.318	15.427	11.337
1.319	15.437	11.335
1.320	15.445	11.337
1.321	15.453	11.337
1.321	15.445	11.336
1.322	15.463	11.336
1.323	15.469	11.337
1.323	15.480	11.338
1.324	15.492	11.337
1.326	15.504	11.338
1.327	15.518	11.338
1.328	15.538	11.338
1.330	15.548	11.338
1.332	15.562	11.337
1.332	15.580	11.337
1.334	15.595	11.336
1.335	15.612	11.337
1.336	15.625	11.339
1.338	15.644	11.340
1.340	15.661	11.340
1.341	15.683	11.339
1.342	15.704	11.339
1.344	15.714	11.341
1.345	15.716	11.336
1.345	15.737	11.340
1.346	15.749	11.341
1.346	15.759	11.339
1.347	15.774	11.342
1.349	15.787	11.340
1.350	15.801	11.340
1.350	15.808	11.342
1.351	15.819	11.339
1.352	15.827	11.340
1.353	15.835	11.339
1.354	15.854	11.341
1.354	15.862	11.337
1.355	15.862	11.343
1.355	15.881	11.337
1.355	15.886	11.342
1.356	15.894	11.340
1.357	15.900	11.339
1.357	15.906	11.340
1.358	15.899	11.338
1.359	15.910	11.343
1.359	15.917	11.342
1.359	15.921	11.343
1.360	15.928	11.340
1.361	15.937	11.341
1.362	15.946	11.340
1.363	15.959	11.343
1.364	15.967	11.341
1.365	15.971	11.341
1.366	15.963	11.337
1.367	15.996	11.341
1.368	16.010	11.343
1.369	16.036	11.343
1.370	16.046	11.340
1.372	16.056	11.344
1.373	16.067	11.341
1.374	16.082	11.342
1.376	16.101	11.343
1.377	16.115	11.343
1.378	16.135	11.341
1.378	16.140	11.342
1.379	16.148	11.342
1.380	16.153	11.343
1.380	16.166	11.343
1.381	16.175	11.340
1.382	16.187	11.343
1.382	16.199	11.344
1.382	16.203	11.341
1.383	16.191	11.343
1.383	16.197	11.345
1.384	16.204	11.344
1.385	16.211	11.343
1.385	16.229	11.344
1.385	16.235	11.342
1.386	16.245	11.344
1.386	16.248	11.343
1.386	16.253	11.345
1.387	16.255	11.341
1.387	16.251	11.341
1.387	16.255	11.343
1.387	16.259	11.343
1.387	16.261	11.342
1.388	16.278	11.343
1.388	16.284	11.346
1.390	16.293	11.344
1.390	16.296	11.344
1.390	16.308	11.345
1.391	16.308	11.345
1.391	16.326	11.346
1.392	16.334	11.343
1.392	16.342	11.346
1.393	16.346	11.344
1.393	16.349	11.346
1.394	16.353	11.345
1.395	16.357	11.344
1.395	16.359	11.345
1.395	16.361	11.345
1.395	16.357	11.343
1.396	16.362	11.345
1.397	16.370	11.346
1.397	16.373	11.345
1.399	16.387	11.348
1.399	16.395	11.345
1.400	16.402	11.348
1.400	16.407	11.347
1.401	16.413	11.349
1.401	16.416	11.347
1.401	16.427	11.348
1.401	16.430	11.348
1.402	16.436	11.346
1.403	16.443	11.348
1.404	16.451	11.349
1.405	16.459	11.346
1.406	16.468	11.348
1.408	16.484	11.350
1.409	16.502	11.347
1.411	16.509	11.345
1.413	16.525	11.347
1.414	16.544	11.347
1.415	16.557	11.346
1.416	16.578	11.348
1.417	16.598	11.350
1.418	16.614	11.347
1.419	16.627	11.347
1.420	16.639	11.347
1.421	16.642	11.347
1.422	16.646	11.345
1.422	16.653	11.345
1.422	16.662	11.347
1.424	16.667	11.349
1.424	16.686	11.349
1.425	16.693	11.350
1.425	16.702	11.349
1.426	16.712	11.347
1.427	16.725	11.347
1.427	16.727	11.348
1.429	16.749	11.349
1.430	16.774	11.348
1.431	16.789	11.349
1.432	16.801	11.349
1.434	16.813	11.351
1.436	16.824	11.351
1.436	16.833	11.351
1.438	16.841	11.349
1.438	16.838	11.349
1.439	16.840	11.347
1.439	16.848	11.346
1.440	16.863	11.346
1.441	16.884	11.349
1.444	16.915	11.350
1.445	16.930	11.350
1.446	16.952	11.349
1.449	16.967	11.347
1.449	16.979	11.348
1.451	16.998	11.352
1.454	17.028	11.350
1.455	17.053	11.352
1.456	17.070	11.352
1.457	17.087	11.350
1.457	17.093	11.350
1.458	17.104	11.351
1.459	17.113	11.353
1.459	17.120	11.351
1.460	17.126	11.350
1.461	17.129	11.348
1.462	17.147	11.349
1.463	17.157	11.348
1.463	17.164	11.349
1.464	17.191	11.353
1.465	17.205	11.355
1.467	17.224	11.353
1.467	17.241	11.354
1.468	17.252	11.354
1.469	17.253	11.348
1.471	17.262	11.350
1.472	17.268	11.350
1.473	17.279	11.351
1.474	17.293	11.352
1.475	17.315	11.351
1.476	17.324	11.356
1.476	17.334	11.355
1.478	17.346	11.355
1.479	17.353	11.352
1.481	17.355	11.352
1.482	17.377	11.350
1.484	17.395	11.353
1.486	17.414	11.352
1.488	17.459	11.352
1.490	17.475	11.351
1.492	17.493	11.354
1.492	17.507	11.355
1.492	17.517	11.352
1.493	17.525	11.352
1.494	17.533	11.352
1.496	17.545	11.349
1.497	17.566	11.352
1.498	17.578	11.353
1.498	17.599	11.355
1.499	17.607	11.356
1.499	17.620	11.354
1.501	17.632	11.354
1.501	17.642	11.356
1.501	17.634	11.352
1.502	17.666	11.353
1.503	17.672	11.356
1.504	17.688	11.357
1.505	17.709	11.356
1.508	17.727	11.356
1.508	17.739	11.357
1.509	17.748	11.355
1.510	17.754	11.354
1.511	17.754	11.353
1.512	17.757	11.353
1.514	17.770	11.353
1.515	17.787	11.354
1.517	17.798	11.354
1.518	17.825	11.357
1.519	17.848	11.356
1.520	17.861	11.355
1.522	17.875	11.358
1.524	17.904	11.358
1.525	17.919	11.358
1.527	17.921	11.353
1.527	17.933	11.353
1.528	17.948	11.353
1.530	17.963	11.356
1.531	17.992	11.357
1.532	18.006	11.358
1.532	18.026	11.357
1.534	18.041	11.357
1.535	18.045	11.357
1.535	18.056	11.357
1.536	18.065	11.356
1.537	18.080	11.358
1.537	18.084	11.357
1.538	18.100	11.357
1.538	18.116	11.360
1.540	18.130	11.358
1.542	18.149	11.356
1.542	18.164	11.360
1.544	18.164	11.355
1.545	18.172	11.354
1.546	18.182	11.356
1.548	18.196	11.356
1.549	18.216	11.359
1.550	18.240	11.358
1.552	18.252	11.360
1.554	18.271	11.358
1.554	18.278	11.358
1.555	18.286	11.360
1.555	18.295	11.359
1.556	18.310	11.359
1.558	18.328	11.359
1.560	18.354	11.357
1.562	18.385	11.358
1.565	18.405	11.361
1.567	18.437	11.358
1.569	18.466	11.362
1.571	18.489	11.361
1.572	18.493	11.359
1.571	18.498	11.357
1.572	18.506	11.358
1.572	18.511	11.357
1.572	18.515	11.356
1.573	18.533	11.360
1.573	18.539	11.359
1.573	18.541	11.358
1.573	18.542	11.360
1.573	18.543	11.360
1.574	18.533	11.358
1.574	18.540	11.356
1.575	18.547	11.357
1.576	18.555	11.358
1.575	18.574	11.362
1.577	18.588	11.360
1.577	18.596	11.361
1.578	18.609	11.361
1.579	18.624	11.362
1.579	18.633	11.359
1.580	18.641	11.361
1.580	18.651	11.359
1.582	18.660	11.361
1.583	18.649	11.357
1.584	18.668	11.363
1.584	18.678	11.361
1.585	18.686	11.360
1.586	18.693	11.360
1.586	18.703	11.363
1.588	18.698	11.357
1.589	18.711	11.357
1.590	18.722	11.359
1.591	18.736	11.359
1.591	18.754	11.365
1.592	18.767	11.364
1.592	18.778	11.362
1.594	18.783	11.362
1.596	18.798	11.364
1.597	18.818	11.366
1.597	18.837	11.365
1.600	18.861	11.364
1.601	18.873	11.365
1.601	18.884	11.363
1.602	18.894	11.365
1.603	18.897	11.365
1.604	18.908	11.365
1.604	18.914	11.365
1.605	18.923	11.363
1.605	18.922	11.364
1.607	18.932	11.361
1.607	18.942	11.363
1.609	18.954	11.364
1.608	18.975	11.364
1.609	18.991	11.365
1.609	19.002	11.365
1.611	19.013	11.366
1.611	19.027	11.365
1.612	19.031	11.363
1.613	19.029	11.360
1.614	19.040	11.363
1.614	19.054	11.364
1.615	19.066	11.365
1.616	19.091	11.365
1.616	19.103	11.365
1.617	19.111	11.365
1.618	19.117	11.365
1.619	19.126	11.365
1.619	19.120	11.365
1.621	19.141	11.364
1.621	19.146	11.365
1.622	19.153	11.367
1.623	19.159	11.367
1.624	19.171	11.367
1.625	19.183	11.366
1.626	19.200	11.367
1.628	19.209	11.365
1.628	19.220	11.367
1.629	19.211	11.368
1.629	19.220	11.365
1.631	19.246	11.367
1.633	19.259	11.366
1.634	19.280	11.365
1.635	19.302	11.367
1.636	19.328	11.366
1.637	19.346	11.367
1.639	19.348	11.366
1.639	19.357	11.368
1.641	19.366	11.368
1.641	19.385	11.365
1.642	19.398	11.367
1.642	19.410	11.366
1.643	19.421	11.369
1.643	19.428	11.366
1.645	19.434	11.370
1.644	19.444	11.369
1.647	19.452	11.366
1.648	19.463	11.368
1.649	19.481	11.369
1.649	19.492	11.368
1.650	19.507	11.367
1.650	19.523	11.369
1.651	19.538	11.368
1.653	19.553	11.368
1.654	19.565	11.366
1.656	19.574	11.369
1.655	19.559	11.368
1.655	19.587	11.369
1.657	19.597	11.367
1.656	19.604	11.370
1.657	19.610	11.368
1.659	19.611	11.371
1.660	19.617	11.371
1.662	19.640	11.369
1.663	19.660	11.368
1.665	19.665	11.369
1.666	19.673	11.369
1.666	19.687	11.368
1.667	19.694	11.369
1.667	19.707	11.369
1.668	19.720	11.369
1.670	19.744	11.369
1.673	19.773	11.369
1.674	19.787	11.370
1.674	19.797	11.369
1.675	19.775	11.369
1.675	19.804	11.369
1.676	19.812	11.369
1.676	19.820	11.370
1.676	19.831	11.371
1.677	19.841	11.372
1.678	19.853	11.370
1.680	19.870	11.370
1.681	19.884	11.369
1.682	19.885	11.369
1.682	19.891	11.372
1.682	19.907	11.369
1.682	19.909	11.369
1.682	19.914	11.369
1.683	19.923	11.372
1.683	19.925	11.370
1.683	19.934	11.372
1.684	19.944	11.372
1.686	19.954	11.370
1.686	19.945	11.373
1.686	19.977	11.372
1.688	19.990	11.374
1.689	20.008	11.373
1.690	20.020	11.373
1.689	20.023	11.373
1.690	20.032	11.372
1.691	20.038	11.373
1.691	20.044	11.372
1.693	20.053	11.372
1.694	20.062	11.370
1.695	20.055	11.371
1.696	20.079	11.372
1.696	20.083	11.373
1.697	20.097	11.371
1.697	20.108	11.370
1.698	20.118	11.372
1.699	20.127	11.372
1.701	20.132	11.375
1.701	20.122	11.371
1.703	20.160	11.374
1.703	20.171	11.373
1.704	20.187	11.371
1.706	20.202	11.373
1.708	20.215	11.374
1.709	20.229	11.375
1.710	20.241	11.373
1.711	20.253	11.373
1.711	20.259	11.371
1.711	20.276	11.373
1.713	20.300	11.374
1.714	20.312	11.375
1.716	20.326	11.374
1.717	20.334	11.375
1.718	20.347	11.372
1.718	20.364	11.374
1.719	20.386	11.375
1.720	20.398	11.376
1.722	20.396	11.375
1.722	20.409	11.373
1.723	20.428	11.375
1.725	20.451	11.376
1.725	20.467	11.378
1.725	20.476	11.376
1.726	20.485	11.375
1.726	20.495	11.377
1.727	20.498	11.376
1.727	20.504	11.377
1.727	20.496	11.375
1.729	20.501	11.378
1.730	20.510	11.376
1.731	20.523	11.376
1.732	20.551	11.377
1.732	20.562	11.377
1.733	20.566	11.376
1.733	20.565	11.375
1.735	20.569	11.374
1.736	20.568	11.376
1.738	20.576	11.376
1.738	20.585	11.377
1.739	20.610	11.373
1.741	20.636	11.376
1.742	20.667	11.378
1.745	20.689	11.377
1.746	20.714	11.378
1.748	20.733	11.380
1.749	20.743	11.378
1.750	20.750	11.378
1.752	20.784	11.381
1.754	20.798	11.379
1.755	20.832	11.381
1.756	20.851	11.379
1.757	20.859	11.379
1.756	20.862	11.379

