
1.699	20.851	20.328
1.698	20.844	20.324
1.697	20.831	20.324
1.697	20.820	20.326
1.696	20.807	20.325
1.696	20.802	20.329
1.696	20.791	20.324
1.695	20.789	20.328
1.694	20.786	20.326
1.693	20.779	20.326
1.694	20.776	20.329
1.694	20.770	20.326
1.692	20.763	20.326
1.692	20.753	20.327
1.691	20.742	20.328
1.691	20.736	20.327
1.691	20.716	20.327
1.690	20.710	20.326
1.689	20.703	20.327
1.690	20.702	20.327
1.689	20.715	20.329
1.688	20.705	20.327
1.687	20.691	20.329
1.687	20.678	20.329
1.684	20.666	20.329
1.684	20.637	20.327
1.683	20.620	20.329
1.683	20.609	20.327
1.682	20.605	20.329
1.681	20.601	20.328
1.681	20.607	20.330
1.681	20.599	20.330
1.681	20.593	20.329
1.681	20.588	20.332
1.680	20.578	20.330
1.680	20.561	20.332
1.678	20.557	20.329
1.678	20.555	20.332
1.677	20.551	20.332
1.676	20.559	20.334
1.675	20.556	20.332
1.674	20.545	20.332
1.673	20.532	20.332
1.672	20.520	20.333
1.671	20.500	20.332
1.671	20.487	20.333
1.670	20.483	20.334
1.669	20.471	20.333
1.669	20.464	20.334
1.669	20.471	20.335
1.668	20.459	20.334
1.668	20.448	20.335
1.666	20.437	20.336
1.667	20.428	20.336
1.664	20.412	20.336
1.663	20.399	20.335
1.663	20.390	20.337
1.663	20.373	20.338
1.662	20.359	20.338
1.661	20.349	20.337
1.661	20.342	20.339
1.660	20.337	20.338
1.659	20.331	20.338
1.660	20.319	20.339
1.659	20.307	20.338
1.658	20.303	20.336
1.658	20.300	20.337
1.658	20.298	20.338
1.657	20.311	20.340
1.656	20.307	20.340
1.656	20.303	20.341
1.656	20.298	20.340
1.655	20.284	20.341
1.655	20.268	20.341
1.654	20.239	20.341
1.653	20.226	20.342
1.652	20.217	20.341
1.652	20.218	20.342
1.650	20.217	20.340
1.650	20.211	20.343
1.649	20.205	20.343
1.650	20.202	20.345
1.649	20.189	20.343
1.648	20.178	20.342
1.648	20.171	20.341
1.647	20.166	20.344
1.647	20.175	20.344
1.646	20.169	20.345
1.644	20.154	20.348
1.645	20.142	20.346
1.644	20.137	20.349
1.643	20.129	20.345
1.643	20.105	20.347
1.643	20.099	20.347
1.641	20.083	20.347
1.640	20.077	20.345
1.640	20.076	20.347
1.639	20.079	20.349
1.638	20.074	20.349
1.638	20.068	20.349
1.637	20.062	20.348
1.636	20.053	20.350
1.635	20.044	20.350
1.634	20.032	20.350
1.633	20.017	20.349
1.633	20.001	20.349
1.632	19.994	20.350
1.630	19.984	20.353
1.630	19.975	20.352
1.629	19.958	20.352
1.629	19.946	20.352
1.628	19.922	20.354
1.628	19.911	20.352
1.627	19.906	20.352
1.627	19.901	20.350
1.627	19.904	20.354
1.626	19.903	20.352
1.624	19.897	20.353
1.624	19.891	20.354
1.623	19.885	20.353
1.623	19.867	20.355
1.622	19.845	20.356
1.622	19.837	20.355
1.621	19.830	20.356
1.621	19.822	20.356
1.620	19.825	20.355
1.620	19.817	20.356
1.618	19.806	20.357
1.617	19.794	20.356
1.616	19.781	20.357
1.615	19.747	20.357
1.614	19.736	20.360
1.612	19.728	20.359
1.611	19.715	20.358
1.610	19.704	20.359
1.609	19.690	20.358
1.609	19.680	20.358
1.608	19.672	20.360
1.607	19.662	20.361
1.606	19.641	20.360
1.604	19.621	20.362
1.603	19.606	20.362
1.602	19.597	20.361
1.602	19.592	20.365
1.602	19.606	20.362
1.601	19.597	20.363
1.600	19.590	20.361
1.599	19.575	20.364
1.598	19.567	20.362
1.597	19.561	20.363
1.596	19.554	20.360
1.595	19.542	20.364
1.594	19.520	20.364
1.593	19.504	20.364
1.593	19.488	20.362
1.592	19.480	20.363
1.592	19.472	20.362
1.591	19.466	20.363
1.591	19.452	20.364
1.590	19.432	20.365
1.590	19.422	20.364
1.589	19.416	20.365
1.589	19.409	20.364
1.588	19.412	20.365
1.586	19.399	20.364
1.585	19.386	20.366
1.584	19.369	20.367
1.584	19.360	20.365
1.584	19.337	20.365
1.582	19.333	20.366
1.584	19.348	20.364
1.583	19.351	20.367
1.583	19.350	20.363
1.583	19.345	20.366
1.581	19.336	20.364
1.580	19.322	20.366
1.579	19.306	20.365
1.579	19.284	20.366
1.578	19.280	20.367
1.577	19.274	20.366
1.577	19.262	20.368
1.574	19.250	20.366
1.574	19.236	20.367
1.572	19.218	20.369
1.572	19.213	20.368
1.572	19.209	20.366
1.571	19.204	20.367
1.570	19.166	20.369
1.568	19.177	20.368
1.567	19.167	20.367
1.566	19.158	20.369
1.565	19.152	20.370
1.566	19.143	20.367
1.565	19.133	20.367
1.564	19.126	20.368
1.562	19.112	20.367
1.561	19.092	20.366
1.559	19.074	20.368
1.558	19.055	20.369
1.556	19.028	20.371
1.555	19.001	20.370
1.554	18.984	20.368
1.553	18.965	20.368
1.552	18.950	20.371
1.551	18.942	20.369
1.550	18.930	20.370
1.549	18.900	20.370
1.548	18.900	20.371
1.546	18.888	20.371
1.544	18.872	20.369
1.544	18.846	20.371
1.542	18.828	20.370
1.541	18.813	20.371
1.540	18.797	20.372
1.538	18.784	20.371
1.538	18.777	20.369
1.538	18.762	20.373
1.538	18.774	20.371
1.537	18.768	20.371
1.537	18.762	20.371
1.537	18.751	20.371
1.536	18.743	20.369
1.535	18.731	20.368
1.533	18.717	20.369
1.532	18.708	20.370
1.532	18.681	20.371
1.531	18.701	20.371
1.531	18.698	20.370
1.530	18.689	20.368
1.529	18.680	20.369
1.528	18.666	20.371
1.527	18.661	20.368
1.527	18.650	20.370
1.525	18.638	20.368
1.524	18.624	20.370
1.523	18.606	20.371
1.523	18.602	20.370
1.522	18.586	20.371
1.520	18.567	20.369
1.519	18.543	20.370
1.519	18.530	20.371
1.518	18.518	20.371
1.516	18.506	20.371
1.516	18.493	20.370
1.515	18.459	20.372
1.514	18.469	20.371
1.513	18.450	20.373
1.511	18.433	20.372
1.510	18.417	20.370
1.508	18.393	20.371
1.505	18.368	20.371
1.504	18.341	20.371
1.503	18.325	20.372
1.502	18.306	20.373
1.499	18.277	20.375
1.498	18.279	20.370
1.497	18.264	20.372
1.496	18.250	20.372
1.494	18.240	20.372
1.493	18.233	20.371
1.493	18.219	20.370
1.492	18.204	20.374
1.492	18.194	20.372
1.491	18.188	20.372
1.490	18.161	20.376
1.488	18.172	20.370
1.487	18.158	20.371
1.487	18.155	20.372
1.488	18.152	20.370
1.487	18.141	20.372
1.486	18.127	20.373
1.485	18.110	20.371
1.483	18.089	20.372
1.482	18.058	20.376
1.482	18.051	20.375
1.483	18.045	20.376
1.483	18.044	20.375
1.482	18.056	20.375
1.482	18.053	20.375
1.481	18.049	20.375
1.481	18.045	20.374
1.481	18.041	20.375
1.480	18.024	20.376
1.480	18.015	20.377
1.480	18.008	20.375
1.479	18.001	20.377
1.478	17.997	20.378
1.478	18.005	20.374
1.477	17.999	20.375
1.477	17.993	20.373
1.477	17.989	20.374
1.476	17.983	20.374
1.476	17.957	20.374
1.475	17.960	20.378
1.475	17.965	20.373
1.473	17.952	20.374
1.471	17.935	20.374
1.470	17.918	20.373
1.469	17.904	20.375
1.469	17.886	20.375
1.467	17.873	20.376
1.465	17.857	20.377
1.465	17.845	20.376
1.463	17.826	20.375
1.462	17.809	20.375
1.461	17.793	20.375
1.459	17.778	20.374
1.458	17.764	20.376
1.456	17.755	20.375
1.455	17.743	20.375
1.455	17.733	20.377
1.454	17.708	20.379
1.453	17.698	20.378
1.452	17.685	20.379
1.452	17.682	20.379
1.451	17.689	20.377
1.451	17.691	20.376
1.451	17.688	20.376
1.451	17.677	20.377
1.451	17.676	20.374
1.450	17.660	20.378
1.450	17.648	20.379
1.449	17.647	20.378
1.448	17.635	20.377
1.447	17.625	20.377
1.446	17.613	20.378
1.446	17.607	20.377
1.446	17.603	20.377
1.445	17.593	20.378
1.444	17.582	20.377
1.444	17.551	20.379
1.443	17.541	20.377
1.442	17.533	20.380
1.440	17.528	20.378
1.440	17.527	20.380
1.440	17.523	20.378
1.439	17.518	20.379
1.439	17.506	20.377
1.438	17.497	20.377
1.437	17.489	20.376
1.436	17.479	20.378
1.435	17.469	20.378
1.433	17.449	20.378
1.432	17.432	20.375
1.431	17.418	20.375
1.430	17.400	20.379
1.429	17.385	20.378
1.426	17.365	20.377
1.425	17.353	20.378
1.424	17.328	20.382
1.423	17.312	20.381
1.421	17.293	20.381
1.420	17.273	20.381
1.419	17.270	20.382
1.418	17.267	20.379
1.417	17.259	20.378
1.416	17.249	20.379
1.416	17.247	20.380
1.416	17.236	20.379
1.416	17.226	20.381
1.416	17.224	20.381
1.415	17.210	20.382
1.414	17.196	20.380
1.414	17.198	20.380
1.413	17.189	20.380
1.412	17.176	20.380
1.411	17.168	20.378
1.411	17.161	20.379
1.410	17.139	20.382
1.411	17.136	20.379
1.410	17.140	20.378
1.409	17.133	20.378
1.408	17.126	20.377
1.408	17.114	20.379
1.406	17.102	20.380
1.406	17.087	20.381
1.405	17.074	20.380
1.404	17.059	20.382
1.404	17.044	20.383
1.403	17.041	20.382
1.403	17.035	20.383
1.402	17.029	20.382
1.401	17.039	20.380
1.401	17.026	20.380
1.400	17.016	20.379
1.398	16.998	20.380
1.396	16.981	20.382
1.396	16.978	20.381
1.396	16.971	20.381
1.395	16.969	20.382
1.395	16.957	20.380
1.394	16.951	20.381
1.394	16.935	20.380
1.392	16.925	20.379
1.390	16.912	20.379
1.389	16.894	20.380
1.388	16.872	20.382
1.387	16.846	20.380
1.387	16.837	20.382
1.386	16.834	20.382
1.385	16.826	20.384
1.384	16.828	20.381
1.383	16.820	20.382
1.382	16.803	20.378
1.381	16.790	20.380
1.380	16.781	20.381
1.378	16.753	20.381
1.378	16.740	20.381
1.378	16.736	20.382
1.377	16.730	20.383
1.377	16.746	20.380
1.376	16.724	20.380
1.375	16.713	20.381
1.374	16.700	20.382
1.373	16.687	20.381
1.372	16.676	20.381
1.372	16.657	20.383
1.369	16.652	20.382
1.369	16.643	20.382
1.369	16.638	20.382
1.368	16.626	20.381
1.367	16.604	20.382
1.366	16.592	20.384
1.365	16.583	20.382
1.364	16.571	20.382
1.363	16.542	20.385
1.362	16.546	20.380
1.362	16.541	20.382
1.360	16.540	20.382
1.360	16.529	20.381
1.359	16.516	20.382
1.358	16.504	20.384
1.358	16.497	20.384
1.356	16.486	20.381
1.354	16.465	20.384
1.353	16.440	20.383
1.350	16.429	20.383
1.350	16.415	20.384
1.349	16.384	20.379
1.346	16.372	20.381
1.345	16.363	20.380
1.345	16.357	20.383
1.344	16.343	20.381
1.343	16.333	20.384
1.341	16.292	20.384
1.341	16.301	20.381
1.340	16.290	20.382
1.339	16.274	20.383
1.337	16.257	20.382
1.336	16.244	20.381
1.334	16.218	20.382
1.333	16.201	20.384
1.332	16.194	20.382
1.332	16.188	20.384
1.332	16.170	20.386
1.331	16.166	20.384
1.330	16.153	20.382
1.329	16.148	20.383
1.329	16.142	20.384
1.327	16.128	20.383
1.326	16.114	20.385
1.325	16.105	20.385
1.325	16.091	20.382
1.323	16.054	20.386
1.321	16.058	20.383
1.319	16.044	20.382
1.318	16.022	20.383
1.317	15.993	20.382
1.315	15.978	20.381
1.315	15.975	20.382
1.315	15.973	20.384
1.314	15.967	20.381
1.313	15.949	20.384
1.312	15.924	20.384
1.311	15.917	20.384
1.309	15.908	20.385
1.309	15.903	20.383
1.308	15.891	20.384
1.307	15.879	20.383
1.306	15.871	20.384
1.306	15.856	20.382
1.304	15.838	20.383
1.303	15.830	20.382
1.303	15.820	20.385
1.302	15.803	20.385
1.300	15.789	20.385
1.299	15.782	20.383
1.298	15.762	20.385
1.297	15.748	20.382
1.296	15.738	20.385
1.295	15.728	20.381
1.295	15.720	20.384
1.295	15.703	20.384
1.295	15.714	20.383
1.295	15.711	20.385
1.294	15.708	20.383
1.294	15.700	20.385
1.293	15.696	20.382
1.292	15.686	20.383
1.292	15.679	20.385
1.291	15.669	20.385
1.290	15.656	20.385
1.290	15.644	20.388
1.288	15.634	20.387
1.287	15.623	20.386
1.287	15.614	20.386
1.286	15.620	20.386
1.286	15.612	20.382
1.285	15.601	20.382
1.284	15.588	20.385
1.283	15.579	20.384
1.282	15.554	20.384
1.281	15.539	20.385
1.279	15.540	20.381
1.279	15.525	20.384
1.278	15.511	20.382
1.276	15.496	20.384
1.276	15.491	20.385
1.276	15.486	20.382
1.276	15.481	20.383
1.275	15.470	20.384
1.274	15.452	20.385
1.274	15.442	20.388
1.272	15.431	20.385
1.271	15.423	20.385
1.271	15.424	20.385
1.270	15.410	20.385
1.270	15.394	20.385
1.269	15.388	20.383
1.267	15.380	20.385
1.266	15.361	20.385
1.265	15.348	20.386
1.265	15.344	20.386
1.265	15.340	20.387
1.265	15.357	20.384
1.265	15.348	20.385
1.265	15.346	20.383
1.265	15.344	20.382
1.263	15.327	20.385
1.262	15.312	20.383
1.262	15.295	20.387
1.262	15.294	20.386
1.261	15.282	20.387
1.260	15.270	20.386
1.259	15.268	20.385
1.258	15.255	20.382
1.258	15.247	20.383
1.257	15.237	20.386
1.255	15.227	20.385
1.255	15.212	20.385
1.252	15.181	20.385
1.250	15.154	20.387
1.248	15.128	20.386
1.247	15.107	20.383
1.246	15.104	20.383
1.246	15.100	20.383
1.245	15.092	20.385
1.244	15.080	20.384
1.243	15.061	20.384
1.241	15.034	20.387
1.240	15.025	20.385
1.239	15.023	20.386
1.238	15.009	20.385
1.237	14.992	20.385
1.236	14.980	20.383
1.235	14.969	20.386
1.234	14.962	20.384
1.233	14.948	20.384
1.232	14.932	20.387
1.232	14.918	20.388
1.232	14.912	20.389
1.231	14.901	20.387
1.231	14.897	20.385
1.230	14.905	20.384
1.230	14.895	20.387
1.229	14.889	20.383
1.229	14.882	20.385
1.229	14.877	20.384
1.229	14.862	20.386
1.228	14.858	20.386
1.228	14.857	20.388
1.228	14.856	20.388
1.228	14.863	20.384
1.227	14.857	20.383
1.226	14.855	20.386
1.226	14.850	20.383
1.226	14.846	20.386
1.225	14.841	20.385
1.225	14.829	20.384
1.225	14.820	20.387
1.225	14.809	20.386
1.224	14.802	20.385
1.223	14.807	20.383
1.223	14.803	20.384
1.222	14.794	20.385
1.222	14.786	20.383
1.221	14.783	20.382
1.221	14.771	20.384
1.221	14.769	20.383
1.221	14.765	20.385
1.221	14.763	20.385
1.221	14.768	20.384
1.221	14.772	20.385
1.221	14.772	20.382
1.221	14.771	20.383
1.221	14.771	20.383
1.221	14.771	20.383
1.220	14.758	20.381
1.218	14.751	20.381
1.217	14.735	20.383
1.211	14.670	20.384
1.209	14.647	20.384
1.209	14.636	20.384
1.207	14.624	20.384
1.207	14.615	20.384
1.206	14.601	20.382
1.205	14.589	20.380
1.204	14.580	20.384
1.203	14.564	20.383
1.202	14.541	20.385
1.201	14.528	20.384
1.200	14.517	20.386
1.198	14.503	20.383
1.196	14.487	20.384
1.196	14.475	20.382
1.195	14.461	20.383
1.195	14.453	20.386
1.194	14.445	20.383
1.194	14.436	20.384
1.194	14.434	20.385
1.194	14.445	20.383
1.194	14.440	20.382
1.194	14.439	20.383
1.194	14.435	20.384
1.194	14.434	20.382
1.194	14.426	20.385
1.193	14.421	20.384
1.194	14.421	20.383
1.193	14.429	20.382
1.193	14.429	20.382
1.193	14.429	20.383
1.193	14.428	20.382
1.193	14.428	20.383
1.193	14.426	20.385
1.193	14.426	20.380
1.193	14.418	20.383
1.193	14.419	20.384
1.193	14.422	20.383
1.193	14.417	20.383
1.192	14.409	20.382
1.192	14.400	20.384
1.191	14.392	20.382
1.190	14.382	20.382
1.190	14.378	20.383
1.189	14.365	20.384
1.189	14.366	20.385
1.189	14.364	20.384
1.188	14.357	20.381
1.188	14.355	20.383
1.187	14.353	20.381
1.186	14.344	20.383
1.186	14.339	20.382
1.185	14.331	20.382
1.184	14.317	20.384
1.184	14.298	20.382
1.183	14.289	20.385
1.182	14.286	20.382
1.181	14.279	20.381
1.181	14.270	20.385
1.180	14.266	20.383
1.180	14.265	20.384
1.180	14.258	20.382
1.179	14.246	20.383
1.178	14.233	20.381
1.178	14.222	20.382
1.177	14.215	20.383
1.176	14.195	20.386
1.176	14.198	20.384
1.175	14.190	20.382
1.174	14.181	20.382
1.173	14.171	20.383
1.172	14.160	20.381
1.170	14.143	20.382
1.166	14.082	20.385
1.162	14.049	20.383
1.160	14.026	20.382
1.160	14.021	20.382
1.160	14.015	20.381
1.161	14.014	20.381
1.161	14.013	20.381
1.161	14.011	20.381
1.161	14.009	20.380
1.161	14.002	20.384
1.161	14.005	20.384
1.161	14.008	20.382
1.161	14.007	20.381
1.161	14.007	20.382
1.161	14.007	20.383
1.161	14.007	20.381
1.161	14.007	20.380
1.161	14.008	20.383
1.161	14.007	20.382
1.161	13.994	20.384
1.161	14.008	20.382
1.161	14.005	20.382
1.160	14.001	20.380
1.160	13.996	20.380
1.159	13.986	20.381
1.158	13.976	20.383
1.158	13.961	20.382
1.156	13.953	20.383
1.155	13.939	20.383
1.154	13.920	20.384
1.153	13.911	20.382
1.152	13.899	20.380
1.152	13.892	20.381
1.152	13.892	20.380
1.152	13.890	20.381
1.152	13.885	20.384
1.151	13.879	20.382
1.150	13.869	20.382
1.150	13.867	20.384
1.150	13.865	20.383
1.149	13.857	20.383
1.149	13.852	20.384
1.149	13.860	20.382
1.149	13.855	20.379
1.148	13.847	20.381
1.147	13.842	20.382
1.147	13.840	20.382
1.147	13.837	20.382
1.146	13.824	20.384
1.147	13.820	20.385
1.146	13.818	20.386
1.146	13.818	20.384
1.146	13.817	20.381
1.144	13.800	20.383
1.143	13.783	20.384
1.142	13.775	20.383
1.142	13.765	20.384
1.141	13.750	20.384
1.141	13.745	20.387
1.140	13.731	20.385
1.138	13.712	20.385
1.137	13.697	20.384
1.136	13.693	20.383
1.134	13.683	20.382
1.133	13.668	20.381
1.132	13.654	20.382
1.131	13.642	20.380
1.131	13.623	20.384
1.130	13.610	20.383
1.129	13.599	20.382
1.128	13.594	20.384
1.127	13.592	20.382
1.126	13.581	20.379
1.126	13.567	20.381
1.125	13.555	20.382
1.124	13.541	20.381
1.123	13.530	20.382
1.121	13.503	20.386
1.119	13.473	20.385
1.118	13.460	20.387
1.118	13.459	20.383
1.118	13.464	20.380
1.118	13.460	20.380
1.117	13.447	20.384
1.116	13.439	20.383
1.115	13.428	20.381
1.114	13.418	20.383
1.113	13.403	20.382
1.112	13.383	20.387
1.110	13.367	20.385
1.109	13.359	20.384
1.109	13.356	20.382
1.109	13.354	20.382
1.108	13.346	20.380
1.108	13.339	20.385
1.106	13.325	20.381
1.105	13.301	20.386
1.104	13.277	20.383
1.103	13.261	20.383
1.102	13.255	20.381
1.100	13.250	20.381
1.099	13.232	20.381
1.097	13.219	20.380
1.096	13.208	20.380
1.095	13.195	20.381
1.095	13.178	20.383
1.095	13.173	20.381
1.095	13.171	20.383
1.094	13.165	20.381
1.094	13.161	20.382
1.093	13.152	20.383
1.092	13.146	20.382
1.091	13.131	20.380
1.091	13.123	20.384
1.090	13.111	20.381
1.090	13.105	20.386
1.090	13.101	20.384
1.089	13.098	20.383
1.089	13.098	20.383
1.088	13.087	20.382
1.088	13.083	20.381
1.088	13.076	20.382
1.087	13.069	20.381
1.087	13.063	20.381
1.087	13.050	20.384
1.086	13.049	20.384
1.086	13.047	20.382
1.085	13.041	20.383
1.085	13.041	20.380
1.084	13.037	20.383
1.083	13.034	20.382
1.083	13.025	20.381
1.082	13.022	20.381
1.082	13.012	20.381
1.081	13.002	20.381
1.080	12.992	20.382
1.079	12.975	20.384
1.079	12.964	20.383
1.078	12.964	20.382
1.077	12.956	20.381
1.076	12.944	20.383
1.076	12.933	20.383
1.075	12.927	20.382
1.075	12.928	20.382
1.075	12.917	20.382
1.074	12.912	20.385
1.073	12.889	20.384
1.072	12.887	20.385
1.072	12.888	20.379
1.071	12.881	20.382
1.070	12.870	20.382
1.069	12.856	20.382
1.068	12.845	20.379
1.068	12.827	20.382
1.067	12.820	20.381
1.067	12.816	20.382
1.066	12.810	20.383
1.066	12.814	20.380
1.065	12.807	20.383
1.065	12.798	20.381
1.064	12.791	20.380
1.063	12.781	20.380
1.062	12.758	20.384
1.062	12.751	20.382
1.061	12.744	20.385
1.060	12.741	20.382
1.059	12.730	20.381
1.059	12.720	20.383
1.058	12.712	20.380
1.057	12.695	20.382
1.056	12.677	20.381
1.055	12.664	20.384
1.054	12.654	20.384
1.054	12.654	20.381
1.053	12.646	20.381
1.052	12.629	20.382
1.051	12.617	20.384
1.050	12.609	20.383
1.050	12.600	20.382
1.050	12.597	20.383
1.049	12.588	20.384
1.049	12.574	20.385
1.048	12.575	20.381
1.047	12.565	20.384
1.046	12.561	20.382
1.046	12.553	20.381
1.046	12.541	20.382
1.044	12.534	20.383
1.043	12.524	20.383
1.043	12.512	20.383
1.042	12.503	20.384
1.042	12.500	20.381
1.041	12.486	20.387
1.041	12.491	20.382
1.041	12.488	20.379
1.041	12.484	20.382
1.040	12.477	20.382
1.039	12.470	20.382
1.039	12.462	20.381
1.038	12.444	20.382
1.037	12.427	20.382
1.036	12.427	20.381
1.035	12.416	20.380
1.034	12.403	20.380
1.034	12.398	20.381
1.034	12.394	20.383
1.033	12.384	20.383
1.031	12.364	20.380
1.030	12.349	20.381
1.030	12.341	20.381
1.030	12.331	20.384
1.030	12.338	20.381
1.030	12.331	20.380
1.030	12.329	20.381
1.029	12.324	20.384
1.029	12.318	20.382
1.028	12.317	20.383
1.028	12.312	20.380
1.028	12.305	20.380
1.027	12.289	20.384
1.026	12.285	20.383
1.025	12.280	20.380
1.025	12.273	20.379
1.023	12.268	20.379
1.023	12.256	20.381
1.022	12.245	20.382
1.022	12.243	20.383
1.022	12.233	20.381
1.022	12.225	20.383
1.021	12.202	20.385
1.020	12.196	20.383
1.018	12.191	20.382
1.018	12.183	20.381
1.017	12.170	20.384
1.017	12.169	20.382
1.017	12.164	20.381
1.016	12.162	20.383
1.016	12.160	20.381
1.016	12.158	20.382
1.015	12.154	20.383
1.015	12.143	20.384
1.015	12.146	20.381
1.014	12.138	20.382
1.014	12.133	20.383
1.014	12.126	20.382
1.014	12.122	20.381
1.013	12.120	20.381
1.013	12.115	20.383
1.013	12.100	20.382
1.012	12.105	20.381
1.012	12.097	20.380
1.011	12.087	20.382
1.011	12.084	20.380
1.010	12.076	20.381
1.010	12.073	20.380
1.009	12.064	20.381
1.008	12.058	20.383
1.008	12.050	20.384
1.008	12.041	20.383
1.008	12.040	20.381
1.007	12.036	20.382
1.007	12.030	20.382
1.006	12.024	20.383
1.006	12.017	20.383
1.005	12.010	20.383
1.004	12.000	20.383
1.004	11.994	20.383
1.003	11.978	20.386
1.002	11.975	20.384
1.002	11.969	20.387
1.002	11.963	20.386
1.001	11.964	20.383
1.001	11.964	20.383
1.001	11.963	20.384
1.000	11.954	20.383
1.000	11.951	20.385
1.000	11.943	20.384
1.000	11.937	20.387
0.999	11.930	20.383
0.998	11.925	20.382
0.998	11.915	20.383
0.997	11.917	20.382
0.997	11.915	20.382
0.996	11.909	20.384
0.995	11.897	20.383
0.994	11.886	20.386
0.993	11.877	20.382
0.993	11.870	20.384
0.993	11.858	20.384
0.992	11.853	20.385
0.992	11.853	20.384
0.991	11.854	20.384
0.991	11.841	20.381
0.991	11.840	20.382
0.990	11.835	20.384
0.990	11.826	20.383
0.989	11.814	20.385
0.988	11.804	20.385
0.988	11.800	20.387
0.988	11.792	20.384
0.986	11.788	20.384
0.985	11.768	20.383
0.984	11.755	20.384
0.983	11.746	20.381
0.982	11.736	20.383
0.983	11.730	20.383
0.983	11.729	20.385
0.982	11.727	20.385
0.982	11.729	20.385
0.982	11.729	20.384
0.981	11.722	20.383
0.981	11.719	20.383
0.981	11.707	20.384
0.980	11.703	20.384
0.980	11.697	20.383
0.979	11.686	20.384
0.979	11.680	20.383
0.978	11.670	20.385
0.978	11.661	20.386
0.977	11.665	20.383
0.978	11.666	20.384
0.978	11.668	20.382
0.978	11.665	20.384
0.977	11.663	20.382
0.977	11.661	20.382
0.977	11.655	20.382
0.975	11.640	20.384
0.974	11.621	20.385
0.974	11.611	20.384
0.972	11.607	20.383
0.972	11.594	20.385
0.972	11.587	20.383
0.971	11.581	20.385
0.970	11.573	20.383
0.970	11.572	20.384
0.970	11.570	20.382
0.970	11.557	20.385
0.968	11.548	20.386
0.968	11.547	20.388
0.968	11.547	20.383
0.967	11.544	20.385
0.967	11.536	20.385
0.967	11.532	20.386
0.966	11.523	20.384
0.965	11.511	20.386
0.964	11.508	20.387
0.963	11.500	20.385
0.963	11.475	20.385
0.961	11.463	20.384
0.960	11.450	20.386
0.958	11.434	20.382
0.956	11.412	20.384
0.955	11.399	20.384
0.954	11.377	20.386
0.954	11.375	20.385
0.954	11.373	20.385
0.954	11.368	20.388
0.954	11.371	20.385
0.953	11.366	20.384
0.952	11.363	20.384
0.952	11.355	20.386
0.952	11.347	20.386
0.951	11.335	20.389
0.950	11.318	20.388
0.949	11.303	20.386
0.947	11.285	20.387
0.946	11.274	20.386
0.946	11.274	20.385
0.946	11.269	20.386
0.946	11.265	20.386
0.945	11.255	20.386
0.944	11.243	20.383
0.943	11.237	20.387
0.943	11.234	20.386
0.943	11.219	20.386
0.942	11.214	20.387
0.942	11.214	20.385
0.942	11.206	20.386
0.941	11.203	20.385
0.941	11.197	20.385
0.941	11.194	20.386
0.940	11.192	20.385
0.940	11.184	20.385
0.939	11.177	20.387
0.939	11.168	20.385
0.939	11.171	20.384
0.939	11.169	20.382
0.938	11.163	20.386
0.938	11.157	20.385
0.937	11.150	20.385
0.937	11.143	20.388
0.937	11.133	20.388
0.936	11.134	20.386
0.936	11.129	20.385
0.935	11.121	20.385
0.934	11.113	20.384
0.933	11.102	20.386
0.932	11.095	20.385
0.932	11.090	20.388
0.931	11.086	20.387
0.931	11.076	20.389
0.929	11.067	20.387
0.928	11.052	20.387
0.928	11.044	20.386
0.927	11.037	20.388
0.926	11.023	20.387
0.925	11.005	20.387
0.924	10.988	20.387
0.923	10.982	20.389
0.923	10.975	20.387
0.923	10.969	20.387
0.923	10.972	20.386
0.922	10.967	20.386
0.922	10.962	20.384
0.921	10.950	20.387
0.920	10.940	20.386
0.920	10.938	20.386
0.920	10.935	20.383
0.919	10.928	20.386
0.918	10.922	20.385
0.918	10.914	20.388
0.917	10.908	20.385
0.917	10.900	20.386
0.916	10.896	20.386
0.915	10.887	20.384
0.914	10.876	20.386
0.914	10.866	20.384
0.913	10.853	20.385
0.913	10.852	20.385
0.913	10.847	20.384
0.913	10.841	20.387
0.913	10.836	20.386
0.913	10.828	20.387
0.913	10.828	20.386
0.912	10.825	20.386
0.911	10.815	20.388
0.911	10.803	20.387
0.909	10.793	20.387
0.908	10.772	20.387
0.908	10.765	20.387
0.907	10.766	20.387
0.907	10.762	20.387
0.907	10.755	20.386
0.906	10.748	20.387
0.906	10.743	20.387
0.906	10.742	20.387
0.905	10.738	20.387
0.905	10.734	20.387
0.905	10.725	20.388
0.905	10.725	20.387
0.904	10.714	20.386
0.903	10.706	20.386
0.902	10.697	20.385
0.902	10.693	20.387
0.902	10.692	20.386
0.902	10.685	20.387
0.901	10.681	20.386
0.901	10.680	20.385
0.901	10.666	20.388
0.901	10.670	20.386
0.901	10.669	20.386
0.901	10.669	20.387
0.901	10.667	20.389
0.900	10.665	20.386
0.900	10.666	20.388
0.900	10.657	20.386
0.899	10.653	20.387
0.899	10.647	20.388
0.899	10.645	20.385
0.898	10.638	20.387
0.898	10.624	20.387
0.897	10.620	20.390
0.897	10.621	20.389
0.897	10.620	20.387
0.896	10.616	20.387
0.896	10.609	20.389
0.895	10.601	20.387
0.894	10.596	20.388
0.894	10.594	20.387
0.893	10.588	20.389
0.892	10.569	20.391
0.891	10.562	20.389
0.891	10.559	20.390
0.891	10.555	20.388
0.890	10.548	20.390
0.890	10.547	20.388
0.890	10.535	20.389
0.889	10.528	20.389
0.888	10.520	20.389
0.887	10.505	20.390
0.886	10.505	20.385
0.886	10.498	20.388
0.886	10.490	20.388
0.885	10.486	20.388
0.884	10.474	20.388
0.883	10.463	20.388
0.883	10.450	20.391
0.882	10.447	20.389
0.882	10.442	20.390
0.881	10.437	20.390
0.880	10.429	20.388
0.880	10.418	20.388
0.879	10.406	20.390
0.878	10.389	20.390
0.877	10.378	20.388
0.876	10.364	20.390
0.875	10.355	20.391
0.874	10.338	20.391
0.873	10.326	20.389
0.872	10.321	20.386
0.871	10.312	20.387
0.871	10.300	20.387
0.870	10.288	20.389
0.869	10.272	20.388
0.867	10.255	20.390
0.867	10.243	20.390
0.866	10.241	20.390
0.865	10.225	20.389
0.864	10.215	20.388
0.864	10.205	20.389
0.863	10.191	20.388
0.862	10.181	20.388
0.861	10.174	20.389
0.860	10.159	20.389
0.858	10.144	20.386
0.857	10.132	20.391
0.856	10.126	20.387
0.856	10.122	20.388
0.855	10.117	20.388
0.855	10.107	20.389
0.854	10.104	20.391
0.854	10.091	20.389
0.852	10.076	20.389
0.851	10.063	20.392
0.851	10.049	20.391
0.849	10.035	20.391
0.849	10.033	20.392
0.849	10.029	20.390
0.848	10.027	20.390
0.847	10.019	20.387
0.847	10.005	20.390
0.845	9.994	20.389
0.844	9.984	20.387
0.844	9.975	20.389
0.844	9.972	20.389
0.843	9.962	20.392
0.842	9.949	20.393
0.841	9.946	20.392
0.841	9.943	20.390
0.841	9.937	20.388
0.840	9.929	20.391
0.840	9.922	20.392
0.839	9.907	20.391
0.838	9.894	20.391
0.837	9.880	20.395
0.836	9.867	20.394
0.835	9.863	20.389
0.835	9.855	20.390
0.835	9.846	20.391
0.834	9.831	20.391
0.833	9.819	20.392
0.832	9.811	20.390
0.832	9.796	20.393
0.831	9.790	20.394
0.831	9.780	20.394
0.830	9.778	20.391
0.830	9.774	20.391
0.829	9.769	20.390
0.829	9.766	20.390
0.829	9.762	20.390
0.829	9.760	20.391
0.828	9.753	20.388
0.828	9.750	20.390
0.827	9.741	20.390
0.827	9.730	20.389
0.826	9.722	20.390
0.825	9.717	20.389
0.825	9.711	20.390
0.824	9.702	20.390
0.823	9.691	20.390
0.823	9.684	20.390
0.822	9.672	20.393
0.822	9.666	20.392
0.821	9.656	20.391
0.819	9.646	20.391
0.817	9.627	20.390
0.815	9.596	20.387
0.813	9.576	20.390
0.813	9.569	20.389
0.813	9.568	20.391
0.813	9.565	20.392
0.812	9.558	20.392
0.812	9.560	20.392
0.812	9.561	20.388
0.812	9.552	20.390
0.811	9.546	20.388
0.810	9.541	20.390
0.810	9.535	20.390
0.809	9.532	20.391
0.809	9.529	20.392
0.809	9.522	20.393
0.809	9.525	20.389
0.809	9.521	20.390
0.808	9.516	20.389
0.808	9.506	20.392
0.807	9.495	20.392
0.807	9.485	20.392
0.806	9.474	20.390
0.805	9.469	20.392
0.804	9.464	20.391
0.804	9.460	20.390
0.804	9.448	20.393
0.803	9.436	20.392
0.802	9.432	20.392
0.801	9.424	20.390
0.801	9.422	20.393
0.800	9.416	20.391
0.800	9.410	20.392
0.799	9.402	20.390
0.799	9.385	20.391
0.798	9.375	20.392
0.798	9.370	20.392
0.797	9.363	20.392
0.797	9.361	20.393
0.796	9.349	20.391
0.796	9.336	20.391
0.795	9.327	20.390
0.795	9.322	20.392
0.794	9.312	20.392
0.793	9.302	20.390
0.792	9.290	20.391
0.791	9.280	20.391
0.790	9.270	20.390
0.789	9.260	20.391
0.789	9.253	20.393
0.788	9.246	20.393
0.787	9.240	20.390
0.786	9.228	20.391
0.785	9.215	20.394
0.785	9.207	20.391
0.784	9.193	20.390
0.782	9.177	20.390
0.781	9.165	20.389
0.779	9.154	20.392
0.779	9.143	20.390
0.778	9.131	20.392
0.776	9.107	20.391
0.775	9.088	20.392
0.773	9.075	20.392
0.772	9.053	20.393
0.770	9.024	20.391
0.770	9.019	20.390
0.769	9.015	20.394
0.769	9.009	20.390
0.768	9.000	20.392
0.768	8.991	20.391
0.768	8.982	20.391
0.767	8.972	20.391
0.766	8.964	20.391
0.765	8.955	20.395
0.765	8.952	20.391
0.765	8.945	20.393
0.764	8.935	20.391
0.763	8.928	20.392
0.762	8.917	20.394
0.762	8.900	20.393
0.761	8.897	20.391
0.761	8.890	20.391
0.761	8.887	20.391
0.760	8.880	20.392
0.759	8.871	20.393
0.759	8.865	20.392
0.759	8.864	20.393
0.758	8.862	20.392
0.758	8.858	20.392
0.758	8.850	20.394
0.758	8.838	20.391
0.756	8.828	20.392
0.756	8.817	20.391
0.755	8.812	20.392
0.755	8.809	20.393
0.755	8.803	20.394
0.754	8.800	20.391
0.754	8.795	20.392
0.754	8.791	20.391
0.753	8.783	20.396
0.753	8.785	20.392
0.753	8.780	20.392
0.752	8.779	20.391
0.752	8.777	20.392
0.752	8.777	20.393
0.751	8.772	20.393
0.751	8.763	20.391
0.749	8.746	20.392
0.748	8.726	20.392
0.747	8.713	20.395
0.746	8.707	20.391
0.745	8.704	20.393
0.744	8.693	20.391
0.744	8.680	20.392
0.743	8.668	20.391
0.742	8.656	20.391
0.741	8.646	20.391
0.740	8.642	20.392
0.740	8.635	20.394
0.740	8.630	20.390
0.740	8.623	20.392
0.739	8.615	20.396
0.738	8.606	20.395
0.737	8.591	20.393
0.736	8.579	20.391
0.735	8.566	20.391
0.735	8.557	20.393
0.735	8.553	20.390
0.734	8.549	20.393
0.734	8.545	20.393
0.733	8.530	20.389
0.731	8.502	20.392
0.730	8.490	20.393
0.730	8.484	20.392
0.729	8.473	20.393
0.728	8.461	20.394
0.727	8.458	20.393
0.726	8.443	20.394
0.725	8.423	20.397
0.724	8.410	20.397
0.723	8.398	20.395
0.722	8.386	20.394
0.721	8.369	20.391
0.719	8.351	20.395
0.717	8.334	20.392
0.717	8.325	20.393
0.716	8.317	20.395
0.716	8.310	20.395
0.716	8.310	20.399
0.716	8.310	20.395
0.716	8.309	20.395
0.716	8.313	20.393
0.716	8.310	20.391
0.714	8.290	20.392
0.713	8.273	20.392
0.713	8.268	20.393
0.713	8.264	20.396
0.713	8.264	20.396
0.713	8.262	20.395
0.711	8.250	20.398
0.710	8.246	20.395
0.709	8.240	20.393
0.709	8.229	20.393
0.708	8.224	20.394
0.708	8.216	20.395
0.707	8.207	20.395
0.707	8.195	20.396
0.705	8.179	20.397
0.704	8.167	20.394
0.704	8.155	20.393
0.703	8.154	20.392
0.702	8.144	20.392
0.702	8.137	20.392
0.701	8.130	20.392
0.700	8.120	20.392
0.699	8.107	20.393
0.699	8.092	20.395
0.698	8.081	20.391
0.697	8.073	20.391
0.696	8.063	20.393
0.696	8.050	20.394
0.695	8.037	20.393
0.694	8.026	20.393
0.693	8.019	20.393
0.693	8.011	20.395
0.692	8.002	20.395
0.691	7.988	20.399
0.690	7.975	20.399
0.690	7.969	20.394
0.689	7.964	20.394
0.689	7.959	20.395
0.689	7.956	20.394
0.688	7.952	20.394
0.688	7.947	20.395
0.687	7.934	20.396
0.686	7.924	20.397
0.685	7.917	20.397
0.685	7.908	20.397
0.683	7.895	20.399
0.683	7.885	20.394
0.682	7.880	20.394
0.682	7.878	20.392
0.682	7.867	20.393
0.680	7.849	20.391
0.680	7.842	20.399
0.680	7.840	20.397
0.680	7.838	20.398
0.680	7.838	20.396
0.680	7.837	20.393
0.680	7.836	20.394
0.679	7.826	20.392
0.679	7.817	20.393
0.679	7.816	20.394
0.678	7.815	20.393
0.678	7.814	20.395
0.678	7.813	20.394
0.677	7.803	20.398
0.676	7.795	20.399
0.676	7.792	20.391
0.675	7.784	20.394
0.674	7.776	20.392
0.673	7.765	20.392
0.672	7.753	20.395
0.671	7.736	20.399
0.670	7.727	20.397
0.669	7.719	20.390
0.669	7.713	20.391
0.668	7.704	20.395
0.666	7.684	20.394
0.665	7.668	20.393
0.665	7.663	20.393
0.664	7.655	20.393
0.664	7.648	20.395
0.663	7.635	20.396
0.662	7.624	20.394
0.661	7.613	20.393
0.660	7.600	20.393
0.660	7.591	20.394
0.659	7.582	20.395
0.658	7.569	20.397
0.657	7.551	20.394
0.656	7.542	20.394
0.656	7.532	20.396
0.655	7.530	20.394
0.654	7.520	20.393
0.654	7.512	20.394
0.654	7.507	20.393
0.653	7.498	20.394
0.652	7.485	20.394
0.651	7.475	20.394
0.651	7.464	20.392
0.650	7.455	20.397
0.649	7.446	20.395
0.648	7.438	20.396
0.648	7.428	20.396
0.647	7.419	20.394
0.646	7.409	20.396
0.645	7.394	20.393
0.644	7.385	20.394
0.644	7.378	20.393
0.643	7.370	20.395
0.643	7.361	20.394
0.642	7.359	20.394
0.642	7.354	20.395
0.642	7.349	20.396
0.641	7.349	20.393
0.641	7.345	20.393
0.640	7.336	20.393
0.639	7.330	20.395
0.638	7.324	20.395
0.638	7.315	20.396
0.637	7.310	20.397
0.637	7.304	20.395
0.636	7.296	20.394
0.635	7.281	20.395
0.633	7.261	20.395
0.633	7.244	20.394
0.632	7.239	20.393
0.632	7.238	20.395
0.632	7.237	20.394
0.632	7.235	20.396
0.632	7.230	20.394
0.631	7.223	20.400
0.630	7.214	20.396
0.629	7.200	20.395
0.629	7.191	20.394
0.628	7.188	20.392
0.628	7.178	20.394
0.627	7.164	20.395
0.626	7.153	20.394
0.626	7.146	20.400
0.625	7.138	20.394
0.624	7.129	20.394
0.623	7.117	20.394
0.622	7.106	20.395
0.622	7.097	20.397
0.620	7.081	20.396
0.619	7.062	20.397
0.618	7.054	20.394
0.618	7.043	20.398
0.618	7.043	20.394
0.617	7.042	20.396
0.617	7.035	20.397
0.617	7.031	20.393
0.616	7.022	20.397
0.615	7.018	20.392
0.614	7.007	20.397
0.614	7.000	20.393
0.613	6.989	20.394
0.611	6.968	20.396
0.610	6.958	20.395
0.610	6.949	20.395
0.610	6.946	20.393
0.610	6.942	20.395
0.609	6.935	20.397
0.609	6.934	20.393
0.608	6.925	20.393
0.608	6.918	20.394
0.607	6.913	20.399
0.607	6.909	20.399
0.607	6.909	20.396
0.606	6.900	20.394
0.605	6.891	20.396
0.604	6.881	20.394
0.603	6.870	20.397
0.602	6.862	20.395
0.602	6.857	20.396
0.601	6.848	20.395
0.601	6.838	20.393
0.600	6.824	20.396
0.598	6.812	20.401
0.597	6.798	20.401
0.597	6.788	20.396
0.596	6.779	20.395
0.595	6.768	20.394
0.594	6.755	20.395
0.593	6.746	20.398
0.593	6.735	20.396
0.592	6.726	20.399
0.592	6.722	20.401
0.591	6.711	20.399
0.590	6.683	20.400
0.589	6.673	20.397
0.589	6.669	20.395
0.588	6.659	20.396
0.586	6.642	20.398
0.585	6.633	20.396
0.585	6.628	20.400
0.585	6.617	20.400
0.584	6.606	20.400
0.583	6.594	20.400
0.581	6.582	20.397
0.581	6.577	20.396
0.580	6.564	20.397
0.580	6.555	20.396
0.579	6.542	20.396
0.578	6.531	20.397
0.578	6.526	20.401
0.577	6.519	20.401
0.577	6.513	20.400
0.576	6.503	20.396
0.575	6.494	20.395
0.575	6.488	20.395
0.575	6.485	20.398
0.574	6.482	20.396
0.573	6.474	20.398
0.572	6.464	20.401
0.571	6.441	20.401
0.570	6.433	20.398
0.570	6.428	20.397
0.569	6.421	20.396
0.569	6.420	20.395
0.569	6.415	20.396
0.568	6.399	20.396
0.567	6.386	20.398
0.567	6.384	20.398
0.566	6.375	20.400
0.565	6.372	20.400
0.565	6.371	20.400
0.564	6.363	20.402
0.564	6.360	20.397
0.563	6.354	20.398
0.562	6.346	20.396
0.562	6.336	20.399
0.561	6.331	20.396
0.560	6.319	20.401
0.560	6.311	20.400
0.559	6.303	20.397
0.559	6.299	20.396
0.558	6.288	20.397
0.558	6.278	20.396
0.558	6.274	20.396
0.557	6.267	20.397
0.557	6.259	20.397
0.557	6.252	20.397
0.556	6.250	20.400
0.555	6.233	20.399
0.554	6.220	20.398
0.554	6.220	20.398
0.554	6.219	20.396
0.554	6.215	20.395
0.553	6.211	20.396
0.552	6.195	20.393
0.551	6.177	20.395
0.550	6.167	20.398
0.550	6.164	20.397
0.549	6.153	20.398
0.548	6.146	20.399
0.548	6.142	20.400
0.548	6.140	20.395
0.547	6.128	20.396
0.546	6.118	20.399
0.546	6.116	20.398
0.546	6.108	20.399
0.545	6.100	20.401
0.544	6.091	20.401
0.544	6.089	20.401
0.543	6.081	20.395
0.543	6.077	20.396
0.542	6.067	20.395
0.541	6.056	20.396
0.541	6.044	20.396
0.540	6.040	20.394
0.539	6.033	20.399
0.539	6.021	20.400
0.538	6.007	20.401
0.537	5.999	20.401
0.537	5.987	20.401
0.536	5.974	20.397
0.535	5.969	20.396
0.535	5.968	20.398
0.535	5.965	20.396


