
0.545	6.042	20.393
0.546	6.058	20.393
0.547	6.077	20.391
0.548	6.085	20.398
0.549	6.096	20.399
0.550	6.108	20.394
0.551	6.124	20.394
0.552	6.139	20.392
0.553	6.152	20.393
0.555	6.174	20.391
0.555	6.181	20.392
0.555	6.186	20.393
0.555	6.188	20.393
0.556	6.195	20.398
0.557	6.208	20.397
0.558	6.215	20.397
0.559	6.226	20.398
0.561	6.247	20.393
0.562	6.261	20.393
0.563	6.282	20.399
0.565	6.306	20.393
0.567	6.331	20.394
0.569	6.352	20.394
0.570	6.366	20.393
0.572	6.381	20.397
0.573	6.395	20.400
0.574	6.418	20.397
0.576	6.439	20.394
0.578	6.468	20.394
0.580	6.485	20.395
0.581	6.501	20.393
0.583	6.520	20.393
0.584	6.532	20.398
0.585	6.552	20.394
0.586	6.574	20.392
0.587	6.588	20.391
0.588	6.599	20.391
0.590	6.619	20.392
0.591	6.633	20.392
0.591	6.641	20.393
0.592	6.651	20.395
0.594	6.673	20.394
0.596	6.704	20.397
0.598	6.723	20.392
0.598	6.729	20.392
0.598	6.733	20.395
0.598	6.740	20.392
0.599	6.750	20.394
0.600	6.759	20.393
0.600	6.764	20.393
0.600	6.770	20.393
0.600	6.772	20.395
0.600	6.775	20.395
0.601	6.781	20.395
0.602	6.789	20.392
0.602	6.799	20.394
0.603	6.807	20.393
0.604	6.818	20.393
0.605	6.828	20.393
0.606	6.850	20.394
0.608	6.873	20.395
0.610	6.896	20.394
0.611	6.909	20.398
0.613	6.926	20.396
0.614	6.937	20.399
0.614	6.952	20.400
0.615	6.960	20.394
0.615	6.967	20.395
0.616	6.978	20.397
0.617	6.995	20.396
0.619	7.008	20.397
0.620	7.019	20.396
0.621	7.031	20.396
0.622	7.042	20.399
0.622	7.046	20.395
0.622	7.052	20.399
0.623	7.060	20.398
0.625	7.080	20.394
0.627	7.105	20.399
0.628	7.123	20.395
0.628	7.129	20.397
0.630	7.144	20.394
0.631	7.162	20.395
0.632	7.174	20.391
0.633	7.179	20.393
0.634	7.198	20.393
0.636	7.223	20.392
0.637	7.234	20.395
0.638	7.239	20.392
0.638	7.247	20.396
0.638	7.256	20.393
0.639	7.263	20.394
0.639	7.275	20.391
0.640	7.284	20.391
0.641	7.293	20.392
0.642	7.310	20.392
0.644	7.332	20.393
0.647	7.353	20.393
0.649	7.377	20.392
0.651	7.407	20.392
0.652	7.425	20.394
0.653	7.444	20.393
0.654	7.458	20.393
0.656	7.479	20.393
0.658	7.504	20.390
0.659	7.520	20.393
0.660	7.531	20.394
0.662	7.544	20.395
0.662	7.555	20.399
0.663	7.565	20.393
0.663	7.572	20.393
0.663	7.578	20.392
0.664	7.581	20.393
0.664	7.583	20.392
0.664	7.591	20.393
0.665	7.599	20.393
0.666	7.614	20.395
0.668	7.626	20.395
0.669	7.646	20.391
0.671	7.664	20.390
0.672	7.678	20.392
0.673	7.698	20.390
0.674	7.711	20.392
0.675	7.720	20.393
0.676	7.734	20.392
0.677	7.746	20.393
0.678	7.762	20.391
0.680	7.777	20.395
0.681	7.799	20.390
0.682	7.810	20.392
0.683	7.820	20.392
0.685	7.842	20.393
0.686	7.858	20.394
0.686	7.863	20.391
0.686	7.865	20.393
0.686	7.874	20.392
0.686	7.879	20.394
0.687	7.887	20.392
0.688	7.901	20.392
0.689	7.913	20.392
0.690	7.924	20.393
0.691	7.932	20.395
0.692	7.945	20.393
0.692	7.952	20.394
0.693	7.958	20.393
0.693	7.959	20.392
0.693	7.959	20.394
0.693	7.960	20.395
0.693	7.966	20.392
0.693	7.968	20.393
0.694	7.974	20.393
0.695	7.983	20.392
0.696	7.998	20.395
0.697	8.008	20.394
0.697	8.013	20.392
0.697	8.016	20.393
0.697	8.014	20.397
0.698	8.020	20.396
0.698	8.022	20.397
0.699	8.032	20.395
0.699	8.043	20.392
0.700	8.055	20.393
0.701	8.059	20.394
0.701	8.063	20.391
0.701	8.069	20.392
0.702	8.073	20.393
0.702	8.078	20.394
0.702	8.081	20.393
0.702	8.081	20.395
0.703	8.089	20.394
0.704	8.104	20.392
0.704	8.111	20.394
0.705	8.118	20.394
0.705	8.123	20.394
0.706	8.130	20.392
0.707	8.134	20.395
0.707	8.142	20.394
0.708	8.151	20.394
0.709	8.158	20.391
0.709	8.172	20.392
0.710	8.179	20.391
0.711	8.189	20.393
0.711	8.194	20.395
0.712	8.203	20.392
0.712	8.205	20.395
0.713	8.215	20.397
0.714	8.231	20.396
0.715	8.244	20.395
0.716	8.252	20.393
0.718	8.269	20.393
0.719	8.286	20.390
0.720	8.300	20.392
0.721	8.313	20.391
0.722	8.324	20.395
0.722	8.330	20.397
0.723	8.337	20.393
0.724	8.349	20.395
0.725	8.363	20.390
0.726	8.380	20.391
0.727	8.392	20.392
0.728	8.401	20.393
0.728	8.410	20.393
0.729	8.420	20.392
0.730	8.432	20.393
0.731	8.445	20.395
0.732	8.455	20.397
0.733	8.460	20.396
0.733	8.467	20.393
0.733	8.472	20.392
0.734	8.476	20.389
0.734	8.484	20.392
0.734	8.485	20.393
0.735	8.489	20.397
0.736	8.496	20.394
0.737	8.517	20.395
0.738	8.539	20.393
0.739	8.546	20.392
0.740	8.556	20.391
0.740	8.557	20.391
0.741	8.569	20.392
0.742	8.583	20.392
0.744	8.605	20.390
0.745	8.620	20.397
0.747	8.641	20.395
0.748	8.652	20.395
0.748	8.661	20.396
0.749	8.677	20.394
0.750	8.692	20.392
0.751	8.705	20.392
0.753	8.719	20.389
0.754	8.729	20.391
0.754	8.742	20.394
0.755	8.759	20.394
0.756	8.771	20.396
0.757	8.780	20.394
0.758	8.789	20.392
0.759	8.802	20.392
0.760	8.813	20.392
0.761	8.826	20.392
0.762	8.845	20.393
0.763	8.862	20.393
0.764	8.871	20.395
0.765	8.877	20.395
0.765	8.885	20.394
0.766	8.890	20.391
0.767	8.905	20.393
0.768	8.921	20.390
0.768	8.931	20.392
0.769	8.937	20.390
0.770	8.948	20.391
0.770	8.951	20.393
0.770	8.954	20.396
0.772	8.962	20.397
0.774	8.991	20.394
0.776	9.013	20.395
0.778	9.034	20.390
0.780	9.060	20.392
0.782	9.087	20.392
0.784	9.114	20.391
0.785	9.138	20.393
0.785	9.143	20.390
0.785	9.143	20.391
0.786	9.143	20.396
0.787	9.157	20.393
0.788	9.169	20.391
0.789	9.182	20.391
0.790	9.197	20.389
0.791	9.216	20.391
0.793	9.239	20.389
0.794	9.247	20.395
0.794	9.261	20.390
0.794	9.265	20.390
0.795	9.274	20.390
0.796	9.282	20.390
0.797	9.290	20.390
0.797	9.300	20.390
0.798	9.306	20.391
0.799	9.319	20.391
0.800	9.325	20.391
0.801	9.330	20.392
0.801	9.345	20.391
0.802	9.355	20.391
0.803	9.363	20.391
0.803	9.371	20.390
0.804	9.379	20.392
0.804	9.387	20.391
0.805	9.404	20.391
0.806	9.413	20.392
0.807	9.418	20.395
0.809	9.436	20.391
0.810	9.452	20.392
0.811	9.464	20.391
0.813	9.486	20.392
0.815	9.514	20.390
0.816	9.535	20.390
0.817	9.545	20.390
0.819	9.559	20.392
0.820	9.574	20.392
0.821	9.588	20.390
0.822	9.592	20.396
0.821	9.596	20.391
0.821	9.597	20.391
0.821	9.601	20.389
0.821	9.606	20.393
0.821	9.607	20.393
0.821	9.610	20.392
0.821	9.616	20.390
0.822	9.617	20.394
0.822	9.630	20.390
0.823	9.641	20.391
0.828	9.689	20.390
0.829	9.705	20.392
0.829	9.712	20.391
0.830	9.717	20.393
0.831	9.725	20.390
0.832	9.741	20.391
0.833	9.753	20.391
0.833	9.758	20.394
0.835	9.774	20.392
0.835	9.778	20.391
0.835	9.781	20.391
0.835	9.781	20.395
0.835	9.782	20.392
0.835	9.783	20.392
0.835	9.784	20.392
0.835	9.785	20.391
0.835	9.779	20.394
0.835	9.786	20.392
0.835	9.786	20.390
0.835	9.786	20.391
0.835	9.790	20.392
0.835	9.791	20.389
0.836	9.797	20.393
0.837	9.805	20.391
0.837	9.814	20.390
0.838	9.816	20.392
0.838	9.818	20.393
0.839	9.832	20.391
0.840	9.845	20.392
0.841	9.863	20.393
0.843	9.891	20.390
0.846	9.919	20.391
0.848	9.944	20.390
0.849	9.960	20.391
0.850	9.976	20.390
0.851	9.989	20.390
0.852	9.999	20.393
0.853	10.006	20.395
0.854	10.022	20.390
0.856	10.041	20.391
0.857	10.055	20.393
0.858	10.066	20.391
0.859	10.080	20.389
0.860	10.098	20.390
0.861	10.110	20.390
0.861	10.119	20.391
0.862	10.123	20.391
0.863	10.130	20.394
0.863	10.134	20.396
0.864	10.146	20.391
0.865	10.160	20.389
0.865	10.169	20.390
0.865	10.174	20.393
0.866	10.180	20.391
0.866	10.179	20.396
0.867	10.181	20.391
0.867	10.186	20.391
0.867	10.193	20.394
0.868	10.203	20.394
0.869	10.214	20.390
0.869	10.218	20.391
0.870	10.221	20.391
0.870	10.229	20.391
0.870	10.235	20.389
0.870	10.235	20.391
0.870	10.240	20.391
0.870	10.242	20.390
0.871	10.245	20.389
0.871	10.250	20.389
0.871	10.254	20.392
0.872	10.260	20.393
0.872	10.267	20.392
0.873	10.278	20.391
0.874	10.279	20.393
0.874	10.286	20.394
0.874	10.291	20.393
0.875	10.291	20.393
0.875	10.303	20.393
0.876	10.313	20.391
0.877	10.327	20.390
0.878	10.339	20.392
0.880	10.353	20.389
0.881	10.367	20.391
0.882	10.376	20.391
0.883	10.389	20.391
0.884	10.404	20.390
0.885	10.421	20.393
0.887	10.437	20.392
0.888	10.451	20.390
0.889	10.466	20.390
0.890	10.485	20.391
0.891	10.494	20.391
0.892	10.507	20.391
0.893	10.515	20.390
0.894	10.528	20.391
0.894	10.533	20.393
0.895	10.542	20.393
0.896	10.559	20.393
0.897	10.566	20.392
0.897	10.573	20.392
0.897	10.582	20.390
0.898	10.587	20.391
0.899	10.590	20.394
0.900	10.602	20.395
0.901	10.617	20.393
0.901	10.631	20.392
0.902	10.641	20.392
0.902	10.646	20.390
0.903	10.654	20.392
0.903	10.657	20.391
0.904	10.662	20.390
0.904	10.669	20.391
0.905	10.672	20.390
0.905	10.681	20.389
0.905	10.687	20.390
0.906	10.693	20.391
0.906	10.696	20.388
0.906	10.700	20.390
0.907	10.704	20.391
0.907	10.706	20.391
0.907	10.711	20.390
0.907	10.709	20.393
0.907	10.714	20.393
0.908	10.718	20.393
0.908	10.722	20.396
0.908	10.731	20.391
0.909	10.738	20.391
0.910	10.745	20.389
0.911	10.754	20.392
0.912	10.766	20.391
0.913	10.776	20.390
0.914	10.792	20.391
0.915	10.805	20.391
0.916	10.808	20.392
0.917	10.820	20.392
0.918	10.840	20.389
0.919	10.861	20.389
0.922	10.897	20.389
0.925	10.921	20.389
0.926	10.936	20.390
0.926	10.937	20.393
0.926	10.941	20.394
0.926	10.947	20.394
0.926	10.952	20.394
0.927	10.962	20.392
0.928	10.973	20.390
0.929	10.983	20.390
0.930	10.991	20.392
0.929	10.994	20.390
0.930	11.000	20.391
0.931	11.011	20.396
0.932	11.018	20.392
0.932	11.021	20.394
0.932	11.022	20.393
0.932	11.029	20.393
0.932	11.035	20.390
0.932	11.038	20.390
0.933	11.052	20.389
0.934	11.060	20.390
0.935	11.070	20.392
0.936	11.084	20.392
0.937	11.097	20.396
0.939	11.109	20.396
0.940	11.125	20.392
0.942	11.147	20.391
0.943	11.170	20.392
0.945	11.190	20.391
0.947	11.212	20.390
0.949	11.236	20.391
0.952	11.264	20.391
0.956	11.312	20.392
0.960	11.360	20.391
0.963	11.394	20.391
0.964	11.422	20.389
0.967	11.443	20.390
0.968	11.456	20.389
0.969	11.483	20.388
0.970	11.507	20.391
0.969	11.511	20.389
0.969	11.511	20.390
0.970	11.516	20.388
0.970	11.510	20.393
0.970	11.520	20.389
0.970	11.518	20.390
0.970	11.518	20.392
0.969	11.520	20.391
0.970	11.519	20.388
0.970	11.520	20.389
0.969	11.519	20.389
0.970	11.522	20.389
0.970	11.520	20.393
0.971	11.535	20.391
0.971	11.539	20.390
0.972	11.548	20.388
0.972	11.553	20.389
0.973	11.558	20.391
0.973	11.560	20.390
0.973	11.554	20.391
0.974	11.570	20.390
0.975	11.584	20.388
0.976	11.584	20.388
0.976	11.591	20.389
0.977	11.598	20.390
0.977	11.605	20.390
0.977	11.609	20.390
0.978	11.613	20.389
0.978	11.621	20.388
0.979	11.618	20.393
0.979	11.633	20.390
0.979	11.638	20.389
0.980	11.646	20.390
0.980	11.649	20.390
0.981	11.657	20.389
0.981	11.663	20.389
0.982	11.671	20.388
0.983	11.688	20.389
0.984	11.694	20.391
0.985	11.712	20.388
0.986	11.726	20.390
0.986	11.728	20.389
0.987	11.731	20.391
0.988	11.737	20.390
0.988	11.743	20.391
0.989	11.750	20.392
0.990	11.755	20.391
0.990	11.757	20.390
0.991	11.767	20.390
0.991	11.784	20.391
0.992	11.795	20.389
0.993	11.796	20.393
0.993	11.809	20.389
0.993	11.811	20.392
0.993	11.815	20.389
0.994	11.819	20.388
0.995	11.829	20.390
0.995	11.832	20.392
0.996	11.839	20.390
0.996	11.848	20.389
0.996	11.853	20.389
0.996	11.855	20.391
0.997	11.861	20.388
0.997	11.865	20.390
0.998	11.871	20.389
0.998	11.876	20.391
0.998	11.880	20.389
0.999	11.882	20.393
1.000	11.898	20.389
1.000	11.902	20.392
1.000	11.908	20.388
1.001	11.914	20.390
1.001	11.918	20.391
1.002	11.926	20.389
1.003	11.938	20.390
1.004	11.952	20.390
1.005	11.957	20.390
1.005	11.958	20.393
1.005	11.970	20.390
1.006	11.977	20.388
1.007	11.986	20.389
1.007	11.988	20.389
1.008	11.996	20.389
1.008	12.002	20.390
1.009	12.012	20.388
1.010	12.022	20.391
1.010	12.026	20.389
1.011	12.033	20.394
1.012	12.042	20.391
1.012	12.048	20.393
1.012	12.054	20.392
1.012	12.065	20.390
1.013	12.071	20.388
1.013	12.073	20.387
1.013	12.081	20.391
1.014	12.082	20.389
1.015	12.085	20.391
1.015	12.093	20.387
1.015	12.097	20.390
1.015	12.098	20.389
1.016	12.103	20.392
1.016	12.114	20.390
1.016	12.117	20.391
1.016	12.121	20.389
1.017	12.124	20.390
1.017	12.129	20.390
1.017	12.134	20.392
1.018	12.145	20.392
1.019	12.155	20.396
1.020	12.160	20.393
1.021	12.177	20.390
1.022	12.186	20.390
1.023	12.192	20.390
1.023	12.195	20.388
1.024	12.196	20.388
1.024	12.195	20.391
1.025	12.196	20.394
1.026	12.211	20.392
1.026	12.222	20.390
1.028	12.245	20.390
1.028	12.265	20.388
1.030	12.277	20.388
1.031	12.285	20.387
1.031	12.293	20.389
1.032	12.305	20.388
1.033	12.305	20.390
1.033	12.309	20.389
1.033	12.315	20.393
1.034	12.319	20.392
1.035	12.336	20.393
1.036	12.348	20.387
1.036	12.354	20.389
1.036	12.365	20.389
1.037	12.379	20.393
1.038	12.390	20.391
1.039	12.400	20.388
1.039	12.411	20.388
1.041	12.425	20.389
1.041	12.434	20.388
1.042	12.442	20.389
1.043	12.454	20.391
1.043	12.463	20.389
1.044	12.470	20.389
1.044	12.475	20.390
1.044	12.480	20.389
1.045	12.487	20.390
1.046	12.492	20.388
1.046	12.495	20.390
1.047	12.503	20.392
1.047	12.513	20.390
1.048	12.523	20.391
1.048	12.527	20.390
1.048	12.531	20.389
1.049	12.536	20.390
1.049	12.537	20.392
1.049	12.544	20.388
1.050	12.542	20.393
1.050	12.549	20.392
1.051	12.563	20.391
1.051	12.568	20.391
1.051	12.570	20.390
1.052	12.573	20.388
1.052	12.578	20.389
1.052	12.573	20.394
1.052	12.575	20.392
1.052	12.581	20.391
1.053	12.593	20.390
1.053	12.601	20.391
1.054	12.609	20.389
1.054	12.617	20.390
1.055	12.622	20.389
1.055	12.623	20.391
1.055	12.628	20.391
1.057	12.640	20.391
1.058	12.649	20.391
1.059	12.659	20.393
1.060	12.664	20.392
1.060	12.678	20.389
1.060	12.683	20.388
1.061	12.689	20.390
1.062	12.695	20.388
1.062	12.703	20.389
1.062	12.710	20.388
1.063	12.714	20.388
1.063	12.719	20.389
1.063	12.721	20.388
1.063	12.729	20.390
1.064	12.734	20.389
1.065	12.744	20.390
1.065	12.752	20.389
1.067	12.761	20.390
1.068	12.770	20.389
1.069	12.785	20.387
1.069	12.798	20.389
1.070	12.814	20.390
1.072	12.829	20.390
1.073	12.839	20.389
1.073	12.842	20.390
1.073	12.855	20.389
1.074	12.863	20.389
1.075	12.872	20.388
1.076	12.880	20.388
1.076	12.888	20.392
1.077	12.890	20.391
1.077	12.891	20.389
1.078	12.904	20.392
1.079	12.919	20.391
1.079	12.927	20.390
1.080	12.931	20.388
1.080	12.939	20.390
1.080	12.940	20.393
1.081	12.941	20.392
1.082	12.948	20.392
1.082	12.955	20.392
1.082	12.969	20.389
1.082	12.978	20.390
1.083	12.980	20.391
1.083	12.984	20.392
1.084	12.988	20.390
1.084	12.996	20.388
1.085	12.991	20.392
1.085	13.003	20.391
1.085	13.010	20.389
1.085	13.013	20.388
1.085	13.019	20.391
1.086	13.025	20.391
1.087	13.030	20.391
1.087	13.035	20.391
1.087	13.037	20.390
1.087	13.034	20.388
1.088	13.036	20.390
1.088	13.044	20.390
1.088	13.045	20.387
1.088	13.047	20.388
1.088	13.048	20.389
1.088	13.047	20.389
1.088	13.049	20.389
1.088	13.049	20.392
1.089	13.051	20.391
1.089	13.057	20.388
1.089	13.058	20.388
1.090	13.062	20.391
1.090	13.065	20.388
1.090	13.070	20.390
1.091	13.074	20.389
1.091	13.079	20.388
1.091	13.086	20.389
1.091	13.089	20.388
1.092	13.101	20.389
1.093	13.110	20.389
1.093	13.113	20.389
1.093	13.111	20.390
1.094	13.122	20.389
1.094	13.128	20.388
1.095	13.134	20.388
1.095	13.143	20.390
1.096	13.147	20.391
1.097	13.150	20.388
1.097	13.147	20.388
1.097	13.155	20.389
1.097	13.159	20.388
1.099	13.165	20.389
1.099	13.171	20.388
1.099	13.182	20.390
1.100	13.186	20.390
1.100	13.193	20.389
1.101	13.201	20.391
1.102	13.209	20.389
1.102	13.203	20.392
1.103	13.220	20.387
1.103	13.222	20.387
1.104	13.228	20.391
1.105	13.234	20.388
1.105	13.242	20.390
1.105	13.250	20.388
1.106	13.256	20.388
1.106	13.259	20.388
1.107	13.256	20.390
1.108	13.274	20.388
1.108	13.286	20.389
1.109	13.301	20.389
1.109	13.307	20.390
1.109	13.313	20.388
1.110	13.315	20.389
1.110	13.317	20.388
1.110	13.318	20.389
1.110	13.321	20.389
1.111	13.325	20.392
1.111	13.334	20.388
1.112	13.343	20.390
1.113	13.353	20.388
1.114	13.364	20.386
1.115	13.378	20.389
1.116	13.391	20.390
1.117	13.402	20.387
1.118	13.404	20.390
1.117	13.401	20.390
1.117	13.413	20.389
1.118	13.417	20.388
1.118	13.426	20.387
1.118	13.432	20.389
1.119	13.440	20.388
1.120	13.442	20.387
1.121	13.452	20.390
1.121	13.456	20.389
1.121	13.459	20.390
1.122	13.460	20.393
1.123	13.477	20.390
1.123	13.481	20.391
1.123	13.487	20.389
1.123	13.492	20.387
1.124	13.497	20.388
1.124	13.501	20.389
1.124	13.503	20.389
1.124	13.510	20.389
1.124	13.513	20.389
1.126	13.518	20.389
1.126	13.529	20.390
1.127	13.542	20.389
1.129	13.558	20.386
1.130	13.583	20.390
1.132	13.599	20.389
1.133	13.606	20.389
1.134	13.607	20.389
1.135	13.611	20.388
1.135	13.609	20.391
1.136	13.626	20.391
1.137	13.647	20.389
1.138	13.662	20.389
1.139	13.677	20.390
1.139	13.682	20.390
1.140	13.688	20.390
1.142	13.699	20.392
1.142	13.708	20.390
1.142	13.719	20.391
1.143	13.722	20.391
1.143	13.727	20.389
1.143	13.734	20.392
1.144	13.744	20.389
1.144	13.753	20.389
1.145	13.763	20.389
1.146	13.778	20.387
1.146	13.782	20.389
1.147	13.786	20.389
1.146	13.790	20.389
1.147	13.791	20.391
1.147	13.786	20.391
1.147	13.786	20.390
1.148	13.797	20.391
1.148	13.806	20.389
1.148	13.811	20.389
1.149	13.815	20.391
1.149	13.818	20.390
1.149	13.818	20.391
1.149	13.818	20.393
1.150	13.824	20.394
1.150	13.831	20.394
1.150	13.844	20.391
1.151	13.852	20.390
1.151	13.855	20.390
1.152	13.860	20.389
1.152	13.867	20.392
1.153	13.870	20.389
1.153	13.867	20.396
1.154	13.873	20.395
1.154	13.879	20.394
1.154	13.888	20.394
1.155	13.897	20.391
1.155	13.898	20.390
1.154	13.900	20.392
1.155	13.903	20.391
1.155	13.904	20.390
1.155	13.905	20.393
1.156	13.904	20.393
1.156	13.910	20.394
1.156	13.918	20.391
1.156	13.922	20.391
1.156	13.926	20.393
1.156	13.928	20.392
1.157	13.928	20.391
1.157	13.931	20.391
1.157	13.940	20.393
1.158	13.939	20.395
1.158	13.950	20.390
1.158	13.951	20.391
1.159	13.953	20.392
1.159	13.955	20.392
1.159	13.955	20.392
1.159	13.962	20.391
1.159	13.966	20.393
1.160	13.975	20.393
1.160	13.980	20.391
1.160	13.976	20.395
1.161	13.977	20.395
1.161	13.981	20.393
1.162	13.995	20.390
1.162	14.001	20.390
1.162	14.001	20.393
1.162	14.002	20.392
1.162	14.006	20.392
1.163	14.010	20.391
1.163	14.006	20.393
1.164	14.012	20.395
1.164	14.019	20.395
1.165	14.033	20.392
1.165	14.044	20.390
1.166	14.049	20.390
1.166	14.050	20.391
1.167	14.053	20.393
1.167	14.060	20.393
1.167	14.058	20.392
1.167	14.054	20.395
1.168	14.056	20.396
1.168	14.061	20.396
1.169	14.069	20.392
1.169	14.075	20.392
1.169	14.076	20.392
1.170	14.080	20.392
1.170	14.082	20.394
1.170	14.085	20.394
1.170	14.078	20.396
1.171	14.077	20.397
1.171	14.091	20.392
1.171	14.096	20.390
1.171	14.100	20.394
1.172	14.104	20.392
1.172	14.110	20.393
1.172	14.113	20.391
1.173	14.118	20.392
1.173	14.121	20.393
1.174	14.131	20.393
1.174	14.141	20.391
1.175	14.148	20.392
1.175	14.154	20.392
1.176	14.162	20.389
1.176	14.165	20.392
1.176	14.171	20.392
1.177	14.174	20.391
1.178	14.185	20.392
1.179	14.183	20.394
1.179	14.188	20.394
1.179	14.194	20.394
1.180	14.204	20.392
1.180	14.215	20.391
1.181	14.223	20.391
1.181	14.233	20.391
1.182	14.239	20.391
1.182	14.249	20.391
1.182	14.255	20.395
1.184	14.258	20.394
1.185	14.282	20.392
1.185	14.292	20.390
1.186	14.298	20.388
1.186	14.307	20.391
1.187	14.320	20.391
1.188	14.331	20.389
1.188	14.333	20.391
1.189	14.341	20.392
1.189	14.348	20.393
1.190	14.360	20.390
1.191	14.367	20.388
1.192	14.377	20.388
1.192	14.384	20.388
1.193	14.389	20.390
1.193	14.396	20.388
1.193	14.403	20.390
1.194	14.405	20.389
1.194	14.407	20.390
1.195	14.416	20.391
1.195	14.429	20.388
1.195	14.437	20.388
1.196	14.441	20.389
1.196	14.443	20.388
1.196	14.445	20.390
1.197	14.450	20.389
1.197	14.453	20.388
1.197	14.457	20.390
1.198	14.451	20.392
1.198	14.475	20.389
1.199	14.478	20.389
1.200	14.486	20.390
1.200	14.496	20.387
1.201	14.506	20.389
1.202	14.517	20.389
1.203	14.527	20.388
1.204	14.536	20.390
1.206	14.540	20.388
1.206	14.540	20.391
1.207	14.556	20.388
1.207	14.561	20.388
1.207	14.563	20.390
1.207	14.564	20.388
1.207	14.567	20.389
1.207	14.574	20.390
1.208	14.579	20.388
1.209	14.587	20.386
1.209	14.583	20.390
1.210	14.597	20.386
1.210	14.605	20.385
1.210	14.610	20.387
1.210	14.612	20.387
1.210	14.615	20.387
1.211	14.620	20.388
1.211	14.624	20.388
1.211	14.624	20.387
1.212	14.625	20.385
1.211	14.630	20.389
1.211	14.633	20.385
1.212	14.636	20.388
1.212	14.636	20.386
1.213	14.641	20.387
1.213	14.644	20.385
1.213	14.644	20.386
1.213	14.644	20.386
1.213	14.646	20.386
1.213	14.636	20.388
1.213	14.648	20.388
1.213	14.648	20.386
1.213	14.648	20.385
1.213	14.651	20.384
1.213	14.656	20.386
1.214	14.670	20.386
1.215	14.681	20.388
1.216	14.688	20.387
1.217	14.697	20.386
1.218	14.693	20.392
1.218	14.713	20.387
1.219	14.722	20.386
1.220	14.732	20.383
1.221	14.742	20.385
1.221	14.750	20.384
1.222	14.762	20.384
1.222	14.770	20.386
1.222	14.774	20.384
1.224	14.781	20.384
1.224	14.790	20.383
1.224	14.795	20.386
1.224	14.796	20.387
1.225	14.807	20.383
1.225	14.812	20.385
1.226	14.818	20.384
1.227	14.832	20.384
1.227	14.837	20.383
1.227	14.838	20.383
1.227	14.835	20.387
1.227	14.844	20.384
1.227	14.848	20.384
1.228	14.852	20.386
1.228	14.856	20.384
1.228	14.856	20.384
1.228	14.857	20.383
1.228	14.861	20.385
1.229	14.864	20.385
1.228	14.857	20.385
1.229	14.856	20.384
1.229	14.856	20.385
1.229	14.858	20.387
1.230	14.870	20.384
1.230	14.873	20.382
1.230	14.879	20.383
1.231	14.887	20.385
1.231	14.893	20.383
1.231	14.893	20.386
1.232	14.885	20.386
1.232	14.890	20.383
1.232	14.903	20.383
1.232	14.905	20.383
1.232	14.907	20.382
1.232	14.910	20.383
1.233	14.914	20.384
1.232	14.918	20.383
1.233	14.929	20.383
1.234	14.926	20.383
1.235	14.929	20.381
1.235	14.948	20.383
1.236	14.966	20.381
1.237	14.974	20.384
1.238	14.980	20.382
1.238	14.988	20.384
1.239	14.991	20.383
1.239	14.998	20.379
1.239	15.000	20.380
1.239	15.002	20.380
1.240	15.002	20.381
1.239	14.993	20.382
1.240	14.997	20.380
1.240	15.005	20.381
1.241	15.012	20.380
1.242	15.018	20.380
1.243	15.027	20.380
1.243	15.031	20.381
1.244	15.031	20.380
1.244	15.027	20.381
1.244	15.031	20.380
1.245	15.048	20.382
1.245	15.051	20.380
1.246	15.059	20.380
1.246	15.063	20.381
1.246	15.072	20.380
1.246	15.076	20.378
1.247	15.079	20.379
1.247	15.073	20.381
1.247	15.075	20.382
1.248	15.080	20.381
1.248	15.088	20.379
1.249	15.094	20.381
1.249	15.109	20.378
1.250	15.113	20.381
1.250	15.122	20.378
1.251	15.135	20.377
1.251	15.137	20.380
1.252	15.139	20.380
1.252	15.148	20.380
1.253	15.161	20.377
1.253	15.164	20.376
1.254	15.171	20.374
1.254	15.173	20.377
1.254	15.174	20.377
1.254	15.180	20.375
1.255	15.186	20.375
1.255	15.181	20.379
1.255	15.182	20.380
1.255	15.186	20.379
1.255	15.207	20.376
1.256	15.212	20.378
1.256	15.214	20.377
1.256	15.219	20.375
1.257	15.222	20.377
1.258	15.224	20.378
1.258	15.229	20.377
1.258	15.222	20.378
1.258	15.222	20.378
1.258	15.244	20.377
1.259	15.242	20.375
1.258	15.247	20.376
1.259	15.248	20.379
1.259	15.251	20.376
1.259	15.252	20.377
1.259	15.255	20.378
1.259	15.259	20.379
1.261	15.270	20.377
1.261	15.273	20.377
1.261	15.271	20.378
1.261	15.273	20.379
1.262	15.283	20.376
1.262	15.285	20.378
1.262	15.288	20.375
1.262	15.292	20.375
1.262	15.293	20.376
1.263	15.286	20.378
1.263	15.288	20.378
1.263	15.293	20.379
1.263	15.308	20.376
1.263	15.311	20.375
1.263	15.309	20.378
1.263	15.312	20.374
1.263	15.314	20.374
1.263	15.315	20.374
1.263	15.307	20.378
1.263	15.307	20.377
1.264	15.308	20.375
1.264	15.311	20.377
1.264	15.317	20.375
1.265	15.327	20.374
1.265	15.331	20.374
1.265	15.332	20.376
1.265	15.336	20.376
1.266	15.336	20.374
1.266	15.336	20.377
1.266	15.344	20.378
1.267	15.357	20.377
1.267	15.366	20.375
1.268	15.371	20.373
1.268	15.371	20.374
1.268	15.377	20.374
1.268	15.375	20.374
1.268	15.376	20.376
1.269	15.380	20.374
1.269	15.381	20.373
1.269	15.383	20.374
1.270	15.384	20.373
1.270	15.388	20.373
1.270	15.392	20.373
1.271	15.400	20.375
1.271	15.418	20.372
1.272	15.430	20.374
1.272	15.435	20.375
1.273	15.442	20.373
1.273	15.448	20.374
1.275	15.450	20.374
1.275	15.449	20.378
1.276	15.466	20.374
1.277	15.468	20.373
1.277	15.472	20.374
1.277	15.478	20.375
1.278	15.482	20.375
1.278	15.490	20.374
1.279	15.494	20.375
1.279	15.502	20.372
1.280	15.491	20.376
1.280	15.511	20.373
1.281	15.514	20.372
1.281	15.515	20.373
1.281	15.519	20.373
1.282	15.524	20.373
1.282	15.522	20.375
1.282	15.536	20.374
1.283	15.540	20.373
1.283	15.545	20.371
1.284	15.552	20.371
1.285	15.561	20.374
1.285	15.565	20.370
1.286	15.573	20.373
1.286	15.578	20.372
1.286	15.583	20.372
1.287	15.569	20.376
1.287	15.588	20.372
1.287	15.590	20.373
1.287	15.596	20.372
1.287	15.598	20.373
1.287	15.601	20.373
1.287	15.607	20.374
1.288	15.610	20.373
1.288	15.611	20.374
1.288	15.607	20.373
1.288	15.609	20.374
1.288	15.614	20.372
1.288	15.616	20.375
1.288	15.618	20.372
1.289	15.623	20.374
1.290	15.631	20.375
1.291	15.644	20.374
1.291	15.649	20.373
1.291	15.655	20.375
1.291	15.649	20.376
1.292	15.660	20.372
1.293	15.668	20.373
1.294	15.674	20.372
1.294	15.686	20.374
1.295	15.694	20.373
1.295	15.698	20.373
1.295	15.704	20.373
1.295	15.710	20.373
1.296	15.708	20.373
1.297	15.719	20.375
1.297	15.731	20.373
1.298	15.739	20.372
1.298	15.747	20.373
1.298	15.752	20.372
1.299	15.757	20.373
1.299	15.760	20.372
1.300	15.769	20.372
1.300	15.774	20.374
1.300	15.764	20.374
1.300	15.783	20.373
1.300	15.784	20.374
1.301	15.787	20.373
1.302	15.794	20.371
1.302	15.796	20.373
1.302	15.802	20.373
1.302	15.808	20.371
1.303	15.815	20.372
1.303	15.813	20.376
1.304	15.829	20.374
1.305	15.833	20.372
1.305	15.834	20.374
1.305	15.841	20.371
1.305	15.844	20.373
1.306	15.847	20.371
1.306	15.856	20.371
1.306	15.859	20.373
1.307	15.869	20.372
1.307	15.874	20.371
1.308	15.881	20.372
1.308	15.878	20.371
1.309	15.883	20.373
1.310	15.900	20.371
1.310	15.906	20.370
1.310	15.907	20.370
1.311	15.910	20.370
1.311	15.915	20.371
1.312	15.915	20.371
1.312	15.914	20.372
1.313	15.918	20.373
1.314	15.919	20.373
1.314	15.924	20.372
1.314	15.943	20.371
1.315	15.955	20.370
1.316	15.963	20.372
1.317	15.967	20.370
1.318	15.973	20.373
1.318	15.967	20.374
1.319	15.979	20.372
1.320	15.989	20.371
1.320	16.001	20.371
1.322	16.026	20.372
1.323	16.040	20.372
1.323	16.045	20.371
1.324	16.051	20.371
1.324	16.056	20.370
1.325	16.057	20.370
1.325	16.052	20.373
1.325	16.059	20.372
1.325	16.072	20.372
1.326	16.077	20.371
1.327	16.089	20.372
1.328	16.100	20.371
1.328	16.106	20.371
1.328	16.113	20.371
1.328	16.116	20.370
1.328	16.110	20.372
1.330	16.116	20.374
1.330	16.124	20.371
1.330	16.127	20.371
1.330	16.136	20.373
1.332	16.150	20.370
1.332	16.158	20.371
1.332	16.169	20.370
1.332	16.172	20.370
1.333	16.178	20.371
1.333	16.185	20.371
1.333	16.187	20.370
1.334	16.191	20.371
1.335	16.185	20.369
1.335	16.202	20.371
1.335	16.209	20.371
1.336	16.214	20.372
1.336	16.221	20.371
1.336	16.226	20.371
1.337	16.225	20.371
1.337	16.227	20.372
1.337	16.232	20.371
1.337	16.235	20.373
1.337	16.242	20.373
1.338	16.260	20.368
1.338	16.263	20.369
1.339	16.270	20.369
1.339	16.272	20.369
1.340	16.278	20.370
1.341	16.271	20.370
1.341	16.276	20.371
1.341	16.282	20.369
1.341	16.285	20.370
1.342	16.297	20.370
1.342	16.309	20.369
1.342	16.312	20.370
1.343	16.320	20.371
1.343	16.324	20.370
1.343	16.326	20.371
1.344	16.322	20.371
1.344	16.327	20.372
1.344	16.335	20.371
1.345	16.348	20.370
1.345	16.352	20.368
1.346	16.358	20.369
1.346	16.367	20.368
1.347	16.370	20.370
1.348	16.377	20.370
1.349	16.369	20.370
1.349	16.370	20.368
1.349	16.370	20.372
1.349	16.373	20.369
1.349	16.384	20.369
1.350	16.390	20.367
1.350	16.393	20.368
1.350	16.395	20.369
1.351	16.401	20.369
1.352	16.406	20.370
1.353	16.413	20.371
1.353	16.418	20.371
1.354	16.415	20.370
1.354	16.420	20.371
1.355	16.440	20.370
1.355	16.444	20.370
1.356	16.455	20.368
1.357	16.463	20.370
1.357	16.467	20.370
1.357	16.461	20.371
1.358	16.468	20.368
1.359	16.478	20.370
1.359	16.498	20.370
1.360	16.503	20.369
1.360	16.505	20.371
1.360	16.512	20.371
1.362	16.521	20.369
1.362	16.528	20.370
1.363	16.536	20.370
1.363	16.531	20.369
1.365	16.564	20.370
1.366	16.569	20.369
1.365	16.573	20.371
1.365	16.573	20.367
1.366	16.580	20.370
1.367	16.589	20.368
1.367	16.595	20.370
1.367	16.607	20.369
1.368	16.604	20.370
1.369	16.636	20.370
1.370	16.648	20.367
1.371	16.654	20.368
1.371	16.660	20.371
1.372	16.663	20.370
1.372	16.668	20.369
1.373	16.676	20.368
1.373	16.681	20.367
1.373	16.683	20.369
1.373	16.676	20.370
1.374	16.698	20.369
1.374	16.708	20.368
1.376	16.716	20.368
1.376	16.724	20.368
1.377	16.736	20.369
1.378	16.746	20.366
1.378	16.758	20.368
1.379	16.767	20.369
1.380	16.772	20.368
1.379	16.775	20.367
1.379	16.774	20.368
1.379	16.779	20.370
1.381	16.798	20.369
1.381	16.804	20.369
1.382	16.808	20.370
1.382	16.813	20.369
1.383	16.821	20.369
1.383	16.823	20.370
1.384	16.811	20.370
1.384	16.831	20.369
1.386	16.836	20.368
1.387	16.842	20.368
1.387	16.847	20.369
1.387	16.848	20.369
1.387	16.851	20.367
1.388	16.856	20.368
1.388	16.859	20.367
1.390	16.866	20.367
1.391	16.879	20.369
1.391	16.893	20.367
1.391	16.900	20.370
1.391	16.907	20.369
1.392	16.915	20.368
1.393	16.919	20.368
1.394	16.921	20.367
1.393	16.922	20.367
1.393	16.924	20.369
1.393	16.909	20.368
1.394	16.930	20.367
1.394	16.931	20.367
1.394	16.931	20.368
1.394	16.937	20.368
1.395	16.947	20.368
1.396	16.958	20.365
1.396	16.965	20.367
1.397	16.968	20.367
1.397	16.966	20.368
1.399	16.970	20.370
1.399	16.988	20.367
1.399	16.993	20.367
1.400	17.004	20.369
1.401	17.014	20.367
1.401	17.026	20.367
1.402	17.034	20.366
1.402	17.040	20.370
1.403	17.041	20.368
1.404	17.047	20.365
1.404	17.053	20.370
1.404	17.048	20.368
1.405	17.068	20.368
1.406	17.085	20.367
1.407	17.098	20.367
1.407	17.114	20.367
1.408	17.120	20.365
1.408	17.126	20.366
1.408	17.124	20.367
1.409	17.120	20.369
1.409	17.138	20.366
1.409	17.140	20.367
1.410	17.147	20.368
1.410	17.151	20.367
1.410	17.158	20.366
1.411	17.163	20.366
1.411	17.167	20.367
1.411	17.173	20.366
1.411	17.164	20.365
1.411	17.166	20.370
1.412	17.172	20.368
1.413	17.181	20.369
1.412	17.197	20.367
1.414	17.200	20.368
1.414	17.212	20.368
1.416	17.243	20.365
1.417	17.258	20.368
1.418	17.260	20.368
1.418	17.261	20.369
1.419	17.270	20.368
1.419	17.279	20.368
1.420	17.283	20.367
1.420	17.288	20.368
1.420	17.294	20.367
1.421	17.300	20.367
1.421	17.310	20.368
1.422	17.312	20.369
1.423	17.302	20.368
1.423	17.305	20.368
1.424	17.307	20.368
1.423	17.309	20.368
1.424	17.326	20.367
1.424	17.334	20.368
1.425	17.339	20.368
1.426	17.346	20.366
1.425	17.346	20.367
1.426	17.351	20.365
1.428	17.358	20.368
1.429	17.371	20.368
1.430	17.376	20.367
1.431	17.385	20.367
1.432	17.406	20.368
1.432	17.412	20.369
1.433	17.419	20.367
1.434	17.430	20.368
1.434	17.444	20.366
1.435	17.439	20.367
1.435	17.445	20.370
1.435	17.453	20.368
1.436	17.456	20.367
1.436	17.471	20.367
1.436	17.477	20.366
1.437	17.482	20.366
1.437	17.487	20.366
1.438	17.493	20.367
1.439	17.496	20.367
1.439	17.493	20.366
1.439	17.517	20.368
1.440	17.521	20.365
1.441	17.529	20.366
1.441	17.542	20.366
1.442	17.549	20.367
1.443	17.557	20.367
1.444	17.573	20.365
1.444	17.586	20.368
1.445	17.584	20.366
1.445	17.589	20.369
1.446	17.596	20.367
1.447	17.611	20.368
1.448	17.636	20.368
1.449	17.646	20.366
1.449	17.661	20.368
1.450	17.680	20.368
1.452	17.699	20.367
1.454	17.713	20.367
1.455	17.719	20.367
1.456	17.733	20.368
1.457	17.739	20.367
1.457	17.757	20.366
1.458	17.761	20.366
1.457	17.761	20.366
1.458	17.763	20.366
1.458	17.763	20.366
1.458	17.763	20.366
1.459	17.766	20.366
1.459	17.770	20.368
1.459	17.759	20.366
1.459	17.761	20.365
1.460	17.764	20.367
1.461	17.786	20.365
1.461	17.786	20.365
1.460	17.787	20.365
1.461	17.796	20.366
1.462	17.803	20.366
1.463	17.796	20.366
1.463	17.799	20.367
1.464	17.809	20.365
1.465	17.825	20.364
1.465	17.844	20.367
1.466	17.850	20.366
1.466	17.857	20.366
1.466	17.862	20.366
1.467	17.868	20.365
1.467	17.871	20.365
1.469	17.867	20.367
1.470	17.901	20.366
1.470	17.905	20.366
1.470	17.908	20.366
1.471	17.917	20.364
1.472	17.923	20.366
1.472	17.932	20.366
1.472	17.941	20.366
1.473	17.946	20.365
1.475	17.939	20.367
1.475	17.967	20.367
1.476	17.971	20.366
1.476	17.978	20.365
1.476	17.983	20.369
1.476	17.989	20.367
1.477	17.993	20.365
1.476	18.001	20.365
1.478	18.006	20.366
1.477	18.003	20.367
1.479	18.022	20.367
1.479	18.035	20.367
1.480	18.042	20.367
1.480	18.044	20.367
1.481	18.050	20.367
1.481	18.065	20.365
1.483	18.086	20.366
1.482	18.091	20.366
1.484	18.097	20.367
1.484	18.101	20.365
1.483	18.103	20.365
1.484	18.101	20.367
1.486	18.121	20.366
1.485	18.133	20.365
1.486	18.140	20.364
1.486	18.146	20.365
1.486	18.149	20.364
1.487	18.152	20.366
1.488	18.155	20.368
1.488	18.163	20.367
1.488	18.176	20.365
1.489	18.180	20.368
1.489	18.185	20.365
1.490	18.188	20.366
1.491	18.192	20.366
1.492	18.200	20.366
1.492	18.209	20.367
1.493	18.216	20.368
1.493	18.201	20.368
1.493	18.226	20.365
1.494	18.231	20.367
1.494	18.235	20.364
1.495	18.237	20.364
1.496	18.242	20.365
1.497	18.250	20.365
1.497	18.260	20.366
1.499	18.274	20.365
1.499	18.270	20.366
1.500	18.292	20.366
1.502	18.304	20.366
1.503	18.319	20.365
1.504	18.331	20.365
1.504	18.342	20.365
1.505	18.349	20.366
1.506	18.359	20.365
1.506	18.366	20.366
1.507	18.372	20.365
1.507	18.360	20.366
1.507	18.384	20.367
1.508	18.391	20.365
1.509	18.396	20.365
1.508	18.402	20.366
1.509	18.408	20.367
1.509	18.417	20.365
1.511	18.424	20.365
1.511	18.435	20.366
1.512	18.445	20.367
1.513	18.457	20.367
1.513	18.462	20.367
1.513	18.455	20.367
1.514	18.474	20.365
1.514	18.479	20.365
1.514	18.482	20.365
1.515	18.491	20.368
1.515	18.494	20.365
1.515	18.496	20.366
1.515	18.481	20.367
1.515	18.506	20.364
1.515	18.511	20.366
1.515	18.516	20.366
1.516	18.520	20.366
1.516	18.524	20.365
1.517	18.530	20.366
1.518	18.533	20.364
1.519	18.539	20.369
1.518	18.538	20.367
1.519	18.526	20.365
1.518	18.542	20.365
1.519	18.551	20.368
1.519	18.555	20.367
1.519	18.555	20.363
1.520	18.558	20.365
1.519	18.563	20.365
1.520	18.566	20.366
1.520	18.567	20.366
1.520	18.558	20.364
1.520	18.555	20.367
1.520	18.571	20.366
1.520	18.579	20.365
1.520	18.586	20.366
1.521	18.591	20.366
1.522	18.603	20.367
1.522	18.618	20.366
1.523	18.628	20.364
1.524	18.637	20.365
1.524	18.624	20.367
1.524	18.627	20.365
1.525	18.639	20.366
1.525	18.652	20.367
1.525	18.655	20.365
1.526	18.658	20.367
1.526	18.665	20.365
1.527	18.671	20.367
1.528	18.676	20.364
1.528	18.679	20.366
1.528	18.684	20.366
1.529	18.688	20.364
1.529	18.683	20.364
1.529	18.676	20.367
1.530	18.695	20.365
1.530	18.700	20.364
1.531	18.701	20.365
1.531	18.702	20.364
1.531	18.706	20.365
1.531	18.694	20.365
1.532	18.697	20.366
1.532	18.703	20.365
1.533	18.720	20.365
1.533	18.733	20.366
1.533	18.738	20.363
1.535	18.745	20.365
1.535	18.752	20.365
1.536	18.757	20.366
1.536	18.757	20.365
1.536	18.749	20.368
1.536	18.765	20.366
1.537	18.780	20.366
1.538	18.783	20.367
1.538	18.787	20.367
1.538	18.799	20.367
1.540	18.808	20.365
1.539	18.811	20.366
1.540	18.815	20.368
1.539	18.801	20.369
1.540	18.805	20.366
1.541	18.811	20.369
1.541	18.832	20.368
1.543	18.852	20.367
1.544	18.864	20.364
1.544	18.874	20.367
1.545	18.884	20.366
1.547	18.890	20.366
1.547	18.889	20.367
1.547	18.881	20.368
1.547	18.884	20.366
1.547	18.900	20.367
1.548	18.917	20.366
1.548	18.921	20.366
1.549	18.926	20.368
1.549	18.937	20.365
1.550	18.947	20.364
1.550	18.947	20.365
1.550	18.954	20.366
1.552	18.965	20.367
1.551	18.974	20.366
1.552	18.984	20.367
1.553	18.990	20.367
1.554	19.010	20.365
1.555	19.015	20.365
1.554	19.017	20.366
1.554	19.022	20.364
1.554	19.022	20.365
1.555	19.015	20.367
1.555	19.019	20.367
1.555	19.025	20.364
1.555	19.029	20.366
1.556	19.049	20.367
1.556	19.049	20.365
1.556	19.050	20.365
1.556	19.052	20.365
1.556	19.054	20.366
1.556	19.050	20.366
1.556	19.043	20.365
1.556	19.049	20.367
1.557	19.055	20.366
1.557	19.063	20.366
1.559	19.080	20.367
1.559	19.087	20.364
1.559	19.094	20.365
1.560	19.100	20.365
1.560	19.103	20.365
1.560	19.095	20.366
1.560	19.096	20.369
1.561	19.120	20.366
1.561	19.125	20.366
1.561	19.131	20.366
1.562	19.139	20.365
1.564	19.147	20.366
1.564	19.153	20.364
1.565	19.156	20.367
1.565	19.137	20.367
1.564	19.158	20.367
1.565	19.160	20.367
1.565	19.161	20.366
1.566	19.163	20.366
1.566	19.163	20.366
1.566	19.164	20.366
1.566	19.168	20.365
1.566	19.174	20.366
1.567	19.182	20.367
1.568	19.189	20.365
1.568	19.196	20.365
1.569	19.202	20.367
1.568	19.203	20.367
1.569	19.200	20.368
1.570	19.209	20.367
1.569	19.214	20.368
1.570	19.219	20.365
1.571	19.222	20.365
1.571	19.214	20.367
1.571	19.227	20.369
1.571	19.236	20.368
1.572	19.237	20.366
1.572	19.239	20.366
1.572	19.241	20.365
1.572	19.244	20.366
1.574	19.249	20.364
1.574	19.253	20.367
1.574	19.259	20.368
1.575	19.247	20.367
1.576	19.282	20.365
1.577	19.299	20.367
1.578	19.313	20.368
1.579	19.323	20.366
1.579	19.330	20.365
1.579	19.334	20.362
1.579	19.338	20.368
1.580	19.345	20.367
1.580	19.330	20.367
1.581	19.353	20.368
1.582	19.360	20.366
1.581	19.362	20.365
1.582	19.369	20.366
1.583	19.373	20.365
1.583	19.385	20.364
1.584	19.397	20.366
1.585	19.402	20.365
1.585	19.409	20.366
1.585	19.400	20.367
1.585	19.427	20.365
1.586	19.431	20.366
1.586	19.434	20.365
1.586	19.435	20.366
1.586	19.437	20.363
1.586	19.443	20.365
1.587	19.451	20.365
1.588	19.460	20.365
1.587	19.463	20.365
1.589	19.470	20.365
1.590	19.473	20.365
1.589	19.478	20.367
1.590	19.483	20.366
1.589	19.488	20.366
1.590	19.491	20.363
1.591	19.495	20.363
1.591	19.504	20.366
1.591	19.506	20.366
1.591	19.493	20.367
1.592	19.518	20.364
1.591	19.521	20.366
1.592	19.531	20.364
1.592	19.541	20.367
1.593	19.551	20.366
1.595	19.566	20.367
1.597	19.586	20.365
1.598	19.603	20.367
1.598	19.594	20.370
1.599	19.612	20.366
1.600	19.615	20.366
1.600	19.617	20.368
1.601	19.617	20.366
1.601	19.617	20.367
1.602	19.617	20.367
1.602	19.618	20.367
1.601	19.618	20.363
1.602	19.618	20.365
1.602	19.605	20.369
1.602	19.626	20.366
1.602	19.634	20.365
1.603	19.641	20.365
1.603	19.646	20.365
1.604	19.653	20.365
1.605	19.661	20.366
1.605	19.668	20.367
1.606	19.676	20.365
1.607	19.673	20.366
1.607	19.668	20.367
1.608	19.675	20.366
1.608	19.684	20.366
1.608	19.704	20.368
1.609	19.707	20.366
1.609	19.712	20.366
1.610	19.720	20.366
1.610	19.724	20.365
1.610	19.730	20.368
1.610	19.737	20.367
1.611	19.742	20.366
1.611	19.751	20.366
1.612	19.763	20.367
1.613	19.770	20.366
1.614	19.775	20.366
1.614	19.779	20.365
1.614	19.784	20.365
1.615	19.792	20.366
1.616	19.796	20.364
1.617	19.792	20.367
1.617	19.797	20.367
1.618	19.806	20.365
1.618	19.812	20.365
1.618	19.841	20.362
1.620	19.849	20.365
1.620	19.854	20.364
1.621	19.866	20.364
1.621	19.880	20.366
1.621	19.866	20.367
1.622	19.873	20.366
1.622	19.875	20.365
1.622	19.880	20.365
1.622	19.890	20.365
1.623	19.885	20.370
1.623	19.914	20.369
1.624	19.929	20.365
1.623	19.934	20.368
1.624	19.937	20.365
1.626	19.930	20.368
1.626	19.938	20.368
1.627	19.950	20.366
1.627	19.961	20.367
1.628	19.981	20.364
1.629	19.991	20.366
1.628	19.998	20.365
1.629	20.007	20.363
1.630	20.009	20.364
1.630	20.002	20.366
1.630	20.005	20.366
1.630	20.010	20.367
1.631	20.019	20.365
1.631	20.027	20.366
1.633	20.045	20.367
1.632	20.052	20.365
1.633	20.058	20.365
1.634	20.065	20.366
1.634	20.070	20.365
1.635	20.081	20.366
1.635	20.084	20.365
1.636	20.090	20.366
1.636	20.093	20.366
1.637	20.102	20.366
1.638	20.105	20.365
1.639	20.110	20.367
1.639	20.117	20.367
1.640	20.122	20.364
1.640	20.113	20.365
1.641	20.123	20.366
1.641	20.135	20.365
1.642	20.142	20.367
1.643	20.168	20.364
1.644	20.178	20.367
1.644	20.185	20.367
1.645	20.190	20.366
1.646	20.194	20.366
1.647	20.203	20.365
1.647	20.209	20.364
1.648	20.219	20.366
1.648	20.226	20.367
1.648	20.227	20.366
1.648	20.231	20.366
1.648	20.233	20.364
1.649	20.235	20.363
1.649	20.239	20.365
1.649	20.242	20.365
1.650	20.233	20.367
1.650	20.238	20.365
1.651	20.248	20.367
1.651	20.256	20.365
1.651	20.276	20.364
1.653	20.295	20.364
1.654	20.300	20.365
1.654	20.303	20.365
1.654	20.308	20.364
1.655	20.306	20.365
1.655	20.302	20.365
1.656	20.309	20.368
1.656	20.310	20.368
1.657	20.337	20.367
1.658	20.340	20.365
1.657	20.347	20.367
1.658	20.349	20.365
1.658	20.353	20.365
1.659	20.358	20.368
1.659	20.362	20.367
1.659	20.371	20.369
1.659	20.378	20.366
1.658	20.386	20.367
1.660	20.393	20.367
1.659	20.396	20.367
1.660	20.401	20.368
1.660	20.407	20.367
1.661	20.414	20.366
1.661	20.414	20.365
1.662	20.409	20.367
1.662	20.414	20.368
1.662	20.439	20.367
1.663	20.447	20.366
1.663	20.450	20.367
1.663	20.455	20.367
1.664	20.462	20.365
1.664	20.467	20.366
1.664	20.470	20.366
1.664	20.455	20.366
1.665	20.456	20.366
1.664	20.474	20.366
1.664	20.478	20.366
1.665	20.486	20.364
1.667	20.495	20.366
1.667	20.505	20.367
1.669	20.519	20.366
1.670	20.536	20.367
1.672	20.535	20.367
1.674	20.564	20.365
1.673	20.568	20.367
1.674	20.568	20.367
1.674	20.569	20.365
1.674	20.570	20.365
1.675	20.569	20.366
1.676	20.572	20.363
1.676	20.579	20.365
1.676	20.584	20.365
1.677	20.567	20.369
1.677	20.600	20.362
1.678	20.612	20.365
1.678	20.622	20.365
1.680	20.630	20.365
1.679	20.634	20.365
1.680	20.645	20.362
1.681	20.654	20.365
1.682	20.659	20.366
1.682	20.664	20.366
1.682	20.669	20.368
1.682	20.674	20.367
1.682	20.681	20.366
1.683	20.690	20.366
1.683	20.700	20.367
1.684	20.705	20.366
1.684	20.712	20.369
1.685	20.715	20.368
1.686	20.724	20.367
1.688	20.712	20.367
1.689	20.747	20.368
1.689	20.753	20.367
1.689	20.761	20.367
1.690	20.772	20.368
1.690	20.776	20.366
1.691	20.781	20.367
1.691	20.786	20.365
1.691	20.788	20.366
1.691	20.778	20.367
1.691	20.790	20.368
1.691	20.797	20.364
1.690	20.801	20.365
1.691	20.806	20.366
1.691	20.813	20.366
1.694	20.825	20.365
1.694	20.837	20.366
1.694	20.844	20.365
1.694	20.848	20.364
1.695	20.832	20.370
1.694	20.857	20.366
1.696	20.866	20.367
1.696	20.877	20.366
1.697	20.886	20.365
1.697	20.893	20.367
1.697	20.897	20.365
1.698	20.901	20.366
1.697	20.903	20.364
1.698	20.894	20.368
1.698	20.911	20.367
1.698	20.920	20.364
1.700	20.926	20.367
1.700	20.935	20.367
1.701	20.940	20.366
1.701	20.949	20.365
1.701	20.965	20.366
1.702	20.970	20.366
1.701	20.974	20.366
1.703	20.982	20.365
1.703	20.988	20.365
1.704	20.995	20.363
1.704	21.002	20.364
1.705	21.010	20.367
1.708	21.015	20.366
1.708	21.022	20.365
1.708	21.025	20.365
1.709	21.026	20.365
1.710	21.015	20.365
1.709	21.004	20.367
1.710	21.003	20.365
1.711	21.020	20.369
1.711	21.032	20.365
1.712	21.034	20.364
1.712	21.036	20.366
1.713	21.042	20.364
1.713	21.043	20.366
1.713	21.045	20.366
1.714	21.022	20.368
1.715	21.052	20.364
