1.674	20.902	25.348
1.673	20.896	25.348
1.672	20.880	25.347
1.670	20.866	25.347
1.670	20.858	25.347
1.670	20.852	25.349
1.669	20.850	25.348
1.669	20.820	25.347
1.668	20.819	25.348
1.667	20.804	25.350
1.667	20.809	25.349
1.667	20.801	25.349
1.665	20.793	25.347
1.663	20.781	25.349
1.663	20.742	25.350
1.662	20.756	25.350
1.662	20.749	25.348
1.661	20.742	25.349
1.660	20.735	25.348
1.660	20.720	25.351
1.659	20.715	25.348
1.659	20.711	25.350
1.658	20.705	25.349
1.657	20.689	25.349
1.656	20.685	25.350
1.656	20.679	25.348
1.655	20.669	25.348
1.654	20.651	25.350
1.654	20.636	25.347
1.653	20.618	25.349
1.651	20.599	25.349
1.650	20.593	25.350
1.649	20.585	25.350
1.649	20.558	25.350
1.648	20.572	25.348
1.648	20.566	25.352
1.647	20.562	25.348
1.647	20.560	25.350
1.647	20.558	25.351
1.647	20.557	25.350
1.647	20.553	25.348
1.646	20.549	25.350
1.646	20.529	25.349
1.644	20.516	25.349
1.643	20.513	25.348
1.643	20.503	25.349
1.643	20.496	25.348
1.643	20.490	25.349
1.641	20.479	25.348
1.640	20.474	25.353
1.640	20.457	25.347
1.639	20.448	25.348
1.638	20.442	25.345
1.637	20.435	25.345
1.636	20.426	25.347
1.636	20.400	25.349
1.636	20.407	25.349
1.635	20.393	25.348
1.634	20.378	25.347
1.633	20.361	25.348
1.633	20.354	25.349
1.633	20.342	25.346
1.633	20.346	25.349
1.631	20.346	25.347
1.631	20.341	25.345
1.630	20.333	25.346
1.629	20.326	25.346
1.628	20.316	25.346
1.627	20.301	25.345
1.624	20.269	25.345
1.623	20.239	25.345
1.623	20.213	25.345
1.621	20.206	25.344
1.621	20.213	25.345
1.621	20.207	25.345
1.621	20.204	25.346
1.620	20.197	25.343
1.618	20.181	25.344
1.617	20.175	25.344
1.616	20.161	25.342
1.616	20.141	25.346
1.615	20.117	25.344
1.614	20.115	25.343
1.613	20.117	25.343
1.613	20.107	25.345
1.611	20.099	25.343
1.611	20.091	25.345
1.611	20.084	25.344
1.611	20.080	25.345
1.609	20.070	25.344
1.609	20.051	25.341
1.609	20.042	25.342
1.608	20.048	25.341
1.608	20.039	25.344
1.607	20.025	25.342
1.605	20.008	25.342
1.605	19.999	25.343
1.604	19.995	25.343
1.604	19.984	25.341
1.603	19.965	25.341
1.602	19.943	25.341
1.601	19.932	25.340
1.601	19.925	25.340
1.601	19.929	25.340
1.600	19.933	25.343
1.599	19.922	25.343
1.598	19.911	25.340
1.598	19.909	25.340
1.598	19.904	25.341
1.597	19.892	25.340
1.597	19.884	25.340
1.597	19.880	25.339
1.597	19.878	25.338
1.597	19.885	25.342
1.597	19.889	25.339
1.596	19.886	25.340
1.596	19.882	25.339
1.596	19.874	25.338
1.596	19.871	25.338
1.594	19.854	25.338
1.594	19.843	25.339
1.594	19.840	25.337
1.593	19.838	25.339
1.593	19.844	25.338
1.592	19.849	25.338
1.592	19.848	25.338
1.592	19.846	25.339
1.592	19.844	25.337
1.592	19.835	25.338
1.592	19.817	25.337
1.591	19.814	25.335
1.591	19.813	25.337
1.590	19.811	25.338
1.591	19.817	25.339
1.590	19.812	25.337
1.590	19.807	25.337
1.590	19.803	25.337
1.589	19.801	25.335
1.589	19.785	25.336
1.589	19.782	25.335
1.589	19.791	25.337
1.588	19.786	25.338
1.587	19.782	25.335
1.585	19.753	25.335
1.584	19.731	25.337
1.583	19.727	25.336
1.583	19.724	25.336
1.583	19.709	25.336
1.582	19.681	25.335
1.580	19.668	25.333
1.579	19.655	25.335
1.579	19.648	25.332
1.578	19.645	25.336
1.577	19.634	25.334
1.576	19.624	25.335
1.574	19.617	25.336
1.574	19.613	25.334
1.574	19.595	25.334
1.573	19.586	25.333
1.573	19.578	25.332
1.573	19.570	25.334
1.572	19.582	25.334
1.572	19.575	25.332
1.572	19.568	25.334
1.571	19.560	25.331
1.570	19.556	25.334
1.569	19.543	25.331
1.569	19.534	25.333
1.568	19.524	25.335
1.567	19.515	25.333
1.566	19.507	25.332
1.566	19.489	25.332
1.566	19.482	25.331
1.565	19.471	25.333
1.564	19.460	25.330
1.563	19.450	25.333
1.562	19.416	25.330
1.561	19.433	25.332
1.561	19.427	25.333
1.560	19.421	25.332
1.560	19.414	25.330
1.559	19.400	25.331
1.559	19.397	25.329
1.558	19.391	25.330
1.558	19.385	25.329
1.557	19.372	25.330
1.557	19.359	25.332
1.556	19.369	25.332
1.555	19.363	25.329
1.556	19.361	25.329
1.556	19.360	25.328
1.555	19.354	25.330
1.549	19.283	25.329
1.546	19.242	25.330
1.544	19.227	25.328
1.543	19.192	25.329
1.542	19.200	25.328
1.541	19.180	25.329
1.539	19.165	25.330
1.539	19.153	25.329
1.538	19.145	25.329
1.538	19.141	25.327
1.538	19.138	25.327
1.537	19.128	25.329
1.537	19.117	25.326
1.537	19.108	25.327
1.537	19.113	25.326
1.537	19.109	25.328
1.537	19.105	25.326
1.536	19.100	25.327
1.536	19.098	25.327
1.536	19.095	25.325
1.536	19.092	25.327
1.536	19.090	25.326
1.535	19.056	25.325
1.526	18.984	25.326
1.526	18.980	25.328
1.526	18.973	25.326
1.526	18.970	25.326
1.527	18.968	25.326
1.526	18.966	25.325
1.526	18.964	25.324
1.526	18.961	25.326
1.526	18.959	25.326
1.526	18.944	25.326
1.526	18.960	25.325
1.526	18.961	25.324
1.526	18.959	25.324
1.525	18.959	25.323
1.525	18.956	25.327
1.525	18.950	25.325
1.523	18.931	25.322
1.521	18.914	25.322
1.520	18.886	25.321
1.519	18.888	25.322
1.518	18.882	25.323
1.516	18.862	25.321
1.516	18.851	25.322
1.511	18.802	25.322
1.506	18.731	25.320
1.506	18.729	25.320
1.506	18.722	25.320
1.507	18.718	25.320
1.507	18.716	25.316
1.506	18.715	25.317
1.506	18.706	25.318
1.507	18.708	25.320
1.506	18.713	25.318
1.506	18.711	25.319
1.506	18.711	25.318
1.507	18.710	25.318
1.505	18.709	25.319
1.506	18.695	25.316
1.506	18.690	25.317
1.506	18.700	25.317
1.506	18.694	25.316
1.505	18.689	25.319
1.504	18.679	25.319
1.504	18.682	25.316
1.503	18.665	25.319
1.503	18.662	25.317
1.502	18.657	25.316
1.502	18.645	25.318
1.501	18.639	25.318
1.499	18.605	25.316
1.497	18.579	25.316
1.496	18.564	25.319
1.494	18.553	25.318
1.493	18.538	25.317
1.492	18.523	25.317
1.491	18.511	25.317
1.490	18.491	25.315
1.488	18.468	25.316
1.488	18.460	25.316
1.487	18.463	25.316
1.486	18.455	25.316
1.485	18.445	25.314
1.485	18.429	25.316
1.482	18.412	25.314
1.481	18.393	25.316
1.480	18.375	25.315
1.479	18.345	25.314
1.477	18.329	25.315
1.477	18.325	25.315
1.476	18.327	25.314
1.475	18.315	25.315
1.474	18.299	25.315
1.473	18.289	25.314
1.472	18.284	25.313
1.472	18.274	25.315
1.472	18.267	25.313
1.471	18.260	25.313
1.471	18.250	25.312
1.469	18.222	25.311
1.469	18.213	25.310
1.469	18.219	25.312
1.468	18.213	25.315
1.468	18.209	25.312
1.467	18.202	25.313
1.468	18.194	25.315
1.465	18.159	25.310
1.457	18.078	25.312
1.457	18.074	25.310
1.457	18.084	25.311
1.457	18.084	25.312
1.458	18.081	25.310
1.458	18.079	25.312
1.458	18.077	25.313
1.458	18.075	25.312
1.458	18.074	25.310
1.458	18.071	25.312
1.458	18.054	25.309
1.458	18.055	25.308
1.457	18.051	25.310
1.456	18.057	25.312
1.456	18.053	25.309
1.455	18.044	25.311
1.454	18.038	25.313
1.453	18.030	25.311
1.452	18.001	25.308
1.452	17.997	25.309
1.452	18.003	25.310
1.451	18.005	25.310
1.451	18.002	25.309
1.450	17.994	25.309
1.450	17.988	25.309
1.450	17.981	25.309
1.450	17.977	25.308
1.449	17.964	25.308
1.448	17.950	25.307
1.447	17.938	25.305
1.446	17.934	25.310
1.445	17.918	25.306
1.443	17.907	25.310
1.442	17.885	25.305
1.442	17.874	25.308
1.441	17.868	25.306
1.441	17.864	25.306
1.440	17.846	25.305
1.440	17.842	25.303
1.440	17.838	25.305
1.440	17.834	25.305
1.439	17.839	25.305
1.439	17.827	25.304
1.438	17.819	25.305
1.438	17.811	25.305
1.437	17.810	25.304
1.437	17.794	25.303
1.436	17.782	25.305
1.435	17.786	25.306
1.434	17.781	25.304
1.433	17.773	25.303
1.433	17.764	25.305
1.432	17.760	25.304
1.432	17.744	25.303
1.430	17.731	25.304
1.430	17.720	25.304
1.430	17.699	25.305
1.428	17.703	25.304
1.428	17.698	25.305
1.428	17.688	25.301
1.426	17.677	25.304
1.426	17.667	25.302
1.425	17.662	25.304
1.426	17.651	25.301
1.424	17.631	25.305
1.422	17.610	25.302
1.421	17.603	25.302
1.421	17.601	25.301
1.420	17.584	25.300
1.419	17.566	25.301
1.419	17.559	25.301
1.418	17.554	25.299
1.417	17.549	25.301
1.416	17.544	25.301
1.416	17.542	25.300
1.415	17.520	25.299
1.415	17.533	25.300
1.415	17.528	25.298
1.414	17.523	25.299
1.413	17.516	25.297
1.413	17.505	25.299
1.413	17.502	25.298
1.413	17.496	25.298
1.411	17.485	25.299
1.406	17.415	25.298
1.401	17.367	25.298
1.401	17.362	25.299
1.401	17.340	25.300
1.401	17.356	25.296
1.401	17.352	25.298
1.401	17.349	25.298
1.401	17.348	25.297
1.401	17.346	25.297
1.401	17.346	25.298
1.401	17.328	25.296
1.401	17.346	25.298
1.401	17.346	25.298
1.401	17.346	25.294
1.401	17.346	25.297
1.401	17.345	25.296
1.401	17.344	25.298
1.401	17.342	25.296
1.400	17.341	25.294
1.400	17.332	25.296
1.400	17.328	25.296
1.400	17.328	25.296
1.400	17.321	25.296
1.399	17.315	25.293
1.399	17.302	25.295
1.396	17.287	25.295
1.396	17.279	25.294
1.396	17.273	25.297
1.395	17.267	25.294
1.395	17.242	25.293
1.394	17.254	25.294
1.394	17.249	25.294
1.393	17.241	25.294
1.392	17.233	25.294
1.392	17.224	25.294
1.391	17.215	25.293
1.391	17.205	25.295
1.390	17.200	25.293
1.390	17.188	25.293
1.390	17.180	25.292
1.389	17.179	25.294
1.388	17.174	25.292
1.387	17.168	25.290
1.387	17.157	25.290
1.387	17.151	25.290
1.386	17.147	25.291
1.386	17.139	25.292
1.385	17.129	25.291
1.384	17.101	25.289
1.383	17.105	25.291
1.382	17.103	25.291
1.382	17.095	25.291
1.380	17.075	25.290
1.379	17.059	25.289
1.379	17.053	25.290
1.378	17.048	25.290
1.378	17.045	25.291
1.377	17.035	25.290
1.377	17.019	25.289
1.375	17.010	25.291
1.375	16.999	25.288
1.374	16.988	25.292
1.373	16.991	25.289
1.373	16.985	25.289
1.373	16.980	25.288
1.373	16.978	25.289
1.372	16.974	25.287
1.372	16.957	25.289
1.372	16.957	25.288
1.372	16.956	25.289
1.371	16.950	25.287
1.370	16.953	25.289
1.370	16.943	25.290
1.369	16.937	25.287
1.369	16.932	25.287
1.369	16.929	25.288
1.368	16.920	25.288
1.368	16.907	25.286
1.367	16.899	25.286
1.367	16.893	25.287
1.366	16.892	25.288
1.366	16.894	25.286
1.365	16.883	25.287
1.365	16.880	25.287
1.365	16.871	25.288
1.364	16.867	25.285
1.364	16.848	25.289
1.364	16.843	25.286
1.363	16.833	25.287
1.362	16.828	25.285
1.362	16.827	25.284
1.362	16.831	25.288
1.361	16.824	25.285
1.360	16.821	25.286
1.360	16.817	25.287
1.360	16.809	25.286
1.359	16.785	25.284
1.358	16.774	25.285
1.358	16.764	25.284
1.357	16.754	25.286
1.356	16.759	25.284
1.356	16.756	25.285
1.355	16.750	25.286
1.355	16.746	25.285
1.354	16.739	25.286
1.354	16.723	25.285
1.354	16.714	25.285
1.353	16.707	25.287
1.353	16.701	25.284
1.353	16.701	25.284
1.352	16.710	25.284
1.352	16.703	25.286
1.351	16.698	25.286
1.351	16.693	25.285
1.350	16.687	25.285
1.350	16.671	25.283
1.350	16.666	25.281
1.349	16.663	25.283
1.349	16.651	25.285
1.348	16.658	25.284
1.348	16.654	25.284
1.348	16.654	25.283
1.347	16.650	25.282
1.346	16.643	25.285
1.345	16.638	25.283
1.345	16.627	25.282
1.344	16.605	25.281
1.343	16.594	25.282
1.343	16.590	25.284
1.342	16.594	25.284
1.342	16.590	25.281
1.341	16.582	25.281
1.341	16.577	25.284
1.341	16.573	25.280
1.341	16.562	25.284
1.341	16.559	25.283
1.340	16.556	25.282
1.340	16.556	25.281
1.340	16.563	25.281
1.337	16.546	25.280
1.337	16.537	25.282
1.337	16.528	25.280
1.336	16.526	25.279
1.336	16.519	25.280
1.336	16.507	25.280
1.336	16.515	25.281
1.336	16.506	25.280
1.335	16.503	25.281
1.335	16.497	25.279
1.335	16.492	25.279
1.333	16.480	25.280
1.333	16.479	25.277
1.333	16.466	25.276
1.332	16.464	25.280
1.332	16.467	25.280
1.332	16.465	25.281
1.332	16.462	25.279
1.332	16.458	25.277
1.332	16.455	25.281
1.331	16.453	25.280
1.331	16.447	25.279
1.331	16.443	25.278
1.331	16.422	25.278
1.330	16.439	25.278
1.330	16.435	25.281
1.329	16.431	25.277
1.329	16.429	25.277
1.329	16.425	25.280
1.329	16.426	25.278
1.329	16.422	25.278
1.329	16.419	25.277
1.328	16.418	25.278
1.328	16.410	25.279
1.328	16.392	25.273
1.328	16.398	25.277
1.327	16.396	25.279
1.327	16.391	25.277
1.326	16.381	25.276
1.325	16.376	25.274
1.325	16.371	25.278
1.324	16.362	25.275
1.319	16.293	25.273
1.317	16.284	25.274
1.316	16.281	25.276
1.317	16.279	25.275
1.317	16.278	25.274
1.317	16.278	25.274
1.318	16.277	25.277
1.317	16.275	25.274
1.317	16.274	25.275
1.317	16.272	25.274
1.317	16.272	25.275
1.317	16.272	25.274
1.317	16.252	25.273
1.317	16.271	25.273
1.317	16.269	25.272
1.317	16.268	25.274
1.316	16.268	25.272
1.317	16.267	25.275
1.317	16.267	25.275
1.316	16.250	25.272
1.316	16.260	25.275
1.315	16.254	25.272
1.315	16.248	25.274
1.314	16.245	25.273
1.314	16.237	25.274
1.313	16.231	25.274
1.312	16.219	25.275
1.312	16.206	25.273
1.311	16.196	25.274
1.311	16.185	25.273
1.310	16.189	25.273
1.310	16.187	25.272
1.310	16.187	25.271
1.310	16.184	25.273
1.310	16.177	25.270
1.309	16.169	25.273
1.308	16.160	25.273
1.307	16.154	25.274
1.307	16.136	25.274
1.306	16.150	25.271
1.306	16.145	25.272
1.306	16.129	25.272
1.304	16.123	25.272
1.303	16.108	25.273
1.303	16.101	25.275
1.302	16.093	25.274
1.302	16.089	25.271
1.302	16.083	25.273
1.302	16.067	25.272
1.302	16.068	25.272
1.300	16.067	25.271
1.293	15.978	25.271
1.293	15.973	25.271
1.292	15.970	25.272
1.293	15.970	25.271
1.293	15.971	25.271
1.291	15.961	25.272
1.291	15.953	25.272
1.291	15.944	25.272
1.289	15.930	25.271
1.288	15.910	25.272
1.288	15.898	25.271
1.287	15.906	25.271
1.287	15.898	25.271
1.286	15.894	25.270
1.286	15.893	25.273
1.286	15.887	25.272
1.286	15.875	25.272
1.286	15.872	25.270
1.286	15.871	25.271
1.286	15.869	25.271
1.286	15.879	25.272
1.285	15.881	25.273
1.286	15.881	25.273
1.286	15.880	25.273
1.285	15.878	25.271
1.285	15.867	25.271
1.285	15.862	25.272
1.282	15.833	25.269
1.276	15.764	25.268
1.275	15.752	25.272
1.275	15.752	25.269
1.275	15.747	25.271
1.275	15.742	25.272
1.274	15.735	25.271
1.274	15.731	25.271
1.274	15.714	25.271
1.274	15.710	25.270
1.274	15.708	25.271
1.274	15.706	25.271
1.274	15.714	25.271
1.273	15.713	25.272
1.273	15.712	25.270
1.274	15.710	25.273
1.274	15.710	25.270
1.273	15.700	25.271
1.273	15.698	25.270
1.273	15.697	25.269
1.273	15.688	25.270
1.271	15.681	25.272
1.269	15.669	25.272
1.268	15.662	25.270
1.267	15.649	25.273
1.266	15.636	25.271
1.264	15.618	25.270
1.258	15.542	25.269
1.255	15.515	25.268
1.255	15.498	25.269
1.256	15.494	25.269
1.255	15.500	25.266
1.255	15.503	25.270
1.255	15.502	25.269
1.255	15.498	25.269
1.255	15.493	25.268
1.255	15.485	25.269
1.251	15.444	25.268
1.245	15.372	25.269
1.245	15.370	25.268
1.245	15.372	25.268
1.245	15.381	25.269
1.245	15.377	25.269
1.245	15.376	25.268
1.245	15.373	25.268
1.245	15.371	25.268
1.244	15.361	25.269
1.244	15.353	25.267
1.244	15.346	25.268
1.242	15.325	25.270
1.240	15.302	25.271
1.240	15.300	25.269
1.240	15.293	25.269
1.239	15.283	25.271
1.238	15.273	25.270
1.238	15.265	25.269
1.238	15.246	25.269
1.236	15.235	25.268
1.236	15.225	25.267
1.236	15.222	25.266
1.236	15.227	25.268
1.235	15.226	25.270
1.235	15.225	25.266
1.235	15.225	25.268
1.235	15.224	25.267
1.236	15.216	25.270
1.235	15.214	25.266
1.236	15.213	25.268
1.236	15.214	25.269
1.236	15.218	25.269
1.236	15.222	25.269
1.235	15.223	25.270
1.236	15.225	25.269
1.235	15.220	25.268
1.233	15.214	25.268
1.233	15.207	25.268
1.232	15.193	25.268
1.231	15.167	25.267
1.229	15.154	25.267
1.227	15.136	25.268
1.226	15.120	25.268
1.225	15.112	25.267
1.225	15.105	25.268
1.225	15.100	25.268
1.224	15.084	25.267
1.224	15.089	25.268
1.224	15.088	25.267
1.223	15.084	25.268
1.214	14.987	25.267
1.213	14.977	25.269
1.213	14.968	25.268
1.212	14.964	25.266
1.212	14.957	25.270
1.212	14.954	25.268
1.212	14.944	25.267
1.212	14.949	25.269
1.212	14.946	25.269
1.212	14.941	25.270
1.212	14.934	25.269
1.211	14.931	25.266
1.211	14.923	25.269
1.210	14.911	25.268
1.203	14.828	25.268
1.200	14.781	25.266
1.199	14.778	25.266
1.199	14.774	25.265
1.199	14.771	25.266
1.200	14.771	25.265
1.200	14.771	25.267
1.200	14.771	25.269
1.198	14.749	25.267
1.197	14.731	25.268
1.196	14.717	25.268
1.194	14.690	25.267
1.192	14.686	25.268
1.192	14.676	25.267
1.190	14.663	25.268
1.189	14.649	25.266
1.188	14.625	25.267
1.185	14.602	25.266
1.182	14.569	25.263
1.179	14.536	25.265
1.179	14.523	25.268
1.178	14.517	25.267
1.178	14.505	25.268
1.175	14.465	25.267
1.173	14.450	25.268
1.173	14.433	25.268
1.172	14.417	25.266
1.171	14.403	25.264
1.169	14.383	25.265
1.168	14.361	25.266
1.166	14.329	25.266
1.165	14.324	25.265
1.164	14.306	25.265
1.163	14.296	25.264
1.162	14.292	25.266
1.161	14.282	25.266
1.161	14.275	25.268
1.160	14.263	25.265
1.158	14.232	25.265
1.156	14.200	25.266
1.155	14.185	25.267
1.154	14.181	25.265
1.154	14.173	25.264
1.153	14.170	25.265
1.151	14.152	25.266
1.143	14.072	25.266
1.143	14.062	25.264
1.143	14.052	25.266
1.142	14.047	25.264
1.142	14.028	25.266
1.141	14.028	25.265
1.140	14.014	25.264
1.139	14.005	25.261
1.138	13.998	25.264
1.138	13.992	25.265
1.138	13.989	25.265
1.138	13.989	25.264
1.138	13.988	25.264
1.138	13.986	25.266
1.138	13.970	25.263
1.138	13.963	25.266
1.135	13.920	25.267
1.129	13.862	25.265
1.127	13.846	25.264
1.128	13.843	25.263
1.128	13.843	25.263
1.128	13.834	25.264
1.126	13.806	25.263
1.125	13.794	25.263
1.123	13.779	25.266
1.121	13.757	25.265
1.120	13.724	25.264
1.119	13.711	25.266
1.117	13.703	25.265
1.115	13.688	25.264
1.114	13.674	25.263
1.113	13.652	25.266
1.111	13.620	25.262
1.107	13.590	25.266
1.105	13.547	25.263
1.102	13.518	25.264
1.101	13.494	25.266
1.099	13.464	25.263
1.096	13.435	25.264
1.094	13.415	25.264
1.093	13.390	25.264
1.090	13.362	25.264
1.088	13.339	25.265
1.086	13.317	25.264
1.085	13.292	25.264
1.084	13.269	25.262
1.084	13.264	25.263
1.084	13.268	25.264
1.083	13.260	25.262
1.082	13.256	25.261
1.082	13.249	25.263
1.082	13.245	25.262
1.081	13.230	25.264
1.080	13.221	25.263
1.080	13.216	25.262
1.080	13.211	25.264
1.079	13.215	25.264
1.079	13.215	25.260
1.074	13.170	25.263
1.071	13.123	25.262
1.071	13.116	25.260
1.070	13.106	25.262
1.070	13.098	25.264
1.070	13.093	25.263
1.069	13.086	25.263
1.069	13.081	25.262
1.069	13.086	25.262
1.069	13.085	25.263
1.069	13.086	25.262
1.069	13.082	25.261
1.069	13.081	25.262
1.069	13.080	25.260
1.069	13.078	25.262
1.069	13.078	25.262
1.069	13.070	25.263
1.069	13.077	25.261
1.069	13.071	25.263
1.068	13.054	25.263
1.067	13.045	25.260
1.066	13.037	25.260
1.065	13.022	25.261
1.064	13.001	25.260
1.063	12.985	25.262
1.062	12.972	25.260
1.061	12.960	25.262
1.060	12.958	25.262
1.059	12.949	25.262
1.058	12.939	25.262
1.057	12.927	25.262
1.057	12.919	25.261
1.056	12.909	25.263
1.056	12.902	25.261
1.055	12.885	25.260
1.054	12.878	25.259
1.053	12.876	25.262
1.052	12.866	25.259
1.051	12.854	25.260
1.050	12.838	25.259
1.049	12.827	25.260
1.048	12.812	25.261
1.048	12.804	25.261
1.047	12.795	25.261
1.046	12.779	25.261
1.046	12.767	25.258
1.044	12.764	25.260
1.043	12.752	25.259
1.042	12.734	25.263
1.041	12.719	25.259
1.040	12.708	25.259
1.039	12.684	25.262
1.039	12.673	25.260
1.038	12.660	25.261
1.037	12.656	25.261
1.036	12.649	25.260
1.035	12.640	25.260
1.034	12.626	25.260
1.033	12.613	25.260
1.032	12.598	25.260
1.031	12.582	25.260
1.030	12.568	25.260
1.028	12.548	25.259
1.027	12.534	25.260
1.026	12.515	25.262
1.026	12.514	25.260
1.025	12.505	25.257
1.024	12.496	25.259
1.023	12.484	25.256
1.022	12.468	25.258
1.021	12.440	25.258
1.020	12.427	25.258
1.019	12.423	25.257
1.018	12.415	25.257
1.017	12.396	25.259
1.016	12.390	25.259
1.015	12.376	25.257
1.013	12.359	25.256
1.013	12.341	25.257
1.012	12.324	25.257
1.011	12.307	25.258
1.010	12.293	25.257
1.008	12.276	25.259
1.007	12.259	25.256
1.005	12.244	25.259
1.004	12.231	25.258
1.004	12.225	25.258
1.003	12.212	25.258
1.002	12.195	25.257
1.001	12.180	25.259
1.000	12.181	25.260
0.999	12.167	25.256
0.998	12.147	25.257
0.996	12.121	25.259
0.994	12.090	25.255
0.993	12.076	25.257
0.991	12.062	25.258
0.991	12.049	25.258
0.990	12.036	25.258
0.989	12.023	25.256
0.988	12.018	25.255
0.987	12.005	25.258
0.986	11.990	25.256
0.984	11.975	25.256
0.984	11.968	25.256
0.984	11.968	25.256
0.984	11.964	25.258
0.984	11.963	25.254
0.983	11.958	25.255
0.982	11.947	25.256
0.981	11.927	25.257
0.979	11.913	25.256
0.978	11.890	25.258
0.977	11.882	25.256
0.976	11.869	25.255
0.975	11.856	25.258
0.974	11.843	25.256
0.973	11.831	25.257
0.972	11.811	25.255
0.970	11.797	25.256
0.968	11.770	25.255
0.967	11.750	25.256
0.965	11.731	25.254
0.964	11.719	25.256
0.963	11.702	25.254
0.962	11.692	25.255
0.962	11.679	25.255
0.961	11.660	25.253
0.960	11.656	25.255
0.958	11.642	25.254
0.958	11.628	25.254
0.956	11.611	25.254
0.956	11.598	25.253
0.955	11.584	25.256
0.954	11.572	25.254
0.952	11.560	25.255
0.952	11.545	25.254
0.951	11.539	25.256
0.950	11.528	25.254
0.950	11.524	25.256
0.949	11.523	25.256
0.949	11.521	25.254
0.948	11.514	25.254
0.947	11.510	25.253
0.946	11.487	25.252
0.945	11.465	25.256
0.944	11.443	25.254
0.943	11.443	25.255
0.942	11.428	25.252
0.940	11.410	25.256
0.939	11.395	25.253
0.938	11.379	25.254
0.936	11.365	25.256
0.935	11.352	25.253
0.934	11.341	25.253
0.934	11.323	25.255
0.933	11.311	25.253
0.932	11.298	25.254
0.931	11.283	25.251
0.930	11.264	25.253
0.928	11.242	25.254
0.926	11.227	25.252
0.925	11.208	25.251
0.924	11.195	25.253
0.924	11.186	25.252
0.922	11.161	25.254
0.922	11.147	25.253
0.921	11.135	25.252
0.920	11.136	25.253
0.920	11.130	25.251
0.919	11.121	25.251
0.918	11.112	25.252
0.917	11.106	25.252
0.916	11.097	25.253
0.916	11.092	25.253
0.915	11.084	25.252
0.915	11.083	25.253
0.914	11.073	25.253
0.912	11.051	25.252
0.911	11.034	25.252
0.909	11.015	25.253
0.908	10.993	25.250
0.907	10.977	25.253
0.905	10.960	25.253
0.904	10.933	25.250
0.903	10.918	25.250
0.901	10.899	25.252
0.899	10.882	25.252
0.898	10.858	25.252
0.897	10.847	25.253
0.896	10.827	25.252
0.895	10.812	25.251
0.895	10.805	25.251
0.894	10.796	25.250
0.893	10.767	25.251
0.890	10.740	25.250
0.888	10.711	25.249
0.886	10.685	25.253
0.885	10.672	25.251
0.884	10.661	25.250
0.884	10.658	25.252
0.884	10.651	25.250
0.883	10.645	25.250
0.882	10.632	25.251
0.881	10.621	25.249
0.880	10.610	25.251
0.879	10.599	25.250
0.878	10.585	25.250
0.877	10.567	25.251
0.876	10.556	25.251
0.874	10.541	25.252
0.873	10.526	25.251
0.872	10.518	25.249
0.872	10.503	25.251
0.871	10.490	25.250
0.870	10.476	25.249
0.869	10.468	25.250
0.869	10.470	25.251
0.868	10.459	25.249
0.866	10.439	25.249
0.865	10.417	25.250
0.864	10.398	25.249
0.862	10.381	25.247
0.860	10.356	25.251
0.859	10.334	25.250
0.859	10.330	25.249
0.858	10.326	25.250
0.858	10.308	25.248
0.856	10.292	25.248
0.854	10.268	25.251
0.853	10.248	25.250
0.851	10.223	25.250
0.851	10.219	25.248
0.849	10.209	25.250
0.848	10.188	25.249
0.847	10.173	25.250
0.846	10.162	25.248
0.845	10.148	25.250
0.844	10.138	25.247
0.842	10.121	25.248
0.841	10.109	25.246
0.840	10.096	25.248
0.840	10.086	25.248
0.839	10.084	25.248
0.839	10.081	25.247
0.839	10.077	25.249
0.838	10.071	25.248
0.838	10.061	25.247
0.836	10.046	25.248
0.835	10.036	25.247
0.835	10.031	25.249
0.834	10.015	25.248
0.832	10.001	25.249
0.831	9.986	25.247
0.830	9.972	25.247
0.829	9.958	25.248
0.828	9.940	25.248
0.827	9.918	25.248
0.825	9.899	25.247
0.825	9.889	25.249
0.825	9.886	25.246
0.825	9.878	25.246
0.824	9.870	25.248
0.823	9.863	25.245
0.822	9.847	25.247
0.820	9.828	25.249
0.819	9.807	25.245
0.818	9.789	25.246
0.817	9.778	25.246
0.816	9.769	25.248
0.816	9.763	25.248
0.816	9.758	25.245
0.815	9.753	25.249
0.814	9.740	25.245
0.814	9.732	25.245
0.813	9.729	25.244
0.813	9.725	25.247
0.813	9.723	25.244
0.812	9.717	25.246
0.811	9.709	25.246
0.810	9.692	25.245
0.809	9.680	25.244
0.807	9.656	25.244
0.807	9.646	25.245
0.806	9.646	25.245
0.805	9.641	25.244
0.804	9.615	25.244
0.803	9.603	25.245
0.802	9.596	25.246
0.801	9.582	25.246
0.801	9.582	25.245
0.801	9.582	25.245
0.801	9.579	25.247
0.801	9.573	25.246
0.800	9.570	25.245
0.800	9.566	25.245
0.799	9.557	25.245
0.798	9.545	25.244
0.797	9.538	25.244
0.797	9.529	25.246
0.796	9.517	25.245
0.796	9.505	25.244
0.795	9.497	25.246
0.795	9.495	25.245
0.795	9.489	25.245
0.795	9.485	25.247
0.794	9.473	25.246
0.793	9.465	25.246
0.792	9.450	25.245
0.790	9.438	25.246
0.790	9.427	25.244
0.790	9.424	25.246
0.789	9.416	25.244
0.788	9.407	25.244
0.787	9.389	25.244
0.785	9.368	25.243
0.784	9.341	25.243
0.782	9.321	25.241
0.781	9.309	25.243
0.779	9.288	25.244
0.777	9.276	25.243
0.776	9.266	25.243
0.775	9.247	25.242
0.772	9.212	25.241
0.770	9.185	25.243
0.768	9.170	25.243
0.767	9.156	25.242
0.765	9.134	25.243
0.764	9.124	25.243
0.763	9.106	25.244
0.762	9.087	25.243
0.761	9.071	25.243
0.761	9.062	25.244
0.759	9.043	25.244
0.758	9.021	25.242
0.758	9.017	25.241
0.758	9.016	25.244
0.758	9.011	25.243
0.758	9.010	25.244
0.757	8.997	25.243
0.757	8.991	25.243
0.757	8.980	25.242
0.755	8.964	25.240
0.754	8.959	25.242
0.754	8.945	25.244
0.751	8.927	25.242
0.750	8.910	25.244
0.750	8.899	25.242
0.749	8.890	25.240
0.749	8.886	25.240
0.748	8.877	25.240
0.747	8.868	25.242
0.747	8.862	25.238
0.745	8.851	25.240
0.744	8.835	25.241
0.743	8.822	25.242
0.742	8.797	25.242
0.740	8.786	25.239
0.739	8.776	25.239
0.738	8.763	25.241
0.737	8.750	25.240
0.737	8.734	25.241
0.736	8.728	25.242
0.736	8.727	25.239
0.736	8.720	25.240
0.736	8.713	25.242
0.735	8.710	25.240
0.735	8.709	25.242
0.734	8.705	25.240
0.733	8.701	25.240
0.732	8.688	25.239
0.731	8.667	25.239
0.729	8.643	25.238
0.727	8.620	25.238
0.726	8.607	25.240
0.726	8.597	25.242
0.726	8.594	25.239
0.725	8.586	25.239
0.725	8.573	25.239
0.724	8.557	25.240
0.723	8.549	25.240
0.722	8.543	25.237
0.722	8.533	25.239
0.721	8.525	25.239
0.721	8.509	25.238
0.720	8.503	25.239
0.719	8.493	25.237
0.719	8.486	25.237
0.718	8.475	25.237
0.717	8.460	25.239
0.716	8.452	25.234
0.714	8.436	25.238
0.713	8.415	25.238
0.712	8.397	25.237
0.711	8.382	25.239
0.710	8.370	25.239
0.709	8.359	25.238
0.708	8.345	25.238
0.706	8.331	25.238
0.705	8.314	25.238
0.704	8.300	25.237
0.703	8.289	25.235
0.702	8.276	25.239
0.701	8.264	25.238
0.701	8.264	25.237
0.701	8.261	25.238
0.701	8.262	25.237
0.701	8.264	25.235
0.701	8.258	25.237
0.700	8.253	25.234
0.700	8.252	25.235
0.700	8.249	25.236
0.699	8.248	25.237
0.699	8.240	25.236
0.698	8.236	25.237
0.698	8.225	25.237
0.697	8.216	25.235
0.696	8.213	25.237
0.696	8.203	25.236
0.695	8.188	25.234
0.694	8.177	25.233
0.693	8.164	25.236
0.692	8.150	25.235
0.691	8.140	25.231
0.691	8.129	25.234
0.690	8.118	25.232
0.689	8.112	25.234
0.689	8.107	25.234
0.689	8.096	25.234
0.688	8.081	25.233
0.686	8.063	25.235
0.684	8.042	25.233
0.683	8.023	25.234
0.683	8.014	25.235
0.682	8.009	25.235
0.682	8.002	25.234
0.680	7.988	25.233
0.680	7.976	25.233
0.679	7.966	25.235
0.677	7.956	25.232
0.677	7.945	25.233
0.676	7.933	25.233
0.676	7.928	25.231
0.675	7.921	25.232
0.674	7.911	25.233
0.673	7.905	25.232
0.673	7.893	25.232
0.672	7.886	25.229
0.672	7.884	25.232
0.672	7.879	25.236
0.671	7.869	25.232
0.671	7.853	25.230
0.670	7.841	25.232
0.669	7.828	25.230
0.668	7.820	25.230
0.667	7.815	25.231
0.666	7.806	25.232
0.666	7.802	25.233
0.666	7.801	25.231
0.665	7.800	25.229
0.665	7.793	25.230
0.663	7.776	25.231
0.662	7.767	25.228
0.661	7.757	25.229
0.660	7.742	25.230
0.659	7.728	25.229
0.658	7.715	25.229
0.658	7.709	25.230
0.656	7.691	25.229
0.655	7.670	25.230
0.654	7.655	25.228
0.653	7.645	25.231
0.652	7.629	25.227
0.651	7.617	25.227
0.651	7.611	25.231
0.651	7.608	25.230
0.651	7.602	25.229
0.649	7.584	25.227
0.647	7.561	25.230
0.646	7.544	25.228
0.645	7.532	25.229
0.645	7.528	25.228
0.644	7.520	25.229
0.644	7.511	25.227
0.643	7.499	25.226
0.642	7.483	25.228
0.641	7.471	25.230
0.640	7.458	25.228
0.639	7.447	25.228
0.638	7.433	25.227
0.637	7.419	25.227
0.636	7.410	25.226
0.635	7.398	25.227
0.635	7.390	25.226
0.634	7.380	25.228
0.633	7.364	25.226
0.632	7.357	25.227
0.631	7.345	25.226
0.630	7.338	25.225
0.629	7.332	25.227
0.629	7.330	25.227
0.628	7.324	25.227
0.627	7.309	25.225
0.625	7.295	25.224
0.625	7.285	25.227
0.624	7.275	25.226
0.623	7.259	25.226
0.622	7.240	25.227
0.621	7.227	25.224
0.620	7.216	25.226
0.619	7.202	25.225
0.618	7.181	25.224
0.617	7.172	25.226
0.616	7.165	25.226
0.616	7.151	25.226
0.614	7.130	25.226
0.612	7.107	25.225
0.611	7.092	25.225
0.611	7.080	25.226
0.610	7.071	25.225
0.609	7.056	25.225
0.608	7.049	25.224
0.608	7.043	25.225
0.607	7.028	25.224
0.605	7.019	25.225
0.604	7.002	25.224
0.602	6.976	25.222
0.600	6.949	25.223
0.599	6.934	25.223
0.598	6.925	25.223
0.598	6.921	25.223
0.598	6.919	25.223
0.598	6.916	25.223
0.597	6.909	25.223
0.596	6.896	25.222
0.595	6.880	25.222
0.592	6.861	25.223
0.591	6.843	25.222
0.591	6.836	25.223
0.590	6.824	25.220
0.589	6.812	25.222
0.588	6.799	25.221
0.587	6.793	25.224
0.587	6.783	25.221
0.586	6.773	25.222
0.586	6.770	25.221
0.586	6.767	25.221
0.586	6.763	25.222
0.585	6.751	25.221
0.584	6.733	25.220
0.583	6.724	25.220
0.582	6.709	25.221
0.582	6.692	25.221
0.581	6.684	25.223
0.579	6.667	25.220
0.577	6.641	25.220
0.577	6.635	25.220
0.576	6.626	25.221
0.574	6.605	25.220
0.574	6.598	25.221
0.573	6.588	25.219
0.571	6.566	25.219
0.570	6.540	25.219
0.569	6.529	25.218
0.568	6.519	25.218
0.568	6.513	25.220
0.567	6.506	25.219
0.567	6.494	25.219
0.566	6.489	25.220
0.565	6.482	25.217
0.565	6.478	25.219
0.564	6.470	25.219
0.563	6.455	25.219
0.562	6.442	25.219
0.561	6.433	25.218
0.561	6.421	25.218
0.560	6.414	25.217
0.559	6.400	25.217
0.558	6.387	25.218
0.558	6.377	25.219
0.557	6.372	25.219
0.556	6.370	25.219
0.555	6.364	25.215
0.554	6.358	25.218
0.553	6.344	25.219
0.552	6.333	25.217
0.551	6.315	25.218
0.550	6.299	25.219
0.549	6.283	25.217
0.548	6.261	25.217
0.547	6.243	25.218
0.546	6.226	25.216
0.546	6.224	25.213
0.546	6.223	25.215
0.545	6.216	25.216
0.544	6.211	25.216
0.543	6.188	25.216
0.541	6.162	25.214
0.540	6.147	25.215
0.539	6.140	25.212
0.538	6.128	25.216
0.537	6.113	25.214
0.536	6.097	25.214
0.535	6.091	25.212
0.535	6.091	25.216
0.535	6.089	25.215
0.535	6.083	25.214
0.534	6.079	25.215
0.533	6.064	25.214
0.532	6.048	25.214
0.532	6.039	25.213
0.531	6.032	25.214
0.530	6.017	25.213
0.529	6.003	25.213
0.529	5.994	25.213
0.528	5.986	25.214
0.528	5.978	25.213
0.527	5.969	25.213
0.525	5.957	25.213
0.525	5.956	25.212
0.525	5.955	25.210
0.525	5.950	25.210
