
1.641	20.956	30.325
1.641	20.948	30.326
1.641	20.935	30.325
1.640	20.931	30.326
1.640	20.923	30.321
1.640	20.913	30.322
1.640	20.907	30.323
1.639	20.904	30.322
1.639	20.899	30.321
1.638	20.891	30.319
1.638	20.898	30.323
1.637	20.890	30.323
1.637	20.884	30.321
1.636	20.876	30.320
1.635	20.870	30.320
1.636	20.862	30.318
1.635	20.855	30.319
1.635	20.850	30.318
1.635	20.825	30.315
1.635	20.850	30.319
1.634	20.848	30.318
1.634	20.842	30.316
1.634	20.832	30.316
1.633	20.818	30.316
1.633	20.809	30.314
1.633	20.802	30.315
1.632	20.800	30.313
1.632	20.795	30.313
1.631	20.782	30.313
1.631	20.792	30.313
1.630	20.789	30.315
1.630	20.784	30.313
1.630	20.782	30.310
1.630	20.779	30.311
1.630	20.780	30.310
1.630	20.776	30.310
1.629	20.771	30.310
1.629	20.761	30.311
1.628	20.748	30.312
1.628	20.741	30.308
1.628	20.729	30.311
1.628	20.740	30.310
1.628	20.737	30.310
1.628	20.734	30.309
1.627	20.731	30.306
1.626	20.730	30.307
1.627	20.722	30.305
1.627	20.709	30.305
1.626	20.706	30.305
1.626	20.704	30.305
1.625	20.699	30.303
1.624	20.721	30.305
1.624	20.705	30.304
1.624	20.705	30.305
1.624	20.703	30.304
1.624	20.700	30.303
1.624	20.697	30.302
1.623	20.678	30.301
1.624	20.679	30.300
1.624	20.679	30.301
1.624	20.685	30.301
1.624	20.685	30.300
1.623	20.679	30.302
1.623	20.676	30.303
1.622	20.674	30.300
1.622	20.661	30.300
1.621	20.645	30.301
1.621	20.640	30.300
1.621	20.634	30.298
1.620	20.639	30.298
1.620	20.630	30.300
1.618	20.615	30.299
1.617	20.595	30.299
1.617	20.590	30.297
1.616	20.582	30.297
1.616	20.562	30.297
1.615	20.558	30.296
1.616	20.557	30.296
1.615	20.555	30.295
1.615	20.558	30.297
1.614	20.567	30.294
1.614	20.566	30.296
1.614	20.563	30.294
1.614	20.561	30.294
1.613	20.552	30.292
1.612	20.537	30.292
1.611	20.531	30.293
1.611	20.515	30.293
1.610	20.505	30.293
1.610	20.515	30.292
1.609	20.510	30.293
1.609	20.506	30.289
1.609	20.501	30.294
1.608	20.494	30.292
1.608	20.467	30.290
1.607	20.454	30.292
1.605	20.438	30.289
1.604	20.428	30.290
1.604	20.423	30.290
1.604	20.432	30.292
1.603	20.423	30.287
1.603	20.416	30.289
1.602	20.411	30.288
1.603	20.409	30.290
1.602	20.388	30.289
1.602	20.377	30.290
1.601	20.366	30.289
1.600	20.359	30.289
1.600	20.357	30.289
1.599	20.349	30.286
1.598	20.343	30.286
1.598	20.337	30.286
1.597	20.332	30.285
1.596	20.315	30.283
1.596	20.301	30.286
1.595	20.290	30.285
1.592	20.253	30.286
1.591	20.234	30.284
1.590	20.241	30.283
1.590	20.232	30.283
1.589	20.223	30.284
1.588	20.214	30.282
1.587	20.201	30.283
1.586	20.173	30.282
1.585	20.158	30.281
1.584	20.137	30.284
1.581	20.112	30.285
1.581	20.107	30.279
1.580	20.107	30.282
1.580	20.105	30.279
1.580	20.105	30.281
1.580	20.105	30.280
1.580	20.097	30.281
1.580	20.088	30.280
1.580	20.087	30.278
1.580	20.084	30.282
1.580	20.094	30.279
1.580	20.093	30.276
1.579	20.088	30.278
1.578	20.081	30.275
1.578	20.079	30.277
1.578	20.075	30.276
1.578	20.056	30.275
1.578	20.070	30.276
1.577	20.068	30.277
1.576	20.058	30.275
1.576	20.048	30.275
1.574	20.038	30.277
1.573	20.032	30.276
1.573	20.023	30.277
1.572	20.013	30.277
1.571	19.986	30.270
1.571	19.991	30.276
1.571	19.986	30.275
1.571	19.978	30.272
1.570	19.966	30.272
1.570	19.958	30.272
1.569	19.952	30.274
1.569	19.948	30.274
1.568	19.946	30.270
1.568	19.944	30.273
1.568	19.921	30.269
1.567	19.928	30.272
1.567	19.920	30.269
1.566	19.910	30.271
1.566	19.910	30.268
1.565	19.903	30.268
1.566	19.899	30.267
1.565	19.897	30.268
1.565	19.894	30.269
1.565	19.890	30.266
1.564	19.874	30.267
1.564	19.885	30.265
1.564	19.883	30.264
1.564	19.879	30.264
1.564	19.873	30.265
1.563	19.869	30.266
1.563	19.863	30.264
1.562	19.858	30.262
1.561	19.849	30.263
1.561	19.839	30.264
1.561	19.832	30.263
1.560	19.801	30.263
1.560	19.818	30.264
1.559	19.812	30.261
1.559	19.803	30.262
1.559	19.797	30.262
1.558	19.790	30.260
1.558	19.788	30.260
1.557	19.768	30.262
1.557	19.782	30.262
1.556	19.780	30.260
1.555	19.776	30.260
1.556	19.773	30.259
1.555	19.766	30.257
1.555	19.763	30.258
1.555	19.753	30.258
1.555	19.751	30.257
1.554	19.743	30.258
1.554	19.729	30.257
1.554	19.737	30.258
1.553	19.730	30.256
1.552	19.723	30.257
1.552	19.711	30.258
1.551	19.703	30.254
1.550	19.700	30.254
1.549	19.688	30.254
1.549	19.678	30.253
1.549	19.649	30.254
1.548	19.665	30.253
1.548	19.657	30.252
1.547	19.650	30.251
1.546	19.636	30.251
1.545	19.631	30.251
1.546	19.627	30.252
1.544	19.622	30.250
1.544	19.617	30.250
1.543	19.610	30.250
1.542	19.603	30.251
1.542	19.585	30.251
1.543	19.598	30.248
1.542	19.595	30.249
1.542	19.589	30.247
1.541	19.580	30.249
1.540	19.568	30.250
1.540	19.564	30.249
1.539	19.557	30.249
1.539	19.552	30.248
1.537	19.541	30.247
1.537	19.529	30.244
1.537	19.509	30.246
1.537	19.499	30.244
1.537	19.509	30.245
1.536	19.500	30.245
1.535	19.487	30.245
1.535	19.482	30.243
1.534	19.478	30.242
1.534	19.458	30.246
1.534	19.455	30.243
1.533	19.450	30.245
1.533	19.445	30.243
1.533	19.442	30.241
1.532	19.446	30.241
1.532	19.444	30.241
1.531	19.437	30.241
1.531	19.432	30.240
1.530	19.422	30.242
1.529	19.402	30.239
1.530	19.393	30.240
1.528	19.384	30.240
1.528	19.375	30.241
1.527	19.372	30.237
1.526	19.367	30.238
1.526	19.361	30.238
1.525	19.357	30.237
1.526	19.354	30.237
1.525	19.335	30.238
1.524	19.323	30.238
1.522	19.310	30.236
1.522	19.301	30.236
1.522	19.301	30.236
1.521	19.308	30.235
1.521	19.300	30.235
1.521	19.294	30.235
1.520	19.287	30.235
1.520	19.275	30.233
1.519	19.269	30.232
1.519	19.246	30.233
1.518	19.238	30.232
1.517	19.227	30.234
1.516	19.233	30.233
1.516	19.231	30.232
1.515	19.226	30.232
1.515	19.222	30.229
1.515	19.217	30.231
1.514	19.197	30.228
1.513	19.186	30.228
1.513	19.180	30.226
1.513	19.170	30.228
1.512	19.166	30.226
1.511	19.173	30.228
1.510	19.165	30.227
1.509	19.156	30.227
1.509	19.150	30.228
1.508	19.140	30.224
1.508	19.112	30.223
1.506	19.103	30.222
1.505	19.093	30.221
1.505	19.082	30.223
1.505	19.095	30.226
1.504	19.088	30.222
1.504	19.081	30.221
1.503	19.074	30.224
1.503	19.065	30.220
1.503	19.048	30.222
1.502	19.033	30.218
1.502	19.028	30.218
1.499	19.019	30.220
1.500	19.017	30.218
1.500	19.023	30.219
1.500	19.016	30.217
1.499	19.008	30.217
1.499	19.006	30.216
1.498	19.002	30.216
1.499	18.994	30.216
1.498	18.981	30.214
1.498	18.980	30.214
1.498	18.977	30.214
1.498	18.990	30.214
1.498	18.991	30.214
1.498	18.987	30.212
1.498	18.984	30.213
1.498	18.982	30.212
1.498	18.982	30.212
1.498	18.970	30.211
1.498	18.960	30.210
1.497	18.958	30.210
1.497	18.962	30.210
1.497	18.968	30.209
1.497	18.966	30.210
1.497	18.962	30.207
1.496	18.958	30.209
1.496	18.947	30.209
1.496	18.934	30.205
1.495	18.933	30.209
1.496	18.931	30.205
1.494	18.945	30.205
1.494	18.937	30.206
1.494	18.932	30.205
1.493	18.925	30.205
1.492	18.917	30.205
1.492	18.909	30.204
1.492	18.884	30.204
1.491	18.893	30.204
1.491	18.886	30.202
1.489	18.883	30.202
1.488	18.871	30.203
1.488	18.861	30.202
1.488	18.856	30.201
1.487	18.848	30.200
1.487	18.836	30.201
1.486	18.812	30.201
1.485	18.825	30.201
1.485	18.823	30.199
1.485	18.816	30.197
1.484	18.812	30.199
1.484	18.802	30.199
1.483	18.789	30.199
1.482	18.785	30.197
1.481	18.780	30.195
1.481	18.774	30.197
1.481	18.766	30.196
1.481	18.756	30.195
1.481	18.762	30.195
1.480	18.758	30.195
1.480	18.754	30.193
1.480	18.750	30.193
1.480	18.751	30.194
1.480	18.742	30.192
1.479	18.737	30.193
1.479	18.730	30.192
1.477	18.724	30.189
1.477	18.709	30.189
1.476	18.709	30.190
1.476	18.706	30.192
1.476	18.701	30.189
1.475	18.697	30.188
1.475	18.689	30.190
1.475	18.688	30.188
1.474	18.683	30.190
1.474	18.678	30.187
1.473	18.665	30.189
1.472	18.638	30.186
1.471	18.652	30.187
1.471	18.650	30.184
1.471	18.644	30.185
1.470	18.640	30.183
1.470	18.636	30.183
1.469	18.628	30.184
1.470	18.612	30.183
1.470	18.624	30.183
1.469	18.626	30.182
1.469	18.624	30.181
1.469	18.615	30.181
1.468	18.595	30.180
1.467	18.584	30.182
1.466	18.577	30.182
1.466	18.568	30.181
1.465	18.566	30.180
1.465	18.546	30.176
1.465	18.555	30.180
1.465	18.549	30.179
1.465	18.545	30.175
1.465	18.540	30.176
1.464	18.538	30.178
1.464	18.530	30.177
1.464	18.523	30.173
1.463	18.518	30.175
1.462	18.496	30.174
1.462	18.512	30.172
1.461	18.506	30.172
1.461	18.500	30.172
1.461	18.494	30.173
1.461	18.490	30.171
1.461	18.486	30.173
1.461	18.485	30.171
1.461	18.480	30.172
1.460	18.475	30.172
1.460	18.469	30.169
1.459	18.461	30.170
1.459	18.453	30.171
1.457	18.443	30.169
1.458	18.450	30.170
1.458	18.447	30.168
1.457	18.446	30.169
1.456	18.442	30.170
1.456	18.433	30.166
1.456	18.433	30.168
1.456	18.429	30.167
1.456	18.425	30.164
1.455	18.402	30.165
1.455	18.402	30.164
1.454	18.410	30.163
1.454	18.406	30.166
1.452	18.396	30.163
1.452	18.387	30.165
1.451	18.374	30.163
1.450	18.340	30.162
1.449	18.329	30.161
1.448	18.318	30.163
1.448	18.311	30.161
1.448	18.315	30.161
1.447	18.308	30.162
1.446	18.299	30.160
1.445	18.293	30.160
1.446	18.288	30.159
1.445	18.274	30.159
1.445	18.268	30.157
1.444	18.257	30.159
1.443	18.248	30.157
1.443	18.244	30.157
1.442	18.250	30.158
1.441	18.241	30.156
1.440	18.225	30.157
1.440	18.219	30.155
1.439	18.204	30.155
1.439	18.182	30.156
1.439	18.179	30.156
1.438	18.176	30.157
1.437	18.179	30.153
1.437	18.182	30.154
1.436	18.178	30.154
1.436	18.175	30.155
1.435	18.171	30.155
1.435	18.166	30.152
1.435	18.164	30.153
1.435	18.162	30.155
1.435	18.158	30.153
1.434	18.143	30.151
1.434	18.133	30.154
1.434	18.135	30.153
1.434	18.132	30.150
1.433	18.129	30.151
1.433	18.128	30.150
1.432	18.119	30.151
1.431	18.094	30.149
1.431	18.083	30.151
1.430	18.079	30.150
1.430	18.071	30.147
1.430	18.075	30.149
1.429	18.069	30.150
1.429	18.065	30.148
1.429	18.058	30.148
1.428	18.053	30.148
1.427	18.033	30.147
1.426	18.024	30.148
1.426	18.020	30.149
1.426	18.018	30.148
1.425	18.025	30.146
1.425	18.030	30.148
1.425	18.025	30.148
1.425	18.014	30.147
1.424	18.004	30.146
1.424	17.996	30.146
1.423	17.974	30.144
1.422	17.965	30.141
1.422	17.957	30.144
1.420	17.949	30.141
1.420	17.958	30.144
1.420	17.957	30.145
1.420	17.952	30.144
1.419	17.943	30.142
1.418	17.932	30.143
1.419	17.915	30.140
1.418	17.909	30.141
1.418	17.902	30.141
1.416	17.896	30.140
1.416	17.890	30.139
1.415	17.887	30.141
1.415	17.883	30.140
1.415	17.880	30.142
1.414	17.879	30.141
1.414	17.872	30.140
1.413	17.860	30.140
1.411	17.849	30.141
1.411	17.838	30.141
1.411	17.830	30.137
1.410	17.817	30.137
1.410	17.814	30.139
1.409	17.811	30.140
1.409	17.808	30.138
1.409	17.804	30.138
1.409	17.787	30.131
1.408	17.774	30.137
1.407	17.769	30.133
1.407	17.766	30.133
1.406	17.764	30.136
1.406	17.765	30.137
1.405	17.754	30.136
1.404	17.743	30.137
1.404	17.739	30.136
1.404	17.737	30.135
1.404	17.722	30.132
1.403	17.715	30.132
1.402	17.712	30.131
1.402	17.719	30.135
1.401	17.715	30.132
1.401	17.709	30.133
1.400	17.701	30.133
1.400	17.699	30.134
1.400	17.695	30.132
1.400	17.671	30.130
1.400	17.688	30.133
1.400	17.686	30.130
1.399	17.680	30.131
1.398	17.676	30.130
1.399	17.669	30.133
1.399	17.667	30.132
1.398	17.667	30.127
1.398	17.666	30.129
1.397	17.655	30.127
1.397	17.658	30.128
1.397	17.657	30.129
1.396	17.650	30.128
1.396	17.639	30.128
1.396	17.628	30.128
1.395	17.616	30.127
1.394	17.611	30.129
1.394	17.604	30.127
1.393	17.599	30.127
1.392	17.589	30.127
1.392	17.580	30.127
1.392	17.574	30.124
1.391	17.568	30.126
1.391	17.566	30.123
1.391	17.562	30.126
1.391	17.559	30.124
1.390	17.558	30.125
1.390	17.554	30.125
1.390	17.554	30.122
1.390	17.550	30.122
1.390	17.545	30.124
1.389	17.524	30.121
1.388	17.538	30.124
1.387	17.527	30.122
1.387	17.519	30.121
1.387	17.517	30.121
1.386	17.512	30.121
1.386	17.505	30.122
1.386	17.480	30.119
1.386	17.496	30.120
1.385	17.493	30.119
1.385	17.489	30.120
1.385	17.485	30.118
1.384	17.480	30.119
1.385	17.479	30.120
1.384	17.474	30.121
1.383	17.467	30.118
1.382	17.460	30.119
1.382	17.447	30.119
1.382	17.456	30.117
1.382	17.451	30.115
1.381	17.439	30.115
1.380	17.423	30.118
1.380	17.417	30.118
1.379	17.412	30.115
1.379	17.407	30.115
1.379	17.403	30.114
1.378	17.384	30.115
1.378	17.395	30.117
1.377	17.395	30.117
1.377	17.393	30.115
1.377	17.385	30.115
1.376	17.375	30.116
1.376	17.371	30.113
1.375	17.366	30.115
1.375	17.363	30.115
1.375	17.361	30.114
1.375	17.361	30.114
1.375	17.358	30.113
1.375	17.357	30.113
1.374	17.351	30.114
1.373	17.349	30.113
1.373	17.346	30.113
1.373	17.343	30.111
1.373	17.340	30.112
1.373	17.335	30.110
1.372	17.328	30.112
1.372	17.322	30.112
1.371	17.315	30.112
1.371	17.297	30.112
1.370	17.306	30.111
1.370	17.296	30.112
1.370	17.293	30.109
1.369	17.288	30.110
1.369	17.286	30.109
1.369	17.282	30.107
1.368	17.261	30.109
1.369	17.276	30.109
1.368	17.274	30.108
1.368	17.273	30.110
1.368	17.271	30.107
1.368	17.271	30.109
1.368	17.264	30.105
1.367	17.257	30.108
1.367	17.249	30.107
1.366	17.244	30.107
1.365	17.236	30.107
1.365	17.214	30.108
1.365	17.228	30.105
1.365	17.224	30.106
1.364	17.224	30.107
1.365	17.221	30.107
1.365	17.221	30.106
1.364	17.218	30.107
1.364	17.214	30.105
1.364	17.200	30.104
1.364	17.194	30.105
1.363	17.191	30.106
1.363	17.187	30.105
1.363	17.192	30.104
1.363	17.194	30.104
1.362	17.189	30.106
1.362	17.186	30.104
1.362	17.181	30.102
1.362	17.177	30.105
1.362	17.175	30.101
1.361	17.171	30.102
1.360	17.163	30.102
1.360	17.157	30.101
1.359	17.152	30.103
1.359	17.148	30.101
1.359	17.142	30.101
1.359	17.139	30.102
1.358	17.132	30.097
1.358	17.120	30.100
1.357	17.108	30.099
1.358	17.104	30.100
1.357	17.102	30.101
1.357	17.101	30.101
1.357	17.111	30.100
1.356	17.107	30.100
1.356	17.102	30.097
1.355	17.099	30.100
1.355	17.091	30.099
1.355	17.076	30.099
1.355	17.072	30.100
1.355	17.066	30.098
1.354	17.058	30.098
1.354	17.062	30.097
1.354	17.069	30.100
1.354	17.065	30.099
1.354	17.064	30.100
1.353	17.054	30.097
1.353	17.051	30.098
1.353	17.045	30.097
1.353	17.030	30.097
1.352	17.029	30.098
1.351	17.025	30.097
1.350	17.026	30.098
1.350	17.017	30.096
1.349	17.007	30.097
1.349	17.004	30.097
1.349	17.000	30.096
1.349	16.981	30.097
1.348	16.973	30.098
1.347	16.967	30.096
1.346	16.958	30.096
1.347	16.960	30.095
1.346	16.968	30.094
1.345	16.965	30.094
1.345	16.958	30.095
1.345	16.955	30.092
1.344	16.948	30.093
1.344	16.945	30.094
1.343	16.937	30.093
1.343	16.933	30.096
1.343	16.932	30.094
1.343	16.933	30.093
1.342	16.927	30.092
1.341	16.919	30.093
1.341	16.914	30.093
1.341	16.907	30.093
1.340	16.898	30.093
1.340	16.891	30.093
1.340	16.879	30.092
1.340	16.870	30.091
1.339	16.862	30.093
1.338	16.861	30.091
1.337	16.857	30.092
1.337	16.851	30.091
1.337	16.846	30.092
1.336	16.839	30.091
1.335	16.819	30.092
1.334	16.812	30.093
1.334	16.810	30.092
1.335	16.809	30.090
1.333	16.811	30.092
1.333	16.812	30.092
1.333	16.810	30.092
1.333	16.808	30.092
1.333	16.800	30.092
1.333	16.789	30.092
1.333	16.781	30.091
1.332	16.776	30.088
1.332	16.772	30.089
1.331	16.768	30.091
1.331	16.770	30.089
1.331	16.769	30.091
1.330	16.766	30.090
1.331	16.764	30.086
1.330	16.760	30.090
1.330	16.748	30.088
1.330	16.742	30.087
1.330	16.740	30.090
1.329	16.748	30.088
1.329	16.748	30.086
1.329	16.746	30.088
1.329	16.744	30.087
1.329	16.742	30.085
1.329	16.740	30.090
1.329	16.739	30.087
1.328	16.736	30.088
1.328	16.736	30.088
1.328	16.733	30.088
1.328	16.729	30.090
1.328	16.727	30.087
1.327	16.724	30.086
1.327	16.723	30.085
1.328	16.722	30.087
1.327	16.719	30.086
1.327	16.701	30.085
1.326	16.699	30.087
1.327	16.696	30.085
1.326	16.691	30.085
1.326	16.694	30.086
1.325	16.699	30.086
1.325	16.698	30.084
1.325	16.696	30.086
1.325	16.693	30.086
1.325	16.685	30.088
1.324	16.677	30.086
1.324	16.675	30.086
1.324	16.675	30.085
1.324	16.674	30.085
1.324	16.682	30.083
1.324	16.682	30.085
1.324	16.678	30.085
1.323	16.675	30.086
1.323	16.668	30.083
1.323	16.645	30.085
1.322	16.660	30.086
1.322	16.656	30.083
1.321	16.650	30.083
1.321	16.647	30.083
1.321	16.643	30.081
1.321	16.640	30.083
1.320	16.638	30.082
1.320	16.638	30.083
1.320	16.633	30.084
1.320	16.632	30.084
1.320	16.634	30.083
1.319	16.630	30.083
1.319	16.625	30.085
1.319	16.618	30.084
1.319	16.611	30.084
1.318	16.606	30.082
1.318	16.602	30.085
1.318	16.598	30.082
1.317	16.580	30.084
1.317	16.591	30.083
1.317	16.587	30.084
1.316	16.583	30.083
1.316	16.579	30.082
1.315	16.577	30.082
1.315	16.571	30.082
1.315	16.567	30.082
1.314	16.558	30.084
1.314	16.553	30.083
1.314	16.552	30.083
1.314	16.551	30.083
1.314	16.534	30.084
1.314	16.546	30.083
1.314	16.545	30.083
1.313	16.542	30.083
1.313	16.541	30.083
1.312	16.537	30.083
1.313	16.532	30.082
1.312	16.516	30.085
1.312	16.526	30.082
1.312	16.528	30.081
1.311	16.526	30.085
1.311	16.523	30.080
1.311	16.516	30.084
1.311	16.510	30.080
1.310	16.505	30.085
1.310	16.504	30.083
1.310	16.501	30.083
1.310	16.484	30.084
1.310	16.497	30.082
1.310	16.495	30.082
1.310	16.492	30.083
1.310	16.489	30.082
1.309	16.485	30.082
1.308	16.482	30.083
1.308	16.479	30.082
1.308	16.478	30.082
1.307	16.462	30.084
1.307	16.467	30.082
1.307	16.467	30.085
1.306	16.465	30.083
1.307	16.458	30.085
1.306	16.452	30.081
1.304	16.443	30.080
1.304	16.437	30.082
1.303	16.431	30.083
1.303	16.421	30.082
1.302	16.396	30.083
1.302	16.403	30.083
1.301	16.392	30.083
1.300	16.382	30.081
1.300	16.380	30.082
1.300	16.375	30.081
1.300	16.372	30.082
1.299	16.370	30.082
1.299	16.365	30.081
1.299	16.359	30.080
1.299	16.346	30.079
1.298	16.355	30.082
1.298	16.353	30.083
1.298	16.350	30.081
1.298	16.346	30.081
1.298	16.345	30.083
1.298	16.345	30.080
1.298	16.345	30.083
1.297	16.344	30.082
1.297	16.328	30.084
1.297	16.332	30.083
1.297	16.341	30.082
1.297	16.339	30.083
1.297	16.336	30.083
1.296	16.327	30.082
1.296	16.321	30.081
1.295	16.317	30.082
1.295	16.310	30.083
1.295	16.306	30.085
1.294	16.291	30.083
1.294	16.281	30.081
1.293	16.277	30.084
1.294	16.275	30.085
1.293	16.286	30.083
1.293	16.285	30.083
1.293	16.285	30.085
1.294	16.283	30.084
1.293	16.281	30.082
1.293	16.279	30.082
1.292	16.275	30.085
1.292	16.260	30.082
1.292	16.259	30.081
1.292	16.262	30.083
1.292	16.265	30.083
1.291	16.261	30.085
1.291	16.258	30.082
1.291	16.253	30.084
1.290	16.246	30.083
1.290	16.246	30.081
1.290	16.244	30.083
1.289	16.236	30.084
1.288	16.226	30.084
1.287	16.220	30.086
1.287	16.212	30.084
1.287	16.211	30.084
1.287	16.203	30.081
1.287	16.201	30.083
1.286	16.199	30.082
1.286	16.199	30.084
1.286	16.196	30.082
1.286	16.182	30.085
1.286	16.183	30.082
1.286	16.192	30.085
1.286	16.190	30.083
1.286	16.188	30.084
1.286	16.187	30.083
1.285	16.183	30.083
1.285	16.173	30.083
1.285	16.169	30.084
1.285	16.166	30.085
1.285	16.164	30.085
1.285	16.171	30.085
1.285	16.174	30.082
1.285	16.173	30.085
1.284	16.171	30.086
1.284	16.166	30.085
1.283	16.154	30.085
1.283	16.147	30.084
1.283	16.145	30.086
1.283	16.144	30.085
1.282	16.143	30.084
1.283	16.151	30.085
1.282	16.152	30.084
1.282	16.150	30.084
1.282	16.148	30.085
1.280	16.129	30.082
1.274	16.064	30.085
1.274	16.056	30.084
1.274	16.042	30.084
1.273	16.039	30.085
1.274	16.042	30.085
1.273	16.044	30.083
1.272	16.039	30.086
1.272	16.025	30.086
1.271	16.012	30.084
1.271	15.993	30.084
1.270	15.978	30.085
1.269	15.979	30.085
1.267	15.961	30.086
1.266	15.940	30.088
1.263	15.920	30.086
1.262	15.905	30.084
1.261	15.891	30.087
1.259	15.876	30.084
1.259	15.864	30.085
1.259	15.857	30.083
1.258	15.852	30.085
1.258	15.836	30.086
1.257	15.818	30.087
1.257	15.822	30.084
1.257	15.830	30.085
1.257	15.825	30.087
1.257	15.820	30.086
1.256	15.817	30.084
1.256	15.813	30.086
1.255	15.798	30.086
1.256	15.801	30.089
1.256	15.797	30.084
1.256	15.797	30.085
1.256	15.801	30.086
1.256	15.808	30.084
1.255	15.804	30.086
1.255	15.802	30.083
1.255	15.801	30.085
1.255	15.789	30.083
1.255	15.784	30.085
1.255	15.783	30.085
1.255	15.781	30.088
1.254	15.781	30.087
1.254	15.784	30.085
1.254	15.784	30.087
1.253	15.784	30.085
1.253	15.781	30.085
1.253	15.771	30.084
1.253	15.756	30.084
1.252	15.747	30.086
1.252	15.750	30.085
1.252	15.752	30.088
1.251	15.748	30.085
1.251	15.743	30.088
1.251	15.735	30.084
1.250	15.731	30.086
1.250	15.727	30.084
1.250	15.716	30.083
1.250	15.714	30.086
1.250	15.722	30.085
1.250	15.718	30.085
1.249	15.718	30.086
1.249	15.713	30.086
1.249	15.710	30.084
1.249	15.710	30.085
1.249	15.710	30.086
1.248	15.710	30.085
1.248	15.708	30.086
1.248	15.707	30.086
1.248	15.695	30.085
1.248	15.692	30.087
1.248	15.703	30.089
1.248	15.705	30.086
1.248	15.703	30.083
1.248	15.704	30.085
1.248	15.703	30.089
1.248	15.691	30.086
1.248	15.687	30.086
1.247	15.686	30.087
1.248	15.685	30.085
1.247	15.696	30.089
1.247	15.688	30.087
1.246	15.683	30.085
1.244	15.672	30.086
1.245	15.663	30.086
1.244	15.657	30.085
1.244	15.652	30.086
1.243	15.655	30.089
1.243	15.653	30.088
1.243	15.649	30.087
1.243	15.642	30.090
1.242	15.634	30.084
1.241	15.625	30.088
1.240	15.620	30.086
1.240	15.616	30.086
1.240	15.597	30.084
1.240	15.608	30.085
1.239	15.599	30.087
1.238	15.588	30.085
1.238	15.581	30.085
1.237	15.565	30.086
1.236	15.556	30.089
1.236	15.551	30.087
1.236	15.546	30.087
1.236	15.536	30.086
1.235	15.526	30.088
1.234	15.530	30.086
1.233	15.517	30.084
1.233	15.506	30.087
1.232	15.497	30.089
1.231	15.483	30.086
1.231	15.478	30.088
1.231	15.471	30.086
1.230	15.466	30.086
1.230	15.466	30.088
1.229	15.463	30.085
1.229	15.449	30.085
1.229	15.454	30.090
1.228	15.449	30.090
1.228	15.442	30.088
1.227	15.434	30.087
1.227	15.430	30.086
1.226	15.421	30.086
1.226	15.411	30.085
1.225	15.397	30.086
1.225	15.401	30.089
1.225	15.393	30.086
1.224	15.388	30.086
1.223	15.383	30.088
1.223	15.379	30.087
1.223	15.379	30.086
1.223	15.378	30.085
1.223	15.372	30.088
1.222	15.365	30.088
1.222	15.364	30.088
1.221	15.369	30.086
1.222	15.367	30.087
1.221	15.364	30.086
1.221	15.359	30.089
1.221	15.356	30.089
1.221	15.355	30.085
1.221	15.347	30.088
1.220	15.338	30.087
1.219	15.316	30.086
1.218	15.320	30.087
1.218	15.320	30.088
1.218	15.320	30.089
1.218	15.310	30.089
1.216	15.292	30.087
1.214	15.271	30.088
1.214	15.261	30.087
1.213	15.256	30.087
1.213	15.240	30.087
1.212	15.249	30.089
1.213	15.249	30.091
1.213	15.247	30.086
1.212	15.240	30.087
1.210	15.224	30.090
1.209	15.215	30.087
1.209	15.207	30.087
1.208	15.197	30.087
1.207	15.188	30.085
1.207	15.167	30.086
1.206	15.173	30.090
1.201	15.107	30.090
1.200	15.094	30.088
1.200	15.088	30.086
1.199	15.080	30.088
1.198	15.061	30.089
1.196	15.037	30.088
1.194	15.015	30.085
1.193	14.984	30.087
1.192	14.966	30.087
1.192	14.959	30.088
1.190	14.955	30.087
1.190	14.963	30.087
1.190	14.960	30.089
1.190	14.955	30.088
1.190	14.954	30.088
1.190	14.951	30.089
1.189	14.947	30.090
1.189	14.932	30.087
1.189	14.929	30.086
1.189	14.929	30.087
1.189	14.928	30.088
1.189	14.930	30.089
1.189	14.933	30.090
1.189	14.932	30.088
1.189	14.930	30.089
1.188	14.924	30.089
1.188	14.901	30.088
1.187	14.880	30.088
1.186	14.870	30.086
1.185	14.870	30.089
1.185	14.868	30.087
1.183	14.861	30.087
1.183	14.854	30.089
1.182	14.846	30.087
1.181	14.828	30.087
1.181	14.815	30.087
1.180	14.799	30.086
1.179	14.789	30.087
1.178	14.777	30.086
1.176	14.771	30.084
1.175	14.754	30.085
1.174	14.736	30.087
1.173	14.720	30.089
1.172	14.706	30.085
1.171	14.697	30.085
1.170	14.687	30.087
1.170	14.683	30.084
1.169	14.674	30.086
1.168	14.651	30.086
1.167	14.639	30.086
1.166	14.633	30.086
1.166	14.624	30.087
1.165	14.612	30.085
1.164	14.603	30.083
1.162	14.588	30.087
1.162	14.565	30.086
1.161	14.549	30.086
1.160	14.539	30.085
1.159	14.534	30.084
1.159	14.531	30.084
1.158	14.523	30.086
1.158	14.513	30.085
1.156	14.504	30.085
1.156	14.494	30.088
1.155	14.485	30.085
1.154	14.468	30.085
1.153	14.458	30.086
1.153	14.449	30.086
1.153	14.443	30.084
1.152	14.445	30.085
1.151	14.436	30.084
1.151	14.429	30.087
1.150	14.417	30.082
1.150	14.409	30.082
1.150	14.391	30.084
1.149	14.381	30.084
1.149	14.378	30.085
1.149	14.381	30.083
1.148	14.376	30.085
1.147	14.370	30.084
1.147	14.368	30.083
1.147	14.364	30.084
1.146	14.357	30.084
1.145	14.348	30.083
1.145	14.331	30.084
1.143	14.323	30.084
1.144	14.325	30.082
1.143	14.329	30.081
1.143	14.323	30.085
1.143	14.316	30.081
1.142	14.308	30.086
1.142	14.302	30.082
1.142	14.296	30.082
1.141	14.294	30.085
1.141	14.290	30.085
1.140	14.284	30.080
1.139	14.268	30.082
1.139	14.262	30.083
1.139	14.263	30.081
1.138	14.256	30.082
1.137	14.247	30.081
1.137	14.243	30.084
1.137	14.235	30.081
1.136	14.217	30.083
1.135	14.204	30.083
1.135	14.197	30.082
1.134	14.191	30.081
1.134	14.190	30.081
1.133	14.186	30.079
1.133	14.186	30.081
1.132	14.167	30.082
1.131	14.158	30.082
1.130	14.152	30.080
1.130	14.148	30.078
1.130	14.142	30.080
1.129	14.121	30.081
1.128	14.111	30.080
1.127	14.108	30.080
1.127	14.099	30.080
1.126	14.093	30.079
1.126	14.087	30.080
1.125	14.076	30.079
1.124	14.059	30.080
1.124	14.062	30.078
1.123	14.053	30.078
1.123	14.048	30.077
1.121	14.038	30.077
1.121	14.025	30.077
1.120	14.012	30.078
1.120	14.001	30.078
1.119	13.998	30.075
1.118	13.982	30.078
1.118	13.981	30.076
1.117	13.970	30.078
1.117	13.961	30.075
1.116	13.954	30.077
1.115	13.953	30.076
1.115	13.946	30.077
1.115	13.939	30.077
1.115	13.930	30.075
1.115	13.928	30.076
1.114	13.924	30.076
1.114	13.920	30.076
1.114	13.910	30.076
1.113	13.912	30.075
1.113	13.908	30.076
1.113	13.904	30.076
1.112	13.899	30.075
1.112	13.894	30.075
1.112	13.892	30.074
1.111	13.875	30.078
1.111	13.879	30.075
1.111	13.879	30.075
1.111	13.873	30.074
1.111	13.869	30.073
1.110	13.867	30.074
1.109	13.866	30.074
1.109	13.859	30.075
1.107	13.850	30.073
1.106	13.838	30.073
1.106	13.826	30.074
1.105	13.809	30.073
1.103	13.782	30.073
1.102	13.777	30.073
1.101	13.763	30.074
1.100	13.749	30.073
1.100	13.732	30.074
1.099	13.721	30.073
1.098	13.708	30.072
1.097	13.688	30.076
1.096	13.692	30.072
1.096	13.687	30.072
1.095	13.684	30.072
1.094	13.679	30.075
1.094	13.670	30.070
1.094	13.660	30.069
1.093	13.660	30.069
1.094	13.656	30.070
1.093	13.647	30.070
1.093	13.632	30.074
1.092	13.631	30.073
1.091	13.621	30.070
1.091	13.616	30.072
1.091	13.612	30.072
1.090	13.609	30.068
1.089	13.605	30.068
1.089	13.600	30.070
1.088	13.597	30.069
1.088	13.581	30.070
1.087	13.569	30.073
1.087	13.562	30.071
1.086	13.549	30.070
1.085	13.538	30.070
1.085	13.530	30.068
1.083	13.525	30.070
1.083	13.513	30.070
1.082	13.501	30.070
1.081	13.485	30.068
1.080	13.465	30.070
1.080	13.471	30.068
1.080	13.466	30.067
1.079	13.464	30.069
1.079	13.460	30.070
1.079	13.459	30.068
1.079	13.453	30.067
1.079	13.447	30.068
1.078	13.440	30.068
1.077	13.427	30.069
1.077	13.416	30.069
1.076	13.410	30.069
1.076	13.404	30.067
1.075	13.406	30.066
1.074	13.403	30.066
1.074	13.400	30.068
1.074	13.394	30.066
1.073	13.391	30.066
1.073	13.384	30.067
1.072	13.368	30.069
1.071	13.356	30.067
1.071	13.346	30.067
1.070	13.345	30.067
1.069	13.337	30.066
1.068	13.327	30.067
1.068	13.318	30.066
1.067	13.314	30.067
1.067	13.306	30.066
1.066	13.292	30.063
1.065	13.269	30.067
1.065	13.258	30.065
1.063	13.251	30.066
1.063	13.245	30.066
1.062	13.246	30.064
1.061	13.226	30.065
1.060	13.220	30.063
1.059	13.210	30.065
1.058	13.204	30.065
1.058	13.190	30.065
1.058	13.181	30.064
1.058	13.174	30.066
1.057	13.171	30.064
1.057	13.164	30.064
1.057	13.165	30.062
1.055	13.158	30.063
1.055	13.153	30.061
1.055	13.152	30.061
1.055	13.149	30.063
1.054	13.135	30.063
1.054	13.117	30.065
1.054	13.111	30.064
1.053	13.109	30.064
1.052	13.110	30.065
1.052	13.105	30.064
1.051	13.095	30.065
1.051	13.086	30.064
1.050	13.074	30.063
1.049	13.056	30.064
1.048	13.043	30.063
1.047	13.037	30.063
1.047	13.032	30.062
1.046	13.032	30.062
1.046	13.032	30.061
1.045	13.026	30.061
1.044	13.015	30.061
1.044	13.004	30.063
1.043	12.997	30.062
1.043	12.980	30.062
1.042	12.973	30.064
1.041	12.964	30.062
1.041	12.961	30.065
1.040	12.952	30.062
1.039	12.942	30.062
1.038	12.933	30.061
1.038	12.925	30.062
1.037	12.917	30.063
1.037	12.906	30.062
1.036	12.895	30.061
1.036	12.887	30.061
1.035	12.878	30.062
1.033	12.872	30.062
1.032	12.855	30.060
1.030	12.835	30.061
1.030	12.824	30.061
1.029	12.817	30.059
1.028	12.811	30.060
1.028	12.806	30.061
1.028	12.800	30.060
1.028	12.781	30.061
1.027	12.780	30.061
1.027	12.781	30.060
1.027	12.781	30.058
1.027	12.774	30.059
1.026	12.769	30.060
1.026	12.764	30.059
1.026	12.754	30.060
1.025	12.742	30.059
1.024	12.728	30.061
1.023	12.722	30.058
1.022	12.714	30.059
1.021	12.699	30.059
1.020	12.689	30.058
1.020	12.678	30.057
1.020	12.672	30.060
1.020	12.670	30.060
1.019	12.660	30.060
1.018	12.663	30.060
1.018	12.659	30.062
1.017	12.652	30.060
1.017	12.644	30.060
1.017	12.635	30.060
1.016	12.631	30.059
1.016	12.628	30.060
1.016	12.623	30.058
1.015	12.608	30.061
1.015	12.610	30.060
1.014	12.598	30.059
1.013	12.587	30.058
1.012	12.579	30.059
1.012	12.573	30.061
1.012	12.567	30.058
1.011	12.561	30.057
1.010	12.554	30.058
1.010	12.546	30.058
1.010	12.534	30.060
1.009	12.537	30.059
1.009	12.534	30.060
1.008	12.528	30.060
1.008	12.522	30.060
1.007	12.509	30.061
1.006	12.499	30.058
1.006	12.489	30.058
1.005	12.484	30.056
1.004	12.474	30.057
1.004	12.463	30.056
1.004	12.463	30.057
1.003	12.458	30.058
1.003	12.451	30.056
1.003	12.448	30.057
1.002	12.439	30.058
1.002	12.439	30.058
1.002	12.435	30.057
1.001	12.433	30.056
1.001	12.423	30.058
1.001	12.427	30.058
1.000	12.420	30.057
1.000	12.415	30.057
1.000	12.412	30.057
1.000	12.404	30.054
0.999	12.400	30.055
0.998	12.392	30.056
0.997	12.385	30.056
0.996	12.368	30.056
0.996	12.353	30.055
0.995	12.350	30.058
0.995	12.347	30.057
0.995	12.346	30.057
0.995	12.344	30.057
0.995	12.341	30.055
0.995	12.331	30.055
0.994	12.325	30.056
0.993	12.319	30.057
0.993	12.317	30.059
0.993	12.307	30.056
0.992	12.300	30.055
0.991	12.290	30.057
0.991	12.289	30.055
0.991	12.282	30.054
0.990	12.282	30.053
0.990	12.280	30.056
0.990	12.278	30.053
0.990	12.263	30.058
0.989	12.261	30.056
0.988	12.253	30.056
0.988	12.242	30.057
0.986	12.228	30.057
0.986	12.216	30.055
0.985	12.203	30.057
0.985	12.197	30.056
0.985	12.195	30.055
0.985	12.195	30.054
0.984	12.192	30.054
0.983	12.182	30.056
0.982	12.179	30.055
0.981	12.165	30.055
0.980	12.154	30.055
0.979	12.140	30.056
0.979	12.132	30.054
0.979	12.126	30.056
0.979	12.122	30.053
0.978	12.111	30.054
0.978	12.098	30.054
0.977	12.086	30.053
0.976	12.086	30.055
0.976	12.084	30.053
0.976	12.078	30.053
0.975	12.073	30.053
0.975	12.065	30.053
0.974	12.057	30.054
0.973	12.045	30.053
0.972	12.030	30.053
0.972	12.024	30.053
0.972	12.023	30.052
0.971	12.015	30.053
0.970	12.012	30.055
0.970	12.011	30.054
0.970	12.006	30.053
0.970	12.000	30.054
0.969	11.997	30.055
0.968	11.991	30.055
0.968	11.987	30.052
0.967	11.982	30.052
0.967	11.965	30.055
0.966	11.959	30.054
0.965	11.956	30.054
0.964	11.941	30.055
0.963	11.926	30.055
0.963	11.922	30.052
0.963	11.917	30.053
0.963	11.907	30.054
0.962	11.902	30.052
0.961	11.890	30.055
0.960	11.881	30.053
0.959	11.876	30.053
0.959	11.871	30.053
0.958	11.865	30.055
0.958	11.859	30.053
0.958	11.857	30.053
0.957	11.853	30.054
0.957	11.847	30.052
0.957	11.841	30.055
0.956	11.826	30.056
0.955	11.816	30.053
0.955	11.816	30.053
0.954	11.809	30.053
0.954	11.804	30.054
0.953	11.797	30.052
0.953	11.791	30.052
0.953	11.780	30.053
0.953	11.780	30.053
0.953	11.777	30.052
0.952	11.770	30.052
0.952	11.772	30.054
0.952	11.764	30.053
0.951	11.756	30.055
0.951	11.754	30.054
0.950	11.745	30.053
0.950	11.736	30.052
0.949	11.727	30.053
0.949	11.723	30.053
0.949	11.719	30.054
0.949	11.719	30.051
0.948	11.722	30.053
0.948	11.720	30.053
0.948	11.719	30.053
0.947	11.715	30.051
0.947	11.709	30.050
0.947	11.698	30.047
0.947	11.694	30.050
0.947	11.691	30.052
0.946	11.694	30.053
0.946	11.692	30.053
0.946	11.686	30.053
0.945	11.682	30.052
0.946	11.682	30.050
0.945	11.678	30.052
0.945	11.672	30.050
0.945	11.668	30.051
0.945	11.661	30.052
0.944	11.658	30.049
0.944	11.662	30.051
0.944	11.663	30.050
0.944	11.659	30.050
0.943	11.660	30.050
0.943	11.656	30.052
0.943	11.647	30.051
0.943	11.646	30.051
0.943	11.646	30.050
0.943	11.644	30.051
0.942	11.637	30.049
0.942	11.632	30.050
0.942	11.631	30.052
0.941	11.627	30.050
0.941	11.623	30.049
0.941	11.621	30.052
0.941	11.620	30.048
0.941	11.612	30.048
0.941	11.609	30.051
0.941	11.607	30.048
0.940	11.599	30.048
0.940	11.601	30.050
0.940	11.600	30.050
0.940	11.598	30.050
0.940	11.593	30.050
0.939	11.586	30.051
0.939	11.577	30.048
0.939	11.576	30.047
0.939	11.575	30.052
0.939	11.573	30.051
0.939	11.572	30.049
0.939	11.582	30.049
0.939	11.583	30.051
0.939	11.582	30.050
0.938	11.582	30.050
0.938	11.578	30.048
0.938	11.569	30.049
0.938	11.573	30.049
0.938	11.572	30.049
0.937	11.569	30.049
0.937	11.561	30.050
0.936	11.560	30.050
0.936	11.556	30.050
0.936	11.550	30.050
0.935	11.547	30.050
0.934	11.532	30.050
0.934	11.532	30.052
0.933	11.523	30.051
0.932	11.521	30.050
0.932	11.519	30.051
0.932	11.516	30.048
0.932	11.511	30.050
0.931	11.511	30.051
0.931	11.507	30.049
0.931	11.501	30.048
0.931	11.491	30.050
0.930	11.481	30.051
0.930	11.468	30.046
0.930	11.474	30.050
0.930	11.468	30.050
0.929	11.463	30.049
0.929	11.459	30.049
0.928	11.453	30.049
0.928	11.450	30.048
0.927	11.446	30.050
0.927	11.439	30.049
0.927	11.440	30.049
0.926	11.434	30.047
0.926	11.428	30.049
0.925	11.420	30.048
0.924	11.405	30.051
0.924	11.401	30.050
0.923	11.390	30.047
0.922	11.386	30.048
0.922	11.376	30.047
0.921	11.368	30.048
0.920	11.365	30.048
0.920	11.357	30.048
0.920	11.350	30.048
0.919	11.347	30.049
0.919	11.342	30.048
0.918	11.330	30.049
0.918	11.325	30.046
0.917	11.317	30.048
0.917	11.306	30.046
0.917	11.307	30.047
0.917	11.304	30.047
0.916	11.296	30.048
0.916	11.289	30.048
0.914	11.275	30.047
0.914	11.262	30.049
0.914	11.255	30.045
0.913	11.255	30.049
0.913	11.246	30.043
0.913	11.246	30.046
0.913	11.243	30.048
0.912	11.240	30.046
0.912	11.238	30.048
0.911	11.231	30.047
0.911	11.227	30.047
0.911	11.222	30.048
0.911	11.218	30.048
0.910	11.206	30.048
0.909	11.204	30.046
0.909	11.199	30.047
0.909	11.188	30.047
0.909	11.193	30.047
0.909	11.194	30.047
0.909	11.186	30.047
0.908	11.179	30.049
0.908	11.174	30.046
0.907	11.172	30.047
0.907	11.169	30.044
0.907	11.164	30.047
0.907	11.167	30.045
0.907	11.162	30.045
0.907	11.157	30.046
0.906	11.151	30.045
0.906	11.143	30.045
0.905	11.137	30.045
0.905	11.136	30.045
0.905	11.136	30.045
0.905	11.132	30.043
0.905	11.129	30.041
0.905	11.123	30.044
0.904	11.120	30.043
0.903	11.115	30.042
0.903	11.110	30.045
0.901	11.103	30.045
0.901	11.096	30.044
0.901	11.096	30.045
0.901	11.094	30.043
0.900	11.084	30.042
0.900	11.081	30.041
0.900	11.082	30.042
0.900	11.084	30.045
0.899	11.077	30.046
0.899	11.066	30.042
0.898	11.060	30.047
0.897	11.051	30.044
0.897	11.045	30.045
0.896	11.035	30.044
0.896	11.026	30.043
0.896	11.023	30.041
0.895	11.015	30.040
0.895	11.007	30.043
0.894	11.005	30.044
0.894	10.997	30.045
0.893	10.994	30.045
0.893	10.989	30.044
0.893	10.986	30.043
0.892	10.986	30.044
0.892	10.982	30.045
0.892	10.974	30.045
0.891	10.962	30.042
0.891	10.962	30.044
0.891	10.960	30.044
0.890	10.951	30.044
0.890	10.947	30.045
0.889	10.940	30.045
0.889	10.932	30.040
0.889	10.925	30.041
0.888	10.924	30.038
0.888	10.918	30.042
0.888	10.919	30.041
0.888	10.919	30.041
0.887	10.913	30.041
0.887	10.909	30.040
0.886	10.901	30.044
0.886	10.896	30.041
0.885	10.883	30.039
0.884	10.874	30.039
0.884	10.864	30.037
0.883	10.850	30.039
0.883	10.846	30.040
0.882	10.839	30.041
0.882	10.832	30.041
0.882	10.829	30.039
0.882	10.827	30.040
0.881	10.817	30.039
0.881	10.809	30.040
0.880	10.803	30.040
0.880	10.804	30.041
0.880	10.803	30.040
0.880	10.803	30.040
0.880	10.799	30.039
0.880	10.795	30.039
0.879	10.791	30.041
0.879	10.790	30.042
0.879	10.779	30.039
0.878	10.776	30.038
0.878	10.767	30.036
0.878	10.760	30.037
0.877	10.760	30.041
0.877	10.761	30.040
0.877	10.760	30.039
0.877	10.761	30.038
0.877	10.757	30.038
0.877	10.754	30.040
0.876	10.743	30.039
0.875	10.736	30.038
0.875	10.729	30.037
0.874	10.716	30.040
0.874	10.718	30.039
0.873	10.709	30.038
0.873	10.704	30.038
0.873	10.699	30.038
0.872	10.698	30.039
0.872	10.685	30.037
0.872	10.681	30.037
0.872	10.681	30.037
0.872	10.681	30.036
0.872	10.681	30.036
0.871	10.681	30.040
0.871	10.680	30.040
0.871	10.680	30.036
0.871	10.669	30.036
0.871	10.667	30.038
0.870	10.665	30.039
0.870	10.659	30.037
0.870	10.657	30.038
0.869	10.645	30.034
0.869	10.646	30.037
0.869	10.645	30.037
0.868	10.644	30.038
0.868	10.638	30.037
0.867	10.631	30.039
0.867	10.618	30.038
0.866	10.607	30.036
0.865	10.596	30.034
0.864	10.588	30.037
0.863	10.583	30.037
0.863	10.583	30.036
0.863	10.578	30.042
0.863	10.573	30.038
0.863	10.570	30.035
0.862	10.561	30.035
0.861	10.550	30.037
0.861	10.559	30.036
0.861	10.555	30.038
0.861	10.553	30.037
0.860	10.546	30.037
0.860	10.535	30.034
0.859	10.534	30.036
0.859	10.527	30.036
0.858	10.522	30.034
0.858	10.515	30.035
0.858	10.510	30.037
0.857	10.506	30.034
0.857	10.500	30.037
0.857	10.492	30.036
0.856	10.492	30.036
0.856	10.487	30.037
0.855	10.475	30.038
0.854	10.470	30.033
0.854	10.462	30.034
0.853	10.451	30.032
0.853	10.453	30.035
0.852	10.449	30.037
0.852	10.446	30.032
0.851	10.441	30.035
0.851	10.437	30.037
0.851	10.436	30.035
0.851	10.431	30.036
0.851	10.425	30.036
0.850	10.418	30.035
0.850	10.406	30.034
0.849	10.396	30.035
0.848	10.376	30.034
0.847	10.377	30.034
0.847	10.371	30.034
0.846	10.364	30.032
0.845	10.354	30.035
0.845	10.352	30.035
0.845	10.347	30.036
0.844	10.339	30.033
0.844	10.334	30.032
0.843	10.327	30.036
0.843	10.325	30.034
0.842	10.315	30.033
0.842	10.305	30.031
0.841	10.296	30.034
0.841	10.289	30.034
0.840	10.280	30.034
0.840	10.269	30.032
0.840	10.270	30.031
0.840	10.266	30.032
0.839	10.264	30.033
0.839	10.258	30.035
0.839	10.254	30.034
0.838	10.250	30.033
0.838	10.242	30.032
0.838	10.237	30.033
0.837	10.229	30.032
0.837	10.222	30.031
0.837	10.218	30.032
0.837	10.217	30.034
0.836	10.213	30.033
0.836	10.203	30.034
0.835	10.205	30.032
0.835	10.202	30.031
0.835	10.201	30.033
0.835	10.201	30.034
0.835	10.197	30.033
0.835	10.200	30.033
0.835	10.200	30.033
0.835	10.194	30.034
0.835	10.192	30.029
0.835	10.188	30.031
0.834	10.184	30.032
0.834	10.182	30.031
0.834	10.181	30.032
0.834	10.180	30.033
0.833	10.169	30.032
0.833	10.176	30.032
0.833	10.174	30.032
0.833	10.174	30.032
0.833	10.173	30.033
0.833	10.172	30.034
0.832	10.172	30.031
0.832	10.171	30.032
0.832	10.168	30.032
0.832	10.161	30.031
0.831	10.151	30.028
0.830	10.144	30.030
0.830	10.143	30.030
0.829	10.134	30.031
0.829	10.129	30.031
0.828	10.120	30.031
0.827	10.107	30.027
0.826	10.098	30.031
0.826	10.095	30.029
0.826	10.085	30.030
0.826	10.078	30.030
0.825	10.072	30.031
0.825	10.071	30.029
0.825	10.071	30.028
0.825	10.068	30.028
0.824	10.065	30.028
0.824	10.066	30.028
0.824	10.062	30.028
0.824	10.062	30.028
0.823	10.058	30.028
0.823	10.048	30.030
0.823	10.046	30.029
0.822	10.042	30.028
0.822	10.035	30.027
0.821	10.029	30.029
0.821	10.022	30.030
0.820	10.020	30.028
0.819	10.010	30.029
0.818	9.999	30.030
0.818	9.990	30.027
0.817	9.980	30.028
0.816	9.973	30.029
0.816	9.973	30.029
0.816	9.972	30.032
0.816	9.968	30.028
0.815	9.963	30.027
0.815	9.960	30.030
0.815	9.953	30.029
0.814	9.943	30.026
0.814	9.937	30.027
0.813	9.934	30.029
0.813	9.930	30.028
0.813	9.926	30.031
0.812	9.924	30.027
0.812	9.915	30.027
0.812	9.912	30.030
0.811	9.910	30.028
0.811	9.901	30.027
0.811	9.893	30.028
0.810	9.888	30.027
0.810	9.888	30.028
0.809	9.882	30.028
0.809	9.877	30.029
0.809	9.875	30.027
0.809	9.873	30.028
0.808	9.870	30.027
0.808	9.865	30.028
0.808	9.856	30.027
0.808	9.851	30.026
0.807	9.843	30.027
0.807	9.839	30.024
0.807	9.838	30.029
0.807	9.835	30.027
0.806	9.828	30.027
0.806	9.819	30.028
0.805	9.815	30.027
0.805	9.812	30.026
0.805	9.803	30.026
0.804	9.801	30.026
0.804	9.792	30.026
0.804	9.784	30.028
0.804	9.778	30.028
0.803	9.772	30.024
0.802	9.766	30.027
0.802	9.765	30.027
0.802	9.762	30.024
0.802	9.753	30.027
0.802	9.750	30.026
0.801	9.746	30.025
0.801	9.745	30.024
0.801	9.748	30.028
0.801	9.744	30.025
0.800	9.741	30.025
0.800	9.739	30.027
0.800	9.731	30.027
0.800	9.723	30.025
0.799	9.717	30.023
0.799	9.715	30.023
0.799	9.714	30.024
0.798	9.714	30.026
0.798	9.717	30.024
0.798	9.712	30.024
0.798	9.708	30.024
0.797	9.707	30.026
0.797	9.706	30.025
0.797	9.702	30.026
0.797	9.696	30.025
0.796	9.689	30.027
0.796	9.684	30.026
0.796	9.685	30.025
0.795	9.679	30.025
0.795	9.669	30.023
0.794	9.664	30.024
0.794	9.659	30.024
0.794	9.653	30.024
0.793	9.647	30.023
0.793	9.644	30.027
0.792	9.641	30.023
0.792	9.634	30.025
0.791	9.631	30.024
0.790	9.618	30.025
0.790	9.608	30.026
0.789	9.601	30.022
0.788	9.595	30.024
0.788	9.585	30.024
0.787	9.583	30.026
0.787	9.580	30.024
0.787	9.577	30.024
0.787	9.577	30.023
0.787	9.573	30.026
0.787	9.570	30.024
0.787	9.570	30.024
0.787	9.570	30.022
0.786	9.565	30.024
0.786	9.558	30.024
0.786	9.558	30.024
0.785	9.551	30.024
0.785	9.548	30.025
0.785	9.547	30.023
0.784	9.544	30.022
0.784	9.542	30.024
0.784	9.538	30.024
0.784	9.534	30.023
0.783	9.526	30.026
0.783	9.523	30.021
0.782	9.512	30.023
0.782	9.508	30.022
0.781	9.498	30.022
0.781	9.489	30.023
0.780	9.485	30.024
0.780	9.476	30.023
0.779	9.472	30.024
0.778	9.466	30.024
0.778	9.460	30.024
0.777	9.448	30.023
0.776	9.438	30.022
0.776	9.431	30.024
0.776	9.434	30.021
0.776	9.431	30.023
0.775	9.426	30.022
0.775	9.421	30.023
0.774	9.412	30.022
0.773	9.403	30.024
0.773	9.406	30.023
0.773	9.399	30.023
0.773	9.387	30.021
0.772	9.378	30.022
0.772	9.370	30.021
0.771	9.364	30.021
0.771	9.359	30.021
0.770	9.348	30.019
0.770	9.338	30.023
0.769	9.328	30.021
0.769	9.324	30.021
0.768	9.316	30.021
0.768	9.313	30.020
0.768	9.312	30.022
0.768	9.308	30.019
0.768	9.302	30.021
0.768	9.302	30.022
0.767	9.300	30.019
0.767	9.290	30.021
0.767	9.294	30.019
0.767	9.290	30.020
0.766	9.285	30.020
0.766	9.283	30.021
0.766	9.282	30.022
0.766	9.281	30.020
0.766	9.282	30.017
0.766	9.280	30.019
0.766	9.271	30.022
0.765	9.272	30.021
0.765	9.271	30.021
0.765	9.266	30.022
0.764	9.262	30.019
0.764	9.253	30.020
0.763	9.250	30.019
0.763	9.245	30.019
0.763	9.241	30.021
0.762	9.233	30.019
0.762	9.227	30.019
0.761	9.219	30.020
0.761	9.215	30.022
0.760	9.200	30.020
0.759	9.192	30.019
0.759	9.190	30.019
0.759	9.186	30.018
0.758	9.180	30.020
0.758	9.177	30.019
0.757	9.167	30.019
0.756	9.164	30.020
0.756	9.158	30.020
0.756	9.155	30.020
0.755	9.153	30.020
0.755	9.149	30.021
0.754	9.143	30.019
0.754	9.132	30.020
0.753	9.124	30.018
0.752	9.118	30.020
0.752	9.109	30.020
0.751	9.104	30.019
0.751	9.096	30.020
0.751	9.094	30.017
0.750	9.090	30.018
0.750	9.085	30.019
0.750	9.083	30.019
0.750	9.081	30.020
0.749	9.073	30.019
0.748	9.064	30.022
0.748	9.058	30.021
0.748	9.055	30.019
0.747	9.046	30.017
0.746	9.038	30.019
0.746	9.030	30.019
0.745	9.021	30.019
0.744	9.015	30.018
0.744	9.009	30.020
0.744	9.001	30.018
0.743	8.996	30.018
0.743	8.989	30.017
0.743	8.984	30.018
0.742	8.979	30.019
0.742	8.978	30.017
0.742	8.973	30.017
0.742	8.972	30.016
0.741	8.968	30.017
0.741	8.966	30.017
0.741	8.960	30.018
0.740	8.953	30.019
0.739	8.945	30.017
0.739	8.940	30.016
0.739	8.936	30.018
0.739	8.936	30.018
0.739	8.936	30.017
0.739	8.935	30.018
0.738	8.929	30.018
0.738	8.923	30.016
0.738	8.916	30.017
0.738	8.914	30.017
0.738	8.911	30.017
0.738	8.911	30.020
0.737	8.907	30.017
0.737	8.907	30.016
0.737	8.903	30.018
0.737	8.899	30.014
0.737	8.897	30.016
0.737	8.894	30.017
0.737	8.894	30.018
0.736	8.891	30.017
0.736	8.888	30.017
0.736	8.887	30.017
0.736	8.887	30.014
0.736	8.882	30.018
0.735	8.878	30.017
0.735	8.875	30.017
0.735	8.873	30.017
0.735	8.862	30.016
0.734	8.859	30.018
0.734	8.857	30.017
0.734	8.854	30.016
0.734	8.854	30.017
0.734	8.852	30.019
0.734	8.850	30.016
0.734	8.850	30.014
0.734	8.850	30.016
0.734	8.843	30.017
0.734	8.838	30.017
0.733	8.838	30.018
0.733	8.835	30.017
0.733	8.832	30.015
0.733	8.833	30.019
0.733	8.830	30.015
0.732	8.828	30.015
0.732	8.826	30.017
0.732	8.822	30.015
0.732	8.816	30.017
0.732	8.814	30.016
0.732	8.813	30.017
0.732	8.813	30.016
0.732	8.813	30.018
0.731	8.811	30.014
0.731	8.806	30.015
0.731	8.802	30.016
0.731	8.801	30.018
0.730	8.796	30.017
0.730	8.789	30.016
0.730	8.788	30.018
0.729	8.780	30.016
0.729	8.778	30.018
0.728	8.777	30.017
0.727	8.769	30.015
0.727	8.765	30.018
0.727	8.762	30.016
0.727	8.757	30.015
0.726	8.752	30.015
0.726	8.752	30.016
0.726	8.740	30.017
0.725	8.733	30.016
0.725	8.732	30.017
0.725	8.729	30.017
0.725	8.728	30.014
0.725	8.728	30.015
0.725	8.725	30.016
0.724	8.716	30.015
0.723	8.709	30.017
0.723	8.704	30.015
0.723	8.704	30.016
0.723	8.705	30.016
0.723	8.708	30.014
0.723	8.706	30.015
0.723	8.704	30.014
0.722	8.701	30.016
0.722	8.696	30.015
0.721	8.688	30.016
0.721	8.679	30.015
0.721	8.679	30.017
0.720	8.676	30.016
0.720	8.674	30.015
0.720	8.673	30.015
0.720	8.667	30.016
0.720	8.665	30.016
0.719	8.660	30.016
0.719	8.658	30.016
0.719	8.655	30.016
0.719	8.655	30.014
0.719	8.654	30.017
0.719	8.655	30.015
0.719	8.655	30.015
0.718	8.652	30.016
0.718	8.647	30.015
0.718	8.643	30.014
0.718	8.642	30.015
0.717	8.634	30.013
0.717	8.638	30.013
0.717	8.635	30.015
0.717	8.630	30.016
0.717	8.626	30.014
0.716	8.619	30.016
0.716	8.617	30.017
0.715	8.613	30.014
0.715	8.611	30.014
0.715	8.608	30.016
0.714	8.606	30.015
0.714	8.606	30.017
0.714	8.604	30.015
0.714	8.602	30.014
0.714	8.599	30.015
0.714	8.594	30.015
0.714	8.592	30.014
0.714	8.590	30.016
0.714	8.585	30.017
0.713	8.580	30.015
0.713	8.582	30.014
0.713	8.578	30.014
0.713	8.573	30.015
0.713	8.570	30.013
0.712	8.566	30.013
0.712	8.561	30.015
0.711	8.557	30.015
0.710	8.549	30.014
0.709	8.537	30.014
0.709	8.533	30.015
0.709	8.533	30.014
0.709	8.530	30.015
0.708	8.516	30.013
0.707	8.504	30.013
0.707	8.496	30.015
0.707	8.495	30.013
0.706	8.492	30.015
0.706	8.488	30.016
0.705	8.474	30.015
0.705	8.472	30.014
0.705	8.472	30.014
0.705	8.472	30.014
0.704	8.468	30.013
0.704	8.460	30.012
0.703	8.458	30.014
0.703	8.451	30.014
0.702	8.447	30.014
0.702	8.442	30.014
0.702	8.435	30.013
0.702	8.436	30.015
0.702	8.433	30.015
0.702	8.423	30.012
0.701	8.421	30.013
0.701	8.414	30.013
0.701	8.411	30.012
0.701	8.404	30.014
0.700	8.399	30.013
0.700	8.394	30.012
0.700	8.393	30.013
0.700	8.388	30.015
0.700	8.386	30.015
0.699	8.384	30.015
0.699	8.379	30.014
0.699	8.375	30.013
0.699	8.374	30.014
0.699	8.371	30.013
0.699	8.365	30.012
0.698	8.361	30.015
0.698	8.362	30.014
0.698	8.362	30.014
0.698	8.356	30.015
0.698	8.350	30.014
0.697	8.349	30.014
0.697	8.344	30.014
0.696	8.337	30.014
0.696	8.335	30.014
0.696	8.328	30.016
0.696	8.328	30.013
0.696	8.327	30.013
0.695	8.325	30.014
0.695	8.324	30.014
0.695	8.320	30.012
0.695	8.318	30.012
0.695	8.316	30.012
0.694	8.313	30.015
0.695	8.312	30.013
0.694	8.311	30.014
0.694	8.313	30.014
0.694	8.312	30.015
0.694	8.301	30.014
0.693	8.293	30.014
0.693	8.292	30.014
0.693	8.289	30.014
0.693	8.288	30.012
0.692	8.282	30.014
0.692	8.276	30.013
0.692	8.274	30.015
0.691	8.274	30.013
0.691	8.276	30.016
0.691	8.276	30.012
0.691	8.274	30.011
0.690	8.268	30.012
0.690	8.260	30.013
0.689	8.251	30.014
0.688	8.240	30.014
0.688	8.238	30.014
0.687	8.231	30.014
0.687	8.229	30.013
0.687	8.220	30.014
0.686	8.213	30.011
0.686	8.206	30.013
0.685	8.203	30.012
0.685	8.200	30.014
0.685	8.194	30.013
0.684	8.189	30.012
0.684	8.181	30.014
0.684	8.179	30.015
0.683	8.179	30.014
0.683	8.179	30.011
0.683	8.178	30.013
0.682	8.168	30.013
0.682	8.160	30.011
0.681	8.158	30.014
0.681	8.157	30.013
0.681	8.159	30.014
0.680	8.153	30.014
0.679	8.142	30.016
0.679	8.134	30.014
0.678	8.122	30.012
0.678	8.113	30.012
0.677	8.106	30.012
0.677	8.098	30.012
0.676	8.089	30.013
0.676	8.081	30.011
0.676	8.081	30.012
0.676	8.081	30.012
0.676	8.081	30.014
0.676	8.081	30.013
0.676	8.082	30.012
0.676	8.081	30.013
0.676	8.080	30.012
0.675	8.075	30.010
0.675	8.069	30.012
0.674	8.057	30.011
0.674	8.057	30.012
0.673	8.048	30.013
0.673	8.044	30.012
0.673	8.044	30.012
0.672	8.042	30.012
0.672	8.039	30.013
0.672	8.034	30.013
0.672	8.033	30.012
0.672	8.030	30.013
0.672	8.025	30.014
0.671	8.020	30.011
0.671	8.019	30.013
0.671	8.018	30.012
0.671	8.016	30.014
0.670	8.008	30.013
0.670	8.006	30.012
0.670	7.999	30.012
0.670	7.996	30.014
0.669	7.991	30.012
0.669	7.983	30.014
0.669	7.976	30.013
0.668	7.971	30.013
0.668	7.971	30.013
0.667	7.963	30.013
0.667	7.959	30.013
0.666	7.953	30.013
0.666	7.947	30.012
0.666	7.942	30.012
0.665	7.934	30.010
0.665	7.929	30.012
0.664	7.925	30.011
0.664	7.917	30.011
0.663	7.910	30.012
0.662	7.900	30.011
0.662	7.894	30.012
0.661	7.885	30.012
0.661	7.877	30.010
0.660	7.867	30.012
0.660	7.861	30.013
0.660	7.858	30.014
0.660	7.850	30.011
0.659	7.849	30.012
0.659	7.849	30.014
0.660	7.849	30.011
0.659	7.846	30.011
0.659	7.843	30.011
0.659	7.838	30.012
0.659	7.836	30.011
0.659	7.829	30.013
0.658	7.826	30.013
0.658	7.825	30.012
0.658	7.825	30.013
0.658	7.823	30.012
0.658	7.822	30.010
0.658	7.822	30.013
0.658	7.820	30.012
0.657	7.813	30.010
0.657	7.812	30.010
0.656	7.806	30.009
0.655	7.800	30.011
0.654	7.788	30.009
0.654	7.782	30.009
0.654	7.781	30.009
0.654	7.779	30.009
0.653	7.776	30.009
0.653	7.772	30.008
0.652	7.764	30.009
0.652	7.756	30.009
0.651	7.752	30.010
0.651	7.751	30.010
0.650	7.743	30.009
0.650	7.739	30.010
0.650	7.735	30.009
0.649	7.730	30.010
0.649	7.727	30.011
0.649	7.720	30.010
0.648	7.717	30.009
0.648	7.714	30.009
0.647	7.710	30.008
0.647	7.707	30.008
0.647	7.703	30.010
0.647	7.702	30.011
0.646	7.690	30.009
0.646	7.686	30.011
0.646	7.679	30.010
0.645	7.671	30.009
0.644	7.664	30.008
0.644	7.655	30.009
0.643	7.646	30.009
0.642	7.629	30.009
0.641	7.623	30.011
0.641	7.620	30.009
0.641	7.618	30.009
0.640	7.613	30.009
0.639	7.599	30.010
0.638	7.589	30.010
0.637	7.575	30.010
0.636	7.562	30.008
0.635	7.552	30.011
0.635	7.551	30.010
0.635	7.546	30.009
0.635	7.544	30.011
0.635	7.538	30.008
0.634	7.532	30.007
0.634	7.529	30.011
0.633	7.521	30.009
0.633	7.510	30.010
0.632	7.502	30.010
0.632	7.491	30.008
0.631	7.482	30.009
0.631	7.473	30.007
0.631	7.470	30.010
0.630	7.459	30.007
0.629	7.448	30.007
0.628	7.441	30.010
0.628	7.431	30.010
0.627	7.423	30.010
0.627	7.419	30.007
0.626	7.412	30.008
0.626	7.408	30.006
0.626	7.401	30.007
0.625	7.397	30.006
0.624	7.383	30.008
0.623	7.361	30.007
0.621	7.349	30.009
0.620	7.340	30.009
0.620	7.338	30.009
0.620	7.336	30.006
0.619	7.329	30.009
0.619	7.325	30.007
0.618	7.323	30.007
0.618	7.317	30.009
0.617	7.311	30.006
0.616	7.303	30.007
0.616	7.295	30.008
0.615	7.288	30.009
0.615	7.278	30.008
0.614	7.275	30.007
0.614	7.271	30.009
0.614	7.265	30.007
0.614	7.258	30.006
0.613	7.242	30.006
0.612	7.234	30.008
0.611	7.229	30.008
0.611	7.227	30.007
0.610	7.219	30.009
0.610	7.212	30.008
0.609	7.202	30.007
0.608	7.190	30.008
0.608	7.186	30.007
0.608	7.178	30.006
0.607	7.170	30.004
0.606	7.159	30.008
0.606	7.153	30.007
0.605	7.145	30.010
0.605	7.135	30.009
0.604	7.130	30.007
0.603	7.123	30.006
0.603	7.113	30.008
0.602	7.104	30.006
0.602	7.101	30.007
0.601	7.095	30.006
0.601	7.091	30.007
0.601	7.082	30.007
0.600	7.080	30.007
0.600	7.075	30.008
0.600	7.068	30.005
0.600	7.064	30.005
0.599	7.058	30.007
0.599	7.052	30.005
0.598	7.043	30.006
0.598	7.036	30.005
0.598	7.032	30.007
0.597	7.028	30.005
0.597	7.020	30.007
0.596	7.018	30.005
0.596	7.007	30.007
0.595	7.001	30.005
0.594	6.995	30.005
0.593	6.978	30.003
0.593	6.968	30.005
0.592	6.964	30.009
0.592	6.960	30.004
0.591	6.943	30.007
0.590	6.936	30.006
0.590	6.934	30.005
0.590	6.930	30.006
0.589	6.918	30.005
0.587	6.906	30.006
0.586	6.890	30.007
0.586	6.885	30.006
0.585	6.879	30.006
0.585	6.866	30.003
0.583	6.854	30.004
0.582	6.838	30.004
0.582	6.831	30.006
0.582	6.826	30.005
0.581	6.824	30.006
0.581	6.821	30.005
0.581	6.817	30.005
0.580	6.816	30.005
0.580	6.812	30.004
0.579	6.799	30.001
0.579	6.795	30.003
0.578	6.788	30.005
0.578	6.787	30.006
0.578	6.785	30.004
0.577	6.775	30.005
0.576	6.766	30.004
0.576	6.755	30.002
0.575	6.747	30.005
0.574	6.734	30.003
0.573	6.726	30.004
0.573	6.717	30.002
0.572	6.714	30.005
0.572	6.701	30.003
0.571	6.689	30.004
0.571	6.683	30.006
0.571	6.678	30.005
0.570	6.675	30.004
0.570	6.670	30.001
0.569	6.665	30.002
0.569	6.663	30.003
0.569	6.658	30.005
0.569	6.653	30.004
0.568	6.651	30.006
0.568	6.646	30.002
0.568	6.641	30.005
0.567	6.637	30.004
0.567	6.633	30.003
0.567	6.628	30.003
0.566	6.623	30.005
0.566	6.617	30.002
0.566	6.616	30.003
0.566	6.615	30.004
0.565	6.608	30.003
0.565	6.604	30.003
0.565	6.596	30.002
0.564	6.592	30.003
0.564	6.586	30.004
0.563	6.580	30.003
0.563	6.580	30.002
0.563	6.576	30.005
0.563	6.569	30.002
0.563	6.565	30.004
0.563	6.564	30.002
0.562	6.560	30.001
0.562	6.553	30.002
0.562	6.546	30.000
0.562	6.541	30.002
0.561	6.533	30.000
0.561	6.531	30.002
0.561	6.530	30.004
0.561	6.526	30.004
0.560	6.524	30.004
0.560	6.521	30.001
0.560	6.519	30.002
0.560	6.512	30.001
0.559	6.506	30.002
0.559	6.498	30.001
0.558	6.494	30.000
0.558	6.492	30.003
0.558	6.489	30.002
0.558	6.486	30.001
0.557	6.482	30.001
0.557	6.482	30.003
0.557	6.481	30.002
0.557	6.482	30.000
0.557	6.482	30.001
0.557	6.480	30.003
0.557	6.474	30.000
0.556	6.470	30.003
0.556	6.469	30.002
0.556	6.463	30.003
0.555	6.455	30.003
0.554	6.445	30.002
0.554	6.433	30.003
0.554	6.433	30.001
0.553	6.433	30.001
0.553	6.431	30.002
0.553	6.424	30.002
0.552	6.421	30.001
0.552	6.420	30.002
0.551	6.417	30.002
0.551	6.410	30.003
0.550	6.402	30.002
0.550	6.388	29.999
0.549	6.384	29.997
0.549	6.376	30.000
0.548	6.372	30.001
0.548	6.371	30.000
0.547	6.364	30.001
0.546	6.359	30.002
0.546	6.350	30.002
0.545	6.346	30.000
0.545	6.342	30.001
0.544	6.335	30.003
0.544	6.327	30.000
0.543	6.316	30.001
0.542	6.302	30.003
0.541	6.295	30.002
0.541	6.288	30.001
0.541	6.287	30.000
0.541	6.276	29.999
0.540	6.268	30.001
0.540	6.262	30.000
0.540	6.258	30.002
0.540	6.252	30.000
0.539	6.250	30.000
0.539	6.250	30.000
0.539	6.248	30.000
0.539	6.243	30.001
0.539	6.237	29.999
0.538	6.224	29.999
0.537	6.217	29.997
0.536	6.213	29.998
0.536	6.213	30.000
0.536	6.209	29.998
0.536	6.201	30.000
0.535	6.197	29.999
0.535	6.189	29.997
0.534	6.173	29.998
0.532	6.151	29.998
0.531	6.144	29.997
0.531	6.141	29.999
0.531	6.137	29.997
0.530	6.128	29.998
0.529	6.117	29.996
0.529	6.108	29.997
0.528	6.099	29.996
0.527	6.091	29.998
0.527	6.082	29.997
0.526	6.074	29.998
0.525	6.058	29.997
0.523	6.038	30.000
0.522	6.020	29.999
0.522	6.016	29.997
0.522	6.010	29.996
0.522	6.009	29.998

