0.515	5.915	30.006
0.516	5.919	30.008
0.517	5.924	30.006
0.518	5.933	30.005
0.520	5.945	30.007
0.521	5.956	30.007
0.522	5.963	30.004
0.523	5.970	30.006
0.523	5.975	30.004
0.523	5.979	30.007
0.523	5.980	30.006
0.523	5.982	30.008
0.523	5.994	30.005
0.524	6.002	30.005
0.525	6.010	30.007
0.525	6.018	30.003
0.526	6.032	30.003
0.527	6.040	30.004
0.527	6.047	30.006
0.528	6.062	30.004
0.529	6.078	30.005
0.530	6.082	30.002
0.530	6.088	30.001
0.530	6.091	30.001
0.531	6.099	30.001
0.532	6.108	30.004
0.532	6.116	30.003
0.533	6.125	30.001
0.533	6.132	30.001
0.534	6.140	30.001
0.535	6.146	30.000
0.535	6.152	30.002
0.535	6.157	30.000
0.536	6.165	30.000
0.537	6.172	30.002
0.537	6.179	30.000
0.538	6.197	30.003
0.540	6.218	30.001
0.542	6.230	30.002
0.542	6.240	30.002
0.543	6.253	30.001
0.544	6.267	29.998
0.545	6.287	29.999
0.546	6.299	29.998
0.547	6.310	30.002
0.548	6.324	29.999
0.549	6.341	30.000
0.551	6.358	30.001
0.552	6.370	30.000
0.553	6.382	30.001
0.555	6.408	29.999
0.557	6.432	29.997
0.558	6.454	29.999
0.560	6.470	29.997
0.561	6.481	29.994
0.562	6.493	29.999
0.563	6.506	29.999
0.563	6.518	29.997
0.564	6.530	29.997
0.565	6.540	29.998
0.566	6.559	29.995
0.568	6.579	29.995
0.569	6.592	29.996
0.569	6.603	29.997
0.570	6.611	29.997
0.572	6.631	29.996
0.572	6.640	29.995
0.573	6.643	29.996
0.573	6.646	29.997
0.573	6.650	29.997
0.574	6.664	29.993
0.576	6.692	29.995
0.577	6.713	29.994
0.578	6.717	29.996
0.578	6.726	29.995
0.580	6.741	29.996
0.581	6.761	29.993
0.583	6.781	29.994
0.584	6.799	29.993
0.585	6.812	29.994
0.585	6.818	29.993
0.586	6.827	29.993
0.588	6.846	29.993
0.589	6.868	29.992
0.591	6.888	29.992
0.592	6.908	29.991
0.593	6.921	29.993
0.594	6.935	29.992
0.595	6.946	29.991
0.596	6.961	29.993
0.597	6.973	29.991
0.598	6.995	29.990
0.600	7.014	29.992
0.601	7.032	29.992
0.603	7.053	29.992
0.604	7.060	29.992
0.604	7.066	29.991
0.605	7.080	29.993
0.605	7.089	29.992
0.606	7.095	29.990
0.606	7.099	29.992
0.606	7.104	29.989
0.606	7.110	29.986
0.606	7.111	29.988
0.607	7.120	29.988
0.609	7.137	29.991
0.610	7.153	29.990
0.611	7.168	29.990
0.612	7.180	29.989
0.613	7.191	29.988
0.614	7.203	29.988
0.614	7.215	29.987
0.615	7.227	29.988
0.617	7.239	29.988
0.618	7.261	29.989
0.620	7.283	29.988
0.621	7.301	29.989
0.622	7.312	29.990
0.623	7.324	29.987
0.624	7.334	29.988
0.625	7.346	29.984
0.626	7.356	29.985
0.627	7.371	29.988
0.628	7.391	29.988
0.629	7.409	29.985
0.631	7.423	29.986
0.632	7.447	29.986
0.634	7.469	29.987
0.636	7.492	29.985
0.637	7.513	29.985
0.638	7.520	29.985
0.638	7.531	29.986
0.640	7.545	29.988
0.641	7.556	29.985
0.641	7.560	29.985
0.641	7.566	29.986
0.642	7.578	29.984
0.644	7.605	29.983
0.646	7.625	29.986
0.647	7.639	29.984
0.648	7.651	29.984
0.649	7.664	29.985
0.650	7.678	29.984
0.651	7.699	29.983
0.653	7.714	29.984
0.654	7.725	29.984
0.654	7.737	29.984
0.655	7.748	29.984
0.656	7.763	29.985
0.658	7.782	29.982
0.659	7.800	29.981
0.660	7.812	29.982
0.662	7.833	29.983
0.663	7.853	29.986
0.664	7.869	29.985
0.664	7.877	29.984
0.665	7.895	29.980
0.666	7.910	29.983
0.667	7.922	29.982
0.668	7.927	29.982
0.668	7.928	29.982
0.668	7.930	29.983
0.669	7.935	29.980
0.669	7.948	29.979
0.670	7.957	29.979
0.671	7.962	29.984
0.671	7.967	29.982
0.671	7.968	29.981
0.671	7.971	29.982
0.672	7.978	29.979
0.673	7.993	29.981
0.674	8.008	29.981
0.674	8.014	29.981
0.675	8.016	29.979
0.675	8.018	29.980
0.675	8.020	29.979
0.675	8.028	29.979
0.676	8.033	29.980
0.677	8.046	29.980
0.679	8.066	29.981
0.680	8.081	29.979
0.681	8.094	29.980
0.682	8.108	29.976
0.683	8.118	29.980
0.684	8.133	29.978
0.685	8.147	29.979
0.686	8.159	29.978
0.687	8.175	29.977
0.688	8.189	29.979
0.689	8.205	29.978
0.691	8.223	29.976
0.692	8.246	29.979
0.694	8.256	29.977
0.695	8.268	29.980
0.696	8.284	29.977
0.696	8.294	29.978
0.696	8.301	29.979
0.697	8.309	29.975
0.697	8.317	29.978
0.698	8.327	29.978
0.699	8.337	29.976
0.700	8.349	29.976
0.701	8.358	29.975
0.701	8.362	29.974
0.702	8.374	29.975
0.703	8.385	29.974
0.704	8.398	29.976
0.704	8.407	29.977
0.705	8.414	29.975
0.705	8.426	29.976
0.706	8.435	29.976
0.706	8.439	29.975
0.706	8.439	29.976
0.706	8.444	29.975
0.707	8.448	29.977
0.707	8.455	29.974
0.708	8.459	29.975
0.708	8.462	29.974
0.708	8.467	29.975
0.709	8.472	29.973
0.709	8.474	29.974
0.709	8.475	29.975
0.710	8.484	29.976
0.710	8.488	29.975
0.710	8.492	29.975
0.711	8.496	29.976
0.711	8.499	29.975
0.712	8.508	29.974
0.712	8.521	29.975
0.713	8.536	29.974
0.714	8.545	29.973
0.714	8.545	29.972
0.715	8.549	29.973
0.716	8.558	29.973
0.717	8.577	29.975
0.718	8.591	29.975
0.719	8.602	29.973
0.719	8.612	29.975
0.720	8.619	29.973
0.721	8.630	29.974
0.722	8.642	29.975
0.722	8.647	29.974
0.723	8.655	29.977
0.723	8.665	29.972
0.724	8.679	29.973
0.725	8.697	29.972
0.727	8.708	29.972
0.728	8.722	29.971
0.729	8.733	29.972
0.730	8.751	29.970
0.731	8.765	29.971
0.732	8.776	29.972
0.732	8.781	29.973
0.733	8.789	29.973
0.733	8.800	29.975
0.734	8.812	29.971
0.735	8.820	29.972
0.736	8.833	29.970
0.737	8.850	29.972
0.738	8.862	29.971
0.739	8.874	29.973
0.740	8.885	29.970
0.740	8.888	29.971
0.741	8.897	29.971
0.741	8.906	29.970
0.741	8.911	29.971
0.742	8.923	29.971
0.743	8.932	29.969
0.743	8.936	29.970
0.743	8.938	29.971
0.743	8.948	29.969
0.744	8.952	29.970
0.744	8.960	29.968
0.746	8.969	29.970
0.747	8.989	29.970
0.748	9.001	29.971
0.749	9.011	29.970
0.749	9.016	29.969
0.750	9.019	29.971
0.751	9.021	29.970
0.752	9.034	29.969
0.753	9.054	29.970
0.754	9.074	29.971
0.755	9.093	29.970
0.757	9.108	29.970
0.758	9.134	29.969
0.760	9.152	29.970
0.761	9.161	29.969
0.761	9.161	29.970
0.761	9.163	29.968
0.761	9.167	29.971
0.762	9.181	29.970
0.764	9.200	29.968
0.765	9.219	29.968
0.766	9.240	29.970
0.767	9.251	29.968
0.768	9.264	29.968
0.769	9.274	29.968
0.770	9.285	29.970
0.772	9.301	29.966
0.773	9.314	29.967
0.774	9.329	29.970
0.775	9.349	29.968
0.777	9.366	29.969
0.777	9.382	29.968
0.778	9.402	29.968
0.779	9.414	29.969
0.780	9.415	29.967
0.780	9.420	29.969
0.781	9.428	29.968
0.782	9.437	29.969
0.783	9.454	29.968
0.784	9.468	29.967
0.785	9.484	29.968
0.787	9.505	29.968
0.788	9.527	29.966
0.789	9.539	29.968
0.790	9.545	29.967
0.790	9.546	29.968
0.790	9.546	29.969
0.789	9.546	29.967
0.789	9.546	29.967
0.789	9.546	29.967
0.789	9.546	29.968
0.789	9.546	29.968
0.789	9.546	29.967
0.789	9.545	29.969
0.789	9.554	29.968
0.790	9.558	29.968
0.790	9.560	29.969
0.790	9.569	29.966
0.790	9.570	29.967
0.791	9.576	29.965
0.795	9.623	29.967
0.799	9.664	29.968
0.801	9.687	29.963
0.802	9.707	29.967
0.803	9.719	29.966
0.803	9.720	29.965
0.803	9.721	29.967
0.803	9.720	29.966
0.803	9.721	29.966
0.803	9.722	29.966
0.803	9.722	29.966
0.802	9.722	29.967
0.803	9.724	29.968
0.803	9.729	29.967
0.803	9.731	29.964
0.804	9.745	29.967
0.804	9.753	29.966
0.804	9.755	29.967
0.805	9.765	29.965
0.806	9.769	29.965
0.806	9.777	29.968
0.807	9.777	29.966
0.807	9.782	29.967
0.807	9.789	29.968
0.808	9.792	29.967
0.808	9.796	29.966
0.808	9.802	29.966
0.808	9.805	29.968
0.809	9.808	29.969
0.808	9.810	29.968
0.809	9.811	29.967
0.809	9.811	29.969
0.809	9.815	29.967
0.811	9.829	29.967
0.817	9.903	29.966
0.822	9.964	29.967
0.823	9.983	29.966
0.824	9.996	29.967
0.825	10.009	29.967
0.826	10.021	29.968
0.827	10.035	29.964
0.829	10.054	29.964
0.830	10.081	29.966
0.832	10.104	29.966
0.833	10.120	29.966
0.834	10.132	29.962
0.835	10.137	29.966
0.835	10.142	29.964
0.835	10.144	29.966
0.835	10.144	29.963
0.835	10.140	29.965
0.835	10.148	29.965
0.835	10.153	29.967
0.835	10.156	29.967
0.837	10.175	29.966
0.838	10.191	29.966
0.840	10.213	29.965
0.842	10.235	29.966
0.842	10.242	29.965
0.843	10.251	29.962
0.844	10.262	29.965
0.845	10.276	29.966
0.847	10.295	29.965
0.847	10.309	29.967
0.848	10.322	29.965
0.850	10.336	29.964
0.851	10.356	29.964
0.853	10.374	29.964
0.855	10.391	29.964
0.857	10.417	29.963
0.859	10.447	29.967
0.861	10.472	29.966
0.864	10.509	29.964
0.865	10.535	29.966
0.867	10.551	29.965
0.868	10.569	29.965
0.869	10.585	29.965
0.870	10.601	29.965
0.872	10.618	29.965
0.873	10.631	29.964
0.873	10.650	29.965
0.874	10.657	29.964
0.874	10.660	29.965
0.874	10.666	29.964
0.874	10.667	29.965
0.874	10.669	29.965
0.874	10.669	29.967
0.874	10.669	29.965
0.874	10.669	29.963
0.874	10.666	29.962
0.874	10.672	29.964
0.874	10.678	29.966
0.874	10.685	29.966
0.875	10.690	29.964
0.875	10.693	29.963
0.876	10.702	29.964
0.876	10.710	29.966
0.877	10.718	29.963
0.877	10.716	29.964
0.878	10.720	29.963
0.878	10.724	29.963
0.878	10.733	29.965
0.878	10.740	29.964
0.879	10.743	29.966
0.880	10.752	29.965
0.881	10.761	29.965
0.881	10.770	29.963
0.883	10.791	29.964
0.885	10.808	29.963
0.886	10.822	29.965
0.886	10.823	29.963
0.886	10.828	29.962
0.887	10.841	29.966
0.888	10.852	29.964
0.888	10.864	29.962
0.889	10.876	29.965
0.889	10.885	29.965
0.890	10.888	29.964
0.890	10.889	29.963
0.890	10.892	29.963
0.891	10.899	29.962
0.891	10.910	29.965
0.892	10.914	29.962
0.892	10.922	29.963
0.893	10.932	29.965
0.894	10.940	29.963
0.895	10.955	29.964
0.896	10.962	29.964
0.897	10.979	29.964
0.897	10.986	29.965
0.898	10.996	29.965
0.899	11.006	29.965
0.899	11.014	29.962
0.900	11.023	29.964
0.901	11.039	29.963
0.902	11.051	29.965
0.903	11.060	29.963
0.904	11.073	29.965
0.905	11.085	29.961
0.905	11.104	29.965
0.906	11.108	29.963
0.907	11.114	29.965
0.907	11.121	29.963
0.908	11.127	29.964
0.908	11.133	29.964
0.909	11.139	29.962
0.909	11.139	29.963
0.910	11.147	29.966
0.910	11.157	29.962
0.911	11.173	29.964
0.911	11.180	29.964
0.912	11.184	29.963
0.912	11.191	29.964
0.912	11.194	29.963
0.912	11.194	29.963
0.913	11.199	29.964
0.913	11.203	29.962
0.913	11.206	29.963
0.913	11.206	29.963
0.914	11.210	29.962
0.915	11.229	29.965
0.915	11.235	29.963
0.916	11.243	29.962
0.917	11.255	29.962
0.919	11.270	29.962
0.919	11.277	29.961
0.920	11.285	29.962
0.921	11.296	29.962
0.922	11.304	29.963
0.923	11.327	29.966
0.924	11.341	29.964
0.925	11.357	29.964
0.926	11.373	29.962
0.928	11.388	29.963
0.929	11.400	29.961
0.930	11.416	29.963
0.931	11.434	29.964
0.931	11.441	29.964
0.932	11.447	29.963
0.933	11.452	29.963
0.934	11.464	29.966
0.934	11.477	29.964
0.936	11.507	29.964
0.937	11.519	29.963
0.938	11.524	29.962
0.939	11.536	29.961
0.940	11.545	29.960
0.940	11.553	29.963
0.941	11.564	29.962
0.941	11.572	29.961
0.942	11.581	29.962
0.943	11.591	29.962
0.945	11.624	29.964
0.945	11.631	29.962
0.945	11.632	29.961
0.946	11.641	29.963
0.946	11.646	29.963
0.947	11.650	29.964
0.947	11.657	29.964
0.948	11.664	29.963
0.949	11.674	29.965
0.950	11.687	29.961
0.952	11.708	29.964
0.953	11.725	29.963
0.954	11.737	29.964
0.956	11.747	29.962
0.956	11.752	29.964
0.956	11.766	29.963
0.958	11.783	29.964
0.958	11.800	29.963
0.960	11.812	29.962
0.960	11.821	29.966
0.961	11.832	29.964
0.961	11.834	29.962
0.962	11.853	29.965
0.963	11.865	29.964
0.964	11.877	29.965
0.965	11.888	29.965
0.965	11.894	29.967
0.966	11.907	29.966
0.968	11.920	29.966
0.969	11.931	29.967
0.969	11.941	29.966
0.970	11.949	29.968
0.970	11.965	29.966
0.971	11.971	29.969
0.972	11.977	29.968
0.972	11.983	29.968
0.972	11.985	29.969
0.972	11.987	29.968
0.973	11.994	29.968
0.973	12.000	29.969
0.974	11.999	29.968
0.974	12.011	29.970
0.974	12.016	29.971
0.975	12.024	29.972
0.976	12.034	29.971
0.976	12.038	29.970
0.977	12.050	29.974
0.977	12.061	29.970
0.978	12.069	29.973
0.979	12.071	29.974
0.979	12.075	29.975
0.980	12.085	29.974
0.980	12.092	29.973
0.981	12.097	29.975
0.981	12.099	29.976
0.981	12.108	29.976
0.982	12.120	29.978
0.983	12.136	29.978
0.985	12.155	29.978
0.986	12.159	29.981
0.988	12.188	29.980
0.989	12.198	29.980
0.990	12.207	29.979
0.992	12.228	29.982
0.992	12.238	29.981
0.993	12.245	29.981
0.993	12.255	29.982
0.993	12.263	29.983
0.995	12.272	29.982
0.996	12.288	29.983
0.997	12.302	29.983
0.998	12.313	29.985
0.998	12.320	29.986
0.999	12.329	29.986
1.000	12.342	29.987
1.000	12.354	29.985
1.001	12.366	29.987
1.002	12.379	29.987
1.003	12.383	29.987
1.004	12.407	29.987
1.005	12.426	29.985
1.006	12.433	29.989
1.006	12.439	29.988
1.007	12.445	29.989
1.007	12.453	29.990
1.008	12.464	29.990
1.008	12.473	29.990
1.008	12.476	29.991
1.010	12.480	29.990
1.010	12.494	29.993
1.011	12.507	29.993
1.011	12.514	29.992
1.012	12.524	29.995
1.012	12.531	29.997
1.013	12.539	29.993
1.014	12.550	29.993
1.015	12.561	29.996
1.015	12.561	29.993
1.016	12.568	29.993
1.017	12.579	29.995
1.018	12.594	29.994
1.019	12.616	29.998
1.020	12.633	29.996
1.021	12.651	29.997
1.023	12.662	29.997
1.024	12.671	29.995
1.025	12.679	29.996
1.027	12.697	29.994
1.028	12.716	29.997
1.029	12.738	29.996
1.030	12.756	29.999
1.031	12.761	29.997
1.031	12.774	29.997
1.032	12.787	30.001
1.033	12.805	29.998
1.034	12.816	29.997
1.035	12.817	29.999
1.035	12.826	29.998
1.036	12.842	29.998
1.038	12.865	30.000
1.039	12.879	30.000
1.039	12.890	30.001
1.041	12.904	30.002
1.042	12.926	29.998
1.044	12.942	30.003
1.046	12.960	29.999
1.047	12.973	29.997
1.048	12.995	29.999
1.048	13.011	30.001
1.049	13.014	30.001
1.049	13.025	30.001
1.049	13.029	29.999
1.049	13.033	30.001
1.050	13.037	30.002
1.050	13.040	30.001
1.050	13.037	30.002
1.051	13.047	30.001
1.053	13.060	30.001
1.054	13.088	30.002
1.055	13.106	30.001
1.056	13.110	30.001
1.057	13.119	30.002
1.058	13.128	30.002
1.059	13.145	30.003
1.060	13.150	30.002
1.061	13.157	29.999
1.063	13.175	30.003
1.064	13.194	30.001
1.065	13.208	30.003
1.066	13.223	30.001
1.067	13.234	30.003
1.067	13.245	30.001
1.068	13.256	30.000
1.068	13.262	30.002
1.069	13.271	30.000
1.070	13.284	30.004
1.071	13.305	30.000
1.073	13.319	30.001
1.074	13.337	30.000
1.076	13.364	30.003
1.077	13.380	30.003
1.078	13.392	30.002
1.078	13.403	30.004
1.079	13.414	30.002
1.080	13.416	30.001
1.081	13.427	30.001
1.082	13.437	30.003
1.082	13.447	30.002
1.083	13.462	30.001
1.082	13.464	30.001
1.083	13.465	30.002
1.083	13.472	30.003
1.084	13.477	30.004
1.084	13.478	30.001
1.085	13.488	30.001
1.087	13.518	30.000
1.088	13.538	30.002
1.089	13.550	30.002
1.090	13.563	30.000
1.091	13.574	30.000
1.092	13.587	29.999
1.092	13.597	30.000
1.093	13.601	30.002
1.094	13.599	29.999
1.095	13.601	30.000
1.096	13.610	29.998
1.096	13.622	29.998
1.097	13.640	29.999
1.097	13.648	30.001
1.098	13.658	29.998
1.098	13.666	30.000
1.099	13.678	30.000
1.100	13.678	30.000
1.101	13.683	30.000
1.102	13.702	30.000
1.102	13.712	30.003
1.103	13.724	30.000
1.104	13.734	30.001
1.105	13.751	29.999
1.105	13.762	30.000
1.106	13.772	30.000
1.106	13.779	29.999
1.107	13.780	29.995
1.108	13.802	29.998
1.109	13.820	30.001
1.109	13.831	30.001
1.110	13.841	29.996
1.111	13.849	29.997
1.112	13.860	29.995
1.113	13.867	29.999
1.114	13.879	29.997
1.114	13.878	29.997
1.115	13.897	29.998
1.115	13.904	29.998
1.115	13.906	29.998
1.115	13.914	29.997
1.115	13.918	29.997
1.116	13.924	29.997
1.117	13.928	29.996
1.117	13.937	29.996
1.118	13.948	29.996
1.119	13.942	29.995
1.120	13.967	29.995
1.120	13.979	29.995
1.120	13.984	29.994
1.120	13.989	29.994
1.121	13.992	29.996
1.121	14.001	29.995
1.122	14.014	29.991
1.124	14.033	29.993
1.124	14.040	29.992
1.126	14.054	29.993
1.127	14.066	29.994
1.128	14.075	29.993
1.129	14.083	29.992
1.130	14.090	29.992
1.130	14.098	29.994
1.131	14.105	29.992
1.131	14.111	29.991
1.132	14.122	29.992
1.132	14.120	29.993
1.133	14.147	29.991
1.134	14.158	29.989
1.136	14.168	29.990
1.137	14.183	29.989
1.139	14.198	29.989
1.139	14.215	29.990
1.140	14.231	29.990
1.142	14.251	29.989
1.143	14.263	29.989
1.145	14.292	29.988
1.145	14.306	29.990
1.146	14.322	29.986
1.147	14.335	29.987
1.148	14.343	29.990
1.148	14.348	29.987
1.148	14.355	29.989
1.149	14.362	29.989
1.149	14.366	29.985
1.150	14.356	29.988
1.150	14.377	29.985
1.150	14.383	29.985
1.151	14.388	29.985
1.151	14.392	29.986
1.152	14.402	29.984
1.152	14.405	29.985
1.153	14.417	29.985
1.153	14.429	29.983
1.154	14.424	29.985
1.155	14.438	29.983
1.155	14.444	29.983
1.155	14.452	29.982
1.155	14.453	29.981
1.155	14.458	29.982
1.156	14.459	29.983
1.156	14.465	29.982
1.156	14.469	29.982
1.156	14.476	29.984
1.157	14.469	29.983
1.158	14.478	29.983
1.158	14.498	29.982
1.159	14.517	29.982
1.161	14.530	29.979
1.162	14.539	29.982
1.162	14.540	29.979
1.163	14.547	29.979
1.164	14.557	29.980
1.165	14.564	29.980
1.165	14.565	29.979
1.166	14.570	29.981
1.166	14.576	29.978
1.167	14.583	29.978
1.168	14.603	29.980
1.169	14.614	29.977
1.170	14.627	29.977
1.170	14.643	29.976
1.171	14.656	29.976
1.172	14.661	29.974
1.173	14.662	29.973
1.173	14.671	29.975
1.174	14.681	29.976
1.175	14.691	29.977
1.176	14.709	29.976
1.176	14.727	29.974
1.178	14.740	29.974
1.179	14.755	29.973
1.180	14.771	29.975
1.181	14.777	29.973
1.182	14.791	29.972
1.182	14.797	29.973
1.183	14.803	29.973
1.183	14.817	29.972
1.183	14.827	29.971
1.184	14.839	29.974
1.185	14.848	29.972
1.185	14.855	29.974
1.186	14.853	29.972
1.187	14.856	29.973
1.187	14.866	29.972
1.188	14.882	29.972
1.189	14.899	29.972
1.190	14.909	29.972
1.191	14.925	29.971
1.192	14.942	29.971
1.193	14.958	29.972
1.194	14.970	29.969
1.195	14.974	29.970
1.196	14.984	29.969
1.197	14.990	29.970
1.197	14.999	29.970
1.199	15.012	29.971
1.199	15.024	29.970
1.200	15.033	29.971
1.200	15.039	29.970
1.202	15.048	29.969
1.203	15.059	29.970
1.204	15.073	29.969
1.206	15.094	29.969
1.207	15.117	29.969
1.209	15.137	29.969
1.210	15.161	29.968
1.210	15.166	29.966
1.210	15.177	29.969
1.211	15.184	29.968
1.212	15.199	29.968
1.214	15.221	29.967
1.215	15.235	29.969
1.217	15.252	29.969
1.218	15.268	29.968
1.219	15.293	29.968
1.220	15.308	29.967
1.221	15.319	29.966
1.221	15.329	29.967
1.222	15.341	29.968
1.223	15.344	29.967
1.223	15.347	29.968
1.223	15.355	29.967
1.224	15.359	29.968
1.224	15.372	29.965
1.225	15.380	29.967
1.225	15.381	29.967
1.225	15.381	29.966
1.225	15.383	29.967
1.226	15.381	29.965
1.227	15.392	29.965
1.228	15.423	29.966
1.229	15.432	29.965
1.230	15.456	29.965
1.231	15.464	29.966
1.231	15.468	29.965
1.232	15.476	29.964
1.233	15.483	29.965
1.234	15.491	29.964
1.234	15.488	29.965
1.235	15.494	29.962
1.235	15.503	29.965
1.236	15.511	29.963
1.237	15.526	29.965
1.238	15.541	29.964
1.238	15.545	29.964
1.239	15.552	29.964
1.239	15.564	29.963
1.240	15.574	29.963
1.242	15.576	29.961
1.242	15.596	29.964
1.243	15.604	29.966
1.243	15.617	29.965
1.244	15.628	29.965
1.246	15.644	29.966
1.246	15.649	29.964
1.246	15.655	29.965
1.247	15.662	29.963
1.248	15.662	29.962
1.250	15.702	29.965
1.251	15.715	29.962
1.251	15.723	29.964
1.252	15.728	29.965
1.252	15.735	29.964
1.252	15.741	29.964
1.253	15.747	29.965
1.254	15.756	29.963
1.254	15.758	29.965
1.254	15.771	29.962
1.255	15.786	29.963
1.255	15.793	29.964
1.256	15.798	29.964
1.256	15.805	29.963
1.257	15.808	29.964
1.258	15.813	29.960
1.258	15.827	29.964
1.259	15.833	29.964
1.260	15.837	29.961
1.262	15.873	29.962
1.264	15.899	29.962
1.265	15.910	29.963
1.266	15.921	29.961
1.267	15.931	29.961
1.269	15.942	29.962
1.270	15.955	29.961
1.270	15.966	29.961
1.271	15.972	29.960
1.272	15.958	29.957
1.273	15.985	29.963
1.273	15.999	29.961
1.274	16.007	29.960
1.275	16.026	29.962
1.275	16.039	29.962
1.276	16.049	29.962
1.278	16.063	29.961
1.279	16.076	29.960
1.281	16.075	29.959
1.282	16.111	29.961
1.283	16.128	29.964
1.284	16.146	29.959
1.286	16.167	29.961
1.287	16.186	29.959
1.288	16.199	29.959
1.287	16.199	29.961
1.288	16.202	29.959
1.288	16.204	29.958
1.289	16.209	29.960
1.289	16.224	29.960
1.290	16.235	29.959
1.290	16.245	29.960
1.290	16.248	29.959
1.291	16.257	29.960
1.291	16.262	29.957
1.291	16.270	29.958
1.292	16.275	29.960
1.293	16.268	29.958
1.294	16.295	29.958
1.295	16.306	29.959
1.295	16.321	29.959
1.296	16.336	29.957
1.297	16.345	29.957
1.298	16.357	29.958
1.299	16.364	29.959
1.300	16.373	29.958
1.301	16.377	29.956
1.303	16.389	29.956
1.304	16.405	29.957
1.304	16.415	29.956
1.305	16.421	29.957
1.306	16.429	29.957
1.306	16.436	29.958
1.307	16.442	29.956
1.307	16.454	29.956
1.309	16.464	29.957
1.310	16.469	29.955
1.310	16.472	29.955
1.311	16.498	29.956
1.312	16.507	29.957
1.313	16.518	29.956
1.313	16.524	29.955
1.315	16.534	29.956
1.315	16.546	29.956
1.315	16.555	29.954
1.316	16.560	29.955
1.317	16.556	29.953
1.316	16.561	29.954
1.317	16.565	29.953
1.318	16.589	29.955
1.318	16.600	29.956
1.319	16.609	29.955
1.319	16.614	29.956
1.319	16.619	29.956
1.320	16.627	29.955
1.320	16.638	29.955
1.321	16.650	29.954
1.322	16.653	29.955
1.323	16.649	29.950
1.323	16.658	29.950
1.323	16.674	29.954
1.323	16.677	29.953
1.324	16.683	29.952
1.324	16.687	29.953
1.325	16.687	29.953
1.325	16.690	29.950
1.326	16.702	29.949
1.327	16.715	29.949
1.328	16.738	29.951
1.329	16.749	29.952
1.329	16.760	29.951
1.329	16.768	29.951
1.330	16.774	29.950
1.330	16.781	29.949
1.331	16.776	29.949
1.331	16.784	29.947
1.332	16.787	29.947
1.332	16.793	29.947
1.333	16.803	29.949
1.333	16.819	29.950
1.334	16.821	29.951
1.335	16.824	29.950
1.335	16.830	29.950
1.336	16.833	29.949
1.336	16.837	29.946
1.338	16.833	29.946
1.339	16.848	29.945
1.340	16.881	29.949
1.341	16.897	29.947
1.342	16.907	29.951
1.343	16.916	29.945
1.344	16.924	29.947
1.344	16.928	29.947
1.344	16.920	29.946
1.345	16.919	29.946
1.345	16.925	29.946
1.345	16.937	29.945
1.346	16.953	29.945
1.346	16.959	29.946
1.347	16.966	29.947
1.347	16.972	29.946
1.347	16.979	29.945
1.348	16.983	29.945
1.349	16.995	29.944
1.350	17.005	29.944
1.350	17.001	29.943
1.351	17.004	29.944
1.351	17.023	29.946
1.351	17.029	29.945
1.351	17.038	29.945
1.353	17.043	29.946
1.352	17.049	29.945
1.353	17.041	29.941
1.353	17.045	29.942
1.354	17.053	29.942
1.354	17.060	29.942
1.355	17.072	29.942
1.355	17.089	29.942
1.355	17.095	29.943
1.355	17.102	29.942
1.355	17.108	29.941
1.356	17.107	29.941
1.356	17.102	29.941
1.357	17.109	29.940
1.358	17.114	29.939
1.358	17.138	29.943
1.358	17.139	29.943
1.358	17.148	29.944
1.359	17.151	29.940
1.359	17.154	29.940
1.359	17.160	29.941
1.359	17.163	29.941
1.359	17.168	29.941
1.359	17.160	29.937
1.361	17.164	29.939
1.360	17.173	29.938
1.362	17.190	29.942
1.362	17.199	29.940
1.362	17.204	29.939
1.363	17.212	29.942
1.363	17.223	29.938
1.364	17.222	29.940
1.364	17.249	29.940
1.365	17.259	29.939
1.366	17.269	29.939
1.367	17.274	29.938
1.368	17.278	29.939
1.368	17.287	29.939
1.369	17.302	29.938
1.371	17.314	29.937
1.372	17.304	29.938
1.373	17.336	29.937
1.373	17.346	29.938
1.374	17.349	29.938
1.375	17.357	29.936
1.376	17.364	29.937
1.377	17.379	29.936
1.378	17.390	29.937
1.378	17.395	29.937
1.379	17.395	29.934
1.380	17.405	29.937
1.380	17.415	29.935
1.380	17.421	29.933
1.381	17.427	29.936
1.381	17.437	29.936
1.381	17.444	29.934
1.382	17.453	29.935
1.382	17.456	29.933
1.382	17.460	29.933
1.382	17.452	29.933
1.383	17.466	29.934
1.384	17.473	29.934
1.384	17.480	29.933
1.385	17.485	29.934
1.385	17.489	29.931
1.386	17.495	29.932
1.386	17.499	29.934
1.386	17.507	29.932
1.387	17.515	29.933
1.387	17.517	29.932
1.388	17.520	29.934
1.387	17.514	29.932
1.387	17.531	29.932
1.387	17.539	29.929
1.389	17.542	29.930
1.389	17.549	29.932
1.390	17.554	29.933
1.389	17.555	29.933
1.390	17.542	29.930
1.390	17.564	29.929
1.391	17.566	29.930
1.391	17.572	29.930
1.391	17.580	29.931
1.391	17.584	29.931
1.391	17.590	29.932
1.392	17.597	29.928
1.392	17.603	29.934
1.392	17.604	29.930
1.393	17.605	29.931
1.393	17.617	29.930
1.393	17.625	29.928
1.394	17.630	29.930
1.394	17.632	29.928
1.395	17.639	29.928
1.395	17.647	29.930
1.395	17.657	29.927
1.396	17.664	29.929
1.396	17.649	29.928
1.396	17.673	29.930
1.396	17.677	29.928
1.397	17.687	29.929
1.397	17.692	29.928
1.398	17.695	29.928
1.399	17.700	29.928
1.399	17.705	29.926
1.399	17.712	29.926
1.400	17.709	29.928
1.400	17.710	29.926
1.400	17.725	29.925
1.400	17.730	29.928
1.401	17.734	29.925
1.401	17.737	29.925
1.401	17.737	29.926
1.402	17.745	29.926
1.402	17.749	29.926
1.404	17.753	29.926
1.404	17.760	29.925
1.405	17.762	29.924
1.405	17.767	29.923
1.405	17.759	29.924
1.406	17.773	29.926
1.406	17.773	29.924
1.406	17.774	29.924
1.406	17.777	29.923
1.407	17.782	29.925
1.406	17.785	29.923
1.408	17.773	29.926
1.407	17.775	29.922
1.408	17.783	29.922
1.409	17.786	29.923
1.409	17.805	29.922
1.409	17.815	29.922
1.410	17.825	29.923
1.411	17.835	29.921
1.412	17.847	29.923
1.412	17.857	29.922
1.413	17.863	29.923
1.414	17.868	29.921
1.414	17.859	29.923
1.414	17.860	29.922
1.415	17.883	29.921
1.415	17.891	29.921
1.416	17.896	29.921
1.416	17.903	29.921
1.416	17.908	29.921
1.417	17.896	29.921
1.417	17.897	29.920
1.417	17.900	29.921
1.418	17.906	29.919
1.417	17.920	29.918
1.418	17.922	29.922
1.418	17.929	29.919
1.418	17.932	29.920
1.419	17.940	29.921
1.420	17.940	29.916
1.420	17.943	29.918
1.420	17.947	29.919
1.421	17.952	29.920
1.420	17.971	29.920
1.421	17.971	29.919
1.422	17.979	29.919
1.422	17.982	29.919
1.422	17.991	29.921
1.422	17.992	29.918
1.422	17.993	29.920
1.423	17.999	29.919
1.424	18.005	29.918
1.424	18.010	29.919
1.424	18.017	29.917
1.424	18.024	29.917
1.424	18.031	29.919
1.425	18.037	29.918
1.425	18.042	29.918
1.425	18.041	29.917
1.426	18.038	29.917
1.426	18.043	29.918
1.427	18.050	29.916
1.428	18.061	29.916
1.428	18.082	29.917
1.428	18.089	29.916
1.429	18.093	29.914
1.429	18.098	29.915
1.429	18.103	29.914
1.430	18.108	29.917
1.429	18.114	29.916
1.429	18.114	29.915
1.430	18.105	29.915
1.430	18.116	29.916
1.431	18.131	29.917
1.431	18.141	29.916
1.431	18.152	29.916
1.433	18.162	29.915
1.433	18.164	29.916
1.434	18.157	29.911
1.434	18.167	29.913
1.435	18.173	29.913
1.436	18.188	29.912
1.436	18.196	29.914
1.437	18.201	29.912
1.438	18.208	29.913
1.438	18.215	29.913
1.439	18.220	29.912
1.439	18.212	29.911
1.439	18.213	29.910
1.439	18.219	29.913
1.440	18.244	29.913
1.440	18.234	29.914
1.440	18.237	29.913
1.440	18.237	29.913
1.440	18.242	29.912
1.440	18.244	29.912
1.441	18.246	29.912
1.441	18.250	29.910
1.441	18.252	29.911
1.442	18.259	29.911
1.443	18.250	29.911
1.443	18.268	29.907
1.444	18.275	29.911
1.444	18.282	29.911
1.444	18.286	29.912
1.444	18.289	29.910
1.445	18.284	29.910
1.445	18.283	29.908
1.446	18.286	29.908
1.445	18.289	29.909
1.446	18.304	29.911
1.447	18.317	29.906
1.446	18.321	29.908
1.447	18.324	29.909
1.448	18.329	29.910
1.447	18.332	29.909
1.448	18.323	29.907
1.449	18.329	29.905
1.449	18.341	29.907
1.449	18.353	29.908
1.449	18.354	29.909
1.449	18.357	29.909
1.449	18.358	29.908
1.449	18.359	29.908
1.449	18.360	29.907
1.449	18.343	29.905
1.449	18.366	29.908
1.450	18.370	29.905
1.450	18.379	29.908
1.452	18.394	29.909
1.454	18.411	29.907
1.454	18.426	29.908
1.455	18.432	29.907
1.455	18.433	29.908
1.456	18.441	29.906
1.456	18.426	29.904
1.456	18.454	29.907
1.456	18.460	29.906
1.457	18.469	29.904
1.458	18.476	29.903
1.459	18.481	29.907
1.459	18.491	29.904
1.459	18.501	29.905
1.459	18.507	29.905
1.460	18.514	29.904
1.461	18.518	29.903
1.460	18.520	29.903
1.461	18.524	29.901
1.461	18.509	29.903
1.461	18.534	29.904
1.462	18.540	29.902
1.462	18.545	29.903
1.464	18.563	29.902
1.465	18.580	29.902
1.465	18.576	29.900
1.466	18.607	29.902
1.466	18.615	29.902
1.467	18.624	29.900
1.467	18.628	29.900
1.467	18.632	29.900
1.467	18.637	29.903
1.467	18.640	29.899
1.467	18.640	29.899
1.467	18.640	29.899
1.467	18.640	29.900
1.467	18.636	29.899
1.468	18.629	29.901
1.468	18.644	29.901
1.468	18.649	29.899
1.469	18.656	29.899
1.470	18.665	29.899
1.471	18.669	29.899
1.471	18.677	29.898
1.471	18.662	29.898
1.472	18.689	29.898
1.472	18.691	29.897
1.472	18.693	29.899
1.474	18.696	29.899
1.474	18.698	29.899
1.474	18.701	29.897
1.475	18.704	29.897
1.475	18.710	29.899
1.476	18.711	29.898
1.477	18.720	29.899
1.477	18.738	29.897
1.478	18.748	29.897
1.478	18.761	29.899
1.480	18.770	29.897
1.481	18.775	29.898
1.481	18.779	29.899
1.482	18.784	29.899
1.482	18.793	29.897
1.482	18.802	29.898
1.483	18.811	29.898
1.483	18.819	29.898
1.484	18.825	29.896
1.484	18.833	29.896
1.485	18.842	29.898
1.487	18.859	29.898
1.487	18.870	29.897
1.487	18.877	29.898
1.487	18.882	29.898
1.489	18.879	29.898
1.489	18.896	29.897
1.489	18.903	29.897
1.490	18.909	29.897
1.491	18.917	29.898
1.492	18.924	29.895
1.492	18.933	29.897
1.493	18.941	29.896
1.493	18.947	29.894
1.493	18.938	29.896
1.493	18.964	29.895
1.494	18.972	29.894
1.495	18.981	29.895
1.495	18.985	29.896
1.495	18.988	29.895
1.495	18.994	29.896
1.496	18.999	29.894
1.496	19.006	29.894
1.496	19.006	29.894
1.497	18.994	29.896
1.497	18.999	29.895
1.497	19.005	29.893
1.497	19.009	29.894
1.497	19.025	29.892
1.498	19.033	29.894
1.498	19.040	29.893
1.498	19.044	29.892
1.498	19.051	29.892
1.498	19.049	29.893
1.500	19.052	29.893
1.500	19.064	29.893
1.501	19.074	29.892
1.503	19.104	29.889
1.503	19.110	29.894
1.503	19.117	29.893
1.504	19.126	29.893
1.505	19.135	29.892
1.505	19.141	29.892
1.506	19.145	29.891
1.507	19.151	29.893
1.508	19.155	29.892
1.508	19.165	29.892
1.509	19.173	29.890
1.509	19.184	29.892
1.511	19.201	29.889
1.512	19.211	29.893
1.513	19.216	29.892
1.512	19.211	29.890
1.513	19.205	29.890
1.514	19.213	29.892
1.514	19.221	29.890
1.515	19.228	29.891
1.515	19.250	29.889
1.515	19.254	29.891
1.517	19.262	29.891
1.517	19.272	29.892
1.518	19.281	29.889
1.518	19.275	29.893
1.519	19.285	29.889
1.519	19.302	29.891
1.521	19.318	29.889
1.522	19.344	29.890
1.523	19.354	29.890
1.524	19.360	29.890
1.525	19.364	29.891
1.525	19.375	29.887
1.525	19.377	29.890
1.526	19.381	29.890
1.526	19.390	29.889
1.527	19.404	29.890
1.527	19.415	29.890
1.527	19.433	29.889
1.528	19.444	29.888
1.530	19.458	29.888
1.530	19.470	29.887
1.531	19.474	29.889
1.531	19.463	29.888
1.531	19.467	29.890
1.531	19.473	29.887
1.533	19.488	29.887
1.533	19.512	29.890
1.534	19.543	29.889
1.535	19.557	29.889
1.536	19.568	29.891
1.537	19.581	29.887
1.537	19.594	29.890
1.538	19.599	29.887
1.538	19.604	29.885
1.539	19.613	29.886
1.540	19.615	29.889
1.541	19.617	29.886
1.541	19.617	29.889
1.542	19.618	29.886
1.542	19.620	29.887
1.542	19.622	29.887
1.543	19.607	29.886
1.544	19.615	29.887
1.543	19.627	29.887
1.545	19.636	29.887
1.546	19.651	29.887
1.547	19.678	29.888
1.548	19.691	29.886
1.549	19.709	29.887
1.550	19.720	29.885
1.551	19.725	29.885
1.553	19.730	29.885
1.553	19.744	29.885
1.554	19.753	29.886
1.554	19.760	29.886
1.555	19.777	29.887
1.554	19.787	29.887
1.555	19.791	29.884
1.555	19.797	29.885
1.556	19.800	29.885
1.556	19.799	29.885
1.556	19.798	29.884
1.557	19.810	29.886
1.559	19.826	29.886
1.560	19.839	29.887
1.560	19.871	29.885
1.561	19.884	29.885
1.561	19.893	29.884
1.563	19.900	29.884
1.563	19.910	29.885
1.564	19.909	29.884
1.564	19.919	29.884
1.565	19.929	29.886
1.566	19.936	29.886
1.566	19.953	29.886
1.567	19.981	29.884
1.569	20.008	29.885
1.570	20.021	29.885
1.571	20.034	29.885
1.571	20.045	29.886
1.571	20.048	29.883
1.571	20.054	29.883
1.572	20.061	29.887
1.572	20.073	29.884
1.573	20.083	29.886
1.574	20.095	29.884
1.575	20.105	29.883
1.576	20.110	29.883
1.577	20.116	29.882
1.577	20.105	29.883
1.578	20.109	29.883
1.579	20.121	29.885
1.580	20.137	29.883
1.582	20.168	29.884
1.583	20.177	29.886
1.584	20.188	29.881
1.584	20.197	29.881
1.585	20.205	29.883
1.585	20.215	29.881
1.586	20.225	29.881
1.587	20.231	29.882
1.587	20.213	29.885
1.588	20.246	29.882
1.589	20.257	29.883
1.589	20.269	29.882
1.590	20.286	29.883
1.591	20.300	29.883
1.592	20.305	29.883
1.592	20.293	29.883
1.592	20.313	29.882
1.592	20.320	29.884
1.592	20.325	29.884
1.593	20.329	29.884
1.593	20.331	29.885
1.595	20.336	29.883
1.595	20.339	29.883
1.595	20.344	29.881
1.596	20.330	29.885
1.597	20.364	29.882
1.596	20.382	29.881
1.597	20.393	29.883
1.597	20.400	29.880
1.598	20.408	29.880
1.598	20.421	29.881
1.600	20.431	29.884
1.600	20.439	29.883
1.601	20.448	29.882
1.601	20.455	29.883
1.603	20.471	29.884
1.603	20.483	29.884
1.604	20.495	29.883
1.605	20.511	29.883
1.606	20.528	29.880
1.607	20.544	29.882
1.608	20.553	29.881
1.609	20.559	29.879
1.609	20.549	29.880
1.610	20.577	29.882
1.611	20.583	29.880
1.613	20.592	29.880
1.614	20.600	29.881
1.615	20.618	29.879
1.616	20.638	29.879
1.617	20.653	29.880
1.618	20.661	29.882
1.618	20.668	29.881
1.619	20.678	29.880
1.620	20.688	29.882
1.621	20.695	29.879
1.622	20.719	29.883
1.623	20.735	29.880
1.623	20.740	29.883
1.623	20.750	29.883
1.626	20.760	29.881
1.626	20.772	29.880
1.627	20.764	29.881
1.627	20.789	29.882
1.628	20.800	29.881
1.628	20.815	29.880
1.629	20.836	29.881
1.631	20.850	29.881
1.632	20.861	29.881
1.632	20.869	29.879
1.632	20.874	29.880
1.633	20.879	29.879
1.633	20.860	29.879
1.634	20.892	29.879
1.634	20.897	29.879
1.634	20.899	29.880
1.634	20.902	29.879
1.635	20.908	29.877
1.635	20.911	29.880
1.635	20.917	29.878
1.635	20.930	29.877
1.636	20.940	29.879
1.637	20.966	29.879
1.638	20.972	29.880
1.640	20.984	29.880
1.640	20.996	29.879
1.641	21.005	29.880
1.643	21.014	29.878
1.643	21.022	29.878
