1.731	21.261	0.840
1.730	21.275	0.837
1.730	21.273	0.837
1.730	21.273	0.835
1.731	21.274	0.833
1.731	21.276	0.832
1.730	21.272	0.831
1.731	21.273	0.833
1.731	21.272	0.832
1.731	21.271	0.831
1.730	21.262	0.828
1.731	21.250	0.829
1.730	21.273	0.829
1.730	21.273	0.825
1.731	21.273	0.826
1.731	21.273	0.827
1.725	21.272	0.822
1.723	21.273	0.821
1.723	21.273	0.823
1.723	21.272	0.821
1.721	21.254	0.818
1.719	21.274	0.819
1.720	21.273	0.816
1.719	21.272	0.815
1.719	21.273	0.813
1.719	21.272	0.815
1.717	21.274	0.810
1.717	21.272	0.811
1.717	21.273	0.814
1.716	21.264	0.809
1.715	21.267	0.808
1.716	21.273	0.805
1.714	21.273	0.808
1.712	21.272	0.803
1.711	21.273	0.800
1.710	21.272	0.801
1.708	21.273	0.800
1.707	21.271	0.804
1.707	21.272	0.805
1.705	21.249	0.801
1.705	21.268	0.799
1.704	21.270	0.795
1.704	21.270	0.797
1.702	21.270	0.796
1.702	21.268	0.795
1.702	21.268	0.797
1.701	21.268	0.795
1.701	21.268	0.793
1.700	21.268	0.794
1.700	21.270	0.796
1.698	21.245	0.798
1.698	21.268	0.793
1.699	21.269	0.794
1.699	21.269	0.791
1.697	21.267	0.789
1.696	21.267	0.792
1.696	21.262	0.790
1.693	21.256	0.793
1.691	21.230	0.795
1.689	21.245	0.793
1.688	21.249	0.789
1.687	21.244	0.786
1.686	21.243	0.791
1.684	21.239	0.790
1.684	21.237	0.790
1.682	21.235	0.789
1.683	21.233	0.788
1.683	21.227	0.787
1.682	21.219	0.785
1.681	21.228	0.788
1.680	21.228	0.786
1.680	21.226	0.786
1.678	21.223	0.787
1.675	21.217	0.786
1.672	21.215	0.787
1.671	21.210	0.787
1.671	21.207	0.784
1.671	21.183	0.783
1.671	21.205	0.786
1.669	21.203	0.787
1.669	21.201	0.785
1.667	21.197	0.787
1.665	21.191	0.785
1.664	21.190	0.784
1.666	21.189	0.783
1.667	21.186	0.784
1.664	21.184	0.782
1.663	21.160	0.782
1.663	21.175	0.787
1.662	21.179	0.785
1.661	21.179	0.783
1.662	21.178	0.783
1.660	21.176	0.787
1.660	21.175	0.784
1.660	21.174	0.784
1.660	21.174	0.782
1.659	21.170	0.783
1.659	21.171	0.781
1.659	21.168	0.785
1.660	21.167	0.782
1.657	21.154	0.785
1.655	21.167	0.785
1.655	21.164	0.783
1.656	21.163	0.782
1.655	21.162	0.784
1.655	21.161	0.783
1.655	21.139	0.785
1.655	21.156	0.782
1.654	21.158	0.781
1.653	21.157	0.781
1.653	21.158	0.782
1.653	21.155	0.783
1.652	21.155	0.783
1.650	21.155	0.785
1.650	21.155	0.788
1.650	21.140	0.784
1.649	21.152	0.787
1.649	21.154	0.786
1.649	21.151	0.784
1.649	21.152	0.787
1.648	21.151	0.784
1.648	21.150	0.785
1.648	21.149	0.786
1.647	21.148	0.784
1.647	21.148	0.786
1.645	21.124	0.789
1.645	21.143	0.781
1.645	21.142	0.785
1.644	21.142	0.786
1.644	21.140	0.787
1.646	21.138	0.788
1.646	21.136	0.787
1.644	21.133	0.786
1.644	21.133	0.788
1.643	21.113	0.789
1.643	21.122	0.788
1.643	21.129	0.789
1.644	21.128	0.788
1.643	21.127	0.793
1.643	21.124	0.788
1.643	21.122	0.788
1.643	21.119	0.791
1.646	21.118	0.790
1.646	21.118	0.788
1.646	21.092	0.791
1.644	21.111	0.792
1.645	21.116	0.790
1.644	21.114	0.792
1.645	21.112	0.790
1.645	21.109	0.795
1.644	21.108	0.795
1.643	21.107	0.794
1.641	21.106	0.797
1.641	21.087	0.792
1.640	21.090	0.798
1.638	21.104	0.792
1.637	21.103	0.797
1.636	21.102	0.795
1.636	21.100	0.795
1.636	21.097	0.796
1.635	21.097	0.798
1.635	21.094	0.796
1.636	21.095	0.799
1.636	21.075	0.797
1.637	21.096	0.799
1.637	21.092	0.794
1.636	21.090	0.798
1.634	21.090	0.800
1.635	21.088	0.798
1.634	21.088	0.802
1.634	21.088	0.801
1.634	21.086	0.800
1.633	21.079	0.802
1.631	21.060	0.802
1.631	21.059	0.803
1.631	21.056	0.803
1.631	21.076	0.805
1.631	21.075	0.805
1.630	21.069	0.805
1.629	21.069	0.806
1.628	21.066	0.804
1.628	21.066	0.804
1.627	21.046	0.806
1.627	21.049	0.807
1.628	21.058	0.807
1.628	21.057	0.809
1.627	21.057	0.809
1.626	21.054	0.812
1.627	21.054	0.809
1.626	21.049	0.808
1.626	21.048	0.813
1.627	21.045	0.815
1.626	21.045	0.809
1.625	21.044	0.814
1.625	21.043	0.814
1.624	21.042	0.815
1.624	21.040	0.817
1.623	21.037	0.815
1.623	21.036	0.816
1.623	21.034	0.819
1.623	21.033	0.819
1.623	21.010	0.814
1.623	21.015	0.815
1.623	21.026	0.821
1.622	21.024	0.818
1.622	21.025	0.816
1.621	21.021	0.820
1.622	21.021	0.822
1.623	21.021	0.821
1.623	21.021	0.818
1.622	21.020	0.815
1.622	21.003	0.818
1.620	21.018	0.815
1.620	21.016	0.820
1.620	21.014	0.819
1.620	21.010	0.821
1.620	21.008	0.819
1.619	21.008	0.820
1.619	21.006	0.820
1.617	21.002	0.823
1.618	20.980	0.819
1.618	20.983	0.821
1.617	20.989	0.821
1.616	20.985	0.821
1.617	20.983	0.822
1.616	20.972	0.821
1.615	20.970	0.822
1.613	20.964	0.821
1.612	20.959	0.821
1.611	20.941	0.819
1.609	20.902	0.820
1.609	20.911	0.824
1.608	20.905	0.821
1.609	20.901	0.822
1.608	20.893	0.823
1.608	20.887	0.825
1.607	20.885	0.821
1.608	20.880	0.821
1.607	20.875	0.820
1.607	20.871	0.821
1.607	20.866	0.827
1.607	20.860	0.823
1.607	20.857	0.824
1.606	20.855	0.825
1.606	20.850	0.824
1.607	20.846	0.827
1.605	20.842	0.824
1.604	20.837	0.824
1.603	20.821	0.823
1.604	20.795	0.828
1.603	20.804	0.828
1.603	20.794	0.826
1.602	20.788	0.826
1.603	20.782	0.825
1.603	20.778	0.829
1.602	20.776	0.828
1.600	20.774	0.829
1.598	20.768	0.828
1.598	20.742	0.827
1.601	20.754	0.827
1.599	20.746	0.830
1.599	20.741	0.827
1.597	20.736	0.828
1.597	20.732	0.830
1.597	20.728	0.831
1.597	20.723	0.833
1.597	20.715	0.833
1.596	20.705	0.832
1.597	20.694	0.829
1.597	20.709	0.831
1.597	20.705	0.831
1.596	20.700	0.833
1.595	20.692	0.831
1.596	20.686	0.832
1.596	20.681	0.834
1.596	20.676	0.831
1.595	20.669	0.831
1.595	20.645	0.832
1.593	20.659	0.837
1.593	20.660	0.833
1.593	20.655	0.834
1.593	20.654	0.836
1.593	20.652	0.835
1.593	20.649	0.836
1.593	20.648	0.835
1.593	20.650	0.835
1.592	20.646	0.835
1.593	20.643	0.835
1.592	20.633	0.838
1.592	20.627	0.838
1.591	20.616	0.838
1.592	20.623	0.837
1.591	20.618	0.839
1.590	20.616	0.840
1.591	20.612	0.840
1.590	20.603	0.840
1.590	20.573	0.841
1.590	20.586	0.842
1.589	20.581	0.842
1.587	20.570	0.842
1.587	20.567	0.843
1.585	20.559	0.843
1.585	20.554	0.843
1.585	20.549	0.842
1.585	20.544	0.843
1.584	20.534	0.845
1.585	20.533	0.846
1.584	20.532	0.846
1.584	20.527	0.845
1.584	20.521	0.852
1.583	20.515	0.847
1.583	20.508	0.845
1.582	20.501	0.849
1.582	20.496	0.849
1.581	20.494	0.846
1.579	20.464	0.853
1.579	20.481	0.850
1.579	20.481	0.850
1.579	20.476	0.850
1.578	20.472	0.855
1.579	20.461	0.852
1.578	20.453	0.853
1.578	20.447	0.852
1.578	20.444	0.852
1.577	20.423	0.854
1.577	20.416	0.856
1.576	20.422	0.855
1.577	20.411	0.856
1.576	20.409	0.858
1.575	20.398	0.857
1.575	20.395	0.858
1.574	20.389	0.860
1.574	20.387	0.859
1.574	20.379	0.859
1.574	20.373	0.860
1.573	20.361	0.865
1.573	20.357	0.862
1.573	20.345	0.862
1.573	20.345	0.866
1.573	20.345	0.863
1.573	20.339	0.863
1.572	20.337	0.865
1.572	20.335	0.865
1.572	20.321	0.864
1.572	20.312	0.863
1.571	20.325	0.867
1.571	20.325	0.868
1.571	20.324	0.866
1.571	20.320	0.870
1.570	20.316	0.868
1.571	20.312	0.867
1.570	20.312	0.870
1.570	20.312	0.866
1.570	20.292	0.864
1.570	20.308	0.866
1.570	20.301	0.870
1.569	20.300	0.871
1.568	20.294	0.870
1.569	20.289	0.871
1.568	20.285	0.872
1.567	20.266	0.874
1.566	20.256	0.874
1.566	20.241	0.872
1.566	20.227	0.870
1.566	20.247	0.873
1.566	20.240	0.874
1.565	20.238	0.876
1.566	20.229	0.878
1.565	20.227	0.877
1.565	20.223	0.877
1.564	20.220	0.878
1.565	20.219	0.878
1.564	20.194	0.874
1.564	20.210	0.879
1.562	20.196	0.878
1.561	20.182	0.878
1.560	20.165	0.879
1.559	20.154	0.881
1.559	20.142	0.880
1.557	20.135	0.881
1.558	20.130	0.883
1.556	20.109	0.879
1.556	20.126	0.882
1.556	20.124	0.881
1.556	20.120	0.883
1.556	20.118	0.881
1.556	20.107	0.884
1.556	20.105	0.887
1.555	20.105	0.885
1.555	20.104	0.885
1.555	20.099	0.886
1.555	20.073	0.888
1.555	20.093	0.886
1.554	20.092	0.887
1.553	20.085	0.886
1.554	20.080	0.884
1.553	20.072	0.889
1.552	20.068	0.887
1.552	20.061	0.888
1.551	20.056	0.891
1.550	20.032	0.890
1.550	20.036	0.892
1.549	20.034	0.890
1.549	20.031	0.892
1.549	20.028	0.892
1.548	20.020	0.891
1.548	20.011	0.891
1.547	20.007	0.892
1.547	20.004	0.892
1.547	19.994	0.893
1.545	19.969	0.897
1.545	19.981	0.897
1.544	19.978	0.896
1.544	19.975	0.894
1.544	19.964	0.894
1.544	19.955	0.896
1.544	19.950	0.897
1.544	19.945	0.897
1.543	19.942	0.898
1.543	19.919	0.897
1.543	19.934	0.901
1.543	19.935	0.901
1.543	19.933	0.903
1.543	19.928	0.902
1.543	19.920	0.899
1.543	19.915	0.903
1.542	19.912	0.901
1.543	19.910	0.901
1.542	19.906	0.899
1.542	19.901	0.903
1.541	19.897	0.904
1.541	19.897	0.902
1.542	19.888	0.904
1.541	19.889	0.906
1.540	19.886	0.902
1.540	19.884	0.906
1.539	19.878	0.908
1.539	19.874	0.906
1.539	19.852	0.907
1.538	19.864	0.909
1.539	19.861	0.907
1.538	19.860	0.907
1.538	19.858	0.909
1.538	19.852	0.909
1.538	19.849	0.910
1.537	19.849	0.911
1.537	19.847	0.911
1.537	19.841	0.912
1.537	19.821	0.911
1.537	19.844	0.914
1.537	19.836	0.915
1.538	19.831	0.915
1.537	19.829	0.914
1.537	19.825	0.916
1.537	19.823	0.919
1.536	19.818	0.920
1.536	19.813	0.920
1.535	19.788	0.915
1.535	19.804	0.919
1.534	19.797	0.918
1.535	19.791	0.921
1.534	19.789	0.920
1.534	19.778	0.923
1.533	19.775	0.922
1.532	19.774	0.923
1.532	19.770	0.923
1.532	19.755	0.921
1.532	19.743	0.922
1.531	19.751	0.927
1.531	19.741	0.926
1.530	19.734	0.925
1.530	19.724	0.923
1.529	19.718	0.927
1.529	19.714	0.927
1.529	19.710	0.928
1.528	19.706	0.929
1.528	19.680	0.921
1.528	19.694	0.930
1.528	19.698	0.930
1.528	19.693	0.928
1.527	19.684	0.928
1.526	19.678	0.930
1.526	19.676	0.931
1.526	19.668	0.932
1.525	19.666	0.930
1.525	19.649	0.930
1.525	19.647	0.929
1.524	19.653	0.931
1.524	19.649	0.933
1.524	19.644	0.935
1.524	19.641	0.932
1.523	19.636	0.935
1.522	19.635	0.937
1.523	19.633	0.938
1.522	19.631	0.935
1.522	19.608	0.930
1.522	19.623	0.936
1.522	19.626	0.934
1.522	19.617	0.934
1.521	19.615	0.938
1.521	19.610	0.939
1.520	19.606	0.938
1.520	19.604	0.941
1.520	19.604	0.940
1.520	19.594	0.935
1.521	19.589	0.939
1.520	19.600	0.938
1.520	19.598	0.940
1.520	19.595	0.942
1.519	19.594	0.942
1.519	19.596	0.947
1.519	19.589	0.941
1.519	19.581	0.942
1.518	19.577	0.943
1.517	19.571	0.943
1.518	19.568	0.945
1.518	19.553	0.942
1.517	19.555	0.944
1.516	19.564	0.947
1.516	19.559	0.944
1.516	19.556	0.947
1.515	19.555	0.948
1.515	19.553	0.947
1.515	19.549	0.946
1.515	19.547	0.946
1.514	19.545	0.948
1.515	19.543	0.946
1.514	19.523	0.948
1.514	19.532	0.951
1.514	19.524	0.949
1.513	19.519	0.947
1.513	19.511	0.947
1.512	19.503	0.950
1.512	19.476	0.948
1.511	19.479	0.949
1.512	19.479	0.949
1.511	19.474	0.950
1.510	19.470	0.950
1.510	19.463	0.952
1.510	19.458	0.950
1.510	19.452	0.953
1.509	19.446	0.952
1.509	19.439	0.953
1.509	19.422	0.958
1.509	19.437	0.957
1.509	19.439	0.956
1.509	19.435	0.956
1.509	19.435	0.956
1.509	19.434	0.956
1.509	19.434	0.955
1.509	19.434	0.958
1.509	19.434	0.957
1.509	19.409	0.958
1.509	19.425	0.960
1.508	19.422	0.960
1.508	19.419	0.961
1.507	19.412	0.960
1.507	19.399	0.960
1.505	19.392	0.964
1.506	19.382	0.963
1.505	19.368	0.963
1.505	19.360	0.964
1.504	19.359	0.962
1.504	19.340	0.964
1.504	19.349	0.966
1.504	19.355	0.966
1.504	19.351	0.967
1.504	19.348	0.973
1.504	19.348	0.968
1.504	19.348	0.967
1.504	19.347	0.968
1.504	19.345	0.969
1.503	19.342	0.972
1.503	19.342	0.971
1.503	19.342	0.973
1.503	19.330	0.972
1.502	19.337	0.971
1.502	19.336	0.970
1.502	19.335	0.972
1.502	19.332	0.970
1.502	19.323	0.969
1.502	19.301	0.971
1.502	19.319	0.976
1.501	19.312	0.974
1.501	19.301	0.975
1.500	19.291	0.977
1.499	19.285	0.975
1.499	19.275	0.978
1.499	19.267	0.977
1.498	19.263	0.978
1.498	19.242	0.975
1.497	19.241	0.978
1.497	19.249	0.980
1.497	19.243	0.980
1.496	19.239	0.979
1.495	19.232	0.980
1.494	19.225	0.981
1.494	19.214	0.981
1.493	19.211	0.983
1.493	19.206	0.981
1.493	19.185	0.977
1.493	19.202	0.984
1.492	19.203	0.985
1.493	19.203	0.981
1.492	19.204	0.984
1.493	19.201	0.984
1.493	19.199	0.986
1.492	19.196	0.985
1.492	19.191	0.987
1.492	19.180	0.982
1.491	19.169	0.986
1.491	19.178	0.986
1.491	19.174	0.986
1.490	19.173	0.988
1.490	19.166	0.989
1.489	19.165	0.988
1.488	19.157	0.987
1.488	19.154	0.990
1.488	19.150	0.988
1.487	19.126	0.988
1.487	19.135	0.987
1.486	19.126	0.987
1.485	19.118	0.988
1.484	19.113	0.986
1.483	19.104	0.990
1.483	19.098	0.988
1.483	19.092	0.989
1.482	19.091	0.990
1.482	19.077	0.992
1.482	19.063	0.990
1.482	19.075	0.992
1.481	19.067	0.992
1.481	19.061	0.994
1.480	19.045	0.988
1.480	19.033	0.992
1.478	19.016	0.993
1.478	19.004	0.996
1.477	18.998	0.992
1.477	18.970	0.994
1.477	18.982	0.996
1.476	18.981	0.995
1.476	18.974	0.995
1.476	18.965	0.994
1.476	18.952	0.997
1.475	18.945	0.997
1.475	18.943	0.999
1.474	18.938	0.996
1.475	18.926	0.999
1.474	18.919	1.001
1.473	18.923	0.998
1.473	18.919	0.998
1.472	18.913	0.999
1.472	18.907	0.999
1.471	18.895	0.998
1.471	18.889	1.001
1.471	18.884	1.002
1.470	18.883	1.002
1.470	18.863	1.005
1.470	18.876	1.005
1.470	18.879	1.003
1.470	18.877	1.006
1.470	18.877	1.004
1.470	18.875	1.005
1.470	18.874	1.005
1.470	18.873	1.003
1.470	18.875	1.007
1.470	18.873	1.008
1.470	18.873	1.009
1.470	18.873	1.005
1.470	18.873	1.007
1.470	18.862	1.008
1.470	18.874	1.008
1.470	18.874	1.009
1.470	18.873	1.007
1.471	18.873	1.008
1.470	18.872	1.008
1.470	18.858	1.010
1.470	18.863	1.011
1.470	18.868	1.010
1.469	18.857	1.011
1.467	18.843	1.012
1.467	18.830	1.009
1.467	18.826	1.014
1.467	18.823	1.014
1.466	18.820	1.010
1.465	18.811	1.014
1.465	18.783	1.016
1.464	18.788	1.013
1.463	18.777	1.013
1.461	18.768	1.019
1.461	18.761	1.017
1.460	18.747	1.014
1.460	18.735	1.010
1.459	18.727	1.012
1.459	18.724	1.015
1.459	18.710	1.017
1.458	18.704	1.018
1.457	18.706	1.015
1.456	18.700	1.016
1.455	18.690	1.017
1.454	18.684	1.016
1.454	18.674	1.018
1.453	18.665	1.018
1.454	18.658	1.017
1.452	18.653	1.018
1.451	18.629	1.020
1.451	18.639	1.023
1.451	18.640	1.019
1.451	18.636	1.017
1.449	18.630	1.021
1.450	18.624	1.019
1.449	18.616	1.018
1.449	18.609	1.024
1.448	18.601	1.022
1.447	18.575	1.019
1.446	18.570	1.025
1.446	18.568	1.021
1.446	18.559	1.029
1.446	18.550	1.024
1.445	18.541	1.025
1.445	18.533	1.028
1.444	18.528	1.028
1.444	18.518	1.027
1.443	18.511	1.030
1.443	18.483	1.021
1.442	18.484	1.028
1.441	18.474	1.030
1.440	18.462	1.029
1.439	18.451	1.027
1.438	18.439	1.032
1.438	18.426	1.028
1.437	18.417	1.030
1.436	18.408	1.033
1.435	18.393	1.029
1.435	18.387	1.032
1.435	18.387	1.033
1.434	18.384	1.033
1.434	18.383	1.031
1.434	18.376	1.032
1.433	18.369	1.034
1.433	18.361	1.035
1.433	18.357	1.035
1.432	18.349	1.035
1.432	18.327	1.030
1.431	18.334	1.035
1.432	18.340	1.033
1.432	18.339	1.034
1.431	18.337	1.035
1.432	18.335	1.034
1.432	18.333	1.034
1.431	18.331	1.037
1.431	18.326	1.036
1.431	18.319	1.036
1.431	18.307	1.034
1.431	18.325	1.034
1.431	18.323	1.036
1.430	18.321	1.037
1.430	18.316	1.032
1.430	18.313	1.038
1.430	18.316	1.035
1.430	18.314	1.039
1.430	18.312	1.040
1.430	18.311	1.040
1.430	18.308	1.039
1.429	18.297	1.041
1.428	18.285	1.040
1.427	18.268	1.039
1.425	18.270	1.040
1.425	18.256	1.040
1.424	18.248	1.037
1.423	18.240	1.039
1.423	18.237	1.039
1.422	18.212	1.040
1.421	18.221	1.043
1.420	18.204	1.042
1.419	18.189	1.041
1.418	18.182	1.042
1.417	18.174	1.046
1.416	18.168	1.044
1.415	18.163	1.043
1.416	18.152	1.043
1.415	18.136	1.044
1.415	18.131	1.044
1.415	18.140	1.044
1.415	18.140	1.044
1.415	18.142	1.047
1.415	18.143	1.044
1.415	18.140	1.047
1.415	18.140	1.049
1.415	18.140	1.046
1.415	18.140	1.048
1.415	18.122	1.052
1.414	18.121	1.050
1.412	18.095	1.045
1.411	18.062	1.049
1.410	18.044	1.048
1.409	18.036	1.051
1.409	18.033	1.050
1.409	18.032	1.050
1.409	18.033	1.051
1.409	18.024	1.047
1.409	18.022	1.054
1.409	18.030	1.051
1.408	18.015	1.052
1.406	17.997	1.052
1.405	17.983	1.053
1.404	17.966	1.052
1.404	17.957	1.050
1.402	17.942	1.051
1.401	17.923	1.053
1.400	17.907	1.052
1.396	17.877	1.053
1.394	17.848	1.053
1.393	17.826	1.053
1.392	17.813	1.055
1.392	17.810	1.055
1.392	17.802	1.052
1.391	17.798	1.058
1.391	17.786	1.056
1.389	17.773	1.054
1.389	17.755	1.056
1.387	17.761	1.054
1.387	17.758	1.057
1.387	17.758	1.057
1.387	17.757	1.054
1.387	17.756	1.058
1.387	17.756	1.055
1.388	17.756	1.057
1.387	17.755	1.056
1.387	17.738	1.058
1.386	17.740	1.059
1.385	17.728	1.059
1.385	17.720	1.059
1.384	17.717	1.059
1.383	17.702	1.059
1.381	17.689	1.062
1.381	17.679	1.059
1.380	17.665	1.060
1.379	17.659	1.060
1.379	17.640	1.065
1.378	17.644	1.062
1.378	17.629	1.063
1.377	17.615	1.064
1.377	17.606	1.063
1.377	17.604	1.063
1.376	17.603	1.062
1.376	17.595	1.062
1.376	17.587	1.066
1.376	17.562	1.063
1.374	17.555	1.065
1.373	17.554	1.066
1.373	17.547	1.063
1.372	17.545	1.064
1.372	17.539	1.064
1.372	17.536	1.063
1.372	17.530	1.063
1.371	17.530	1.066
1.371	17.522	1.065
1.371	17.517	1.063
1.371	17.512	1.064
1.371	17.506	1.069
1.370	17.506	1.065
1.369	17.497	1.069
1.368	17.486	1.069
1.368	17.478	1.065
1.367	17.470	1.067
1.367	17.468	1.067
1.367	17.456	1.068
1.366	17.448	1.069
1.365	17.449	1.069
1.364	17.431	1.070
1.364	17.420	1.073
1.363	17.406	1.071
1.362	17.398	1.069
1.362	17.393	1.070
1.361	17.384	1.071
1.362	17.382	1.072
1.362	17.362	1.071
1.362	17.369	1.072
1.360	17.365	1.070
1.360	17.358	1.072
1.359	17.355	1.071
1.360	17.352	1.075
1.358	17.345	1.074
1.358	17.339	1.075
1.358	17.334	1.072
1.357	17.332	1.075
1.357	17.317	1.076
1.356	17.313	1.073
1.355	17.307	1.071
1.355	17.298	1.076
1.354	17.292	1.074
1.355	17.289	1.073
1.355	17.286	1.074
1.354	17.285	1.074
1.354	17.282	1.077
1.355	17.266	1.075
1.354	17.279	1.078
1.354	17.273	1.075
1.353	17.261	1.076
1.351	17.254	1.078
1.351	17.247	1.074
1.350	17.237	1.078
1.350	17.233	1.080
1.349	17.230	1.076
1.349	17.223	1.081
1.349	17.213	1.080
1.349	17.209	1.081
1.348	17.202	1.083
1.348	17.191	1.075
1.347	17.192	1.079
1.348	17.189	1.078
1.347	17.180	1.079
1.346	17.171	1.081
1.345	17.164	1.080
1.345	17.138	1.076
1.345	17.150	1.080
1.344	17.149	1.078
1.344	17.140	1.080
1.344	17.131	1.079
1.342	17.117	1.083
1.341	17.108	1.080
1.341	17.102	1.079
1.340	17.095	1.081
1.340	17.080	1.077
1.339	17.070	1.081
1.339	17.078	1.085
1.339	17.071	1.083
1.338	17.066	1.083
1.338	17.059	1.084
1.337	17.050	1.082
1.337	17.042	1.085
1.337	17.041	1.084
1.337	17.036	1.085
1.336	17.027	1.082
1.335	17.006	1.082
1.336	17.017	1.082
1.335	17.012	1.084
1.335	17.008	1.082
1.335	17.000	1.085
1.333	16.994	1.087
1.333	16.992	1.086
1.333	16.988	1.085
1.332	16.976	1.085
1.333	16.964	1.084
1.332	16.976	1.085
1.332	16.975	1.085
1.332	16.973	1.087
1.332	16.973	1.087
1.332	16.969	1.088
1.332	16.969	1.090
1.332	16.968	1.086
1.332	16.968	1.086
1.332	16.950	1.087
1.332	16.965	1.090
1.331	16.962	1.089
1.331	16.960	1.089
1.331	16.961	1.088
1.331	16.957	1.091
1.331	16.956	1.091
1.331	16.955	1.090
1.331	16.950	1.089
1.330	16.943	1.091
1.330	16.924	1.088
1.329	16.939	1.090
1.328	16.932	1.090
1.329	16.931	1.093
1.329	16.931	1.092
1.328	16.929	1.093
1.328	16.930	1.094
1.329	16.926	1.092
1.328	16.923	1.091
1.328	16.909	1.091
1.328	16.915	1.094
1.328	16.919	1.091
1.327	16.916	1.092
1.327	16.912	1.093
1.327	16.907	1.092
1.326	16.899	1.091
1.325	16.892	1.092
1.325	16.887	1.092
1.324	16.882	1.095
1.324	16.878	1.091
1.324	16.852	1.091
1.324	16.867	1.095
1.324	16.862	1.093
1.323	16.860	1.094
1.323	16.852	1.095
1.322	16.848	1.094
1.323	16.846	1.096
1.322	16.845	1.093
1.322	16.827	1.091
1.322	16.832	1.097
1.322	16.838	1.093
1.322	16.836	1.093
1.322	16.836	1.090
1.321	16.833	1.095
1.321	16.833	1.096
1.321	16.831	1.093
1.321	16.831	1.091
1.321	16.828	1.092
1.321	16.828	1.091
1.320	16.823	1.092
1.320	16.821	1.088
1.320	16.821	1.088
1.320	16.819	1.088
1.320	16.815	1.088
1.319	16.812	1.086
1.319	16.809	1.089
1.319	16.808	1.087
1.319	16.787	1.078
1.318	16.792	1.085
1.318	16.793	1.081
1.318	16.790	1.082
1.318	16.791	1.080
1.318	16.785	1.079
1.318	16.785	1.082
1.317	16.782	1.079
1.316	16.776	1.080
1.316	16.772	1.072
1.316	16.755	1.074
1.316	16.764	1.076
1.315	16.760	1.077
1.315	16.756	1.077
1.315	16.752	1.073
1.314	16.750	1.070
1.314	16.746	1.073
1.314	16.742	1.071
1.314	16.738	1.073
1.313	16.736	1.067
1.313	16.732	1.068
1.313	16.711	1.069
1.312	16.724	1.065
1.312	16.723	1.067
1.312	16.716	1.064
1.312	16.711	1.066
1.312	16.703	1.065
1.311	16.699	1.062
1.311	16.695	1.060
1.310	16.672	1.064
1.310	16.677	1.066
1.309	16.676	1.062
1.309	16.675	1.059
1.309	16.670	1.058
1.308	16.661	1.060
1.308	16.655	1.057
1.307	16.650	1.056
1.307	16.650	1.058
1.307	16.637	1.060
1.307	16.635	1.059
1.307	16.645	1.057
1.306	16.642	1.057
1.306	16.639	1.058
1.306	16.635	1.056
1.306	16.631	1.056
1.305	16.624	1.054
1.304	16.614	1.053
1.304	16.605	1.052
1.304	16.589	1.055
1.304	16.600	1.056
1.303	16.597	1.051
1.303	16.594	1.052
1.303	16.592	1.052
1.303	16.587	1.053
1.302	16.578	1.052
1.302	16.570	1.052
1.301	16.565	1.050
1.301	16.548	1.050
1.301	16.564	1.052
1.301	16.563	1.048
1.301	16.563	1.050
1.301	16.564	1.049
1.301	16.562	1.048
1.301	16.564	1.047
1.301	16.562	1.047
1.301	16.562	1.048
1.301	16.561	1.048
1.301	16.562	1.048
1.300	16.554	1.047
1.300	16.538	1.050
1.300	16.547	1.045
1.299	16.543	1.048
1.299	16.537	1.048
1.298	16.536	1.050
1.298	16.525	1.043
1.298	16.516	1.048
1.297	16.508	1.046
1.296	16.502	1.046
1.295	16.495	1.043
1.296	16.480	1.048
1.295	16.484	1.050
1.294	16.479	1.045
1.294	16.470	1.045
1.293	16.459	1.045
1.293	16.455	1.043
1.292	16.450	1.044
1.292	16.431	1.041
1.291	16.443	1.042
1.291	16.442	1.045
1.291	16.437	1.042
1.290	16.433	1.041
1.290	16.422	1.040
1.289	16.418	1.040
1.289	16.418	1.042
1.289	16.410	1.041
1.289	16.385	1.039
1.288	16.391	1.041
1.288	16.391	1.039
1.288	16.384	1.041
1.287	16.380	1.040
1.286	16.373	1.041
1.287	16.370	1.039
1.286	16.369	1.038
1.286	16.366	1.039
1.286	16.352	1.036
1.285	16.353	1.043
1.285	16.357	1.039
1.285	16.352	1.037
1.284	16.347	1.036
1.284	16.345	1.034
1.284	16.339	1.038
1.283	16.334	1.035
1.282	16.328	1.036
1.282	16.320	1.038
1.281	16.310	1.036
1.281	16.303	1.040
1.280	16.292	1.033
1.279	16.271	1.035
1.278	16.278	1.037
1.278	16.271	1.036
1.278	16.261	1.035
1.277	16.257	1.037
1.276	16.252	1.039
1.276	16.248	1.038
1.275	16.242	1.037
1.274	16.236	1.034
1.274	16.208	1.037
1.274	16.203	1.036
1.273	16.201	1.037
1.272	16.191	1.035
1.271	16.184	1.036
1.271	16.177	1.037
1.271	16.171	1.038
1.270	16.152	1.035
1.270	16.145	1.037
1.269	16.146	1.036
1.268	16.137	1.037
1.267	16.129	1.038
1.266	16.113	1.038
1.266	16.105	1.034
1.266	16.101	1.038
1.266	16.095	1.036
1.265	16.090	1.037
1.265	16.067	1.034
1.263	16.075	1.038
1.263	16.075	1.034
1.263	16.070	1.038
1.263	16.067	1.038
1.263	16.062	1.037
1.262	16.058	1.038
1.262	16.052	1.037
1.261	16.050	1.040
1.260	16.029	1.034
1.260	16.034	1.039
1.259	16.031	1.039
1.258	16.015	1.039
1.258	16.007	1.037
1.257	15.999	1.037
1.258	15.991	1.039
1.256	15.982	1.039
1.255	15.971	1.037
1.255	15.965	1.038
1.254	15.945	1.039
1.252	15.925	1.036
1.251	15.912	1.039
1.251	15.906	1.038
1.251	15.906	1.038
1.250	15.902	1.039
1.250	15.897	1.039
1.250	15.895	1.040
1.250	15.894	1.038
1.250	15.879	1.036
1.249	15.883	1.038
1.250	15.890	1.038
1.249	15.886	1.040
1.249	15.884	1.040
1.248	15.870	1.042
1.247	15.854	1.040
1.246	15.845	1.041
1.245	15.841	1.041
1.246	15.833	1.040
1.244	15.828	1.039
1.244	15.823	1.041
1.244	15.818	1.041
1.243	15.801	1.042
1.243	15.808	1.040
1.242	15.798	1.041
1.242	15.792	1.040
1.241	15.786	1.044
1.241	15.784	1.045
1.241	15.764	1.041
1.240	15.773	1.043
1.240	15.771	1.042
1.240	15.766	1.044
1.240	15.759	1.042
1.239	15.751	1.045
1.239	15.747	1.041
1.238	15.738	1.046
1.238	15.733	1.046
1.237	15.721	1.043
1.237	15.710	1.044
1.237	15.720	1.045
1.237	15.717	1.043
1.236	15.710	1.045
1.235	15.705	1.045
1.235	15.701	1.047
1.235	15.698	1.046
1.235	15.697	1.045
1.235	15.687	1.049
1.234	15.676	1.046
1.232	15.668	1.044
1.232	15.661	1.046
1.232	15.656	1.047
1.232	15.651	1.049
1.231	15.647	1.047
1.231	15.642	1.048
1.231	15.637	1.048
1.229	15.626	1.047
1.228	15.607	1.044
1.228	15.591	1.047
1.227	15.597	1.046
1.227	15.589	1.048
1.225	15.578	1.046
1.224	15.558	1.047
1.224	15.551	1.045
1.224	15.546	1.045
1.224	15.545	1.049
1.223	15.545	1.048
1.222	15.540	1.045
1.222	15.527	1.051
1.221	15.515	1.050
1.220	15.503	1.050
1.219	15.488	1.051
1.219	15.491	1.050
1.219	15.487	1.051
1.218	15.483	1.052
1.217	15.465	1.052
1.217	15.453	1.050
1.216	15.442	1.055
1.216	15.454	1.052
1.216	15.448	1.052
1.216	15.445	1.052
1.216	15.445	1.054
1.215	15.441	1.053
1.215	15.439	1.053
1.215	15.436	1.055
1.215	15.432	1.054
1.214	15.420	1.052
1.214	15.422	1.056
1.214	15.421	1.052
1.214	15.416	1.053
1.214	15.415	1.055
1.214	15.405	1.054
1.213	15.393	1.053
1.213	15.389	1.054
1.212	15.387	1.055
1.212	15.386	1.055
1.212	15.386	1.058
1.212	15.384	1.055
1.212	15.381	1.054
1.211	15.381	1.057
1.211	15.378	1.060
1.210	15.371	1.057
1.209	15.364	1.057
1.208	15.353	1.058
1.208	15.344	1.055
1.207	15.327	1.058
1.207	15.328	1.061
1.207	15.330	1.060
1.206	15.323	1.060
1.206	15.316	1.062
1.205	15.301	1.059
1.204	15.288	1.060
1.203	15.272	1.064
1.201	15.254	1.058
1.200	15.240	1.062
1.199	15.219	1.065
1.199	15.229	1.064
1.199	15.225	1.061
1.199	15.222	1.065
1.199	15.216	1.061
1.198	15.212	1.061
1.198	15.210	1.062
1.197	15.207	1.062
1.197	15.201	1.064
1.197	15.186	1.064
1.197	15.186	1.068
1.196	15.183	1.062
1.196	15.174	1.065
1.195	15.171	1.065
1.195	15.161	1.066
1.194	15.153	1.069
1.193	15.149	1.066
1.193	15.144	1.069
1.192	15.138	1.063
1.192	15.116	1.068
1.192	15.116	1.071
1.190	15.109	1.065
1.189	15.093	1.066
1.189	15.085	1.068
1.188	15.075	1.074
1.186	15.055	1.072
1.186	15.041	1.070
1.185	15.035	1.073
1.185	15.027	1.074
1.184	15.024	1.073
1.184	15.024	1.073
1.184	15.017	1.075
1.183	15.014	1.070
1.183	15.006	1.074
1.183	15.002	1.075
1.182	14.993	1.075
1.182	14.985	1.076
1.181	14.980	1.074
1.181	14.957	1.072
1.180	14.953	1.075
1.179	14.947	1.074
1.179	14.952	1.077
1.179	14.950	1.080
1.176	14.929	1.078
1.175	14.907	1.076
1.175	14.900	1.075
1.175	14.896	1.079
1.175	14.893	1.078
1.174	14.882	1.078
1.174	14.872	1.080
1.174	14.871	1.080
1.173	14.863	1.081
1.172	14.857	1.083
1.172	14.853	1.081
1.171	14.844	1.079
1.170	14.839	1.081
1.169	14.832	1.077
1.169	14.800	1.077
1.168	14.805	1.082
1.168	14.801	1.082
1.167	14.790	1.082
1.166	14.780	1.081
1.166	14.775	1.084
1.166	14.773	1.080
1.166	14.771	1.083
1.166	14.769	1.084
1.166	14.762	1.082
1.165	14.758	1.081
1.166	14.769	1.085
1.166	14.768	1.082
1.166	14.769	1.085
1.166	14.765	1.086
1.166	14.767	1.084
1.166	14.765	1.087
1.166	14.766	1.086
1.165	14.759	1.086
1.164	14.741	1.085
1.161	14.716	1.088
1.158	14.681	1.089
1.155	14.644	1.089
1.153	14.621	1.088
1.153	14.614	1.087
1.153	14.610	1.088
1.153	14.603	1.088
1.152	14.598	1.090
1.151	14.580	1.084
1.149	14.549	1.091
1.148	14.543	1.092
1.147	14.533	1.090
1.146	14.524	1.090
1.146	14.515	1.088
1.146	14.503	1.091
1.145	14.493	1.091
1.144	14.489	1.091
1.143	14.481	1.092
1.143	14.473	1.091
1.142	14.463	1.093
1.141	14.453	1.089
1.141	14.448	1.092
1.140	14.444	1.093
1.141	14.441	1.094
1.141	14.441	1.094
1.141	14.441	1.094
1.141	14.441	1.093
1.141	14.435	1.091
1.141	14.433	1.093
1.141	14.441	1.093
1.141	14.441	1.095
1.141	14.441	1.095
1.140	14.433	1.095
1.140	14.429	1.095
1.140	14.422	1.097
1.139	14.413	1.095
1.139	14.404	1.094
1.138	14.386	1.091
1.139	14.393	1.094
1.138	14.394	1.095
1.138	14.393	1.095
1.138	14.393	1.096
1.137	14.384	1.096
1.136	14.368	1.098
1.135	14.359	1.099
1.135	14.355	1.098
1.134	14.351	1.099
1.134	14.343	1.099
1.133	14.341	1.100
1.133	14.334	1.098
1.133	14.329	1.098
1.132	14.325	1.098
1.132	14.312	1.100
1.131	14.302	1.100
1.130	14.294	1.101
1.130	14.289	1.103
1.130	14.273	1.100
1.129	14.280	1.100
1.128	14.275	1.101
1.127	14.266	1.103
1.126	14.253	1.103
1.125	14.232	1.102
1.124	14.215	1.104
1.124	14.206	1.104
1.123	14.200	1.105
1.123	14.196	1.102
1.123	14.192	1.104
1.123	14.187	1.104
1.123	14.185	1.107
1.123	14.183	1.109
1.122	14.181	1.105
1.122	14.173	1.107
1.121	14.167	1.105
1.120	14.160	1.109
1.120	14.155	1.106
1.120	14.142	1.108
1.119	14.140	1.109
1.119	14.143	1.108
1.118	14.138	1.106
1.118	14.136	1.112
1.118	14.125	1.111
1.117	14.114	1.109
1.117	14.099	1.108
1.116	14.091	1.110
1.115	14.087	1.113
1.114	14.064	1.110
1.113	14.061	1.110
1.112	14.047	1.109
1.111	14.039	1.111
1.111	14.033	1.110
1.111	14.022	1.107
1.109	14.005	1.113
1.108	13.992	1.113
1.107	13.984	1.110
1.107	13.972	1.110
1.106	13.974	1.107
1.106	13.963	1.113
1.105	13.953	1.110
1.105	13.947	1.114
1.104	13.939	1.116
1.104	13.926	1.116
1.103	13.919	1.115
1.102	13.916	1.114
1.102	13.913	1.116
1.102	13.893	1.116
1.102	13.902	1.117
1.102	13.904	1.119
1.102	13.899	1.115
1.102	13.895	1.120
1.101	13.891	1.117
1.101	13.885	1.117
1.101	13.879	1.120
1.101	13.879	1.119
1.100	13.877	1.120
1.100	13.864	1.119
1.100	13.875	1.124
1.100	13.874	1.120
1.100	13.869	1.118
1.100	13.868	1.120
1.099	13.866	1.117
1.099	13.861	1.124
1.099	13.860	1.119
1.099	13.858	1.121
1.099	13.847	1.120
1.099	13.853	1.123
1.098	13.855	1.124
1.098	13.854	1.124
1.097	13.852	1.126
1.097	13.843	1.121
1.097	13.840	1.123
1.097	13.834	1.123
1.096	13.828	1.128
1.095	13.817	1.122
1.094	13.794	1.121
1.094	13.796	1.128
1.094	13.792	1.130
1.093	13.785	1.128
1.093	13.782	1.125
1.093	13.780	1.126
1.093	13.779	1.129
1.092	13.776	1.129
1.092	13.770	1.132
1.092	13.764	1.128
1.091	13.759	1.129
1.091	13.757	1.131
1.091	13.754	1.129
1.091	13.751	1.130
1.090	13.745	1.131
1.090	13.736	1.133
1.089	13.724	1.133
1.088	13.714	1.133
1.087	13.703	1.131
1.087	13.684	1.127
1.087	13.694	1.134
1.087	13.691	1.131
1.086	13.686	1.135
1.086	13.686	1.138
1.086	13.684	1.136
1.086	13.684	1.136
1.086	13.681	1.136
1.085	13.676	1.136
1.085	13.672	1.137
1.084	13.669	1.133
1.084	13.663	1.135
1.084	13.659	1.134
1.083	13.638	1.130
1.082	13.634	1.138
1.081	13.621	1.136
1.081	13.615	1.133
1.081	13.611	1.139
1.080	13.608	1.140
1.079	13.591	1.130
1.078	13.589	1.134
1.078	13.586	1.136
1.077	13.574	1.138
1.077	13.570	1.139
1.077	13.565	1.138
1.077	13.563	1.138
1.077	13.562	1.141
1.076	13.558	1.139
1.077	13.554	1.138
1.076	13.545	1.138
1.077	13.554	1.138
1.076	13.550	1.141
1.076	13.548	1.140
1.076	13.544	1.139
1.075	13.536	1.140
1.075	13.525	1.141
1.074	13.525	1.140
1.074	13.525	1.145
1.074	13.513	1.137
1.074	13.528	1.143
1.074	13.522	1.144
1.073	13.513	1.144
1.073	13.505	1.143
1.072	13.499	1.144
1.072	13.498	1.143
1.072	13.498	1.144
1.072	13.496	1.145
1.072	13.496	1.142
1.072	13.479	1.144
1.071	13.479	1.146
1.071	13.473	1.145
1.071	13.472	1.146
1.071	13.470	1.146
1.071	13.466	1.150
1.071	13.466	1.144
1.070	13.460	1.145
1.069	13.454	1.146
1.069	13.449	1.145
1.069	13.444	1.146
1.069	13.442	1.148
1.069	13.442	1.149
1.069	13.440	1.145
1.068	13.441	1.146
1.068	13.438	1.148
1.068	13.435	1.144
1.068	13.432	1.148
1.067	13.426	1.147
1.067	13.407	1.145
1.066	13.416	1.144
1.066	13.414	1.147
1.065	13.403	1.145
1.064	13.392	1.146
1.063	13.381	1.147
1.062	13.376	1.145
1.062	13.371	1.143
1.062	13.365	1.141
1.060	13.341	1.140
1.059	13.328	1.140
1.057	13.315	1.142
1.055	13.293	1.140
1.054	13.271	1.139
1.053	13.253	1.136
1.051	13.230	1.139
1.048	13.208	1.137
1.046	13.178	1.134
1.044	13.153	1.130
1.043	13.136	1.136
1.041	13.112	1.133
1.039	13.091	1.132
1.038	13.066	1.129
1.037	13.050	1.129
1.037	13.047	1.128
1.037	13.043	1.126
1.037	13.039	1.127
1.036	13.037	1.122
1.035	13.018	1.121
1.034	13.006	1.121
1.032	12.981	1.119
1.030	12.955	1.123
1.027	12.932	1.120
1.024	12.894	1.116
1.023	12.878	1.115
1.021	12.859	1.113
1.020	12.842	1.112
1.019	12.826	1.108
1.018	12.801	1.111
1.016	12.788	1.108
1.015	12.768	1.109
1.014	12.755	1.107
1.012	12.735	1.106
1.012	12.720	1.103
1.011	12.712	1.104
1.011	12.710	1.104
1.011	12.708	1.101
1.011	12.690	1.097
1.011	12.685	1.100
1.010	12.682	1.096
1.010	12.675	1.097
1.010	12.672	1.094
1.009	12.661	1.097
1.007	12.649	1.096
1.006	12.631	1.094
1.005	12.622	1.094
1.005	12.613	1.092
1.004	12.594	1.090
1.004	12.595	1.093
1.004	12.595	1.089
1.004	12.591	1.088
1.003	12.587	1.090
1.003	12.580	1.088
1.003	12.575	1.087
1.003	12.573	1.086
1.002	12.564	1.086
1.001	12.553	1.084
1.000	12.545	1.082
1.000	12.537	1.083
0.999	12.532	1.084
0.998	12.523	1.086
0.997	12.511	1.083
0.997	12.500	1.079
0.996	12.496	1.079
0.997	12.501	1.077
0.996	12.489	1.074
0.995	12.481	1.078
0.994	12.468	1.076
0.993	12.459	1.075
0.993	12.446	1.073
0.992	12.436	1.075
0.992	12.435	1.070
0.991	12.428	1.068
0.991	12.425	1.069
0.991	12.422	1.072
0.990	12.415	1.070
0.989	12.402	1.066
0.988	12.390	1.069
0.987	12.378	1.064
0.987	12.364	1.069
0.987	12.366	1.067
0.987	12.366	1.063
0.987	12.365	1.064
0.987	12.361	1.065
0.986	12.354	1.063
0.986	12.339	1.065
0.985	12.336	1.063
0.985	12.327	1.061
0.984	12.318	1.064
0.983	12.316	1.062
0.983	12.307	1.062
0.982	12.300	1.060
0.982	12.293	1.056
0.981	12.284	1.056
0.981	12.272	1.058
0.981	12.273	1.061
0.981	12.278	1.060
0.981	12.279	1.058
0.981	12.280	1.058
0.981	12.277	1.057
0.981	12.276	1.055
0.980	12.270	1.057
0.980	12.266	1.055
0.979	12.257	1.056
0.979	12.243	1.059
0.979	12.244	1.054
0.978	12.229	1.056
0.977	12.222	1.056
0.977	12.219	1.053
0.977	12.208	1.052
0.976	12.197	1.053
0.974	12.190	1.052
0.974	12.183	1.054
0.973	12.179	1.054
0.972	12.170	1.052
0.971	12.159	1.056
0.970	12.151	1.054
0.970	12.130	1.055
0.969	12.125	1.052
0.968	12.107	1.051
0.967	12.088	1.048
0.966	12.075	1.051
0.965	12.068	1.054
0.964	12.048	1.049
0.964	12.053	1.052
0.964	12.050	1.053
0.964	12.048	1.052
0.963	12.040	1.051
0.962	12.029	1.049
0.961	12.020	1.050
0.961	12.012	1.051
0.961	12.007	1.049
0.960	12.000	1.049
0.959	11.988	1.054
0.959	11.987	1.053
0.959	11.984	1.050
0.958	11.976	1.050
0.957	11.968	1.049
0.956	11.960	1.048
0.956	11.951	1.050
0.955	11.946	1.049
0.955	11.943	1.050
0.955	11.927	1.050
0.955	11.933	1.050
0.954	11.926	1.047
0.954	11.924	1.051
0.954	11.919	1.051
0.953	11.914	1.049
0.953	11.913	1.049
0.953	11.910	1.049
0.953	11.904	1.047
0.952	11.894	1.049
0.951	11.877	1.051
0.950	11.877	1.050
0.949	11.866	1.047
0.949	11.861	1.049
0.948	11.854	1.052
0.948	11.849	1.051
0.947	11.841	1.049
0.947	11.836	1.049
0.947	11.830	1.047
0.947	11.816	1.049
0.946	11.817	1.052
0.946	11.816	1.050
0.946	11.812	1.050
0.945	11.813	1.049
0.945	11.807	1.049
0.945	11.800	1.050
0.944	11.792	1.050
0.943	11.781	1.050
0.943	11.766	1.049
0.941	11.755	1.048
0.941	11.752	1.048
0.941	11.747	1.051
0.939	11.725	1.049
0.936	11.696	1.047
0.935	11.677	1.047
0.935	11.670	1.046
0.935	11.670	1.051
0.935	11.667	1.049
0.934	11.650	1.049
0.933	11.645	1.048
0.932	11.632	1.047
0.931	11.619	1.049
0.930	11.609	1.045
0.930	11.603	1.051
0.930	11.593	1.049
0.929	11.584	1.049
0.928	11.579	1.050
0.928	11.573	1.049
0.928	11.564	1.051
0.928	11.566	1.049
0.927	11.560	1.049
0.927	11.560	1.051
0.926	11.554	1.048
0.925	11.546	1.049
0.924	11.532	1.052
0.923	11.521	1.052
0.923	11.516	1.051
0.922	11.507	1.052
0.922	11.511	1.053
0.921	11.492	1.048
0.919	11.460	1.050
0.917	11.447	1.051
0.917	11.439	1.053
0.916	11.435	1.050
0.916	11.429	1.053
0.916	11.426	1.051
0.916	11.420	1.051
0.915	11.412	1.054
0.915	11.414	1.055
0.915	11.409	1.051
0.915	11.401	1.051
0.913	11.391	1.053
0.913	11.382	1.051
0.913	11.378	1.053
0.912	11.372	1.053
0.911	11.365	1.054
0.911	11.356	1.056
0.911	11.355	1.056
0.911	11.353	1.055
0.910	11.342	1.056
0.909	11.336	1.054
0.908	11.322	1.052
0.908	11.312	1.052
0.908	11.304	1.054
0.907	11.297	1.051
0.906	11.284	1.055
0.905	11.268	1.054
0.904	11.265	1.054
0.903	11.251	1.051
0.903	11.241	1.054
0.902	11.232	1.057
0.901	11.218	1.054
0.900	11.206	1.053
0.899	11.198	1.056
0.900	11.194	1.056
0.899	11.185	1.054
0.899	11.182	1.055
0.898	11.169	1.054
0.897	11.162	1.056
0.897	11.157	1.053
0.897	11.154	1.056
0.897	11.151	1.055
0.897	11.147	1.056
0.896	11.142	1.055
0.895	11.132	1.057
0.894	11.113	1.059
0.893	11.112	1.060
0.893	11.110	1.056
0.893	11.108	1.058
0.893	11.105	1.058
0.893	11.101	1.059
0.892	11.100	1.059
0.892	11.098	1.057
0.892	11.096	1.060
0.892	11.092	1.060
0.891	11.085	1.061
0.890	11.084	1.058
0.890	11.082	1.057
0.890	11.079	1.060
0.889	11.069	1.058
0.889	11.060	1.058
0.889	11.056	1.059
0.889	11.054	1.062
0.889	11.053	1.061
0.888	11.051	1.059
0.888	11.045	1.060
0.886	11.027	1.064
0.885	11.012	1.060
0.885	11.003	1.064
0.885	11.006	1.065
0.886	11.005	1.062
0.886	11.006	1.063
0.886	11.007	1.063
0.886	11.003	1.064
0.886	10.999	1.066
0.886	11.007	1.067
0.886	11.007	1.067
0.886	11.006	1.061
0.886	11.006	1.066
0.885	11.000	1.063
0.884	10.988	1.064
0.882	10.976	1.067
0.882	10.967	1.066
0.882	10.955	1.064
0.881	10.957	1.068
0.880	10.947	1.067
0.880	10.936	1.065
0.879	10.927	1.063
0.878	10.918	1.066
0.878	10.908	1.063
0.876	10.901	1.067
0.875	10.889	1.064
0.875	10.881	1.065
0.874	10.865	1.066
0.874	10.856	1.066
0.872	10.838	1.065
0.871	10.819	1.070
0.870	10.805	1.066
0.869	10.794	1.069
0.868	10.774	1.068
0.868	10.765	1.069
0.867	10.759	1.067
0.867	10.744	1.067
0.865	10.730	1.070
0.864	10.720	1.070
0.863	10.706	1.070
0.863	10.703	1.070
0.862	10.688	1.073
0.861	10.674	1.072
0.860	10.657	1.073
0.859	10.654	1.068
0.859	10.645	1.067
0.858	10.640	1.072
0.858	10.632	1.070
0.857	10.621	1.076
0.857	10.612	1.074
0.856	10.608	1.073
0.856	10.607	1.071
0.856	10.605	1.073
0.856	10.605	1.076
0.856	10.604	1.075
0.856	10.600	1.071
0.857	10.598	1.074
0.856	10.605	1.075
0.857	10.605	1.076
0.857	10.606	1.076
0.857	10.605	1.079
0.857	10.604	1.078
0.857	10.604	1.079
0.857	10.604	1.078
0.857	10.604	1.079
0.857	10.596	1.075
0.856	10.602	1.077
0.856	10.598	1.078
0.855	10.591	1.078
0.854	10.585	1.077
0.854	10.583	1.078
0.853	10.571	1.080
0.853	10.561	1.080
0.853	10.560	1.081
0.852	10.553	1.076
0.851	10.549	1.080
0.851	10.547	1.081
0.850	10.540	1.080
0.850	10.535	1.081
0.849	10.523	1.079
0.847	10.504	1.079
0.847	10.496	1.080
0.847	10.492	1.082
0.847	10.489	1.079
0.847	10.480	1.078
0.846	10.485	1.081
0.846	10.482	1.082
0.845	10.469	1.084
0.844	10.460	1.082
0.843	10.448	1.083
0.843	10.445	1.083
0.842	10.437	1.085
0.842	10.431	1.085
0.841	10.421	1.086
0.841	10.416	1.084
0.841	10.413	1.083
0.841	10.405	1.085
0.840	10.393	1.084
0.840	10.388	1.084
0.840	10.385	1.089
0.840	10.383	1.086
0.840	10.377	1.087
0.839	10.372	1.084
0.838	10.359	1.083
0.837	10.352	1.087
0.836	10.338	1.085
0.835	10.327	1.088
0.834	10.317	1.086
0.833	10.304	1.087
0.833	10.295	1.089
0.832	10.283	1.091
0.831	10.272	1.089
0.830	10.257	1.083
0.830	10.254	1.089
0.830	10.254	1.088
0.830	10.250	1.093
0.829	10.243	1.089
0.828	10.230	1.092
0.828	10.220	1.089
0.827	10.216	1.090
0.827	10.210	1.094
0.827	10.205	1.092
0.826	10.193	1.092
0.825	10.192	1.089
0.825	10.181	1.092
0.825	10.182	1.093
0.825	10.181	1.093
0.824	10.178	1.093
0.824	10.173	1.093
0.824	10.170	1.092
0.823	10.168	1.095
0.823	10.154	1.092
0.822	10.145	1.092
0.822	10.144	1.090
0.821	10.137	1.091
0.820	10.128	1.092
0.819	10.123	1.094
0.819	10.120	1.097
0.819	10.120	1.093
0.819	10.118	1.093
0.818	10.111	1.096
0.817	10.097	1.093
0.816	10.091	1.092
0.815	10.078	1.096
0.815	10.069	1.095
0.815	10.066	1.094
0.814	10.062	1.099
0.814	10.056	1.096
0.813	10.046	1.096
0.813	10.040	1.096
0.813	10.034	1.096
0.812	10.032	1.097
0.812	10.029	1.096
0.811	10.022	1.094
0.811	10.017	1.099
0.810	10.007	1.099
0.810	9.998	1.096
0.809	9.992	1.099
0.809	9.989	1.100
0.808	9.986	1.100
0.808	9.975	1.099
0.808	9.982	1.101
0.808	9.976	1.100
0.808	9.973	1.100
0.807	9.966	1.103
0.807	9.958	1.102
0.807	9.954	1.099
0.807	9.952	1.103
0.807	9.951	1.099
0.807	9.948	1.102
0.807	9.949	1.103
0.807	9.949	1.103
0.807	9.949	1.101
0.807	9.947	1.102
0.806	9.944	1.102
0.806	9.940	1.100
0.806	9.937	1.104
0.806	9.935	1.104
0.806	9.931	1.104
0.805	9.923	1.104
0.805	9.917	1.105
0.805	9.914	1.103
0.804	9.910	1.107
0.803	9.901	1.105
0.802	9.891	1.106
0.802	9.880	1.105
0.801	9.873	1.104
0.800	9.865	1.106
0.800	9.854	1.107
0.799	9.839	1.108
0.798	9.830	1.110
0.798	9.818	1.107
0.797	9.814	1.106
0.797	9.807	1.105
0.796	9.802	1.107
0.796	9.796	1.112
0.796	9.790	1.106
0.795	9.786	1.110
0.794	9.769	1.111
0.793	9.766	1.112
0.792	9.757	1.109
0.791	9.749	1.110
0.791	9.741	1.110
0.791	9.737	1.110
0.791	9.731	1.110
0.790	9.726	1.109
0.790	9.718	1.112
0.789	9.715	1.113
0.789	9.706	1.114
0.788	9.706	1.113
0.787	9.693	1.115
0.787	9.688	1.113
0.787	9.687	1.114
0.786	9.681	1.117
0.786	9.670	1.115
0.785	9.667	1.113
0.785	9.663	1.114
0.785	9.656	1.115
0.785	9.656	1.117
0.784	9.656	1.113
0.784	9.654	1.117
0.784	9.652	1.118
0.783	9.646	1.114
0.783	9.643	1.117
0.782	9.639	1.117
0.781	9.627	1.118
0.781	9.614	1.117
0.780	9.598	1.119
0.779	9.594	1.121
0.778	9.583	1.117
0.777	9.572	1.121
0.776	9.557	1.119
0.775	9.538	1.119
0.773	9.530	1.118
0.773	9.517	1.122
0.772	9.509	1.119
0.772	9.495	1.121
0.770	9.475	1.125
0.770	9.469	1.123
0.770	9.463	1.121
0.770	9.460	1.120
0.770	9.458	1.124
0.770	9.448	1.122
0.769	9.447	1.125
0.769	9.436	1.124
0.767	9.425	1.126
0.766	9.412	1.125
0.765	9.407	1.127
0.765	9.399	1.125
0.765	9.389	1.125
0.765	9.386	1.128
0.764	9.374	1.126
0.763	9.365	1.121
0.763	9.363	1.122
0.762	9.351	1.124
0.761	9.329	1.120
0.760	9.322	1.126
0.759	9.316	1.126
0.759	9.310	1.124
0.758	9.303	1.126
0.758	9.296	1.124
0.757	9.290	1.128
0.757	9.281	1.126
0.756	9.277	1.130
0.756	9.274	1.129
0.756	9.273	1.126
0.756	9.273	1.129
0.755	9.268	1.131
0.755	9.266	1.128
0.755	9.263	1.127
0.754	9.254	1.129
0.754	9.254	1.133
0.754	9.254	1.128
0.754	9.253	1.130
0.753	9.243	1.128
0.751	9.227	1.130
0.751	9.227	1.131
0.751	9.224	1.134
0.751	9.216	1.131
0.750	9.201	1.135
0.750	9.193	1.133
0.749	9.188	1.132
0.747	9.173	1.134
0.747	9.165	1.130
0.746	9.157	1.131
0.746	9.155	1.132
0.745	9.148	1.137
0.745	9.143	1.134
0.744	9.136	1.138
0.743	9.121	1.137
0.743	9.110	1.137
0.742	9.104	1.136
0.742	9.095	1.137
0.741	9.085	1.129
0.741	9.085	1.138
0.740	9.072	1.138
0.740	9.064	1.139
0.739	9.057	1.139
0.738	9.043	1.139
0.737	9.024	1.138
0.736	9.016	1.139
0.736	9.009	1.138
0.735	8.993	1.138
0.733	8.971	1.135
0.732	8.961	1.141
0.731	8.956	1.139
0.730	8.938	1.138
0.730	8.932	1.138
0.730	8.931	1.139
0.730	8.930	1.139
0.730	8.929	1.141
0.730	8.930	1.136
0.730	8.923	1.139
0.731	8.930	1.141
0.731	8.930	1.140
0.731	8.930	1.141
0.731	8.930	1.140
0.731	8.931	1.142
0.731	8.930	1.144
0.731	8.930	1.143
0.731	8.930	1.142
0.731	8.929	1.141
0.731	8.929	1.141
0.731	8.923	1.141
0.731	8.930	1.144
0.731	8.930	1.144
0.731	8.930	1.144
0.731	8.931	1.143
0.731	8.930	1.144
0.731	8.928	1.144
0.731	8.928	1.144
0.731	8.924	1.145
0.730	8.920	1.143
0.729	8.905	1.148
0.727	8.886	1.143
0.726	8.874	1.146
0.725	8.862	1.146
0.725	8.856	1.145
0.723	8.843	1.146
0.723	8.836	1.147
0.723	8.828	1.145
0.723	8.825	1.146
0.723	8.826	1.146
0.722	8.818	1.148
0.722	8.810	1.148
0.721	8.798	1.149
0.720	8.787	1.146
0.720	8.784	1.149
0.720	8.784	1.148
0.720	8.784	1.148
0.720	8.779	1.147
0.719	8.782	1.148
0.719	8.778	1.148
0.719	8.778	1.151
0.719	8.778	1.148
0.719	8.777	1.153
0.719	8.777	1.151
0.719	8.777	1.150
0.719	8.777	1.148
0.719	8.777	1.148
0.719	8.769	1.150
0.718	8.769	1.151
0.717	8.758	1.150
0.715	8.729	1.150
0.714	8.727	1.152
0.713	8.714	1.153
0.712	8.704	1.153
0.712	8.704	1.155
0.712	8.704	1.160
0.711	8.693	1.152
0.710	8.676	1.152
0.709	8.655	1.154
0.708	8.646	1.153
0.707	8.642	1.153
0.707	8.631	1.153
0.707	8.621	1.156
0.706	8.618	1.155
0.705	8.612	1.158
0.704	8.585	1.155
0.703	8.564	1.154
0.702	8.552	1.154
0.701	8.540	1.155
0.699	8.515	1.154
0.697	8.493	1.158
0.697	8.479	1.156
0.696	8.472	1.156
0.696	8.464	1.155
0.694	8.452	1.156
0.693	8.437	1.154
0.692	8.422	1.156
0.691	8.403	1.159
0.689	8.382	1.157
0.688	8.362	1.157
0.687	8.349	1.158
0.686	8.337	1.158
0.686	8.335	1.158
0.686	8.334	1.157
0.685	8.325	1.158
0.684	8.316	1.159
0.684	8.319	1.159
0.683	8.314	1.160
0.682	8.307	1.159
0.681	8.289	1.161
0.681	8.281	1.158
0.680	8.276	1.159
0.680	8.268	1.161
0.678	8.251	1.163
0.675	8.220	1.162
0.674	8.198	1.165
0.673	8.191	1.164
0.673	8.189	1.158
0.670	8.152	1.160
0.668	8.123	1.162
0.668	8.118	1.165
0.667	8.106	1.160
0.667	8.092	1.164
0.666	8.080	1.162
0.665	8.063	1.164
0.663	8.045	1.164
0.662	8.033	1.163
0.662	8.032	1.165
0.662	8.030	1.164
0.663	8.030	1.164
0.663	8.024	1.164
0.662	8.020	1.167
0.662	8.019	1.167
0.662	8.013	1.166
0.662	8.013	1.166
0.662	8.016	1.166
0.662	8.016	1.168
0.662	8.017	1.167
0.663	8.016	1.167
0.663	8.016	1.168
0.663	8.016	1.171
0.663	8.016	1.167
0.663	8.015	1.167
0.663	8.011	1.170
0.663	8.016	1.171
0.663	8.016	1.171
0.663	8.016	1.170
0.663	8.017	1.171
0.663	8.013	1.174
0.662	8.009	1.168
0.662	8.009	1.172
0.662	8.008	1.172
0.662	8.002	1.169
0.662	8.001	1.173
0.661	7.997	1.173
0.661	7.994	1.172
0.661	7.989	1.175
0.660	7.980	1.173
0.659	7.971	1.171
0.659	7.967	1.174
0.659	7.965	1.174
0.659	7.964	1.171
0.659	7.959	1.173
0.659	7.960	1.174
0.658	7.958	1.178
0.658	7.952	1.175
0.657	7.947	1.177
0.657	7.938	1.178
0.656	7.934	1.176
0.656	7.927	1.174
0.656	7.924	1.181
0.656	7.923	1.177
0.655	7.922	1.176
0.655	7.920	1.177
0.655	7.913	1.179
0.655	7.916	1.180
0.655	7.912	1.178
0.654	7.907	1.178
0.654	7.903	1.178
0.654	7.903	1.181
0.654	7.901	1.178
0.653	7.898	1.178
0.653	7.887	1.179
0.652	7.879	1.179
0.652	7.874	1.182
0.651	7.871	1.183
0.651	7.870	1.182
0.651	7.868	1.179
0.651	7.865	1.183
0.651	7.861	1.183
0.651	7.855	1.181
0.650	7.849	1.182
0.650	7.845	1.184
0.649	7.838	1.187
0.649	7.833	1.187
0.649	7.825	1.186
0.648	7.822	1.185
0.648	7.819	1.182
0.648	7.816	1.188
0.647	7.814	1.183
0.647	7.809	1.179
0.647	7.808	1.185
0.646	7.804	1.183
0.645	7.800	1.186
0.644	7.786	1.186
0.643	7.776	1.184
0.643	7.771	1.185
0.642	7.764	1.185
0.642	7.760	1.186
0.641	7.752	1.182
0.641	7.747	1.184
0.640	7.739	1.190
0.640	7.737	1.186
0.640	7.735	1.187
0.639	7.727	1.187
0.639	7.715	1.186
0.638	7.712	1.185
0.637	7.703	1.189
0.637	7.690	1.188
0.636	7.678	1.191
0.636	7.675	1.187
0.636	7.671	1.187
0.636	7.668	1.186
0.636	7.672	1.191
0.636	7.672	1.188
0.636	7.670	1.189
0.637	7.672	1.192
0.636	7.672	1.191
0.636	7.669	1.189
0.636	7.665	1.190
0.635	7.655	1.192
0.634	7.644	1.190
0.633	7.629	1.193
0.632	7.619	1.192
0.632	7.614	1.194
0.632	7.606	1.193
0.631	7.601	1.194
0.631	7.593	1.193
0.630	7.588	1.186
0.630	7.582	1.193
0.629	7.578	1.191
0.628	7.567	1.192
0.628	7.556	1.192
0.627	7.544	1.192
0.626	7.539	1.192
0.626	7.532	1.193
0.625	7.527	1.195
0.624	7.513	1.195
0.623	7.498	1.195
0.622	7.485	1.193
0.622	7.481	1.195
0.622	7.477	1.197
0.622	7.473	1.196
0.621	7.471	1.197
0.622	7.470	1.195
0.622	7.470	1.195
0.622	7.467	1.197
0.621	7.459	1.191
0.621	7.458	1.197
0.620	7.454	1.197
0.620	7.448	1.200
0.619	7.444	1.197
0.619	7.434	1.198
0.618	7.426	1.196
0.618	7.422	1.198
0.617	7.415	1.197
0.617	7.409	1.196
0.616	7.397	1.198
0.615	7.385	1.199
0.614	7.373	1.201
0.614	7.361	1.194
0.613	7.360	1.199
0.613	7.358	1.200
0.613	7.356	1.199
0.613	7.353	1.200
0.612	7.351	1.199
0.612	7.349	1.199
0.612	7.348	1.197
0.612	7.347	1.201
0.611	7.345	1.200
0.610	7.336	1.202
0.609	7.326	1.200
0.609	7.324	1.199
0.609	7.323	1.203
0.609	7.321	1.200
0.609	7.318	1.200
0.608	7.312	1.199
0.608	7.308	1.201
0.607	7.299	1.202
0.607	7.293	1.199
0.606	7.288	1.202
0.606	7.285	1.206
0.606	7.279	1.204
0.605	7.272	1.205
0.605	7.263	1.204
0.604	7.251	1.204
0.603	7.241	1.206
0.602	7.233	1.208
0.602	7.227	1.203
0.602	7.227	1.203
0.602	7.223	1.205
0.602	7.222	1.209
0.602	7.218	1.208
0.601	7.214	1.207
0.601	7.209	1.206
0.601	7.202	1.207
0.600	7.199	1.205
0.600	7.188	1.206
0.599	7.179	1.207
0.599	7.176	1.206
0.599	7.167	1.208
0.598	7.163	1.209
0.598	7.153	1.207
0.598	7.151	1.207
0.598	7.149	1.209
0.597	7.143	1.207
0.596	7.133	1.206
0.596	7.129	1.210
0.595	7.125	1.212
0.594	7.112	1.208
0.594	7.106	1.211
0.593	7.101	1.211
0.592	7.087	1.212
0.591	7.072	1.212
0.591	7.060	1.212
0.590	7.056	1.213
0.590	7.055	1.210
0.590	7.049	1.210
0.589	7.039	1.216
0.587	7.025	1.208
0.587	7.019	1.208
0.587	7.019	1.211
0.587	7.019	1.209
0.587	7.016	1.215
0.587	7.014	1.213
0.586	7.007	1.212
0.585	6.994	1.215
0.583	6.970	1.214
0.582	6.957	1.212
0.581	6.946	1.215
0.581	6.941	1.213
0.581	6.938	1.215
0.581	6.934	1.214
0.580	6.928	1.214
0.580	6.921	1.218
0.578	6.911	1.217
0.578	6.908	1.216
0.578	6.901	1.217
0.578	6.898	1.216
0.577	6.896	1.217
0.577	6.890	1.219
0.576	6.885	1.215
0.575	6.873	1.217
0.575	6.866	1.218
0.574	6.860	1.219
0.574	6.860	1.217
0.574	6.855	1.220
0.573	6.846	1.222
0.573	6.838	1.219
0.573	6.835	1.218
0.572	6.827	1.221
0.572	6.820	1.219
0.571	6.817	1.220
0.570	6.811	1.220
0.569	6.796	1.222
0.569	6.787	1.218
0.569	6.784	1.221
0.569	6.782	1.221
0.569	6.779	1.222
0.569	6.775	1.221
0.568	6.772	1.223
0.567	6.763	1.224
0.566	6.751	1.223
0.566	6.739	1.224
0.565	6.728	1.224
0.564	6.717	1.227
0.564	6.710	1.225
0.564	6.703	1.223
0.564	6.694	1.220
0.563	6.689	1.223
0.563	6.685	1.226
0.563	6.677	1.223
0.562	6.670	1.223
0.561	6.662	1.225
0.561	6.656	1.228
0.561	6.653	1.226
0.560	6.646	1.226
0.558	6.632	1.227
0.557	6.616	1.228
0.557	6.605	1.229
0.556	6.602	1.225
0.556	6.599	1.227
0.556	6.593	1.227
0.555	6.589	1.228
0.554	6.580	1.228
0.554	6.572	1.227
0.554	6.566	1.226
0.553	6.559	1.231
0.553	6.555	1.229
0.553	6.555	1.228
0.553	6.549	1.229
0.553	6.549	1.232
0.553	6.542	1.228
0.552	6.538	1.231
0.552	6.532	1.230
0.551	6.523	1.228
0.550	6.516	1.233
0.550	6.506	1.233
0.549	6.500	1.233
0.549	6.495	1.233
0.549	6.494	1.232
0.549	6.491	1.233
0.548	6.486	1.234
0.548	6.482	1.235
0.547	6.479	1.235
0.547	6.474	1.235
0.546	6.470	1.234
0.546	6.469	1.236
0.546	6.465	1.232
0.546	6.461	1.236
0.546	6.461	1.234
0.546	6.462	1.237
0.546	6.460	1.236
0.546	6.458	1.234
0.546	6.453	1.234
0.545	6.443	1.235
0.543	6.429	1.237
0.543	6.421	1.235
0.542	6.421	1.235
0.542	6.415	1.233
0.540	6.402	1.238
0.539	6.378	1.241
0.537	6.364	1.239
0.536	6.360	1.237
0.536	6.355	1.238
0.536	6.352	1.238
0.536	6.348	1.242
0.536	6.345	1.244
0.535	6.340	1.234
0.535	6.335	1.238
0.535	6.330	1.240
0.534	6.323	1.240
0.534	6.323	1.241
0.534	6.323	1.241
0.535	6.323	1.242
0.535	6.323	1.243
0.535	6.323	1.244
0.535	6.323	1.242
0.535	6.322	1.241
0.535	6.322	1.240
0.535	6.322	1.244
0.535	6.318	1.241
0.534	6.307	1.243
0.532	6.291	1.242
0.532	6.274	1.244
0.531	6.262	1.244
0.531	6.260	1.243
0.531	6.257	1.243
0.530	6.249	1.243
0.529	6.232	1.241
0.528	6.221	1.242
0.527	6.216	1.244
0.527	6.214	1.244
0.527	6.214	1.243
0.528	6.213	1.242
0.528	6.213	1.243
0.528	6.213	1.243
0.527	6.212	1.238
0.527	6.212	1.246
0.527	6.212	1.243
0.527	6.203	1.244
0.526	6.194	1.245
0.526	6.183	1.243
0.523	6.157	1.246
0.520	6.125	1.247
0.519	6.104	1.247
0.519	6.095	1.244
0.519	6.093	1.245
0.519	6.093	1.246
0.519	6.091	1.247
0.519	6.091	1.246
0.518	6.088	1.245
0.518	6.082	1.248
0.517	6.077	1.243
0.516	6.059	1.247
0.515	6.043	1.245
0.514	6.030	1.245
0.513	6.026	1.249
0.513	6.020	1.248
0.513	6.012	1.247
0.512	6.000	1.244
0.511	5.990	1.250
0.511	5.981	1.251
0.511	5.980	1.248
0.511	5.977	1.250
0.511	5.974	1.252
0.510	5.969	1.248
0.510	5.969	1.250
0.510	5.969	1.251
0.510	5.966	1.251
0.509	5.959	1.251
0.508	5.955	1.250
0.507	5.948	1.253
0.507	5.945	1.251
0.505	5.936	1.250
0.503	5.925	1.251
0.502	5.920	1.251
0.502	5.918	1.253
0.502	5.917	1.254
0.502	5.917	1.250
0.502	5.916	1.252
0.502	5.915	1.251
0.502	5.914	1.253
0.502	5.912	1.253
0.502	5.909	1.252
0.501	5.908	1.255
0.500	5.904	1.253
0.500	5.900	1.257
0.499	5.896	1.256
0.498	5.890	1.255
0.497	5.886	1.254
0.497	5.885	1.255
0.497	5.884	1.254
0.497	5.884	1.255
0.497	5.884	1.255
0.496	5.883	1.256
0.496	5.877	1.255
0.495	5.875	1.256
0.495	5.873	1.257
0.495	5.872	1.258
0.494	5.872	1.257
0.494	5.872	1.258
0.494	5.872	1.256
0.494	5.868	1.255
0.494	5.866	1.261
0.493	5.862	1.259
0.492	5.860	1.260
0.492	5.860	1.257
0.492	5.859	1.258
0.491	5.859	1.257
0.489	5.855	1.258
0.489	5.852	1.256
0.489	5.851	1.257
0.489	5.850	1.259
0.488	5.847	1.257
0.487	5.847	1.259
0.486	5.840	1.259
0.484	5.835	1.257
0.484	5.835	1.257
0.483	5.832	1.257
0.483	5.830	1.259
0.482	5.830	1.258
0.482	5.829	1.261
0.481	5.826	1.261
0.481	5.823	1.258
0.480	5.823	1.261
0.479	5.822	1.258
0.479	5.820	1.258
0.478	5.818	1.259
0.478	5.815	1.259
0.477	5.813	1.260
0.476	5.811	1.260
0.475	5.811	1.259
0.474	5.808	1.260
0.473	5.807	1.262
0.473	5.805	1.263
0.473	5.805	1.262
0.472	5.802	1.263
0.471	5.799	1.261
0.471	5.798	1.260
0.470	5.798	1.263
0.470	5.798	1.259
0.469	5.797	1.263
0.468	5.796	1.261
0.468	5.794	1.265
0.468	5.793	1.266
0.467	5.792	1.261
0.467	5.792	1.265
0.467	5.789	1.262
0.467	5.788	1.263
0.466	5.787	1.263
0.465	5.786	1.266
0.465	5.786	1.264
0.464	5.785	1.268
0.464	5.784	1.265
0.462	5.779	1.262
0.461	5.774	1.268
0.461	5.774	1.267
0.461	5.774	1.266
0.460	5.772	1.265
0.460	5.770	1.267
0.459	5.769	1.269
0.459	5.769	1.268
0.458	5.767	1.264
0.456	5.763	1.268
0.452	5.754	1.271
0.450	5.750	1.269
0.449	5.750	1.267
0.449	5.749	1.268
0.448	5.747	1.270
0.448	5.746	1.269
0.447	5.743	1.270
0.446	5.738	1.272
0.445	5.737	1.270
0.443	5.736	1.272
0.442	5.732	1.274
0.441	5.727	1.271
0.440	5.725	1.272
0.439	5.725	1.273
0.439	5.724	1.269
0.438	5.723	1.270
0.437	5.721	1.274
0.436	5.716	1.273
0.433	5.713	1.272
0.432	5.710	1.272
0.432	5.709	1.271
0.432	5.708	1.271
0.432	5.707	1.270
0.431	5.705	1.272
0.429	5.702	1.275
0.428	5.701	1.273
0.428	5.699	1.275
0.427	5.695	1.272
0.427	5.694	1.276
0.426	5.693	1.272
0.426	5.691	1.277
0.426	5.689	1.275
0.424	5.688	1.277
0.423	5.684	1.275
0.423	5.682	1.277
0.423	5.683	1.279
0.423	5.681	1.274
0.422	5.681	1.275
0.421	5.681	1.276
0.419	5.681	1.275
0.419	5.681	1.279
0.419	5.681	1.277
0.418	5.680	1.281
0.417	5.681	1.276
0.414	5.680	1.280
0.413	5.681	1.279
0.413	5.682	1.277
0.413	5.681	1.280
0.413	5.680	1.279
0.413	5.681	1.280
0.413	5.681	1.283
0.413	5.681	1.281
0.413	5.680	1.280
0.413	5.680	1.280
0.413	5.681	1.279
0.413	5.680	1.283
0.413	5.680	1.280
0.413	5.680	1.281
0.413	5.681	1.284
0.413	5.680	1.281
0.412	5.681	1.283
0.412	5.680	1.281
0.410	5.681	1.282
0.409	5.681	1.282
0.408	5.681	1.281
0.408	5.680	1.283
0.408	5.681	1.284
0.408	5.680	1.283
0.408	5.681	1.288
0.408	5.681	1.284
0.407	5.680	1.285
0.407	5.681	1.284
0.407	5.681	1.281
0.406	5.680	1.285
0.406	5.680	1.286
0.405	5.681	1.287
0.405	5.680	1.289
0.404	5.681	1.289
0.404	5.680	1.287
0.404	5.680	1.285
0.403	5.681	1.288
0.403	5.680	1.284
0.402	5.680	1.284
0.402	5.681	1.286
0.401	5.680	1.289
0.401	5.681	1.288
0.400	5.681	1.290
0.399	5.682	1.288
0.398	5.682	1.290
0.397	5.683	1.289
0.397	5.682	1.289
0.397	5.682	1.285
0.396	5.682	1.288
0.395	5.681	1.293
0.394	5.681	1.293
0.394	5.682	1.291
0.394	5.681	1.292
0.394	5.682	1.291
0.394	5.681	1.291
0.393	5.681	1.293
0.392	5.682	1.292
0.392	5.682	1.291
0.392	5.681	1.292
0.392	5.681	1.291
0.393	5.682	1.293
0.393	5.681	1.293
0.393	5.681	1.295
0.393	5.682	1.296
0.393	5.681	1.293
0.393	5.681	1.294
0.393	5.681	1.296
0.393	5.682	1.293
0.393	5.681	1.297
0.393	5.682	1.296
0.393	5.681	1.291
0.393	5.682	1.295
0.393	5.681	1.296
0.392	5.682	1.297
0.392	5.681	1.295
0.391	5.681	1.293
0.390	5.682	1.291
0.389	5.681	1.298
0.389	5.681	1.295
0.389	5.681	1.296
0.390	5.681	1.295
0.390	5.682	1.295
0.389	5.681	1.296
0.389	5.680	1.296
0.388	5.681	1.298
0.388	5.681	1.296
0.388	5.681	1.299
0.387	5.682	1.297
0.385	5.682	1.299
0.384	5.681	1.298
0.384	5.682	1.298
0.384	5.682	1.297
0.384	5.682	1.300
0.384	5.682	1.297
0.383	5.681	1.295
0.382	5.681	1.297
0.382	5.681	1.301
0.381	5.682	1.298
0.380	5.681	1.299
0.380	5.681	1.299
0.380	5.682	1.302
0.380	5.681	1.300
0.380	5.682	1.300
0.380	5.681	1.299
0.380	5.680	1.296
0.380	5.681	1.301
0.380	5.682	1.301
0.380	5.682	1.303
0.380	5.681	1.300
0.380	5.681	1.304
0.380	5.681	1.303
0.380	5.681	1.304
0.380	5.680	1.301
0.380	5.681	1.299
0.380	5.680	1.302
0.380	5.682	1.301
0.380	5.681	1.303
0.380	5.680	1.303
0.380	5.681	1.305
0.380	5.681	1.304
0.380	5.682	1.305
0.380	5.681	1.304
0.380	5.681	1.304
0.380	5.681	1.304
0.380	5.680	1.307
0.380	5.681	1.303
0.380	5.680	1.306
0.380	5.681	1.304
0.380	5.681	1.305
0.380	5.681	1.306
0.380	5.681	1.305
0.380	5.682	1.304
0.380	5.681	1.304
0.380	5.681	1.309
0.380	5.681	1.305
0.380	5.680	1.306
0.380	5.680	1.306
0.380	5.681	1.306
0.380	5.681	1.305
0.380	5.681	1.304
0.380	5.681	1.305
0.380	5.681	1.305
0.380	5.680	1.304
0.380	5.681	1.306
0.380	5.681	1.306
0.380	5.681	1.307
0.380	5.682	1.310
0.380	5.681	1.307
0.380	5.681	1.307
0.380	5.681	1.309
0.380	5.680	1.310
0.380	5.681	1.307
0.380	5.682	1.310
0.380	5.681	1.310
0.380	5.681	1.311
0.380	5.681	1.309
0.380	5.681	1.310
0.380	5.680	1.308
0.380	5.681	1.307
0.380	5.681	1.311
0.380	5.680	1.311
0.380	5.682	1.310
0.380	5.681	1.314
0.380	5.681	1.313
0.380	5.682	1.310
0.380	5.681	1.313
0.380	5.680	1.311
0.380	5.681	1.313
0.380	5.681	1.312
0.380	5.681	1.310
0.380	5.680	1.313
0.380	5.681	1.310
0.380	5.680	1.312
0.380	5.681	1.312
0.380	5.681	1.312
0.380	5.681	1.314
0.380	5.681	1.314
0.380	5.681	1.312
0.380	5.681	1.312
0.380	5.681	1.311
0.380	5.681	1.311
0.380	5.682	1.314
0.380	5.681	1.312
0.380	5.680	1.314
0.380	5.681	1.313
0.380	5.681	1.313
0.380	5.681	1.315
0.380	5.681	1.313
0.380	5.681	1.313
0.380	5.681	1.316
0.380	5.681	1.315
0.380	5.681	1.318
0.380	5.681	1.317
0.380	5.682	1.316
0.380	5.681	1.316
0.380	5.681	1.314
0.380	5.681	1.316
0.380	5.681	1.317
0.380	5.681	1.318
0.380	5.680	1.318
0.380	5.680	1.318
0.380	5.681	1.316
0.380	5.682	1.320
0.380	5.681	1.320
0.380	5.681	1.316
0.380	5.681	1.317
0.380	5.682	1.316
0.380	5.681	1.321
0.380	5.682	1.317
0.380	5.681	1.319
0.380	5.681	1.319
0.380	5.681	1.320
0.380	5.682	1.320
0.380	5.681	1.319
0.380	5.681	1.318
0.380	5.681	1.322
0.380	5.680	1.318
0.380	5.681	1.318
0.380	5.681	1.317
0.380	5.681	1.320
0.380	5.680	1.322
0.380	5.681	1.320
0.380	5.681	1.321
0.380	5.681	1.317
0.380	5.681	1.320
0.380	5.681	1.318
0.380	5.680	1.321
0.380	5.681	1.322
0.380	5.681	1.324
0.380	5.681	1.324
0.380	5.681	1.325
0.380	5.680	1.322
0.380	5.681	1.321
0.380	5.681	1.326
0.380	5.681	1.322
0.380	5.680	1.323
0.380	5.681	1.326
0.380	5.681	1.325
0.380	5.681	1.325
0.380	5.681	1.324
0.380	5.681	1.324
0.380	5.680	1.327
0.380	5.680	1.323
0.380	5.681	1.324
0.380	5.681	1.326
0.380	5.681	1.326
0.380	5.681	1.327
0.380	5.681	1.328
0.380	5.681	1.323
0.380	5.681	1.325
0.380	5.681	1.327
0.380	5.681	1.325
0.380	5.680	1.325
0.380	5.681	1.325
0.380	5.681	1.327
0.380	5.681	1.324
0.380	5.682	1.325
0.380	5.682	1.326
0.380	5.681	1.328
0.380	5.681	1.327
0.380	5.681	1.326
0.380	5.681	1.329
0.380	5.681	1.327
0.380	5.681	1.327
0.380	5.680	1.328
0.380	5.682	1.328
0.380	5.681	1.329
0.380	5.681	1.330
0.380	5.681	1.328
0.380	5.681	1.332
0.380	5.680	1.331
0.380	5.681	1.329
0.380	5.680	1.327
0.380	5.681	1.331
0.380	5.681	1.330
0.380	5.680	1.332
