0.380	5.681	1.432
0.380	5.681	1.429
0.380	5.681	1.433
0.380	5.681	1.432
0.380	5.682	1.429
0.380	5.680	1.429
0.380	5.680	1.430
0.380	5.681	1.429
0.380	5.680	1.430
0.380	5.681	1.431
0.380	5.681	1.428
0.380	5.681	1.430
0.380	5.680	1.431
0.380	5.680	1.432
0.380	5.681	1.432
0.380	5.681	1.432
0.380	5.680	1.433
0.380	5.681	1.430
0.380	5.681	1.432
0.380	5.680	1.435
0.380	5.680	1.435
0.380	5.681	1.436
0.380	5.680	1.436
0.380	5.680	1.436
0.380	5.681	1.433
0.380	5.680	1.435
0.380	5.681	1.432
0.380	5.680	1.436
0.380	5.680	1.436
0.380	5.681	1.439
0.380	5.681	1.431
0.380	5.681	1.436
0.381	5.682	1.433
0.381	5.681	1.436
0.382	5.681	1.437
0.382	5.682	1.435
0.382	5.681	1.438
0.382	5.682	1.437
0.384	5.682	1.436
0.384	5.680	1.437
0.384	5.682	1.435
0.384	5.681	1.437
0.384	5.681	1.435
0.385	5.681	1.436
0.386	5.681	1.437
0.386	5.683	1.439
0.388	5.681	1.440
0.389	5.681	1.437
0.391	5.681	1.439
0.392	5.681	1.439
0.393	5.681	1.439
0.395	5.682	1.442
0.396	5.680	1.441
0.397	5.682	1.439
0.397	5.682	1.441
0.399	5.682	1.438
0.400	5.682	1.436
0.401	5.680	1.440
0.402	5.680	1.442
0.404	5.680	1.441
0.407	5.682	1.440
0.409	5.681	1.445
0.410	5.681	1.439
0.411	5.681	1.440
0.411	5.681	1.442
0.412	5.682	1.440
0.413	5.681	1.443
0.414	5.681	1.445
0.415	5.680	1.436
0.416	5.681	1.441
0.417	5.680	1.445
0.417	5.681	1.444
0.418	5.681	1.444
0.421	5.681	1.442
0.423	5.681	1.441
0.423	5.680	1.443
0.423	5.681	1.446
0.424	5.681	1.443
0.424	5.681	1.441
0.424	5.682	1.441
0.425	5.682	1.442
0.426	5.680	1.444
0.428	5.683	1.442
0.430	5.688	1.445
0.431	5.691	1.444
0.431	5.692	1.445
0.431	5.692	1.443
0.432	5.694	1.444
0.433	5.701	1.444
0.435	5.702	1.444
0.437	5.705	1.445
0.439	5.712	1.443
0.442	5.715	1.447
0.444	5.721	1.447
0.446	5.726	1.445
0.448	5.731	1.446
0.448	5.735	1.447
0.449	5.737	1.441
0.451	5.738	1.448
0.452	5.742	1.447
0.453	5.746	1.449
0.454	5.749	1.449
0.456	5.750	1.448
0.458	5.751	1.449
0.459	5.758	1.449
0.461	5.762	1.447
0.462	5.765	1.446
0.462	5.765	1.448
0.462	5.766	1.448
0.462	5.766	1.446
0.462	5.766	1.449
0.462	5.766	1.447
0.461	5.766	1.448
0.461	5.767	1.449
0.462	5.767	1.450
0.462	5.767	1.453
0.464	5.771	1.448
0.466	5.774	1.449
0.466	5.776	1.449
0.466	5.778	1.449
0.466	5.779	1.447
0.467	5.781	1.449
0.468	5.782	1.449
0.468	5.784	1.449
0.469	5.786	1.448
0.470	5.786	1.446
0.472	5.790	1.450
0.474	5.797	1.450
0.475	5.798	1.450
0.477	5.800	1.449
0.477	5.801	1.451
0.477	5.803	1.452
0.477	5.805	1.452
0.478	5.807	1.450
0.478	5.807	1.451
0.478	5.808	1.450
0.478	5.809	1.455
0.479	5.810	1.452
0.479	5.810	1.451
0.479	5.811	1.451
0.479	5.811	1.451
0.480	5.811	1.452
0.480	5.811	1.452
0.480	5.812	1.453
0.480	5.813	1.452
0.481	5.814	1.451
0.481	5.815	1.453
0.481	5.818	1.453
0.481	5.818	1.454
0.482	5.820	1.454
0.482	5.821	1.453
0.482	5.822	1.453
0.482	5.822	1.453
0.482	5.822	1.453
0.483	5.822	1.452
0.483	5.823	1.454
0.483	5.823	1.454
0.483	5.823	1.455
0.483	5.823	1.457
0.484	5.825	1.456
0.484	5.826	1.456
0.485	5.829	1.456
0.486	5.831	1.453
0.487	5.833	1.454
0.488	5.835	1.453
0.489	5.839	1.455
0.490	5.844	1.455
0.491	5.846	1.457
0.491	5.847	1.454
0.492	5.847	1.457
0.492	5.849	1.457
0.493	5.853	1.456
0.494	5.856	1.456
0.494	5.857	1.456
0.494	5.859	1.460
0.494	5.859	1.458
0.495	5.859	1.458
0.496	5.860	1.457
0.496	5.862	1.459
0.497	5.863	1.459
0.498	5.868	1.459
0.498	5.872	1.461
0.499	5.873	1.459
0.500	5.876	1.461
0.500	5.882	1.460
0.501	5.884	1.460
0.502	5.884	1.459
0.503	5.889	1.458
0.503	5.895	1.459
0.504	5.896	1.461
0.505	5.904	1.460
0.506	5.908	1.458
0.507	5.913	1.460
0.508	5.920	1.462
0.509	5.926	1.459
0.510	5.933	1.461
0.511	5.941	1.461
0.512	5.945	1.461
0.512	5.945	1.459
0.512	5.946	1.459
0.512	5.946	1.461
0.512	5.946	1.460
0.512	5.945	1.460
0.512	5.946	1.462
0.512	5.945	1.460
0.511	5.946	1.460
0.511	5.945	1.464
0.511	5.945	1.459
0.511	5.945	1.464
0.511	5.946	1.463
0.511	5.945	1.462
0.511	5.946	1.462
0.511	5.945	1.465
0.511	5.946	1.463
0.511	5.945	1.463
0.511	5.946	1.463
0.511	5.952	1.463
0.512	5.957	1.466
0.513	5.959	1.464
0.513	5.965	1.464
0.513	5.967	1.463
0.513	5.968	1.465
0.514	5.972	1.463
0.515	5.980	1.464
0.515	5.992	1.466
0.516	5.994	1.462
0.516	5.998	1.461
0.516	6.005	1.464
0.516	6.006	1.464
0.516	6.008	1.464
0.516	6.009	1.466
0.517	6.013	1.466
0.517	6.017	1.466
0.517	6.018	1.465
0.517	6.018	1.466
0.517	6.018	1.466
0.517	6.018	1.466
0.517	6.020	1.465
0.517	6.026	1.465
0.518	6.035	1.466
0.519	6.042	1.468
0.519	6.052	1.467
0.521	6.072	1.464
0.522	6.086	1.468
0.523	6.093	1.465
0.523	6.097	1.465
0.523	6.101	1.465
0.524	6.107	1.468
0.524	6.113	1.469
0.524	6.114	1.466
0.524	6.115	1.467
0.524	6.115	1.467
0.524	6.117	1.470
0.525	6.127	1.467
0.525	6.129	1.467
0.526	6.139	1.470
0.527	6.148	1.468
0.528	6.165	1.469
0.530	6.181	1.467
0.531	6.194	1.469
0.531	6.207	1.465
0.532	6.216	1.471
0.533	6.225	1.468
0.534	6.226	1.469
0.534	6.236	1.468
0.535	6.244	1.468
0.535	6.247	1.470
0.536	6.253	1.471
0.537	6.272	1.471
0.538	6.289	1.472
0.539	6.302	1.474
0.541	6.332	1.476
0.543	6.354	1.472
0.544	6.360	1.475
0.544	6.367	1.472
0.546	6.378	1.472
0.546	6.387	1.473
0.547	6.403	1.475
0.548	6.416	1.475
0.548	6.421	1.473
0.548	6.424	1.470
0.549	6.437	1.476
0.550	6.452	1.477
0.551	6.467	1.472
0.552	6.473	1.473
0.553	6.482	1.473
0.553	6.492	1.476
0.554	6.494	1.478
0.554	6.497	1.474
0.554	6.501	1.472
0.554	6.505	1.480
0.554	6.508	1.475
0.555	6.518	1.474
0.556	6.528	1.477
0.556	6.531	1.474
0.557	6.538	1.478
0.557	6.543	1.475
0.557	6.547	1.478
0.558	6.557	1.476
0.558	6.562	1.476
0.558	6.567	1.475
0.559	6.578	1.476
0.559	6.581	1.476
0.560	6.590	1.474
0.561	6.598	1.476
0.563	6.619	1.473
0.565	6.638	1.476
0.566	6.649	1.481
0.566	6.653	1.477
0.566	6.655	1.477
0.566	6.656	1.480
0.566	6.657	1.480
0.566	6.664	1.479
0.566	6.667	1.478
0.567	6.671	1.481
0.567	6.677	1.479
0.567	6.677	1.482
0.568	6.685	1.481
0.569	6.694	1.481
0.569	6.713	1.480
0.570	6.719	1.479
0.570	6.724	1.478
0.571	6.729	1.479
0.571	6.734	1.482
0.571	6.738	1.480
0.572	6.745	1.480
0.573	6.759	1.481
0.574	6.766	1.478
0.574	6.768	1.481
0.574	6.771	1.481
0.574	6.773	1.482
0.574	6.775	1.481
0.575	6.780	1.481
0.575	6.789	1.481
0.576	6.801	1.481
0.577	6.814	1.481
0.578	6.824	1.480
0.579	6.836	1.482
0.580	6.852	1.481
0.581	6.862	1.481
0.581	6.868	1.480
0.581	6.872	1.485
0.581	6.872	1.482
0.581	6.873	1.484
0.581	6.873	1.482
0.581	6.875	1.484
0.582	6.885	1.484
0.583	6.894	1.485
0.583	6.897	1.480
0.583	6.902	1.483
0.583	6.909	1.485
0.584	6.909	1.481
0.584	6.910	1.485
0.584	6.912	1.487
0.584	6.915	1.484
0.585	6.921	1.483
0.585	6.926	1.485
0.586	6.933	1.485
0.586	6.939	1.485
0.587	6.946	1.484
0.587	6.953	1.486
0.587	6.960	1.486
0.588	6.967	1.484
0.589	6.970	1.486
0.589	6.977	1.488
0.589	6.987	1.485
0.589	6.995	1.484
0.590	6.995	1.487
0.590	6.999	1.482
0.590	7.004	1.485
0.591	7.007	1.487
0.591	7.011	1.488
0.591	7.018	1.484
0.592	7.019	1.484
0.593	7.030	1.486
0.594	7.042	1.491
0.595	7.053	1.491
0.596	7.056	1.491
0.596	7.059	1.493
0.596	7.064	1.491
0.597	7.072	1.492
0.598	7.090	1.490
0.599	7.104	1.487
0.600	7.117	1.491
0.601	7.130	1.491
0.603	7.146	1.490
0.604	7.160	1.490
0.605	7.171	1.488
0.605	7.177	1.490
0.607	7.195	1.490
0.610	7.231	1.491
0.613	7.271	1.487
0.615	7.299	1.484
0.617	7.320	1.492
0.619	7.340	1.488
0.620	7.350	1.491
0.620	7.355	1.489
0.620	7.359	1.491
0.620	7.361	1.491
0.620	7.361	1.492
0.620	7.373	1.490
0.621	7.385	1.486
0.621	7.387	1.493
0.621	7.394	1.490
0.621	7.394	1.491
0.621	7.397	1.493
0.622	7.402	1.495
0.622	7.406	1.493
0.622	7.408	1.493
0.622	7.410	1.496
0.623	7.416	1.494
0.623	7.420	1.490
0.624	7.428	1.493
0.624	7.437	1.495
0.624	7.446	1.494
0.625	7.451	1.493
0.625	7.454	1.497
0.625	7.458	1.495
0.626	7.460	1.494
0.626	7.463	1.499
0.626	7.466	1.497
0.626	7.467	1.494
0.626	7.471	1.493
0.627	7.476	1.499
0.627	7.480	1.497
0.627	7.483	1.498
0.628	7.488	1.497
0.628	7.495	1.494
0.628	7.501	1.496
0.629	7.507	1.498
0.629	7.512	1.496
0.630	7.521	1.494
0.632	7.534	1.499
0.633	7.544	1.493
0.633	7.547	1.493
0.633	7.552	1.499
0.633	7.556	1.498
0.633	7.560	1.498
0.634	7.568	1.497
0.634	7.574	1.494
0.635	7.576	1.495
0.635	7.581	1.499
0.635	7.584	1.497
0.635	7.587	1.499
0.635	7.588	1.497
0.635	7.588	1.497
0.635	7.591	1.498
0.636	7.593	1.497
0.636	7.594	1.498
0.636	7.594	1.499
0.636	7.595	1.499
0.636	7.595	1.497
0.636	7.594	1.500
0.636	7.595	1.497
0.636	7.595	1.496
0.636	7.595	1.498
0.636	7.603	1.500
0.637	7.611	1.499
0.638	7.621	1.502
0.639	7.629	1.496
0.640	7.641	1.500
0.640	7.646	1.498
0.640	7.652	1.499
0.641	7.656	1.499
0.641	7.660	1.503
0.641	7.665	1.500
0.641	7.666	1.498
0.642	7.671	1.500
0.642	7.676	1.499
0.642	7.678	1.499
0.643	7.686	1.503
0.643	7.692	1.503
0.643	7.699	1.501
0.644	7.703	1.502
0.644	7.707	1.502
0.644	7.710	1.503
0.644	7.712	1.501
0.644	7.713	1.501
0.644	7.710	1.496
0.644	7.713	1.501
0.644	7.714	1.502
0.645	7.715	1.501
0.645	7.717	1.502
0.645	7.721	1.501
0.645	7.727	1.504
0.645	7.727	1.503
0.646	7.733	1.503
0.647	7.739	1.499
0.647	7.739	1.499
0.647	7.748	1.503
0.647	7.751	1.502
0.648	7.752	1.503
0.648	7.764	1.504
0.649	7.768	1.503
0.650	7.776	1.502
0.650	7.786	1.502
0.651	7.795	1.505
0.651	7.799	1.499
0.651	7.800	1.502
0.651	7.801	1.504
0.652	7.803	1.505
0.652	7.811	1.505
0.653	7.813	1.507
0.653	7.822	1.509
0.654	7.836	1.507
0.655	7.843	1.507
0.655	7.851	1.506
0.656	7.866	1.504
0.657	7.886	1.504
0.659	7.906	1.506
0.660	7.918	1.507
0.661	7.929	1.506
0.663	7.950	1.505
0.664	7.960	1.506
0.666	7.971	1.507
0.668	7.996	1.505
0.669	8.015	1.504
0.671	8.032	1.505
0.672	8.045	1.507
0.672	8.057	1.502
0.673	8.070	1.505
0.675	8.085	1.507
0.676	8.108	1.506
0.678	8.130	1.506
0.680	8.158	1.503
0.683	8.187	1.507
0.684	8.200	1.505
0.684	8.213	1.508
0.684	8.215	1.508
0.685	8.226	1.507
0.686	8.244	1.506
0.687	8.253	1.509
0.689	8.271	1.510
0.690	8.289	1.508
0.690	8.301	1.505
0.691	8.314	1.506
0.693	8.331	1.508
0.695	8.358	1.507
0.696	8.363	1.509
0.697	8.377	1.508
0.697	8.393	1.506
0.698	8.398	1.512
0.698	8.406	1.509
0.699	8.411	1.509
0.698	8.411	1.511
0.699	8.416	1.507
0.701	8.441	1.508
0.703	8.461	1.509
0.705	8.482	1.509
0.706	8.502	1.505
0.708	8.528	1.509
0.709	8.548	1.509
0.710	8.556	1.509
0.712	8.570	1.509
0.713	8.598	1.509
0.716	8.626	1.509
0.718	8.660	1.512
0.721	8.697	1.507
0.723	8.722	1.509
0.725	8.752	1.511
0.726	8.775	1.512
0.728	8.787	1.509
0.728	8.800	1.510
0.729	8.813	1.509
0.730	8.826	1.509
0.731	8.842	1.509
0.732	8.861	1.511
0.733	8.869	1.511
0.733	8.875	1.513
0.733	8.881	1.510
0.734	8.887	1.512
0.734	8.891	1.511
0.735	8.899	1.512
0.737	8.923	1.512
0.739	8.946	1.507
0.740	8.967	1.514
0.742	8.982	1.511
0.744	9.005	1.511
0.746	9.036	1.511
0.750	9.083	1.514
0.754	9.131	1.513
0.756	9.157	1.514
0.757	9.167	1.513
0.757	9.170	1.511
0.757	9.170	1.514
0.757	9.185	1.511
0.758	9.198	1.510
0.759	9.218	1.512
0.760	9.239	1.513
0.761	9.251	1.514
0.761	9.256	1.512
0.762	9.265	1.513
0.762	9.271	1.511
0.763	9.276	1.515
0.765	9.295	1.511
0.765	9.302	1.514
0.765	9.305	1.514
0.765	9.314	1.513
0.766	9.323	1.514
0.768	9.333	1.513
0.768	9.341	1.515
0.768	9.343	1.516
0.768	9.343	1.515
0.768	9.341	1.513
0.768	9.351	1.514
0.768	9.351	1.514
0.768	9.351	1.515
0.768	9.351	1.513
0.768	9.351	1.514
0.768	9.351	1.514
0.768	9.351	1.515
0.767	9.351	1.515
0.767	9.346	1.513
0.767	9.350	1.515
0.767	9.353	1.513
0.767	9.354	1.516
0.768	9.358	1.515
0.768	9.358	1.516
0.768	9.362	1.517
0.768	9.363	1.518
0.768	9.363	1.516
0.768	9.362	1.517
0.768	9.361	1.520
0.768	9.363	1.519
0.768	9.364	1.520
0.770	9.379	1.518
0.778	9.464	1.517
0.780	9.487	1.520
0.781	9.501	1.520
0.781	9.516	1.522
0.782	9.533	1.518
0.782	9.533	1.520
0.783	9.543	1.523
0.784	9.554	1.520
0.786	9.576	1.520
0.788	9.603	1.520
0.789	9.626	1.522
0.790	9.637	1.520
0.791	9.647	1.517
0.793	9.662	1.522
0.794	9.683	1.521
0.796	9.704	1.520
0.796	9.717	1.521
0.797	9.721	1.523
0.797	9.729	1.523
0.798	9.750	1.521
0.799	9.761	1.523
0.801	9.775	1.524
0.803	9.797	1.523
0.804	9.814	1.523
0.805	9.825	1.521
0.805	9.834	1.521
0.805	9.837	1.524
0.805	9.837	1.522
0.805	9.838	1.527
0.804	9.836	1.523
0.804	9.836	1.524
0.804	9.837	1.522
0.804	9.837	1.524
0.804	9.837	1.522
0.804	9.838	1.523
0.804	9.839	1.522
0.804	9.845	1.524
0.805	9.851	1.524
0.806	9.868	1.524
0.810	9.908	1.527
0.814	9.956	1.527
0.817	9.985	1.520
0.817	9.992	1.526
0.817	9.990	1.523
0.816	9.990	1.527
0.816	9.996	1.523
0.816	9.995	1.526
0.816	9.997	1.525
0.816	9.996	1.523
0.816	9.996	1.525
0.816	9.997	1.525
0.816	9.997	1.523
0.816	9.998	1.527
0.816	9.995	1.524
0.818	10.025	1.525
0.820	10.046	1.523
0.822	10.065	1.526
0.822	10.073	1.526
0.822	10.073	1.524
0.822	10.074	1.525
0.822	10.074	1.529
0.822	10.076	1.524
0.822	10.080	1.527
0.823	10.097	1.524
0.824	10.107	1.527
0.825	10.118	1.528
0.825	10.120	1.525
0.826	10.127	1.527
0.827	10.136	1.526
0.828	10.145	1.527
0.829	10.158	1.527
0.829	10.167	1.527
0.830	10.168	1.528
0.830	10.181	1.531
0.831	10.190	1.529
0.832	10.206	1.530
0.834	10.224	1.531
0.835	10.242	1.530
0.836	10.254	1.528
0.837	10.262	1.531
0.837	10.270	1.533
0.837	10.270	1.529
0.837	10.270	1.533
0.837	10.278	1.533
0.838	10.286	1.531
0.839	10.293	1.530
0.839	10.302	1.530
0.840	10.308	1.528
0.842	10.322	1.529
0.842	10.331	1.530
0.842	10.339	1.529
0.843	10.344	1.531
0.845	10.362	1.534
0.846	10.376	1.531
0.847	10.388	1.532
0.847	10.393	1.533
0.848	10.413	1.529
0.850	10.437	1.532
0.852	10.455	1.531
0.854	10.475	1.533
0.855	10.486	1.530
0.855	10.490	1.532
0.856	10.510	1.529
0.857	10.519	1.529
0.857	10.524	1.531
0.857	10.527	1.531
0.857	10.532	1.534
0.858	10.537	1.531
0.858	10.547	1.534
0.859	10.556	1.535
0.860	10.558	1.537
0.861	10.571	1.534
0.860	10.577	1.531
0.861	10.577	1.534
0.860	10.577	1.537
0.860	10.575	1.532
0.860	10.576	1.535
0.860	10.576	1.534
0.860	10.576	1.534
0.860	10.576	1.537
0.860	10.577	1.537
0.860	10.576	1.540
0.860	10.576	1.537
0.860	10.576	1.534
0.860	10.577	1.536
0.860	10.575	1.538
0.860	10.576	1.537
0.860	10.577	1.538
0.859	10.576	1.537
0.860	10.571	1.535
0.860	10.574	1.538
0.860	10.576	1.537
0.860	10.577	1.538
0.860	10.579	1.533
0.860	10.576	1.538
0.860	10.576	1.541
0.860	10.576	1.537
0.859	10.575	1.537
0.859	10.576	1.536
0.860	10.570	1.536
0.860	10.576	1.537
0.860	10.577	1.540
0.859	10.577	1.541
0.860	10.577	1.541
0.860	10.578	1.536
0.861	10.587	1.540
0.863	10.609	1.540
0.865	10.647	1.538
0.867	10.662	1.537
0.867	10.670	1.542
0.868	10.686	1.541
0.869	10.691	1.538
0.869	10.697	1.538
0.870	10.713	1.542
0.871	10.723	1.543
0.871	10.730	1.543
0.872	10.742	1.538
0.874	10.756	1.539
0.875	10.767	1.542
0.876	10.783	1.540
0.877	10.799	1.539
0.878	10.805	1.540
0.878	10.806	1.537
0.877	10.805	1.540
0.877	10.806	1.539
0.877	10.807	1.542
0.877	10.808	1.542
0.877	10.805	1.537
0.877	10.804	1.539
0.877	10.810	1.544
0.877	10.810	1.540
0.877	10.812	1.540
0.878	10.815	1.541
0.878	10.818	1.544
0.879	10.831	1.545
0.880	10.848	1.546
0.881	10.867	1.539
0.882	10.873	1.539
0.882	10.883	1.544
0.882	10.885	1.542
0.882	10.890	1.543
0.883	10.898	1.539
0.884	10.901	1.545
0.884	10.907	1.546
0.884	10.910	1.541
0.884	10.913	1.541
0.885	10.911	1.540
0.885	10.919	1.544
0.885	10.925	1.545
0.886	10.928	1.545
0.888	10.948	1.546
0.889	10.971	1.549
0.890	10.980	1.544
0.891	10.986	1.546
0.891	10.987	1.544
0.891	10.992	1.544
0.891	10.988	1.545
0.892	11.002	1.545
0.892	11.017	1.545
0.893	11.027	1.547
0.894	11.046	1.546
0.895	11.059	1.548
0.896	11.076	1.550
0.897	11.091	1.544
0.899	11.108	1.545
0.901	11.120	1.543
0.902	11.134	1.545
0.902	11.145	1.550
0.902	11.145	1.550
0.902	11.147	1.548
0.902	11.145	1.549
0.901	11.145	1.547
0.901	11.145	1.550
0.901	11.145	1.547
0.901	11.145	1.545
0.902	11.139	1.545
0.902	11.156	1.547
0.903	11.172	1.549
0.904	11.186	1.551
0.905	11.194	1.549
0.905	11.196	1.549
0.905	11.203	1.549
0.905	11.205	1.548
0.906	11.209	1.550
0.907	11.222	1.542
0.909	11.237	1.548
0.910	11.254	1.550
0.912	11.270	1.548
0.913	11.282	1.551
0.913	11.292	1.551
0.915	11.304	1.549
0.915	11.316	1.550
0.916	11.329	1.550
0.917	11.339	1.548
0.917	11.331	1.546
0.917	11.347	1.552
0.918	11.355	1.551
0.919	11.365	1.552
0.919	11.372	1.551
0.920	11.378	1.550
0.921	11.389	1.551
0.922	11.401	1.552
0.923	11.415	1.550
0.924	11.426	1.549
0.924	11.432	1.550
0.925	11.441	1.550
0.925	11.444	1.550
0.926	11.450	1.556
0.926	11.455	1.551
0.926	11.464	1.552
0.928	11.484	1.552
0.928	11.507	1.550
0.929	11.511	1.554
0.930	11.509	1.548
0.930	11.516	1.550
0.930	11.526	1.553
0.931	11.535	1.554
0.932	11.543	1.552
0.932	11.548	1.554
0.934	11.560	1.552
0.935	11.574	1.551
0.936	11.591	1.554
0.937	11.607	1.551
0.937	11.609	1.548
0.937	11.619	1.551
0.937	11.620	1.553
0.936	11.620	1.556
0.937	11.619	1.552
0.936	11.619	1.551
0.937	11.619	1.554
0.937	11.619	1.553
0.936	11.619	1.554
0.937	11.609	1.548
0.936	11.614	1.551
0.936	11.621	1.554
0.937	11.624	1.554
0.939	11.643	1.554
0.941	11.666	1.554
0.942	11.675	1.554
0.943	11.686	1.555
0.943	11.697	1.554
0.943	11.702	1.551
0.943	11.695	1.553
0.945	11.714	1.553
0.947	11.734	1.556
0.950	11.756	1.557
0.951	11.784	1.557
0.952	11.804	1.559
0.954	11.816	1.556
0.955	11.834	1.554
0.956	11.857	1.554
0.958	11.872	1.552
0.960	11.908	1.556
0.962	11.928	1.556
0.964	11.950	1.557
0.964	11.963	1.559
0.965	11.965	1.558
0.964	11.966	1.556
0.965	11.970	1.557
0.965	11.975	1.557
0.965	11.978	1.554
0.966	11.983	1.556
0.966	11.993	1.557
0.966	11.999	1.556
0.967	12.002	1.556
0.967	12.004	1.560
0.967	12.009	1.555
0.968	12.012	1.556
0.967	12.016	1.557
0.968	12.019	1.556
0.968	12.012	1.556
0.968	12.024	1.557
0.968	12.028	1.556
0.969	12.032	1.557
0.969	12.036	1.555
0.969	12.036	1.557
0.969	12.038	1.556
0.969	12.040	1.557
0.969	12.046	1.559
0.970	12.047	1.553
0.970	12.047	1.558
0.969	12.055	1.555
0.970	12.057	1.556
0.970	12.060	1.558
0.970	12.063	1.555
0.970	12.061	1.556
0.970	12.063	1.557
0.971	12.071	1.559
0.972	12.075	1.559
0.972	12.076	1.554
0.972	12.082	1.559
0.973	12.095	1.557
0.974	12.099	1.560
0.974	12.109	1.560
0.975	12.119	1.561
0.976	12.135	1.559
0.977	12.151	1.560
0.978	12.161	1.559
0.979	12.162	1.557
0.979	12.167	1.559
0.979	12.179	1.558
0.980	12.183	1.563
0.981	12.188	1.561
0.982	12.194	1.562
0.983	12.206	1.559
0.984	12.221	1.563
0.985	12.236	1.559
0.986	12.251	1.558
0.987	12.265	1.561
0.988	12.275	1.562
0.988	12.284	1.561
0.989	12.293	1.558
0.990	12.302	1.560
0.991	12.314	1.560
0.991	12.319	1.562
0.992	12.329	1.561
0.993	12.342	1.561
0.994	12.355	1.561
0.995	12.368	1.559
0.996	12.390	1.564
0.997	12.407	1.559
0.998	12.423	1.560
0.998	12.431	1.559
0.999	12.436	1.561
0.999	12.439	1.561
1.000	12.452	1.561
1.001	12.464	1.562
1.002	12.466	1.560
1.003	12.490	1.561
1.004	12.505	1.562
1.005	12.512	1.563
1.005	12.524	1.563
1.005	12.526	1.561
1.005	12.527	1.564
1.005	12.531	1.564
1.006	12.537	1.565
1.006	12.537	1.567
1.006	12.541	1.562
1.007	12.540	1.566
1.007	12.559	1.564
1.007	12.561	1.563
1.008	12.561	1.564
1.008	12.562	1.563
1.008	12.566	1.566
1.008	12.571	1.564
1.009	12.574	1.563
1.009	12.576	1.564
1.010	12.590	1.565
1.010	12.600	1.565
1.011	12.609	1.562
1.012	12.621	1.564
1.013	12.632	1.563
1.014	12.646	1.562
1.015	12.657	1.563
1.016	12.664	1.562
1.017	12.671	1.564
1.018	12.683	1.564
1.019	12.705	1.566
1.021	12.726	1.564
1.023	12.749	1.565
1.024	12.760	1.564
1.024	12.770	1.564
1.025	12.781	1.564
1.025	12.785	1.565
1.025	12.791	1.563
1.025	12.785	1.564
1.026	12.805	1.567
1.027	12.813	1.564
1.026	12.816	1.566
1.027	12.817	1.566
1.026	12.817	1.567
1.026	12.817	1.567
1.026	12.816	1.566
1.026	12.820	1.566
1.028	12.830	1.566
1.029	12.836	1.567
1.030	12.858	1.565
1.031	12.868	1.566
1.031	12.879	1.567
1.031	12.882	1.565
1.031	12.886	1.565
1.032	12.891	1.568
1.033	12.904	1.568
1.034	12.918	1.567
1.036	12.932	1.568
1.037	12.944	1.569
1.038	12.947	1.570
1.038	12.964	1.564
1.038	12.973	1.567
1.039	12.976	1.566
1.039	12.985	1.568
1.040	12.989	1.567
1.041	13.001	1.571
1.042	13.015	1.569
1.043	13.021	1.568
1.043	13.035	1.569
1.043	13.037	1.568
1.043	13.039	1.569
1.044	13.043	1.566
1.044	13.046	1.569
1.044	13.049	1.569
1.044	13.049	1.570
1.045	13.053	1.568
1.045	13.045	1.569
1.045	13.063	1.572
1.046	13.068	1.569
1.046	13.074	1.570
1.047	13.086	1.569
1.047	13.098	1.570
1.048	13.106	1.568
1.049	13.111	1.572
1.050	13.119	1.567
1.051	13.125	1.567
1.052	13.140	1.572
1.053	13.154	1.568
1.054	13.167	1.570
1.055	13.185	1.567
1.056	13.200	1.569
1.058	13.215	1.569
1.059	13.226	1.570
1.060	13.239	1.566
1.060	13.247	1.569
1.061	13.243	1.571
1.061	13.259	1.568
1.061	13.263	1.571
1.062	13.270	1.570
1.063	13.281	1.571
1.063	13.294	1.571
1.064	13.311	1.573
1.065	13.318	1.571
1.066	13.330	1.572
1.067	13.342	1.571
1.068	13.350	1.572
1.068	13.348	1.570
1.068	13.351	1.572
1.068	13.367	1.572
1.069	13.372	1.571
1.069	13.374	1.572
1.069	13.377	1.571
1.069	13.379	1.570
1.069	13.382	1.575
1.069	13.376	1.573
1.070	13.391	1.574
1.071	13.397	1.573
1.071	13.403	1.571
1.071	13.409	1.570
1.071	13.414	1.571
1.072	13.417	1.572
1.072	13.419	1.571
1.072	13.425	1.572
1.072	13.423	1.570
1.072	13.425	1.570
1.073	13.428	1.572
1.073	13.429	1.571
1.073	13.435	1.575
1.073	13.437	1.572
1.074	13.441	1.573
1.074	13.449	1.571
1.074	13.452	1.571
1.075	13.457	1.570
1.075	13.449	1.577
1.076	13.464	1.570
1.076	13.470	1.573
1.077	13.477	1.573
1.077	13.489	1.573
1.077	13.492	1.573
1.079	13.501	1.571
1.079	13.511	1.572
1.079	13.514	1.574
1.080	13.514	1.577
1.080	13.519	1.578
1.080	13.533	1.573
1.081	13.540	1.573
1.082	13.554	1.573
1.083	13.564	1.573
1.083	13.573	1.573
1.084	13.580	1.573
1.084	13.585	1.574
1.084	13.586	1.576
1.085	13.593	1.572
1.085	13.599	1.573
1.086	13.600	1.576
1.087	13.595	1.576
1.088	13.611	1.578
1.088	13.614	1.573
1.088	13.624	1.575
1.089	13.635	1.574
1.090	13.648	1.571
1.091	13.652	1.573
1.091	13.664	1.576
1.093	13.683	1.577
1.094	13.688	1.576
1.094	13.698	1.576
1.095	13.707	1.575
1.096	13.718	1.577
1.096	13.722	1.577
1.096	13.728	1.575
1.096	13.737	1.571
1.097	13.737	1.579
1.097	13.756	1.576
1.098	13.760	1.577
1.098	13.769	1.574
1.099	13.777	1.578
1.099	13.782	1.577
1.100	13.787	1.574
1.100	13.796	1.574
1.101	13.806	1.578
1.101	13.807	1.578
1.102	13.819	1.579
1.102	13.831	1.574
1.102	13.833	1.576
1.103	13.839	1.580
1.103	13.840	1.578
1.103	13.843	1.578
1.103	13.844	1.576
1.104	13.850	1.579
1.104	13.855	1.575
1.105	13.850	1.577
1.105	13.866	1.577
1.106	13.880	1.576
1.107	13.893	1.576
1.108	13.901	1.575
1.108	13.900	1.574
1.108	13.901	1.576
1.108	13.900	1.575
1.107	13.902	1.576
1.107	13.901	1.576
1.108	13.901	1.576
1.108	13.902	1.581
1.107	13.901	1.576
1.107	13.889	1.580
1.107	13.902	1.577
1.107	13.902	1.575
1.107	13.901	1.578
1.107	13.901	1.576
1.107	13.902	1.576
1.107	13.889	1.580
1.107	13.900	1.576
1.107	13.907	1.573
1.109	13.924	1.578
1.111	13.942	1.576
1.111	13.945	1.572
1.111	13.947	1.576
1.111	13.948	1.577
1.111	13.950	1.575
1.111	13.949	1.577
1.111	13.951	1.575
1.111	13.953	1.576
1.112	13.958	1.575
1.113	13.970	1.579
1.114	13.993	1.575
1.116	14.012	1.574
1.117	14.028	1.575
1.118	14.038	1.572
1.118	14.042	1.576
1.118	14.034	1.575
1.118	14.042	1.579
1.119	14.048	1.575
1.119	14.050	1.573
1.120	14.056	1.578
1.120	14.062	1.576
1.121	14.075	1.574
1.122	14.084	1.575
1.123	14.089	1.575
1.124	14.103	1.580
1.124	14.101	1.577
1.124	14.119	1.575
1.124	14.122	1.578
1.124	14.124	1.576
1.125	14.124	1.577
1.125	14.126	1.577
1.125	14.132	1.574
1.126	14.143	1.575
1.127	14.149	1.575
1.127	14.158	1.576
1.128	14.167	1.575
1.129	14.176	1.576
1.130	14.184	1.575
1.130	14.186	1.573
1.130	14.188	1.575
1.130	14.191	1.572
1.130	14.195	1.575
1.130	14.197	1.574
1.131	14.200	1.575
1.131	14.206	1.576
1.132	14.227	1.577
1.132	14.234	1.576
1.133	14.245	1.577
1.133	14.252	1.574
1.134	14.257	1.573
1.134	14.258	1.573
1.134	14.259	1.571
1.134	14.262	1.575
1.134	14.260	1.577
1.135	14.265	1.576
1.135	14.280	1.573
1.135	14.282	1.573
1.135	14.285	1.573
1.136	14.287	1.570
1.136	14.293	1.574
1.137	14.296	1.574
1.137	14.304	1.570
1.137	14.306	1.572
1.138	14.307	1.575
1.139	14.329	1.571
1.139	14.331	1.571
1.139	14.339	1.571
1.140	14.344	1.572
1.140	14.348	1.570
1.140	14.355	1.571
1.141	14.356	1.570
1.142	14.366	1.572
1.142	14.365	1.570
1.142	14.372	1.574
1.143	14.382	1.571
1.143	14.386	1.573
1.143	14.390	1.570
1.143	14.391	1.568
1.143	14.394	1.569
1.143	14.398	1.569
1.144	14.406	1.569
1.145	14.417	1.569
1.145	14.424	1.569
1.145	14.429	1.568
1.146	14.432	1.568
1.146	14.438	1.568
1.146	14.438	1.567
1.146	14.441	1.567
1.147	14.448	1.568
1.148	14.453	1.569
1.148	14.463	1.571
1.149	14.465	1.569
1.149	14.469	1.571
1.150	14.489	1.568
1.151	14.491	1.571
1.151	14.501	1.567
1.153	14.509	1.569
1.154	14.519	1.568
1.154	14.522	1.566
1.154	14.524	1.571
1.153	14.523	1.568
1.153	14.522	1.568
1.153	14.522	1.568
1.153	14.522	1.568
1.153	14.522	1.568
1.153	14.519	1.569
1.153	14.522	1.565
1.153	14.522	1.567
1.153	14.522	1.569
1.153	14.521	1.567
1.153	14.518	1.569
1.153	14.508	1.570
1.153	14.525	1.565
1.153	14.527	1.568
1.155	14.543	1.568
1.156	14.560	1.569
1.157	14.570	1.566
1.158	14.577	1.567
1.158	14.582	1.566
1.159	14.587	1.565
1.159	14.579	1.565
1.159	14.584	1.565
1.159	14.591	1.568
1.159	14.590	1.565
1.159	14.592	1.567
1.159	14.592	1.565
1.159	14.593	1.568
1.159	14.595	1.568
1.159	14.600	1.564
1.159	14.605	1.565
1.160	14.605	1.564
1.159	14.604	1.566
1.159	14.605	1.565
1.160	14.606	1.564
1.159	14.605	1.564
1.159	14.603	1.562
1.159	14.604	1.565
1.160	14.607	1.564
1.160	14.612	1.562
1.161	14.612	1.564
1.162	14.630	1.564
1.164	14.654	1.562
1.165	14.682	1.565
1.166	14.686	1.562
1.168	14.700	1.563
1.169	14.721	1.561
1.171	14.742	1.563
1.172	14.758	1.562
1.172	14.766	1.562
1.173	14.767	1.560
1.174	14.797	1.562
1.175	14.804	1.562
1.175	14.809	1.561
1.176	14.823	1.562
1.177	14.832	1.564
1.177	14.838	1.562
1.177	14.844	1.562
1.178	14.849	1.562
1.178	14.846	1.561
1.179	14.853	1.562
1.179	14.865	1.562
1.180	14.869	1.565
1.180	14.881	1.563
1.181	14.888	1.561
1.181	14.896	1.561
1.182	14.907	1.563
1.183	14.920	1.564
1.184	14.928	1.559
1.184	14.927	1.563
1.185	14.949	1.561
1.185	14.954	1.562
1.185	14.955	1.561
1.185	14.960	1.558
1.185	14.963	1.561
1.186	14.966	1.560
1.186	14.968	1.562
1.186	14.977	1.563
1.187	14.979	1.561
1.188	14.986	1.559
1.188	14.990	1.560
1.189	14.999	1.561
1.190	15.004	1.560
1.190	15.009	1.560
1.190	15.015	1.559
1.192	15.022	1.557
1.192	15.027	1.557
1.192	15.027	1.557
1.193	15.016	1.555
1.193	15.036	1.557
1.193	15.042	1.557
1.194	15.052	1.555
1.195	15.064	1.561
1.195	15.072	1.558
1.196	15.076	1.558
1.196	15.087	1.558
1.197	15.091	1.556
1.198	15.091	1.555
1.198	15.101	1.557
1.199	15.116	1.556
1.199	15.127	1.557
1.200	15.136	1.558
1.200	15.139	1.558
1.200	15.147	1.557
1.201	15.151	1.557
1.200	15.157	1.555
1.202	15.161	1.558
1.202	15.152	1.553
1.202	15.173	1.555
1.203	15.186	1.559
1.204	15.198	1.555
1.204	15.209	1.556
1.204	15.210	1.555
1.205	15.214	1.557
1.205	15.220	1.553
1.206	15.222	1.554
1.206	15.223	1.554
1.206	15.213	1.553
1.206	15.231	1.554
1.206	15.234	1.556
1.207	15.239	1.556
1.207	15.246	1.558
1.207	15.254	1.555
1.208	15.263	1.557
1.209	15.271	1.556
1.209	15.278	1.555
1.210	15.284	1.554
1.210	15.287	1.555
1.210	15.294	1.556
1.211	15.295	1.555
1.211	15.299	1.556
1.211	15.303	1.556
1.211	15.311	1.555
1.213	15.322	1.556
1.214	15.340	1.555
1.216	15.355	1.552
1.216	15.355	1.550
1.217	15.373	1.555
1.217	15.376	1.554
1.217	15.377	1.555
1.217	15.377	1.552
1.217	15.378	1.555
1.217	15.381	1.552
1.217	15.384	1.555
1.217	15.386	1.552
1.218	15.388	1.555
1.218	15.393	1.552
1.218	15.400	1.554
1.219	15.414	1.554
1.219	15.424	1.553
1.220	15.432	1.552
1.221	15.442	1.554
1.222	15.449	1.552
1.223	15.455	1.552
1.224	15.463	1.554
1.225	15.460	1.547
1.225	15.485	1.554
1.226	15.493	1.554
1.228	15.504	1.551
1.228	15.515	1.552
1.230	15.527	1.548
1.230	15.537	1.551
1.231	15.550	1.553
1.232	15.568	1.553
1.234	15.577	1.546
1.236	15.596	1.550
1.237	15.628	1.551
1.239	15.646	1.555
1.239	15.657	1.554
1.240	15.662	1.553
1.240	15.671	1.552
1.240	15.674	1.552
1.240	15.674	1.553
1.240	15.676	1.551
1.239	15.674	1.556
1.240	15.674	1.555
1.240	15.674	1.552
1.240	15.673	1.554
1.239	15.674	1.550
1.240	15.674	1.551
1.240	15.686	1.551
1.241	15.700	1.550
1.242	15.710	1.552
1.243	15.714	1.548
1.244	15.732	1.550
1.245	15.748	1.553
1.245	15.753	1.550
1.245	15.755	1.552
1.245	15.753	1.552
1.244	15.752	1.552
1.245	15.751	1.550
1.244	15.752	1.553
1.244	15.753	1.550
1.244	15.737	1.544
1.244	15.751	1.550
1.244	15.753	1.549
1.244	15.754	1.550
1.244	15.752	1.552
1.244	15.753	1.549
1.244	15.752	1.552
1.244	15.752	1.548
1.244	15.752	1.550
1.244	15.740	1.546
1.244	15.747	1.551
1.245	15.758	1.551
1.246	15.776	1.547
1.248	15.794	1.552
1.250	15.812	1.548
1.251	15.832	1.548
1.252	15.849	1.550
1.252	15.856	1.548
1.253	15.861	1.548
1.255	15.859	1.541
1.255	15.884	1.547
1.256	15.897	1.549
1.257	15.906	1.551
1.258	15.912	1.545
1.259	15.919	1.548
1.259	15.929	1.551
1.259	15.930	1.547
1.259	15.930	1.550
1.259	15.927	1.545
1.259	15.932	1.544
1.259	15.940	1.547
1.261	15.955	1.545
1.263	15.966	1.546
1.263	15.975	1.546
1.264	15.984	1.547
1.264	15.990	1.547
1.264	15.992	1.548
1.264	16.000	1.545
1.266	16.008	1.543
1.266	16.033	1.548
1.268	16.050	1.546
1.270	16.062	1.548
1.272	16.084	1.544
1.274	16.110	1.549
1.274	16.126	1.548
1.275	16.134	1.547
1.275	16.140	1.547
1.276	16.145	1.544
1.277	16.143	1.546
1.278	16.176	1.544
1.278	16.191	1.545
1.279	16.204	1.546
1.280	16.218	1.544
1.281	16.225	1.547
1.282	16.235	1.547
1.282	16.248	1.545
1.283	16.263	1.545
1.285	16.258	1.544
1.285	16.284	1.546
1.286	16.294	1.548
1.287	16.315	1.546
1.288	16.336	1.544
1.289	16.340	1.549
1.290	16.345	1.546
1.290	16.355	1.542
1.292	16.361	1.546
1.294	16.369	1.541
1.295	16.371	1.543
1.296	16.404	1.546
1.296	16.417	1.547
1.298	16.426	1.545
1.298	16.433	1.549
1.298	16.433	1.545
1.298	16.434	1.548
1.298	16.435	1.544
1.298	16.434	1.545
1.298	16.434	1.544
1.298	16.438	1.544
1.298	16.439	1.547
1.298	16.441	1.548
1.298	16.443	1.545
1.299	16.446	1.546
1.299	16.455	1.544
1.300	16.462	1.542
1.301	16.472	1.543
1.302	16.475	1.543
1.302	16.478	1.543
1.303	16.503	1.543
1.304	16.517	1.543
1.305	16.528	1.546
1.305	16.533	1.544
1.306	16.539	1.545
1.306	16.541	1.544
1.306	16.545	1.546
1.307	16.552	1.542
1.307	16.546	1.541
1.307	16.550	1.542
1.307	16.566	1.541
1.307	16.570	1.544
1.308	16.578	1.540
1.309	16.578	1.545
1.308	16.589	1.542
1.310	16.598	1.545
1.310	16.609	1.544
1.311	16.622	1.543
1.311	16.614	1.540
1.312	16.638	1.543
1.313	16.650	1.544
1.313	16.650	1.540
1.314	16.656	1.542
1.313	16.657	1.541
1.313	16.656	1.541
1.314	16.657	1.542
1.313	16.658	1.540
1.314	16.648	1.541
1.313	16.644	1.541
1.313	16.658	1.542
1.313	16.658	1.546
1.312	16.659	1.546
1.313	16.655	1.543
1.312	16.657	1.543
1.313	16.656	1.542
1.312	16.657	1.541
1.312	16.656	1.541
1.312	16.644	1.541
1.313	16.659	1.539
1.313	16.658	1.541
1.313	16.659	1.546
1.313	16.660	1.542
1.314	16.669	1.545
1.315	16.675	1.541
1.315	16.683	1.540
1.315	16.690	1.544
1.316	16.689	1.537
1.316	16.689	1.540
1.316	16.706	1.547
1.316	16.709	1.538
1.317	16.711	1.544
1.317	16.711	1.540
1.318	16.713	1.540
1.318	16.724	1.543
1.319	16.731	1.538
1.319	16.736	1.540
1.319	16.736	1.542
1.318	16.736	1.541
1.319	16.751	1.541
1.320	16.763	1.539
1.322	16.775	1.541
1.322	16.783	1.538
1.324	16.795	1.541
1.325	16.807	1.545
1.325	16.809	1.543
1.326	16.802	1.543
1.327	16.805	1.542
1.328	16.820	1.541
1.330	16.827	1.543
1.331	16.859	1.540
1.331	16.869	1.544
1.332	16.879	1.543
1.332	16.890	1.539
1.333	16.896	1.541
1.333	16.905	1.541
1.333	16.893	1.537
1.333	16.916	1.543
1.333	16.916	1.543
1.333	16.916	1.544
1.333	16.917	1.540
1.334	16.919	1.540
1.334	16.921	1.544
1.335	16.929	1.541
1.335	16.936	1.543
1.336	16.926	1.538
1.336	16.949	1.539
1.336	16.954	1.543
1.336	16.956	1.542
1.337	16.964	1.541
1.337	16.968	1.539
1.338	16.976	1.541
1.339	16.984	1.541
1.339	16.992	1.541
1.340	16.997	1.542
1.341	16.991	1.537
1.341	17.020	1.543
1.342	17.030	1.542
1.342	17.039	1.540
1.343	17.047	1.541
1.344	17.052	1.543
1.344	17.059	1.542
1.344	17.066	1.538
1.345	17.079	1.537
1.345	17.087	1.541
1.346	17.102	1.540
1.346	17.112	1.541
1.347	17.119	1.540
1.348	17.122	1.540
1.349	17.136	1.543
1.349	17.141	1.540
1.349	17.149	1.541
1.350	17.154	1.540
1.350	17.159	1.543
1.350	17.143	1.538
1.350	17.162	1.539
1.350	17.168	1.539
1.350	17.172	1.542
1.351	17.176	1.541
1.351	17.181	1.541
1.351	17.186	1.538
1.352	17.189	1.541
1.352	17.194	1.544
1.353	17.192	1.541
1.353	17.195	1.541
1.354	17.220	1.540
1.354	17.230	1.544
1.356	17.243	1.543
1.358	17.254	1.545
1.358	17.261	1.543
1.359	17.267	1.540
1.360	17.273	1.542
1.360	17.280	1.538
1.361	17.281	1.540
1.363	17.317	1.543
1.363	17.328	1.542
1.364	17.334	1.541
1.365	17.346	1.542
1.366	17.351	1.540
1.366	17.357	1.542
1.368	17.374	1.540
1.369	17.390	1.543
1.370	17.405	1.543
1.372	17.422	1.543
1.372	17.432	1.539
1.372	17.434	1.538
1.373	17.445	1.542
1.374	17.471	1.540
1.376	17.483	1.541
1.377	17.502	1.543
1.378	17.523	1.539
1.380	17.544	1.541
1.380	17.539	1.541
1.381	17.571	1.540
1.382	17.580	1.541
1.381	17.587	1.545
1.382	17.593	1.539
1.382	17.595	1.545
1.383	17.599	1.544
1.383	17.608	1.543
1.385	17.628	1.540
1.386	17.649	1.543
1.386	17.646	1.541
1.387	17.671	1.543
1.387	17.681	1.541
1.387	17.688	1.542
1.387	17.688	1.543
1.388	17.693	1.544
1.390	17.700	1.542
1.391	17.720	1.542
1.393	17.745	1.541
1.394	17.738	1.541
1.394	17.759	1.546
1.394	17.759	1.541
1.393	17.759	1.542
1.394	17.761	1.540
1.395	17.766	1.545
1.396	17.773	1.542
1.396	17.777	1.544
1.396	17.777	1.545
1.396	17.769	1.539
1.396	17.761	1.543
1.396	17.781	1.543
1.396	17.781	1.541
1.399	17.797	1.541
1.399	17.807	1.541
1.400	17.818	1.542
1.401	17.822	1.541
1.400	17.822	1.541
1.400	17.821	1.543
1.401	17.804	1.539
1.400	17.823	1.546
1.400	17.824	1.541
1.400	17.826	1.543
1.400	17.827	1.544
1.400	17.825	1.542
1.400	17.825	1.543
1.400	17.826	1.539
1.400	17.832	1.541
1.400	17.834	1.542
1.400	17.835	1.543
1.402	17.847	1.538
1.402	17.859	1.539
1.404	17.866	1.544
1.404	17.878	1.542
1.406	17.895	1.539
1.406	17.903	1.542
1.407	17.911	1.540
1.408	17.922	1.542
1.408	17.912	1.540
1.410	17.953	1.544
1.411	17.970	1.545
1.412	17.987	1.543
1.414	18.007	1.545
1.414	18.016	1.544
1.414	18.026	1.544
1.414	18.030	1.544
1.415	18.038	1.544
1.416	18.046	1.543
1.418	18.058	1.542
1.419	18.091	1.544
1.419	18.105	1.544
1.420	18.118	1.544
1.421	18.130	1.544
1.423	18.148	1.544
1.423	18.157	1.543
1.423	18.163	1.546
1.424	18.172	1.546
1.424	18.160	1.540
1.425	18.190	1.543
1.427	18.212	1.544
1.429	18.233	1.541
1.429	18.237	1.544
1.430	18.242	1.544
1.432	18.249	1.542
1.434	18.272	1.542
1.435	18.286	1.542
1.436	18.293	1.540
1.437	18.294	1.542
1.436	18.319	1.541
1.437	18.320	1.540
1.437	18.324	1.542
1.438	18.335	1.540
1.439	18.344	1.542
1.439	18.361	1.542
1.441	18.381	1.547
1.442	18.398	1.546
1.443	18.393	1.542
1.444	18.417	1.548
1.444	18.424	1.545
1.445	18.433	1.543
1.445	18.445	1.545
1.446	18.456	1.544
1.448	18.469	1.544
1.448	18.482	1.544
1.448	18.491	1.550
1.448	18.488	1.543
1.449	18.487	1.543
1.449	18.507	1.545
1.449	18.514	1.545
1.450	18.524	1.545
1.451	18.538	1.544
1.453	18.556	1.546
1.454	18.580	1.544
1.456	18.608	1.546
1.457	18.632	1.543
1.457	18.617	1.542
1.458	18.639	1.546
1.460	18.660	1.542
1.460	18.675	1.546
1.462	18.689	1.545
1.463	18.698	1.545
1.465	18.712	1.539
1.467	18.732	1.544
1.468	18.750	1.546
1.467	18.740	1.543
1.468	18.750	1.548
1.467	18.758	1.547
1.467	18.761	1.547
1.467	18.758	1.544
1.467	18.758	1.548
1.467	18.758	1.551
1.467	18.758	1.549
1.467	18.758	1.546
1.467	18.758	1.545
1.467	18.738	1.542
1.466	18.759	1.549
1.466	18.760	1.551
1.467	18.760	1.546
1.467	18.759	1.546
1.467	18.758	1.549
1.467	18.758	1.550
1.467	18.758	1.550
1.467	18.758	1.548
1.467	18.748	1.546
1.467	18.744	1.544
1.467	18.764	1.547
1.468	18.770	1.550
1.469	18.775	1.547
1.470	18.780	1.546
1.470	18.791	1.551
1.471	18.799	1.547
1.471	18.804	1.551
1.471	18.805	1.547
1.471	18.797	1.544
1.472	18.827	1.548
1.474	18.841	1.549
1.475	18.852	1.549
1.475	18.863	1.552
1.475	18.866	1.551
1.475	18.869	1.545
1.475	18.871	1.549
1.475	18.874	1.547
1.476	18.868	1.545
1.476	18.870	1.549
1.476	18.889	1.549
1.477	18.889	1.552
1.477	18.896	1.551
1.478	18.897	1.549
1.478	18.907	1.547
1.478	18.911	1.548
1.479	18.919	1.547
1.480	18.928	1.547
1.480	18.915	1.547
1.480	18.938	1.547
1.480	18.941	1.549
1.480	18.944	1.547
1.481	18.944	1.545
1.481	18.946	1.552
1.481	18.950	1.549
1.481	18.956	1.548
1.482	18.963	1.548
1.482	18.954	1.549
1.482	18.971	1.549
1.483	18.984	1.551
1.483	18.994	1.549
1.485	19.021	1.551
1.486	19.031	1.549
1.486	19.035	1.551
1.486	19.037	1.547
1.486	19.037	1.553
1.486	19.039	1.552
1.486	19.022	1.544
1.486	19.045	1.549
1.487	19.063	1.550
1.488	19.075	1.550
1.488	19.081	1.549
1.489	19.083	1.551
1.488	19.084	1.552
1.488	19.092	1.550
1.491	19.108	1.551
1.492	19.121	1.547
1.494	19.146	1.552
1.497	19.168	1.550
1.498	19.190	1.551
1.499	19.203	1.552
1.499	19.211	1.550
1.501	19.218	1.551
1.501	19.225	1.551
1.502	19.227	1.552
1.502	19.233	1.549
1.503	19.219	1.547
1.504	19.256	1.553
1.504	19.270	1.553
1.507	19.295	1.551
1.508	19.318	1.552
1.509	19.331	1.553
1.509	19.338	1.551
1.510	19.340	1.553
1.510	19.343	1.551
1.510	19.331	1.547
1.511	19.347	1.550
1.511	19.361	1.553
1.512	19.374	1.550
1.513	19.393	1.552
1.513	19.397	1.554
1.514	19.409	1.554
1.514	19.422	1.546
1.515	19.432	1.552
1.515	19.441	1.547
1.516	19.430	1.548
1.516	19.459	1.550
1.517	19.465	1.550
1.517	19.470	1.552
1.519	19.478	1.553
1.519	19.481	1.554
1.519	19.485	1.553
1.519	19.491	1.551
1.520	19.507	1.553
1.521	19.539	1.555
1.521	19.552	1.554
1.522	19.556	1.553
1.524	19.563	1.551
1.524	19.565	1.551
1.524	19.574	1.555
1.523	19.577	1.550
1.524	19.578	1.553
1.524	19.580	1.555
1.525	19.588	1.550
1.527	19.588	1.547
1.530	19.617	1.553
1.530	19.634	1.554
1.531	19.648	1.553
1.532	19.671	1.552
1.534	19.681	1.555
1.535	19.693	1.555
1.536	19.703	1.554
1.537	19.712	1.552
1.537	19.704	1.548
1.537	19.711	1.551
1.538	19.736	1.556
1.539	19.750	1.551
1.541	19.769	1.553
1.541	19.781	1.557
1.543	19.804	1.554
1.544	19.826	1.554
1.545	19.844	1.551
1.547	19.851	1.555
1.547	19.851	1.548
1.548	19.880	1.555
1.549	19.894	1.554
1.550	19.910	1.553
1.550	19.920	1.554
1.550	19.923	1.554
1.550	19.926	1.554
1.550	19.932	1.552
1.552	19.944	1.555
1.553	19.964	1.556
1.554	19.956	1.548
1.554	19.984	1.554
1.555	19.995	1.554
1.555	20.002	1.556
1.555	20.007	1.554
1.555	20.010	1.557
1.556	20.013	1.555
1.556	20.024	1.556
1.556	20.035	1.556
1.556	20.020	1.554
1.556	20.041	1.554
1.558	20.055	1.554
1.559	20.064	1.555
1.559	20.075	1.556
1.560	20.083	1.555
1.560	20.089	1.558
1.561	20.092	1.555
1.561	20.094	1.556
1.561	20.095	1.554
1.562	20.076	1.551
1.561	20.101	1.556
1.561	20.102	1.554
1.562	20.103	1.557
1.561	20.101	1.555
1.562	20.102	1.556
1.562	20.105	1.558
1.563	20.108	1.556
1.564	20.114	1.559
1.565	20.098	1.554
1.565	20.128	1.557
1.565	20.144	1.557
1.565	20.153	1.557
1.567	20.159	1.558
1.567	20.160	1.557
1.567	20.164	1.556
1.568	20.169	1.558
1.568	20.175	1.556
1.568	20.179	1.555
1.568	20.164	1.555
1.570	20.194	1.556
1.570	20.202	1.558
1.571	20.205	1.555
1.571	20.213	1.558
1.571	20.215	1.556
1.571	20.219	1.555
1.572	20.226	1.558
1.572	20.227	1.554
1.573	20.232	1.556
1.574	20.220	1.553
1.574	20.256	1.558
1.574	20.276	1.557
1.575	20.289	1.558
1.575	20.289	1.557
1.576	20.296	1.554
1.577	20.301	1.558
1.577	20.301	1.557
1.577	20.307	1.557
1.577	20.312	1.559
1.577	20.318	1.555
1.578	20.314	1.555
1.579	20.310	1.556
1.579	20.340	1.559
1.580	20.346	1.558
1.580	20.354	1.561
1.581	20.362	1.559
1.580	20.371	1.558
1.580	20.366	1.558
1.581	20.377	1.557
1.582	20.396	1.558
1.583	20.405	1.559
1.583	20.418	1.558
1.584	20.422	1.560
1.584	20.429	1.558
1.584	20.435	1.559
1.584	20.438	1.559
1.585	20.441	1.557
1.586	20.427	1.557
1.586	20.460	1.557
1.586	20.469	1.561
1.587	20.473	1.559
1.587	20.479	1.558
1.588	20.486	1.561
1.588	20.496	1.559
1.589	20.508	1.558
1.590	20.518	1.559
1.590	20.509	1.556
1.591	20.533	1.558
1.592	20.557	1.559
1.594	20.562	1.560
1.595	20.568	1.559
1.596	20.571	1.558
1.596	20.576	1.558
1.596	20.582	1.561
1.597	20.593	1.557
1.599	20.611	1.559
1.599	20.626	1.559
1.599	20.614	1.558
1.601	20.643	1.559
1.600	20.656	1.559
1.600	20.654	1.556
1.601	20.654	1.560
1.602	20.656	1.562
1.602	20.661	1.559
1.602	20.667	1.560
1.602	20.672	1.562
1.603	20.679	1.562
1.603	20.684	1.560
1.604	20.691	1.559
1.605	20.710	1.560
1.606	20.724	1.559
1.607	20.734	1.563
1.608	20.739	1.562
1.609	20.753	1.564
1.610	20.765	1.562
1.610	20.755	1.562
1.610	20.777	1.562
1.610	20.791	1.559
1.611	20.798	1.560
1.611	20.818	1.560
1.613	20.835	1.562
1.613	20.840	1.563
1.614	20.843	1.562
1.614	20.847	1.563
1.614	20.844	1.559
1.615	20.838	1.561
1.615	20.870	1.562
1.616	20.878	1.563
1.616	20.884	1.562
1.617	20.886	1.559
1.617	20.895	1.563
1.619	20.906	1.562
1.618	20.924	1.562
1.620	20.943	1.561
1.621	20.934	1.560
1.621	20.960	1.563
1.622	20.970	1.563
1.622	20.979	1.562
1.622	20.987	1.561
1.623	20.991	1.561
1.623	20.993	1.562
1.623	20.998	1.563
1.624	21.008	1.560
1.626	21.013	1.563
1.627	21.018	1.561
1.628	20.997	1.559
1.629	21.021	1.566
1.629	21.025	1.561
1.630	21.031	1.563
1.630	21.035	1.563
1.630	21.038	1.566
1.631	21.042	1.561
1.632	21.045	1.565
1.631	21.027	1.559
1.633	21.047	1.563
1.634	21.054	1.565
1.634	21.055	1.563
1.634	21.057	1.565
1.634	21.060	1.563
1.635	21.063	1.562
1.636	21.066	1.564
1.636	21.069	1.565
1.636	21.069	1.563
1.637	21.058	1.561
1.637	21.062	1.563
1.638	21.079	1.565
1.639	21.082	1.563
1.640	21.084	1.562
1.640	21.084	1.564
1.640	21.086	1.563
1.641	21.089	1.564
1.641	21.090	1.564
1.642	21.072	1.561
1.642	21.085	1.565
1.642	21.094	1.565
1.641	21.094	1.565
1.641	21.097	1.566
1.642	21.094	1.564
1.642	21.097	1.564
1.643	21.099	1.564
1.643	21.102	1.564
1.643	21.101	1.567
1.643	21.080	1.566
1.643	21.106	1.565
1.645	21.107	1.569
1.647	21.111	1.563
1.646	21.110	1.565
1.646	21.113	1.567
1.647	21.117	1.566
1.647	21.118	1.565
1.647	21.118	1.566
1.648	21.119	1.564
1.649	21.121	1.566
1.649	21.100	1.566
1.649	21.124	1.566
1.650	21.129	1.566
1.650	21.130	1.567
1.652	21.131	1.568
1.653	21.137	1.567
1.654	21.140	1.566
1.654	21.140	1.564
1.654	21.141	1.568
1.654	21.142	1.568
1.654	21.143	1.567
1.656	21.146	1.567
1.657	21.150	1.567
1.659	21.149	1.566
1.659	21.153	1.566
1.660	21.154	1.567
1.662	21.155	1.567
1.662	21.147	1.568
1.662	21.143	1.571
1.663	21.163	1.568
1.663	21.163	1.566
1.664	21.164	1.566
1.663	21.164	1.568
1.663	21.163	1.570
1.663	21.163	1.568
1.663	21.162	1.568
1.663	21.164	1.567
1.663	21.137	1.566
1.663	21.163	1.569
1.662	21.164	1.567
1.663	21.164	1.569
1.663	21.162	1.568
1.663	21.162	1.568
1.663	21.162	1.569
1.663	21.162	1.570
1.663	21.164	1.568
1.663	21.147	1.570
1.664	21.153	1.574
1.665	21.168	1.568
1.667	21.170	1.567
1.668	21.173	1.567
1.668	21.173	1.567
1.669	21.177	1.569
1.669	21.176	1.568
1.669	21.176	1.568
1.669	21.178	1.569
1.669	21.179	1.570
1.673	21.176	1.569
1.674	21.164	1.573
1.674	21.190	1.570
1.674	21.190	1.570
1.675	21.190	1.570
1.675	21.191	1.571
1.675	21.191	1.570
1.676	21.195	1.567
1.676	21.193	1.571
1.676	21.193	1.569
1.676	21.197	1.569
1.677	21.199	1.568
1.677	21.198	1.570
1.678	21.203	1.571
1.678	21.204	1.571
1.680	21.204	1.571
1.681	21.206	1.570
1.681	21.208	1.572
1.681	21.184	1.572
1.682	21.191	1.573
1.682	21.190	1.573
1.683	21.194	1.571
1.682	21.200	1.570
1.683	21.199	1.575
1.683	21.218	1.571
1.683	21.220	1.569
1.683	21.221	1.573
1.684	21.209	1.570
1.684	21.200	1.576
1.684	21.223	1.572
1.684	21.222	1.572
1.684	21.224	1.571
1.685	21.224	1.572
1.686	21.225	1.571
1.686	21.226	1.573
1.687	21.227	1.572
1.687	21.227	1.570
1.687	21.206	1.572
1.687	21.223	1.574
1.687	21.230	1.571
1.688	21.231	1.572
1.688	21.233	1.572
1.689	21.231	1.572
1.689	21.232	1.571
1.689	21.236	1.574
1.690	21.236	1.572
1.690	21.238	1.571
1.691	21.238	1.571
1.690	21.238	1.571
1.691	21.216	1.574
1.691	21.235	1.574
1.692	21.240	1.573
1.692	21.239	1.572
1.693	21.238	1.573
1.693	21.239	1.573
1.693	21.242	1.572
1.694	21.240	1.576
1.695	21.240	1.573
1.695	21.243	1.575
1.696	21.245	1.571
1.696	21.237	1.576
1.697	21.248	1.576
1.696	21.247	1.571
1.696	21.248	1.572
1.696	21.248	1.574
1.696	21.241	1.572
1.696	21.228	1.573
1.697	21.251	1.576
1.697	21.252	1.573
1.698	21.253	1.573
1.698	21.255	1.575
1.700	21.255	1.573
1.700	21.257	1.573
1.701	21.258	1.572
1.701	21.258	1.573
1.701	21.236	1.579
1.702	21.261	1.574
1.703	21.265	1.575
1.704	21.267	1.574
1.704	21.270	1.573
1.704	21.268	1.571
1.704	21.268	1.576
1.705	21.268	1.573
1.704	21.268	1.575
1.704	21.261	1.574
1.705	21.253	1.579
1.706	21.270	1.575
1.707	21.271	1.575
1.707	21.271	1.575
1.708	21.271	1.574
1.708	21.269	1.575
1.709	21.272	1.575
1.709	21.270	1.573
1.709	21.269	1.576
1.710	21.269	1.573
1.711	21.271	1.576
1.711	21.262	1.575
1.711	21.252	1.578
1.711	21.272	1.576
1.712	21.270	1.573
1.712	21.271	1.576
1.713	21.270	1.578
1.712	21.271	1.576
1.713	21.268	1.575
1.715	21.247	1.581
1.715	21.273	1.575
1.716	21.273	1.579
1.716	21.273	1.576
1.717	21.273	1.576
1.717	21.271	1.575
1.717	21.271	1.578
1.717	21.271	1.576
1.718	21.270	1.576
1.717	21.254	1.578
1.718	21.261	1.579
1.718	21.273	1.579
1.719	21.274	1.578
1.719	21.273	1.579
1.719	21.269	1.577
1.719	21.271	1.580
1.719	21.272	1.579
1.719	21.271	1.575
1.720	21.268	1.577
1.721	21.249	1.580
1.722	21.272	1.577
1.723	21.273	1.580
1.723	21.274	1.578
1.723	21.273	1.574
1.724	21.271	1.575
1.725	21.271	1.579
1.725	21.271	1.577
1.726	21.270	1.577
1.726	21.258	1.578
1.725	21.254	1.584
1.726	21.273	1.575
1.727	21.272	1.576
1.726	21.272	1.580
1.727	21.270	1.578
1.728	21.270	1.576
1.728	21.270	1.575
1.729	21.273	1.580
1.730	21.271	1.581
1.730	21.271	1.575
1.730	21.271	1.576
1.731	21.271	1.578
1.731	21.246	1.584
1.731	21.271	1.580
1.732	21.270	1.578
1.732	21.271	1.579
1.732	21.270	1.578
1.732	21.270	1.579
1.732	21.256	1.579
1.732	21.256	1.583
1.732	21.271	1.577
1.732	21.272	1.581
1.733	21.273	1.581
1.733	21.270	1.576
1.734	21.270	1.581
1.736	21.269	1.580
1.734	21.270	1.577
1.735	21.270	1.577
1.734	21.247	1.585
1.735	21.269	1.581
1.734	21.272	1.576
1.736	21.272	1.580
1.736	21.270	1.579
1.736	21.270	1.580
1.735	21.270	1.578
1.735	21.269	1.582
1.735	21.269	1.579
1.735	21.249	1.581
1.735	21.259	1.585
1.735	21.271	1.582
1.736	21.271	1.584
1.735	21.273	1.583
1.735	21.269	1.581
1.734	21.270	1.583
1.735	21.270	1.582
1.735	21.270	1.578
1.735	21.270	1.583
1.735	21.246	1.586
1.736	21.271	1.583
1.735	21.271	1.583
1.735	21.270	1.583
1.735	21.271	1.581
1.736	21.269	1.580
1.736	21.269	1.577
1.735	21.272	1.580
1.736	21.271	1.581
1.736	21.271	1.581
1.735	21.270	1.583
1.734	21.271	1.584
1.736	21.268	1.582
1.736	21.247	1.589
1.734	21.271	1.585
1.734	21.271	1.585
1.735	21.270	1.583
1.734	21.271	1.582
1.735	21.271	1.583
1.735	21.272	1.584
1.735	21.271	1.585
1.735	21.270	1.582
1.734	21.271	1.584
1.734	21.266	1.582
1.735	21.270	1.581
1.735	21.270	1.584
1.734	21.270	1.583
1.734	21.269	1.583
1.735	21.268	1.583
1.736	21.246	1.588
1.734	21.270	1.586
1.735	21.272	1.585
1.735	21.272	1.583
1.736	21.270	1.582
1.735	21.270	1.587
1.735	21.270	1.585
1.735	21.269	1.583
1.735	21.270	1.585
1.735	21.247	1.589
1.735	21.268	1.588
1.734	21.272	1.586
1.734	21.271	1.583
1.735	21.271	1.583
1.735	21.270	1.584
1.734	21.269	1.582
1.734	21.270	1.583
1.734	21.270	1.583
1.734	21.256	1.587
1.735	21.256	1.589
1.734	21.272	1.586
1.734	21.271	1.587
1.734	21.271	1.585
1.735	21.276	1.585
1.734	21.273	1.587
1.734	21.269	1.586
1.735	21.271	1.586
1.735	21.271	1.588
1.734	21.271	1.586
1.735	21.270	1.587
1.735	21.271	1.588
1.734	21.271	1.589
1.734	21.259	1.592
1.734	21.269	1.588
1.735	21.268	1.585
1.734	21.266	1.588
1.735	21.266	1.586
1.735	21.263	1.589
1.734	21.247	1.590
1.734	21.270	1.585
1.734	21.268	1.586
1.734	21.267	1.591
