0.372	5.681	10.242
0.372	5.681	10.241
0.372	5.682	10.239
0.372	5.681	10.239
0.372	5.680	10.240
0.372	5.682	10.243
0.373	5.681	10.240
0.373	5.682	10.239
0.374	5.681	10.238
0.374	5.683	10.237
0.375	5.682	10.236
0.375	5.682	10.235
0.375	5.682	10.236
0.375	5.682	10.237
0.375	5.681	10.237
0.375	5.682	10.234
0.375	5.682	10.233
0.376	5.682	10.235
0.376	5.681	10.233
0.376	5.681	10.239
0.377	5.682	10.236
0.377	5.682	10.236
0.377	5.682	10.234
0.378	5.681	10.237
0.379	5.682	10.234
0.379	5.681	10.234
0.379	5.681	10.232
0.380	5.682	10.233
0.380	5.682	10.233
0.380	5.681	10.234
0.380	5.682	10.235
0.381	5.682	10.233
0.381	5.682	10.231
0.381	5.682	10.233
0.381	5.682	10.233
0.381	5.682	10.233
0.382	5.681	10.232
0.382	5.683	10.231
0.382	5.682	10.232
0.383	5.681	10.232
0.383	5.682	10.232
0.383	5.682	10.231
0.384	5.682	10.232
0.385	5.682	10.235
0.386	5.683	10.232
0.386	5.682	10.232
0.386	5.683	10.229
0.387	5.683	10.232
0.388	5.683	10.232
0.388	5.682	10.230
0.388	5.682	10.232
0.388	5.681	10.231
0.388	5.681	10.231
0.388	5.681	10.229
0.388	5.682	10.229
0.388	5.682	10.230
0.389	5.681	10.232
0.390	5.682	10.230
0.391	5.681	10.231
0.392	5.682	10.232
0.393	5.682	10.232
0.393	5.681	10.231
0.393	5.682	10.232
0.393	5.682	10.228
0.393	5.682	10.231
0.393	5.682	10.228
0.393	5.681	10.231
0.394	5.682	10.231
0.395	5.682	10.228
0.396	5.682	10.230
0.396	5.682	10.229
0.397	5.683	10.232
0.398	5.682	10.233
0.399	5.682	10.229
0.400	5.681	10.233
0.400	5.681	10.232
0.401	5.681	10.232
0.402	5.682	10.231
0.403	5.680	10.234
0.404	5.681	10.234
0.404	5.680	10.232
0.405	5.681	10.228
0.405	5.681	10.233
0.405	5.681	10.231
0.406	5.682	10.234
0.406	5.681	10.232
0.407	5.680	10.234
0.407	5.681	10.233
0.407	5.681	10.234
0.408	5.682	10.235
0.408	5.681	10.233
0.408	5.682	10.233
0.408	5.682	10.234
0.409	5.681	10.233
0.409	5.680	10.233
0.409	5.680	10.236
0.410	5.681	10.232
0.411	5.681	10.234
0.411	5.682	10.236
0.412	5.683	10.234
0.413	5.682	10.234
0.413	5.682	10.233
0.414	5.681	10.238
0.414	5.681	10.235
0.415	5.680	10.234
0.415	5.681	10.237
0.415	5.681	10.236
0.415	5.681	10.237
0.416	5.681	10.235
0.416	5.682	10.235
0.417	5.684	10.237
0.417	5.686	10.238
0.418	5.687	10.239
0.418	5.688	10.238
0.418	5.688	10.239
0.418	5.688	10.238
0.419	5.688	10.239
0.419	5.688	10.240
0.419	5.690	10.241
0.420	5.693	10.240
0.421	5.696	10.241
0.421	5.698	10.240
0.421	5.698	10.239
0.421	5.700	10.240
0.422	5.701	10.238
0.423	5.701	10.240
0.423	5.702	10.241
0.424	5.704	10.244
0.425	5.705	10.243
0.425	5.706	10.244
0.425	5.707	10.245
0.426	5.708	10.242
0.426	5.710	10.244
0.427	5.711	10.243
0.427	5.713	10.246
0.428	5.713	10.245
0.428	5.713	10.245
0.428	5.713	10.245
0.429	5.713	10.245
0.430	5.717	10.245
0.430	5.720	10.247
0.431	5.722	10.246
0.432	5.723	10.245
0.432	5.724	10.245
0.432	5.725	10.246
0.432	5.725	10.247
0.432	5.725	10.249
0.432	5.725	10.249
0.432	5.725	10.251
0.433	5.725	10.249
0.433	5.726	10.250
0.433	5.727	10.250
0.433	5.727	10.251
0.433	5.727	10.249
0.434	5.729	10.251
0.434	5.730	10.249
0.435	5.731	10.251
0.435	5.735	10.249
0.436	5.735	10.250
0.436	5.736	10.254
0.436	5.737	10.254
0.436	5.737	10.252
0.437	5.737	10.254
0.439	5.739	10.253
0.440	5.743	10.252
0.441	5.746	10.256
0.442	5.749	10.254
0.443	5.750	10.253
0.443	5.750	10.256
0.443	5.750	10.256
0.443	5.750	10.255
0.443	5.750	10.256
0.443	5.750	10.256
0.443	5.750	10.253
0.443	5.750	10.257
0.444	5.750	10.258
0.444	5.752	10.257
0.445	5.753	10.258
0.445	5.753	10.258
0.445	5.754	10.259
0.445	5.754	10.258
0.445	5.754	10.257
0.445	5.754	10.257
0.445	5.755	10.259
0.445	5.756	10.259
0.446	5.756	10.260
0.446	5.756	10.260
0.446	5.758	10.262
0.446	5.761	10.262
0.447	5.762	10.262
0.447	5.762	10.261
0.448	5.762	10.262
0.448	5.762	10.265
0.448	5.763	10.263
0.448	5.764	10.263
0.448	5.765	10.264
0.449	5.765	10.265
0.449	5.765	10.264
0.449	5.765	10.264
0.449	5.766	10.262
0.449	5.767	10.264
0.449	5.767	10.266
0.450	5.767	10.266
0.451	5.770	10.266
0.452	5.771	10.267
0.453	5.774	10.265
0.453	5.774	10.269
0.453	5.775	10.268
0.453	5.776	10.270
0.453	5.776	10.269
0.454	5.777	10.269
0.454	5.781	10.269
0.455	5.782	10.273
0.455	5.783	10.269
0.456	5.783	10.270
0.456	5.785	10.272
0.457	5.786	10.273
0.457	5.786	10.271
0.457	5.786	10.272
0.458	5.786	10.271
0.458	5.786	10.272
0.459	5.788	10.275
0.459	5.789	10.272
0.459	5.790	10.275
0.460	5.793	10.273
0.460	5.794	10.275
0.460	5.794	10.275
0.461	5.795	10.275
0.461	5.796	10.274
0.461	5.797	10.277
0.462	5.797	10.276
0.462	5.798	10.277
0.462	5.798	10.277
0.462	5.798	10.278
0.462	5.798	10.276
0.462	5.799	10.278
0.463	5.799	10.279
0.463	5.801	10.278
0.464	5.801	10.279
0.465	5.805	10.279
0.465	5.806	10.280
0.465	5.808	10.278
0.466	5.809	10.281
0.466	5.810	10.281
0.466	5.811	10.282
0.467	5.811	10.286
0.467	5.811	10.284
0.468	5.812	10.286
0.468	5.814	10.286
0.468	5.814	10.284
0.469	5.816	10.288
0.469	5.818	10.284
0.469	5.819	10.284
0.470	5.821	10.287
0.470	5.822	10.289
0.471	5.823	10.286
0.472	5.825	10.288
0.473	5.829	10.285
0.473	5.829	10.286
0.473	5.831	10.291
0.474	5.831	10.290
0.474	5.831	10.290
0.474	5.832	10.291
0.474	5.831	10.288
0.474	5.832	10.290
0.474	5.831	10.293
0.474	5.831	10.288
0.474	5.833	10.290
0.476	5.835	10.293
0.477	5.839	10.293
0.477	5.841	10.295
0.478	5.846	10.294
0.478	5.847	10.294
0.478	5.847	10.293
0.478	5.847	10.296
0.479	5.847	10.295
0.480	5.849	10.293
0.481	5.857	10.297
0.482	5.859	10.297
0.483	5.859	10.297
0.483	5.859	10.298
0.483	5.859	10.299
0.483	5.860	10.300
0.483	5.861	10.299
0.484	5.863	10.302
0.485	5.867	10.299
0.486	5.872	10.298
0.486	5.872	10.300
0.487	5.878	10.302
0.488	5.884	10.299
0.488	5.884	10.300
0.489	5.884	10.303
0.489	5.887	10.302
0.490	5.891	10.302
0.491	5.896	10.302
0.492	5.902	10.301
0.493	5.906	10.303
0.493	5.908	10.302
0.493	5.908	10.303
0.493	5.908	10.303
0.493	5.908	10.305
0.493	5.908	10.306
0.493	5.908	10.304
0.493	5.908	10.306
0.493	5.908	10.305
0.493	5.909	10.307
0.493	5.910	10.309
0.493	5.910	10.308
0.494	5.916	10.308
0.495	5.921	10.309
0.496	5.925	10.308
0.496	5.927	10.309
0.496	5.931	10.309
0.496	5.933	10.306
0.497	5.935	10.308
0.498	5.945	10.308
0.498	5.945	10.309
0.499	5.957	10.309
0.501	5.969	10.309
0.503	5.989	10.310
0.504	6.006	10.310
0.505	6.018	10.312
0.505	6.027	10.311
0.505	6.030	10.311
0.507	6.044	10.310
0.507	6.056	10.314
0.507	6.057	10.312
0.507	6.056	10.315
0.507	6.057	10.312
0.507	6.057	10.313
0.507	6.065	10.313
0.509	6.085	10.314
0.509	6.091	10.315
0.509	6.091	10.313
0.510	6.095	10.317
0.510	6.101	10.313
0.510	6.104	10.316
0.510	6.105	10.315
0.511	6.116	10.316
0.511	6.119	10.316
0.511	6.122	10.317
0.511	6.124	10.317
0.512	6.126	10.316
0.511	6.125	10.316
0.512	6.128	10.319
0.512	6.128	10.318
0.512	6.128	10.319
0.512	6.132	10.317
0.513	6.140	10.318
0.513	6.142	10.318
0.513	6.147	10.320
0.514	6.153	10.319
0.514	6.163	10.319
0.515	6.169	10.323
0.515	6.173	10.322
0.515	6.176	10.320
0.515	6.177	10.323
0.516	6.185	10.323
0.517	6.203	10.323
0.518	6.215	10.324
0.519	6.223	10.323
0.520	6.226	10.323
0.520	6.226	10.325
0.520	6.227	10.324
0.520	6.238	10.324
0.522	6.257	10.330
0.523	6.275	10.329
0.523	6.285	10.329
0.523	6.289	10.327
0.524	6.294	10.328
0.524	6.300	10.330
0.524	6.300	10.329
0.524	6.300	10.328
0.524	6.305	10.330
0.525	6.315	10.332
0.526	6.326	10.330
0.527	6.341	10.329
0.529	6.358	10.333
0.529	6.363	10.332
0.530	6.369	10.332
0.531	6.372	10.331
0.531	6.383	10.335
0.532	6.394	10.334
0.533	6.416	10.335
0.535	6.439	10.333
0.537	6.461	10.336
0.537	6.466	10.335
0.537	6.469	10.336
0.537	6.474	10.335
0.538	6.479	10.337
0.538	6.482	10.335
0.538	6.489	10.338
0.539	6.494	10.336
0.539	6.500	10.337
0.540	6.506	10.338
0.540	6.515	10.340
0.541	6.519	10.338
0.541	6.529	10.339
0.542	6.531	10.340
0.542	6.537	10.338
0.543	6.550	10.337
0.544	6.573	10.341
0.546	6.588	10.340
0.546	6.594	10.337
0.547	6.603	10.340
0.546	6.604	10.341
0.547	6.604	10.341
0.547	6.612	10.343
0.549	6.630	10.342
0.550	6.641	10.340
0.550	6.647	10.343
0.551	6.660	10.340
0.552	6.666	10.344
0.552	6.677	10.344
0.553	6.679	10.344
0.553	6.683	10.344
0.553	6.688	10.345
0.554	6.701	10.345
0.555	6.720	10.344
0.557	6.735	10.345
0.557	6.744	10.345
0.557	6.749	10.346
0.557	6.750	10.345
0.558	6.758	10.343
0.558	6.763	10.347
0.559	6.770	10.348
0.560	6.783	10.349
0.561	6.799	10.349
0.562	6.811	10.347
0.563	6.817	10.349
0.562	6.820	10.347
0.562	6.820	10.349
0.562	6.820	10.350
0.562	6.821	10.348
0.562	6.822	10.348
0.562	6.824	10.350
0.563	6.825	10.350
0.564	6.836	10.351
0.564	6.848	10.350
0.564	6.854	10.352
0.564	6.861	10.353
0.565	6.864	10.350
0.565	6.864	10.352
0.565	6.867	10.351
0.566	6.873	10.355
0.566	6.874	10.351
0.566	6.877	10.354
0.566	6.880	10.351
0.566	6.878	10.354
0.566	6.883	10.354
0.566	6.889	10.353
0.567	6.896	10.355
0.567	6.903	10.355
0.568	6.909	10.355
0.568	6.911	10.356
0.568	6.912	10.356
0.568	6.918	10.356
0.569	6.921	10.353
0.569	6.935	10.355
0.571	6.952	10.356
0.571	6.961	10.359
0.571	6.963	10.358
0.571	6.963	10.359
0.571	6.962	10.354
0.572	6.970	10.358
0.573	6.981	10.359
0.573	6.993	10.357
0.574	7.002	10.358
0.575	7.007	10.359
0.575	7.009	10.358
0.575	7.017	10.359
0.576	7.021	10.359
0.577	7.024	10.361
0.578	7.036	10.365
0.578	7.045	10.364
0.579	7.056	10.362
0.580	7.066	10.362
0.580	7.070	10.363
0.581	7.079	10.363
0.582	7.090	10.363
0.582	7.097	10.366
0.582	7.104	10.366
0.583	7.110	10.364
0.584	7.123	10.362
0.586	7.145	10.363
0.590	7.189	10.363
0.592	7.214	10.365
0.592	7.222	10.366
0.592	7.224	10.366
0.592	7.227	10.369
0.592	7.227	10.367
0.592	7.230	10.365
0.593	7.238	10.369
0.594	7.251	10.367
0.595	7.263	10.368
0.596	7.277	10.368
0.597	7.291	10.370
0.597	7.302	10.367
0.598	7.309	10.369
0.599	7.315	10.370
0.600	7.329	10.368
0.601	7.342	10.370
0.602	7.353	10.370
0.604	7.373	10.369
0.605	7.393	10.369
0.605	7.397	10.367
0.605	7.408	10.370
0.607	7.429	10.373
0.609	7.450	10.373
0.610	7.468	10.372
0.612	7.484	10.374
0.613	7.504	10.372
0.614	7.520	10.373
0.614	7.525	10.375
0.614	7.529	10.374
0.615	7.537	10.374
0.616	7.555	10.374
0.617	7.566	10.373
0.619	7.587	10.377
0.619	7.596	10.373
0.620	7.607	10.374
0.621	7.624	10.375
0.623	7.642	10.377
0.624	7.654	10.378
0.625	7.674	10.374
0.627	7.698	10.378
0.629	7.715	10.378
0.630	7.729	10.376
0.630	7.737	10.380
0.632	7.756	10.376
0.633	7.776	10.376
0.634	7.790	10.380
0.635	7.800	10.381
0.635	7.807	10.383
0.635	7.812	10.379
0.636	7.825	10.378
0.637	7.844	10.383
0.639	7.865	10.382
0.639	7.875	10.381
0.639	7.883	10.382
0.640	7.887	10.384
0.640	7.892	10.383
0.641	7.903	10.384
0.642	7.910	10.381
0.642	7.912	10.385
0.642	7.922	10.384
0.643	7.927	10.385
0.643	7.933	10.385
0.643	7.943	10.386
0.644	7.950	10.385
0.645	7.959	10.385
0.645	7.962	10.385
0.646	7.967	10.385
0.646	7.968	10.384
0.647	7.982	10.385
0.648	7.998	10.386
0.649	8.007	10.387
0.649	8.008	10.386
0.649	8.009	10.389
0.651	8.025	10.387
0.653	8.045	10.385
0.654	8.064	10.387
0.656	8.081	10.390
0.657	8.098	10.387
0.657	8.107	10.388
0.658	8.124	10.389
0.660	8.139	10.388
0.661	8.154	10.388
0.661	8.165	10.389
0.661	8.169	10.389
0.662	8.174	10.390
0.662	8.180	10.388
0.663	8.191	10.389
0.664	8.204	10.392
0.665	8.216	10.390
0.666	8.232	10.392
0.667	8.244	10.391
0.667	8.249	10.394
0.668	8.260	10.389
0.670	8.279	10.392
0.671	8.300	10.391
0.673	8.321	10.391
0.674	8.339	10.391
0.675	8.353	10.392
0.675	8.357	10.392
0.675	8.357	10.393
0.676	8.372	10.393
0.677	8.386	10.394
0.678	8.398	10.394
0.678	8.402	10.396
0.679	8.414	10.395
0.681	8.436	10.392
0.683	8.467	10.395
0.684	8.472	10.395
0.684	8.473	10.395
0.685	8.488	10.394
0.686	8.497	10.394
0.686	8.500	10.397
0.686	8.507	10.394
0.686	8.507	10.396
0.686	8.508	10.394
0.687	8.523	10.396
0.687	8.537	10.396
0.688	8.545	10.398
0.688	8.548	10.399
0.690	8.562	10.398
0.692	8.590	10.398
0.693	8.609	10.398
0.693	8.618	10.401
0.695	8.632	10.399
0.696	8.647	10.401
0.696	8.655	10.400
0.698	8.672	10.400
0.699	8.691	10.400
0.700	8.707	10.397
0.701	8.719	10.402
0.702	8.730	10.397
0.703	8.743	10.402
0.703	8.747	10.402
0.703	8.760	10.399
0.704	8.772	10.401
0.706	8.789	10.400
0.707	8.801	10.403
0.707	8.813	10.402
0.707	8.819	10.402
0.708	8.826	10.406
0.710	8.847	10.402
0.711	8.862	10.404
0.712	8.876	10.403
0.713	8.883	10.403
0.714	8.903	10.404
0.716	8.930	10.402
0.717	8.945	10.405
0.718	8.960	10.404
0.719	8.964	10.402
0.719	8.974	10.404
0.721	8.998	10.407
0.723	9.021	10.404
0.726	9.052	10.405
0.728	9.085	10.408
0.729	9.098	10.405
0.731	9.137	10.407
0.734	9.162	10.405
0.735	9.179	10.405
0.736	9.200	10.405
0.738	9.222	10.405
0.739	9.241	10.408
0.739	9.248	10.407
0.739	9.246	10.404
0.738	9.252	10.407
0.738	9.253	10.409
0.738	9.253	10.408
0.738	9.254	10.409
0.738	9.253	10.410
0.738	9.257	10.407
0.738	9.258	10.406
0.738	9.261	10.408
0.738	9.265	10.408
0.740	9.275	10.411
0.741	9.294	10.407
0.742	9.310	10.411
0.744	9.321	10.409
0.745	9.332	10.409
0.747	9.357	10.409
0.748	9.379	10.412
0.749	9.404	10.413
0.750	9.417	10.412
0.751	9.419	10.414
0.751	9.424	10.416
0.752	9.433	10.416
0.753	9.449	10.415
0.755	9.474	10.416
0.757	9.499	10.416
0.758	9.517	10.416
0.760	9.537	10.414
0.761	9.546	10.416
0.761	9.558	10.415
0.762	9.570	10.415
0.763	9.579	10.415
0.763	9.589	10.417
0.764	9.595	10.416
0.764	9.605	10.416
0.765	9.624	10.416
0.766	9.633	10.418
0.765	9.634	10.418
0.765	9.640	10.416
0.766	9.640	10.418
0.767	9.646	10.419
0.768	9.666	10.419
0.769	9.674	10.419
0.769	9.691	10.415
0.770	9.699	10.419
0.770	9.705	10.418
0.772	9.722	10.418
0.774	9.756	10.418
0.775	9.766	10.420
0.775	9.762	10.420
0.775	9.768	10.424
0.776	9.778	10.421
0.777	9.791	10.424
0.778	9.802	10.422
0.779	9.814	10.421
0.780	9.818	10.422
0.780	9.824	10.423
0.780	9.824	10.419
0.780	9.827	10.424
0.780	9.827	10.422
0.780	9.831	10.423
0.780	9.828	10.423
0.779	9.835	10.423
0.780	9.841	10.425
0.780	9.844	10.422
0.780	9.847	10.426
0.784	9.894	10.423
0.787	9.931	10.425
0.789	9.950	10.421
0.790	9.964	10.425
0.791	9.989	10.425
0.792	10.005	10.426
0.792	10.013	10.423
0.793	10.022	10.425
0.793	10.025	10.428
0.793	10.030	10.427
0.793	10.034	10.426
0.793	10.034	10.426
0.793	10.034	10.429
0.793	10.034	10.425
0.793	10.035	10.425
0.793	10.035	10.427
0.793	10.036	10.429
0.793	10.036	10.428
0.793	10.037	10.428
0.794	10.038	10.430
0.795	10.055	10.426
0.798	10.089	10.426
0.800	10.115	10.427
0.799	10.120	10.431
0.799	10.120	10.429
0.799	10.121	10.431
0.799	10.124	10.430
0.801	10.140	10.430
0.804	10.170	10.431
0.806	10.198	10.432
0.808	10.218	10.432
0.808	10.217	10.428
0.808	10.223	10.431
0.808	10.225	10.432
0.808	10.226	10.431
0.808	10.227	10.433
0.808	10.226	10.434
0.807	10.228	10.433
0.807	10.226	10.435
0.808	10.227	10.432
0.808	10.229	10.432
0.809	10.241	10.434
0.809	10.246	10.431
0.810	10.249	10.434
0.810	10.261	10.433
0.810	10.265	10.432
0.811	10.272	10.435
0.812	10.282	10.434
0.812	10.294	10.435
0.813	10.307	10.434
0.814	10.315	10.436
0.815	10.327	10.434
0.816	10.341	10.435
0.818	10.364	10.437
0.819	10.377	10.436
0.820	10.388	10.437
0.821	10.410	10.438
0.824	10.438	10.436
0.825	10.451	10.434
0.825	10.452	10.435
0.825	10.454	10.438
0.825	10.457	10.437
0.825	10.461	10.438
0.827	10.479	10.436
0.828	10.496	10.439
0.829	10.514	10.438
0.832	10.540	10.436
0.833	10.559	10.439
0.834	10.572	10.440
0.835	10.578	10.439
0.836	10.596	10.440
0.838	10.617	10.438
0.839	10.634	10.438
0.839	10.644	10.439
0.840	10.651	10.439
0.841	10.662	10.441
0.841	10.671	10.441
0.840	10.676	10.442
0.840	10.673	10.439
0.840	10.677	10.440
0.840	10.682	10.442
0.841	10.691	10.440
0.841	10.700	10.440
0.842	10.706	10.440
0.842	10.713	10.443
0.843	10.721	10.441
0.844	10.730	10.443
0.844	10.732	10.440
0.844	10.736	10.443
0.845	10.740	10.442
0.845	10.742	10.441
0.845	10.735	10.440
0.846	10.755	10.441
0.847	10.769	10.442
0.849	10.792	10.444
0.851	10.807	10.442
0.851	10.815	10.443
0.852	10.827	10.442
0.853	10.838	10.443
0.855	10.870	10.444
0.856	10.893	10.442
0.858	10.901	10.445
0.858	10.909	10.443
0.858	10.913	10.445
0.859	10.923	10.447
0.860	10.931	10.446
0.860	10.944	10.446
0.862	10.965	10.448
0.864	10.986	10.445
0.865	11.014	10.445
0.867	11.042	10.449
0.868	11.066	10.446
0.869	11.084	10.451
0.870	11.096	10.445
0.871	11.102	10.448
0.872	11.108	10.446
0.872	11.107	10.446
0.873	11.114	10.447
0.874	11.128	10.447
0.874	11.140	10.446
0.875	11.147	10.451
0.875	11.157	10.449
0.876	11.169	10.447
0.877	11.179	10.449
0.878	11.195	10.448
0.880	11.218	10.446
0.880	11.217	10.449
0.880	11.226	10.450
0.881	11.236	10.449
0.882	11.243	10.449
0.882	11.252	10.451
0.883	11.268	10.449
0.885	11.289	10.452
0.887	11.312	10.451
0.888	11.329	10.450
0.889	11.346	10.453
0.891	11.367	10.452
0.892	11.377	10.452
0.893	11.386	10.450
0.894	11.397	10.453
0.895	11.428	10.452
0.897	11.443	10.454
0.898	11.451	10.452
0.899	11.476	10.453
0.900	11.509	10.455
0.901	11.510	10.455
0.903	11.530	10.454
0.903	11.538	10.452
0.904	11.548	10.452
0.904	11.559	10.454
0.905	11.562	10.454
0.905	11.572	10.453
0.906	11.579	10.456
0.907	11.588	10.456
0.907	11.603	10.455
0.908	11.613	10.454
0.908	11.620	10.456
0.908	11.624	10.454
0.909	11.626	10.457
0.909	11.634	10.455
0.909	11.639	10.456
0.909	11.646	10.453
0.910	11.651	10.455
0.910	11.658	10.458
0.911	11.658	10.452
0.912	11.676	10.458
0.913	11.689	10.457
0.913	11.697	10.454
0.914	11.703	10.458
0.914	11.707	10.457
0.915	11.718	10.461
0.916	11.727	10.457
0.917	11.738	10.460
0.919	11.749	10.458
0.921	11.767	10.462
0.922	11.793	10.461
0.922	11.804	10.459
0.922	11.805	10.461
0.922	11.809	10.458
0.923	11.817	10.457
0.923	11.828	10.462
0.924	11.837	10.460
0.924	11.847	10.459
0.925	11.853	10.463
0.926	11.863	10.460
0.927	11.876	10.460
0.928	11.890	10.461
0.928	11.892	10.462
0.928	11.900	10.462
0.928	11.902	10.462
0.929	11.915	10.460
0.931	11.928	10.459
0.932	11.940	10.461
0.932	11.942	10.464
0.933	11.961	10.461
0.933	11.964	10.460
0.934	11.973	10.462
0.934	11.980	10.464
0.935	11.984	10.464
0.935	11.989	10.460
0.936	11.999	10.464
0.937	12.012	10.465
0.937	12.014	10.462
0.938	12.028	10.462
0.939	12.046	10.465
0.939	12.055	10.464
0.940	12.061	10.466
0.940	12.061	10.464
0.940	12.068	10.464
0.940	12.072	10.462
0.941	12.073	10.465
0.941	12.075	10.464
0.941	12.073	10.467
0.941	12.085	10.465
0.942	12.090	10.465
0.942	12.096	10.463
0.942	12.098	10.467
0.942	12.102	10.466
0.943	12.113	10.469
0.944	12.127	10.471
0.944	12.136	10.469
0.945	12.139	10.466
0.946	12.155	10.467
0.947	12.171	10.469
0.948	12.183	10.470
0.949	12.190	10.470
0.951	12.195	10.470
0.952	12.206	10.468
0.953	12.230	10.471
0.954	12.252	10.470
0.956	12.268	10.466
0.956	12.272	10.470
0.956	12.276	10.468
0.956	12.282	10.469
0.957	12.292	10.470
0.958	12.300	10.471
0.958	12.306	10.472
0.959	12.317	10.471
0.960	12.323	10.474
0.960	12.331	10.472
0.961	12.341	10.471
0.962	12.367	10.473
0.963	12.390	10.471
0.964	12.400	10.473
0.965	12.416	10.474
0.966	12.427	10.474
0.967	12.439	10.472
0.968	12.460	10.474
0.969	12.474	10.470
0.970	12.488	10.473
0.971	12.498	10.475
0.972	12.510	10.474
0.972	12.522	10.474
0.973	12.526	10.473
0.973	12.531	10.475
0.974	12.537	10.474
0.974	12.541	10.476
0.974	12.549	10.474
0.975	12.559	10.475
0.975	12.560	10.474
0.976	12.564	10.476
0.977	12.579	10.475
0.977	12.585	10.474
0.978	12.596	10.476
0.978	12.606	10.475
0.979	12.620	10.478
0.981	12.634	10.477
0.981	12.648	10.477
0.983	12.659	10.477
0.984	12.659	10.475
0.986	12.685	10.476
0.987	12.710	10.476
0.988	12.729	10.477
0.989	12.746	10.475
0.990	12.756	10.476
0.991	12.763	10.477
0.991	12.775	10.480
0.992	12.785	10.480
0.993	12.803	10.479
0.994	12.817	10.480
0.995	12.832	10.479
0.997	12.855	10.478
0.998	12.872	10.475
1.000	12.892	10.479
1.002	12.923	10.479
1.004	12.947	10.476
1.005	12.967	10.479
1.006	12.981	10.480
1.007	12.980	10.479
1.007	12.994	10.479
1.007	13.000	10.480
1.007	13.003	10.481
1.007	13.012	10.479
1.008	13.023	10.480
1.008	13.025	10.481
1.008	13.027	10.480
1.008	13.030	10.483
1.009	13.037	10.483
1.010	13.042	10.482
1.010	13.049	10.480
1.010	13.055	10.482
1.012	13.065	10.476
1.013	13.094	10.482
1.014	13.103	10.483
1.015	13.112	10.482
1.016	13.124	10.483
1.018	13.147	10.483
1.019	13.144	10.481
1.020	13.151	10.480
1.022	13.176	10.480
1.023	13.205	10.483
1.023	13.217	10.482
1.024	13.220	10.484
1.024	13.225	10.483
1.025	13.232	10.483
1.025	13.233	10.484
1.025	13.242	10.480
1.027	13.253	10.481
1.028	13.282	10.483
1.028	13.306	10.485
1.029	13.324	10.483
1.030	13.339	10.484
1.031	13.352	10.485
1.032	13.362	10.485
1.034	13.369	10.484
1.036	13.387	10.483
1.035	13.395	10.486
1.036	13.407	10.485
1.037	13.430	10.486
1.038	13.440	10.486
1.038	13.446	10.486
1.038	13.444	10.486
1.039	13.448	10.485
1.039	13.447	10.486
1.039	13.452	10.485
1.039	13.461	10.487
1.040	13.462	10.488
1.040	13.469	10.488
1.041	13.476	10.488
1.041	13.480	10.490
1.042	13.492	10.488
1.041	13.501	10.487
1.042	13.513	10.488
1.042	13.521	10.488
1.042	13.526	10.489
1.044	13.527	10.486
1.046	13.540	10.489
1.046	13.561	10.490
1.046	13.579	10.490
1.048	13.595	10.486
1.049	13.600	10.489
1.050	13.605	10.487
1.051	13.608	10.488
1.050	13.611	10.490
1.051	13.613	10.485
1.052	13.628	10.489
1.055	13.652	10.491
1.054	13.657	10.488
1.054	13.660	10.489
1.054	13.660	10.490
1.054	13.660	10.488
1.054	13.665	10.491
1.054	13.672	10.493
1.054	13.676	10.491
1.055	13.669	10.491
1.056	13.686	10.493
1.057	13.696	10.494
1.057	13.716	10.489
1.060	13.747	10.493
1.062	13.764	10.492
1.064	13.782	10.493
1.065	13.795	10.492
1.066	13.811	10.493
1.066	13.826	10.490
1.067	13.837	10.493
1.068	13.852	10.493
1.069	13.859	10.492
1.070	13.865	10.492
1.071	13.872	10.492
1.072	13.887	10.491
1.072	13.897	10.495
1.070	13.904	10.493
1.069	13.910	10.492
1.070	13.914	10.492
1.070	13.914	10.493
1.069	13.915	10.491
1.071	13.916	10.494
1.072	13.924	10.495
1.073	13.927	10.494
1.074	13.940	10.493
1.073	13.951	10.492
1.072	13.954	10.494
1.073	13.965	10.495
1.074	13.977	10.493
1.074	13.979	10.494
1.075	13.984	10.493
1.075	13.982	10.495
1.075	13.993	10.496
1.076	14.001	10.494
1.077	14.006	10.492
1.077	14.017	10.497
1.076	14.026	10.495
1.077	14.019	10.495
1.078	14.045	10.498
1.079	14.057	10.496
1.081	14.079	10.500
1.082	14.089	10.502
1.083	14.094	10.498
1.083	14.100	10.500
1.084	14.113	10.499
1.085	14.122	10.497
1.085	14.119	10.499
1.087	14.118	10.499
1.088	14.135	10.501
1.088	14.145	10.501
1.087	14.154	10.500
1.088	14.159	10.500
1.089	14.161	10.498
1.089	14.163	10.501
1.090	14.167	10.501
1.091	14.175	10.498
1.091	14.180	10.500
1.092	14.204	10.499
1.094	14.224	10.499
1.095	14.249	10.502
1.096	14.264	10.500
1.097	14.285	10.502
1.099	14.306	10.502
1.100	14.329	10.497
1.101	14.335	10.502
1.102	14.337	10.499
1.102	14.341	10.503
1.102	14.355	10.499
1.103	14.360	10.502
1.103	14.368	10.500
1.104	14.380	10.501
1.104	14.383	10.501
1.104	14.388	10.501
1.105	14.396	10.503
1.106	14.412	10.503
1.108	14.414	10.503
1.108	14.430	10.500
1.108	14.439	10.502
1.108	14.440	10.502
1.109	14.443	10.506
1.109	14.447	10.503
1.110	14.455	10.503
1.111	14.473	10.504
1.112	14.490	10.504
1.113	14.497	10.503
1.113	14.498	10.504
1.114	14.514	10.506
1.115	14.520	10.505
1.115	14.526	10.506
1.115	14.530	10.504
1.116	14.533	10.505
1.117	14.539	10.506
1.117	14.545	10.507
1.117	14.553	10.504
1.118	14.551	10.505
1.118	14.559	10.509
1.119	14.577	10.506
1.120	14.582	10.508
1.120	14.587	10.506
1.120	14.589	10.507
1.121	14.600	10.502
1.122	14.612	10.508
1.123	14.624	10.506
1.123	14.625	10.507
1.124	14.631	10.508
1.124	14.649	10.507
1.125	14.661	10.507
1.126	14.674	10.509
1.128	14.689	10.509
1.129	14.698	10.508
1.130	14.715	10.508
1.130	14.724	10.507
1.131	14.734	10.507
1.130	14.726	10.509
1.131	14.743	10.510
1.132	14.758	10.508
1.133	14.769	10.509
1.133	14.776	10.512
1.133	14.779	10.510
1.134	14.787	10.512
1.134	14.795	10.509
1.134	14.801	10.512
1.134	14.804	10.508
1.135	14.807	10.507
1.136	14.815	10.513
1.136	14.827	10.509
1.137	14.834	10.510
1.137	14.850	10.512
1.138	14.854	10.515
1.138	14.856	10.514
1.139	14.860	10.514
1.139	14.864	10.511
1.139	14.853	10.514
1.140	14.863	10.515
1.140	14.872	10.514
1.140	14.878	10.514
1.140	14.883	10.517
1.140	14.885	10.515
1.141	14.890	10.514
1.141	14.893	10.515
1.142	14.900	10.518
1.142	14.903	10.515
1.143	14.908	10.516
1.143	14.930	10.517
1.144	14.939	10.515
1.144	14.941	10.515
1.144	14.942	10.518
1.144	14.948	10.514
1.145	14.954	10.518
1.145	14.960	10.517
1.146	14.966	10.517
1.146	14.957	10.517
1.146	14.977	10.516
1.147	14.981	10.516
1.148	14.987	10.517
1.148	14.990	10.516
1.149	14.999	10.517
1.149	15.002	10.518
1.149	15.003	10.518
1.149	15.006	10.519
1.150	15.002	10.517
1.151	15.011	10.519
1.152	15.029	10.520
1.153	15.040	10.519
1.154	15.058	10.521
1.155	15.068	10.519
1.155	15.076	10.520
1.156	15.085	10.518
1.156	15.088	10.519
1.157	15.099	10.517
1.157	15.099	10.520
1.159	15.128	10.516
1.159	15.148	10.518
1.160	15.153	10.521
1.161	15.163	10.520
1.162	15.170	10.521
1.162	15.178	10.519
1.163	15.201	10.519
1.164	15.211	10.520
1.165	15.212	10.519
1.166	15.224	10.520
1.166	15.234	10.522
1.166	15.237	10.520
1.166	15.246	10.521
1.167	15.253	10.524
1.168	15.260	10.521
1.168	15.272	10.522
1.169	15.282	10.522
1.170	15.294	10.522
1.170	15.289	10.520
1.172	15.320	10.524
1.173	15.335	10.525
1.173	15.342	10.521
1.174	15.352	10.522
1.174	15.359	10.524
1.175	15.368	10.521
1.176	15.375	10.522
1.177	15.381	10.523
1.178	15.377	10.523
1.178	15.406	10.524
1.179	15.431	10.523
1.179	15.437	10.524
1.181	15.448	10.525
1.182	15.454	10.525
1.183	15.466	10.523
1.185	15.484	10.525
1.186	15.498	10.524
1.186	15.507	10.524
1.187	15.504	10.522
1.187	15.522	10.524
1.187	15.526	10.525
1.187	15.527	10.524
1.188	15.531	10.525
1.188	15.530	10.526
1.189	15.540	10.526
1.189	15.552	10.524
1.191	15.575	10.523
1.192	15.585	10.526
1.192	15.588	10.528
1.193	15.603	10.527
1.193	15.613	10.527
1.195	15.631	10.528
1.196	15.643	10.528
1.196	15.655	10.527
1.198	15.664	10.527
1.199	15.685	10.531
1.199	15.692	10.526
1.199	15.686	10.526
1.200	15.706	10.529
1.200	15.716	10.530
1.202	15.727	10.528
1.203	15.751	10.525
1.205	15.775	10.529
1.205	15.786	10.530
1.206	15.796	10.528
1.206	15.802	10.527
1.207	15.802	10.530
1.207	15.796	10.527
1.207	15.815	10.527
1.207	15.822	10.530
1.208	15.829	10.530
1.209	15.833	10.529
1.210	15.851	10.530
1.210	15.862	10.528
1.211	15.871	10.529
1.212	15.882	10.530
1.213	15.885	10.529
1.213	15.889	10.531
1.214	15.908	10.530
1.214	15.905	10.531
1.214	15.907	10.532
1.216	15.918	10.532
1.217	15.936	10.530
1.218	15.949	10.529
1.218	15.955	10.532
1.219	15.954	10.529
1.220	15.948	10.534
1.220	15.967	10.531
1.220	15.970	10.532
1.221	15.977	10.533
1.221	15.985	10.531
1.221	15.990	10.531
1.221	15.997	10.531
1.221	16.010	10.532
1.223	16.025	10.533
1.223	16.031	10.531
1.224	16.036	10.532
1.224	16.042	10.534
1.225	16.052	10.534
1.226	16.060	10.533
1.227	16.068	10.534
1.227	16.077	10.535
1.228	16.093	10.533
1.229	16.111	10.532
1.230	16.122	10.533
1.232	16.122	10.533
1.232	16.147	10.535
1.233	16.162	10.535
1.233	16.174	10.535
1.235	16.189	10.536
1.235	16.198	10.536
1.236	16.199	10.534
1.236	16.203	10.534
1.236	16.207	10.536
1.236	16.201	10.535
1.236	16.199	10.535
1.236	16.223	10.536
1.236	16.232	10.535
1.237	16.238	10.537
1.237	16.240	10.535
1.238	16.248	10.537
1.238	16.255	10.536
1.238	16.260	10.536
1.239	16.261	10.534
1.238	16.248	10.537
1.239	16.264	10.536
1.239	16.266	10.538
1.239	16.273	10.537
1.240	16.280	10.537
1.242	16.292	10.537
1.243	16.313	10.538
1.243	16.322	10.538
1.243	16.327	10.538
1.243	16.324	10.538
1.243	16.325	10.536
1.243	16.336	10.535
1.243	16.335	10.537
1.243	16.337	10.537
1.243	16.340	10.538
1.244	16.342	10.536
1.244	16.346	10.538
1.244	16.349	10.539
1.245	16.354	10.537
1.246	16.357	10.538
1.246	16.362	10.539
1.247	16.368	10.537
1.247	16.372	10.539
1.250	16.385	10.541
1.251	16.400	10.539
1.251	16.406	10.541
1.251	16.411	10.541
1.251	16.413	10.541
1.251	16.411	10.540
1.251	16.401	10.542
1.251	16.419	10.541
1.252	16.430	10.540
1.253	16.437	10.542
1.254	16.448	10.540
1.254	16.455	10.541
1.255	16.467	10.542
1.256	16.480	10.543
1.258	16.495	10.542
1.260	16.502	10.544
1.261	16.530	10.545
1.262	16.541	10.541
1.262	16.548	10.546
1.262	16.554	10.544
1.263	16.567	10.541
1.265	16.594	10.541
1.266	16.617	10.542
1.266	16.630	10.541
1.267	16.634	10.542
1.267	16.635	10.545
1.268	16.649	10.543
1.267	16.653	10.543
1.269	16.655	10.543
1.269	16.665	10.545
1.270	16.675	10.542
1.271	16.687	10.543
1.271	16.699	10.543
1.272	16.709	10.544
1.272	16.696	10.543
1.273	16.718	10.546
1.273	16.729	10.544
1.274	16.740	10.543
1.275	16.759	10.543
1.276	16.772	10.541
1.276	16.780	10.544
1.277	16.788	10.545
1.278	16.799	10.547
1.279	16.807	10.545
1.280	16.813	10.545
1.281	16.821	10.544
1.282	16.831	10.549
1.283	16.837	10.546
1.283	16.846	10.545
1.284	16.850	10.546
1.285	16.859	10.547
1.284	16.865	10.546
1.285	16.872	10.549
1.286	16.867	10.548
1.286	16.895	10.548
1.288	16.914	10.546
1.289	16.921	10.547
1.289	16.930	10.548
1.290	16.933	10.548
1.291	16.946	10.547
1.291	16.960	10.548
1.292	16.973	10.549
1.294	16.994	10.548
1.295	16.992	10.549
1.295	17.016	10.549
1.296	17.033	10.548
1.296	17.037	10.549
1.297	17.047	10.547
1.298	17.069	10.546
1.299	17.089	10.549
1.300	17.100	10.548
1.300	17.102	10.552
1.300	17.090	10.547
1.301	17.105	10.551
1.301	17.126	10.549
1.302	17.132	10.550
1.302	17.139	10.546
1.303	17.148	10.549
1.303	17.161	10.548
1.305	17.174	10.549
1.306	17.190	10.549
1.306	17.197	10.548
1.307	17.202	10.551
1.308	17.244	10.551
1.310	17.252	10.549
1.312	17.267	10.552
1.314	17.281	10.551
1.316	17.307	10.551
1.317	17.326	10.549
1.318	17.334	10.551
1.317	17.338	10.550
1.318	17.335	10.548
1.319	17.332	10.554
1.320	17.361	10.553
1.320	17.380	10.553
1.322	17.388	10.552
1.323	17.409	10.550
1.325	17.436	10.552
1.327	17.458	10.552
1.328	17.473	10.553
1.329	17.499	10.551
1.331	17.509	10.553
1.333	17.543	10.555
1.333	17.558	10.556
1.333	17.574	10.555
1.333	17.588	10.554
1.334	17.593	10.556
1.335	17.596	10.556
1.337	17.602	10.555
1.338	17.617	10.557
1.339	17.620	10.553
1.339	17.618	10.554
1.341	17.645	10.555
1.339	17.657	10.555
1.340	17.669	10.559
1.341	17.685	10.554
1.340	17.694	10.555
1.341	17.701	10.555
1.343	17.726	10.556
1.344	17.738	10.553
1.345	17.732	10.558
1.346	17.760	10.556
1.347	17.765	10.559
1.348	17.774	10.557
1.349	17.775	10.555
1.349	17.779	10.558
1.350	17.782	10.559
1.351	17.792	10.560
1.351	17.801	10.559
1.353	17.794	10.560
1.353	17.813	10.556
1.354	17.839	10.560
1.353	17.847	10.557
1.353	17.847	10.556
1.353	17.847	10.556
1.353	17.847	10.559
1.353	17.850	10.559
1.354	17.863	10.557
1.355	17.876	10.558
1.355	17.883	10.560
1.356	17.885	10.560
1.357	17.903	10.558
1.358	17.913	10.559
1.358	17.922	10.556
1.359	17.933	10.558
1.359	17.945	10.558
1.360	17.958	10.558
1.362	17.967	10.560
1.362	17.965	10.560
1.362	17.966	10.559
1.363	17.991	10.561
1.363	17.996	10.560
1.364	18.005	10.563
1.364	18.018	10.561
1.364	18.019	10.562
1.364	18.028	10.561
1.364	18.030	10.562
1.365	18.031	10.562
1.366	18.019	10.557
1.366	18.037	10.561
1.368	18.048	10.559
1.369	18.060	10.564
1.369	18.070	10.563
1.369	18.072	10.560
1.370	18.080	10.563
1.371	18.089	10.564
1.371	18.091	10.561
1.372	18.088	10.562
1.372	18.083	10.563
1.373	18.106	10.563
1.373	18.130	10.562
1.374	18.140	10.564
1.373	18.144	10.562
1.374	18.149	10.564
1.374	18.160	10.563
1.374	18.165	10.563
1.374	18.168	10.563
1.374	18.155	10.562
1.374	18.171	10.566
1.375	18.183	10.565
1.375	18.188	10.562
1.376	18.205	10.565
1.377	18.219	10.566
1.378	18.226	10.565
1.378	18.228	10.563
1.378	18.230	10.565
1.378	18.230	10.563
1.378	18.215	10.565
1.379	18.237	10.567
1.380	18.241	10.566
1.380	18.245	10.563
1.381	18.251	10.564
1.381	18.262	10.567
1.382	18.270	10.565
1.383	18.274	10.565
1.382	18.279	10.566
1.383	18.266	10.566
1.384	18.283	10.565
1.385	18.297	10.566
1.386	18.308	10.564
1.386	18.319	10.565
1.387	18.323	10.567
1.387	18.328	10.566
1.387	18.338	10.565
1.389	18.348	10.567
1.388	18.351	10.565
1.389	18.337	10.563
1.389	18.365	10.568
1.390	18.377	10.567
1.391	18.379	10.567
1.390	18.385	10.568
1.391	18.398	10.567
1.392	18.407	10.568
1.392	18.408	10.570
1.393	18.423	10.570
1.394	18.425	10.567
1.395	18.442	10.567
1.394	18.450	10.568
1.395	18.457	10.568
1.395	18.469	10.568
1.396	18.470	10.569
1.395	18.471	10.569
1.396	18.477	10.569
1.397	18.481	10.570
1.397	18.487	10.568
1.397	18.502	10.570
1.398	18.507	10.571
1.398	18.512	10.569
1.399	18.518	10.569
1.400	18.532	10.568
1.400	18.541	10.570
1.401	18.553	10.571
1.401	18.568	10.570
1.404	18.600	10.569
1.406	18.620	10.568
1.406	18.623	10.569
1.406	18.640	10.568
1.405	18.640	10.567
1.406	18.645	10.570
1.406	18.647	10.570
1.406	18.653	10.571
1.406	18.656	10.571
1.407	18.662	10.571
1.407	18.668	10.569
1.407	18.656	10.570
1.409	18.685	10.569
1.410	18.691	10.571
1.410	18.696	10.570
1.411	18.698	10.570
1.411	18.702	10.572
1.412	18.707	10.572
1.413	18.713	10.571
1.414	18.722	10.570
1.415	18.725	10.570
1.415	18.734	10.571
1.415	18.746	10.574
1.415	18.750	10.574
1.416	18.758	10.574
1.416	18.765	10.576
1.418	18.774	10.575
1.419	18.788	10.573
1.419	18.809	10.574
1.420	18.824	10.575
1.421	18.818	10.573
1.423	18.857	10.576
1.423	18.867	10.573
1.422	18.869	10.575
1.423	18.875	10.574
1.425	18.889	10.574
1.425	18.904	10.575
1.427	18.912	10.574
1.428	18.919	10.575
1.429	18.926	10.575
1.430	18.942	10.575
1.430	18.945	10.576
1.429	18.952	10.576
1.431	18.973	10.575
1.432	18.983	10.576
1.432	18.989	10.577
1.432	18.998	10.577
1.433	19.017	10.578
1.434	19.031	10.574
1.435	19.038	10.577
1.435	19.055	10.576
1.435	19.068	10.577
1.437	19.084	10.576
1.439	19.099	10.576
1.441	19.135	10.578
1.443	19.152	10.579
1.444	19.158	10.576
1.445	19.167	10.576
1.447	19.180	10.577
1.448	19.183	10.581
1.449	19.220	10.578
1.451	19.226	10.577
1.454	19.236	10.576
1.456	19.249	10.581
1.459	19.271	10.577
1.460	19.309	10.578
1.461	19.339	10.579
1.461	19.350	10.579
1.461	19.343	10.577
1.461	19.379	10.577
1.461	19.395	10.576
1.462	19.407	10.579
1.464	19.418	10.578
1.464	19.426	10.577
1.465	19.433	10.577
1.467	19.444	10.579
1.469	19.452	10.580
1.468	19.446	10.578
1.469	19.456	10.580
1.469	19.476	10.579
1.471	19.506	10.580
1.472	19.528	10.581
1.474	19.544	10.582
1.473	19.543	10.582
1.474	19.545	10.579
1.475	19.554	10.579
1.474	19.557	10.580
1.483	19.556	10.581
1.482	19.538	10.582
1.474	19.560	10.582
1.473	19.564	10.581
1.471	19.568	10.582
1.472	19.578	10.582
1.474	19.590	10.580
1.473	19.593	10.583
1.474	19.596	10.581
1.475	19.597	10.583
1.475	19.587	10.584
1.476	19.612	10.582
1.477	19.616	10.582
1.477	19.624	10.581
1.479	19.643	10.583
1.481	19.657	10.585
1.481	19.672	10.584
1.482	19.683	10.582
1.484	19.699	10.583
1.484	19.695	10.582
1.485	19.723	10.585
1.485	19.747	10.584
1.486	19.756	10.584
1.487	19.772	10.585
1.487	19.775	10.584
1.488	19.789	10.585
1.489	19.801	10.584
1.490	19.810	10.582
1.491	19.812	10.582
1.491	19.812	10.586
1.491	19.842	10.585
1.492	19.849	10.584
1.492	19.859	10.585
1.492	19.869	10.582
1.493	19.874	10.583
1.493	19.880	10.585
1.493	19.885	10.584
1.494	19.888	10.584
1.495	19.888	10.585
1.495	19.890	10.586
1.496	19.912	10.587
1.495	19.914	10.584
1.496	19.921	10.585
1.496	19.927	10.587
1.497	19.933	10.584
1.496	19.934	10.588
1.497	19.942	10.588
1.498	19.957	10.586
1.498	19.966	10.586
1.498	19.948	10.587
1.499	19.973	10.587
1.499	19.978	10.587
1.500	19.985	10.587
1.499	19.993	10.588
1.499	20.003	10.588
1.500	20.007	10.587
1.500	20.016	10.587
1.502	20.027	10.587
1.503	20.036	10.586
1.503	20.042	10.587
1.503	20.044	10.589
1.504	20.045	10.589
1.505	20.066	10.590
1.505	20.071	10.589
1.506	20.080	10.587
1.507	20.087	10.588
1.508	20.090	10.590
1.508	20.081	10.591
1.509	20.112	10.588
1.510	20.118	10.589
1.510	20.125	10.591
1.510	20.145	10.589
1.513	20.153	10.589
1.513	20.162	10.589
1.513	20.171	10.591
1.515	20.181	10.588
1.515	20.180	10.588
1.516	20.205	10.591
1.518	20.226	10.591
1.519	20.238	10.589
1.519	20.255	10.589
1.520	20.275	10.589
1.522	20.295	10.590
1.522	20.303	10.589
1.524	20.318	10.591
1.525	20.315	10.591
1.525	20.316	10.591
1.525	20.343	10.593
1.526	20.355	10.590
1.526	20.371	10.591
1.527	20.386	10.590
1.526	20.398	10.593
1.528	20.399	10.595
1.527	20.401	10.593
1.528	20.402	10.594
1.527	20.401	10.592
1.528	20.396	10.592
1.528	20.393	10.597
1.528	20.421	10.592
1.530	20.434	10.593
1.531	20.446	10.593
1.531	20.459	10.594
1.532	20.471	10.594
1.532	20.474	10.593
1.532	20.478	10.593
1.532	20.460	10.595
1.533	20.493	10.595
1.535	20.505	10.596
1.535	20.526	10.594
1.536	20.539	10.594
1.537	20.540	10.595
1.537	20.544	10.596
1.538	20.547	10.594
1.538	20.554	10.595
1.539	20.550	10.593
1.541	20.550	10.596
1.542	20.570	10.594
1.541	20.578	10.597
1.542	20.584	10.594
1.542	20.586	10.595
1.543	20.593	10.594
1.543	20.594	10.594
1.543	20.597	10.597
1.543	20.599	10.599
1.544	20.591	10.598
1.543	20.624	10.596
1.544	20.633	10.594
1.544	20.644	10.595
1.546	20.657	10.598
1.547	20.665	10.594
1.548	20.676	10.595
1.549	20.695	10.597
1.549	20.707	10.596
1.550	20.707	10.596
1.551	20.712	10.600
1.551	20.729	10.602
1.551	20.731	10.600
1.550	20.734	10.602
1.551	20.736	10.599
1.552	20.740	10.600
1.552	20.748	10.597
1.554	20.760	10.600
1.555	20.776	10.599
1.555	20.789	10.598
1.556	20.814	10.600
1.559	20.820	10.601
1.559	20.853	10.600
1.559	20.868	10.601
1.560	20.869	10.600
1.560	20.871	10.601
1.560	20.876	10.600
1.561	20.886	10.601
1.560	20.886	10.602
1.560	20.890	10.600
1.561	20.892	10.601
1.561	20.898	10.600
1.562	20.908	10.604
1.564	20.935	10.600
1.565	20.953	10.604
1.565	20.961	10.600
1.567	20.973	10.605
1.566	20.980	10.601
1.568	20.972	10.604
1.569	21.007	10.601
1.570	21.014	10.603
1.570	21.016	10.603
1.571	21.017	10.601
1.571	21.017	10.603
1.572	21.018	10.604
1.572	21.020	10.604
1.573	21.021	10.603
1.573	21.005	10.601
1.573	21.013	10.603
1.574	21.034	10.603
1.576	21.041	10.606
1.576	21.045	10.602
1.577	21.048	10.605
1.578	21.053	10.602
1.578	21.057	10.605
1.579	21.063	10.603
1.580	21.059	10.601
1.580	21.048	10.602
1.580	21.073	10.607
1.582	21.079	10.604
1.583	21.081	10.604
1.584	21.084	10.603
1.584	21.085	10.606
1.584	21.092	10.605
1.585	21.093	10.603
1.585	21.096	10.604
1.586	21.098	10.607
1.586	21.099	10.608
1.588	21.091	10.605
1.587	21.085	10.606
1.588	21.106	10.608
1.588	21.106	10.608
1.589	21.106	10.609
1.590	21.109	10.609
1.590	21.113	10.608
1.590	21.113	10.608
1.590	21.115	10.607
1.591	21.118	10.607
1.591	21.121	10.608
1.593	21.125	10.607
1.594	21.126	10.609
1.593	21.127	10.609
1.594	21.127	10.610
1.594	21.130	10.609
1.595	21.132	10.608
1.595	21.123	10.609
1.596	21.120	10.608
1.596	21.140	10.609
1.597	21.142	10.610
1.597	21.143	10.610
1.599	21.145	10.611
1.600	21.147	10.610
1.600	21.148	10.609
1.601	21.151	10.609
1.601	21.153	10.610
1.602	21.129	10.607
1.602	21.155	10.610
1.604	21.155	10.609
1.604	21.156	10.611
1.605	21.155	10.612
1.605	21.158	10.612
1.606	21.161	10.611
1.607	21.163	10.610
1.608	21.163	10.612
1.609	21.142	10.611
1.610	21.166	10.612
1.610	21.172	10.612
1.611	21.174	10.612
1.612	21.179	10.612
1.613	21.177	10.613
1.614	21.179	10.613
1.614	21.181	10.615
1.614	21.181	10.614
1.615	21.182	10.610
1.616	21.185	10.613
1.616	21.187	10.614
1.617	21.186	10.610
1.618	21.168	10.611
1.618	21.195	10.613
1.618	21.194	10.613
1.619	21.193	10.613
1.619	21.194	10.613
1.620	21.200	10.611
1.620	21.196	10.615
1.620	21.197	10.615
1.620	21.199	10.615
1.620	21.200	10.616
1.622	21.204	10.615
1.622	21.204	10.616
1.622	21.204	10.614
1.623	21.204	10.614
1.622	21.204	10.614
1.624	21.207	10.616
1.625	21.190	10.612
1.627	21.201	10.615
1.628	21.222	10.615
1.629	21.225	10.613
1.628	21.225	10.615
1.629	21.226	10.612
1.631	21.228	10.615
1.631	21.229	10.617
1.632	21.232	10.617
1.633	21.218	10.615
1.633	21.229	10.614
1.633	21.239	10.616
1.633	21.239	10.616
1.633	21.239	10.617
1.635	21.239	10.617
1.636	21.240	10.616
1.636	21.240	10.617
1.637	21.240	10.617
1.637	21.242	10.617
1.638	21.219	10.614
1.638	21.245	10.619
1.639	21.247	10.618
1.639	21.248	10.618
1.639	21.249	10.618
1.639	21.249	10.619
1.640	21.248	10.618
1.638	21.252	10.619
1.640	21.252	10.617
1.640	21.252	10.618
1.640	21.253	10.618
1.642	21.254	10.617
1.642	21.255	10.620
1.642	21.233	10.621
1.643	21.260	10.620
1.644	21.260	10.619
1.644	21.261	10.621
1.644	21.263	10.619
1.644	21.265	10.617
1.645	21.265	10.620
1.645	21.266	10.620
1.646	21.267	10.620
1.646	21.269	10.620
1.647	21.263	10.621
1.647	21.269	10.620
1.647	21.269	10.619
1.648	21.269	10.622
1.648	21.269	10.619
1.649	21.262	10.618
1.650	21.247	10.620
1.650	21.270	10.620
1.650	21.270	10.621
1.651	21.270	10.621
1.652	21.272	10.621
1.653	21.269	10.622
1.653	21.269	10.620
1.654	21.269	10.621
1.654	21.269	10.622
1.655	21.249	10.621
1.655	21.262	10.621
1.655	21.273	10.623
1.656	21.270	10.625
1.656	21.271	10.623
1.657	21.269	10.625
1.657	21.270	10.623
1.658	21.270	10.625
1.660	21.270	10.625
1.660	21.260	10.623
1.661	21.251	10.625
1.661	21.272	10.623
1.662	21.271	10.624
1.662	21.271	10.624
1.662	21.272	10.624
1.662	21.270	10.624
1.663	21.271	10.624
1.663	21.273	10.625
1.663	21.271	10.625
1.664	21.270	10.626
1.664	21.270	10.625
1.665	21.271	10.625
1.667	21.267	10.621
1.667	21.267	10.627
1.667	21.270	10.626
1.667	21.270	10.625
1.668	21.269	10.626
1.669	21.273	10.626
1.669	21.271	10.625
1.670	21.270	10.625
1.671	21.271	10.624
1.671	21.270	10.628
1.674	21.257	10.627
1.674	21.272	10.626
1.674	21.270	10.628
1.674	21.271	10.628
1.675	21.270	10.628
1.675	21.269	10.627
1.675	21.247	10.628
1.675	21.266	10.629
1.675	21.272	10.631
1.677	21.272	10.629
1.677	21.272	10.631
1.677	21.269	10.629
1.677	21.270	10.627
1.676	21.270	10.628
1.677	21.270	10.627
1.677	21.265	10.630
1.677	21.247	10.629
1.678	21.270	10.629
1.677	21.270	10.631
1.677	21.271	10.630
1.677	21.268	10.627
1.677	21.270	10.629
1.677	21.268	10.630
1.677	21.270	10.631
1.677	21.268	10.631
1.677	21.247	10.626
1.677	21.267	10.630
1.677	21.271	10.630
1.677	21.269	10.629
1.676	21.270	10.632
1.677	21.267	10.630
1.677	21.268	10.631
1.677	21.267	10.630
1.677	21.268	10.634
1.677	21.270	10.630
1.677	21.266	10.634
1.677	21.268	10.630
1.677	21.266	10.630
1.677	21.268	10.630
1.676	21.267	10.634
1.676	21.266	10.632
1.677	21.265	10.631
1.676	21.265	10.635
1.677	21.266	10.632
1.677	21.245	10.632
1.677	21.265	10.633
1.677	21.268	10.635
1.677	21.268	10.633
