1.650	21.270	15.006
1.650	21.266	15.009
1.650	21.266	15.009
1.650	21.263	15.014
1.650	21.244	15.017
1.650	21.267	15.022
1.650	21.271	15.025
1.650	21.267	15.030
1.650	21.267	15.036
1.650	21.265	15.038
1.650	21.266	15.041
1.650	21.265	15.045
1.650	21.265	15.048
1.650	21.246	15.051
1.649	21.256	15.056
1.650	21.268	15.061
1.649	21.268	15.063
1.650	21.268	15.067
1.650	21.266	15.070
1.650	21.266	15.075
1.649	21.266	15.080
1.649	21.265	15.084
1.649	21.263	15.087
1.650	21.243	15.090
1.650	21.266	15.092
1.649	21.267	15.097
1.650	21.268	15.099
1.649	21.267	15.103
1.650	21.266	15.106
1.649	21.266	15.111
1.649	21.266	15.114
1.650	21.270	15.117
1.650	21.267	15.119
1.650	21.267	15.129
1.650	21.266	15.131
1.650	21.267	15.137
1.650	21.264	15.137
1.650	21.266	15.142
1.650	21.266	15.147
1.649	21.266	15.149
1.649	21.266	15.153
1.650	21.264	15.157
1.650	21.244	15.162
1.649	21.267	15.167
1.650	21.267	15.171
1.650	21.267	15.175
1.650	21.268	15.176
1.650	21.267	15.182
1.649	21.266	15.184
1.650	21.266	15.188
1.649	21.267	15.189
1.650	21.254	15.192
1.649	21.252	15.199
1.650	21.268	15.199
1.650	21.271	15.203
1.649	21.268	15.208
1.649	21.266	15.211
1.649	21.265	15.214
1.650	21.265	15.219
1.650	21.265	15.221
1.649	21.267	15.223
1.649	21.243	15.225
1.650	21.267	15.228
1.649	21.267	15.231
1.649	21.267	15.232
1.649	21.268	15.236
1.650	21.266	15.239
1.649	21.265	15.244
1.650	21.266	15.248
1.649	21.265	15.251
1.649	21.257	15.252
1.649	21.250	15.256
1.649	21.268	15.260
1.649	21.267	15.261
1.649	21.269	15.264
1.650	21.265	15.266
1.649	21.266	15.269
1.649	21.266	15.268
1.650	21.265	15.273
1.650	21.261	15.275
1.649	21.244	15.280
1.649	21.268	15.281
1.649	21.267	15.281
1.649	21.270	15.284
1.650	21.267	15.290
1.649	21.266	15.290
1.649	21.266	15.291
1.649	21.266	15.292
1.649	21.265	15.297
1.649	21.246	15.298
1.650	21.260	15.303
1.649	21.268	15.306
1.649	21.267	15.307
1.649	21.270	15.309
1.649	21.266	15.310
1.649	21.267	15.311
1.649	21.266	15.313
1.649	21.266	15.316
1.649	21.264	15.315
1.649	21.243	15.319
1.649	21.268	15.321
1.649	21.268	15.324
1.649	21.269	15.324
1.648	21.267	15.323
1.648	21.266	15.327
1.649	21.266	15.330
1.649	21.266	15.330
1.649	21.266	15.331
1.649	21.244	15.334
1.650	21.261	15.336
1.649	21.270	15.340
1.649	21.267	15.340
1.649	21.269	15.342
1.649	21.266	15.342
1.649	21.266	15.345
1.649	21.266	15.345
1.649	21.266	15.348
1.649	21.263	15.346
1.649	21.245	15.349
1.649	21.267	15.349
1.650	21.269	15.353
1.649	21.269	15.353
1.650	21.269	15.355
1.649	21.267	15.354
1.649	21.267	15.356
1.649	21.267	15.356
1.648	21.269	15.360
1.648	21.267	15.360
1.647	21.267	15.362
1.647	21.268	15.361
1.647	21.267	15.361
1.647	21.266	15.364
1.647	21.267	15.365
1.647	21.267	15.365
1.647	21.267	15.367
1.646	21.268	15.369
1.646	21.269	15.367
1.646	21.245	15.373
1.644	21.264	15.370
1.643	21.269	15.374
1.640	21.269	15.373
1.639	21.270	15.374
1.639	21.268	15.375
1.639	21.267	15.374
1.638	21.267	15.376
1.639	21.268	15.376
1.638	21.257	15.378
1.637	21.247	15.381
1.637	21.269	15.381
1.637	21.268	15.380
1.636	21.270	15.382
1.636	21.268	15.385
1.636	21.267	15.382
1.634	21.267	15.384
1.634	21.267	15.386
1.634	21.269	15.386
1.634	21.244	15.385
1.634	21.266	15.387
1.633	21.270	15.387
1.631	21.267	15.389
1.632	21.268	15.389
1.631	21.266	15.389
1.630	21.265	15.390
1.630	21.266	15.387
1.628	21.266	15.392
1.628	21.249	15.389
1.628	21.260	15.393
1.627	21.267	15.394
1.626	21.268	15.394
1.625	21.270	15.394
1.624	21.267	15.394
1.623	21.266	15.394
1.621	21.266	15.395
1.619	21.269	15.396
1.620	21.267	15.396
1.619	21.266	15.396
1.619	21.266	15.398
1.620	21.266	15.400
1.618	21.265	15.397
1.618	21.268	15.399
1.616	21.264	15.400
1.616	21.261	15.401
1.617	21.261	15.399
1.616	21.260	15.400
1.616	21.242	15.401
1.617	21.252	15.401
1.616	21.262	15.402
1.616	21.261	15.402
1.616	21.263	15.403
1.617	21.259	15.404
1.616	21.255	15.403
1.615	21.253	15.404
1.615	21.252	15.401
1.614	21.248	15.404
1.611	21.225	15.406
1.611	21.248	15.404
1.610	21.246	15.404
1.610	21.243	15.406
1.610	21.244	15.406
1.609	21.240	15.406
1.609	21.239	15.405
1.608	21.237	15.407
1.608	21.237	15.406
1.608	21.226	15.406
1.607	21.218	15.406
1.607	21.235	15.410
1.605	21.232	15.407
1.604	21.231	15.411
1.604	21.228	15.407
1.602	21.227	15.409
1.602	21.225	15.409
1.602	21.223	15.408
1.600	21.212	15.408
1.598	21.195	15.413
1.598	21.219	15.412
1.598	21.216	15.410
1.598	21.216	15.410
1.598	21.215	15.411
1.598	21.213	15.412
1.598	21.214	15.413
1.597	21.210	15.411
1.597	21.207	15.411
1.596	21.184	15.414
1.595	21.198	15.413
1.595	21.204	15.414
1.592	21.202	15.413
1.591	21.198	15.414
1.592	21.197	15.415
1.592	21.196	15.416
1.590	21.192	15.414
1.590	21.191	15.415
1.589	21.179	15.417
1.589	21.169	15.416
1.587	21.185	15.417
1.587	21.185	15.417
1.587	21.183	15.413
1.586	21.182	15.416
1.585	21.179	15.417
1.583	21.173	15.419
1.582	21.171	15.420
1.582	21.169	15.417
1.583	21.150	15.418
1.582	21.163	15.419
1.581	21.170	15.418
1.580	21.169	15.420
1.580	21.169	15.420
1.581	21.170	15.421
1.581	21.169	15.418
1.580	21.169	15.419
1.581	21.169	15.419
1.580	21.168	15.420
1.580	21.162	15.423
1.580	21.144	15.421
1.580	21.167	15.425
1.578	21.165	15.419
1.578	21.162	15.423
1.578	21.161	15.423
1.577	21.160	15.421
1.575	21.155	15.426
1.573	21.150	15.422
1.573	21.129	15.422
1.573	21.137	15.423
1.573	21.149	15.424
1.573	21.147	15.424
1.572	21.148	15.424
1.571	21.143	15.425
1.570	21.143	15.423
1.570	21.143	15.428
1.569	21.141	15.427
1.569	21.134	15.425
1.569	21.117	15.426
1.568	21.138	15.427
1.568	21.137	15.425
1.567	21.136	15.425
1.567	21.136	15.425
1.568	21.134	15.428
1.568	21.134	15.427
1.567	21.130	15.427
1.566	21.128	15.426
1.567	21.107	15.426
1.566	21.119	15.429
1.566	21.126	15.429
1.566	21.125	15.429
1.566	21.127	15.428
1.567	21.123	15.428
1.566	21.122	15.427
1.566	21.120	15.429
1.565	21.118	15.427
1.565	21.110	15.426
1.563	21.093	15.428
1.563	21.113	15.428
1.560	21.106	15.428
1.560	21.104	15.430
1.559	21.099	15.427
1.558	21.099	15.430
1.557	21.095	15.431
1.556	21.090	15.432
1.556	21.086	15.429
1.554	21.082	15.430
1.554	21.071	15.431
1.552	21.055	15.429
1.551	21.069	15.430
1.550	21.065	15.429
1.550	21.059	15.428
1.549	21.057	15.429
1.548	21.056	15.432
1.548	21.051	15.432
1.548	21.044	15.428
1.548	21.030	15.432
1.548	21.052	15.432
1.548	21.051	15.430
1.547	21.049	15.433
1.546	21.047	15.431
1.546	21.045	15.435
1.547	21.041	15.432
1.545	21.034	15.433
1.546	21.036	15.433
1.544	21.033	15.431
1.544	21.023	15.434
1.543	21.024	15.435
1.543	21.020	15.433
1.542	21.018	15.433
1.543	21.018	15.432
1.542	21.017	15.434
1.543	21.017	15.431
1.542	21.015	15.432
1.542	21.005	15.433
1.542	20.996	15.434
1.542	21.016	15.431
1.542	21.015	15.434
1.541	21.014	15.434
1.540	21.009	15.433
1.538	20.999	15.434
1.538	20.991	15.435
1.537	20.982	15.434
1.536	20.979	15.433
1.536	20.949	15.435
1.536	20.966	15.437
1.536	20.962	15.435
1.536	20.959	15.436
1.536	20.954	15.435
1.535	20.935	15.437
1.534	20.921	15.435
1.533	20.905	15.436
1.533	20.894	15.436
1.532	20.886	15.437
1.531	20.878	15.437
1.531	20.857	15.435
1.530	20.835	15.437
1.529	20.842	15.439
1.528	20.837	15.438
1.528	20.826	15.435
1.527	20.811	15.439
1.527	20.799	15.438
1.526	20.783	15.438
1.525	20.760	15.438
1.525	20.771	15.438
1.525	20.769	15.436
1.524	20.757	15.438
1.523	20.748	15.440
1.523	20.736	15.439
1.521	20.725	15.441
1.520	20.708	15.440
1.519	20.696	15.438
1.518	20.686	15.438
1.518	20.675	15.439
1.518	20.667	15.439
1.517	20.666	15.439
1.517	20.661	15.439
1.518	20.661	15.439
1.517	20.656	15.439
1.516	20.645	15.437
1.515	20.643	15.439
1.515	20.636	15.440
1.514	20.607	15.438
1.514	20.591	15.437
1.513	20.586	15.439
1.512	20.577	15.440
1.512	20.576	15.441
1.512	20.571	15.439
1.512	20.571	15.440
1.511	20.570	15.439
1.510	20.565	15.440
1.509	20.564	15.442
1.509	20.537	15.441
1.508	20.551	15.441
1.507	20.550	15.442
1.507	20.541	15.441
1.507	20.534	15.442
1.506	20.520	15.442
1.505	20.511	15.441
1.504	20.499	15.443
1.503	20.484	15.443
1.502	20.474	15.441
1.501	20.464	15.441
1.500	20.449	15.443
1.499	20.413	15.440
1.498	20.406	15.444
1.498	20.403	15.441
1.498	20.396	15.444
1.497	20.372	15.444
1.496	20.340	15.442
1.494	20.328	15.443
1.492	20.288	15.442
1.491	20.285	15.445
1.488	20.252	15.441
1.486	20.234	15.442
1.485	20.199	15.439
1.483	20.171	15.444
1.480	20.146	15.443
1.477	20.117	15.445
1.477	20.112	15.445
1.476	20.093	15.444
1.475	20.067	15.444
1.474	20.072	15.445
1.472	20.056	15.444
1.472	20.052	15.443
1.472	20.045	15.444
1.472	20.034	15.445
1.471	20.022	15.445
1.470	20.009	15.444
1.470	19.996	15.445
1.469	19.958	15.446
1.468	19.954	15.446
1.466	19.933	15.446
1.466	19.918	15.446
1.465	19.898	15.446
1.463	19.885	15.446
1.462	19.871	15.442
1.460	19.843	15.445
1.459	19.816	15.444
1.456	19.770	15.444
1.454	19.756	15.446
1.453	19.730	15.447
1.450	19.706	15.448
1.449	19.684	15.448
1.446	19.659	15.448
1.446	19.653	15.445
1.446	19.646	15.445
1.446	19.641	15.447
1.446	19.640	15.447
1.446	19.636	15.447
1.445	19.628	15.448
1.444	19.613	15.447
1.444	19.592	15.448
1.443	19.606	15.448
1.442	19.596	15.449
1.441	19.590	15.448
1.440	19.572	15.449
1.439	19.563	15.448
1.438	19.550	15.449
1.439	19.526	15.448
1.438	19.541	15.448
1.436	19.531	15.447
1.436	19.516	15.449
1.436	19.502	15.449
1.436	19.490	15.447
1.434	19.476	15.447
1.434	19.466	15.448
1.434	19.451	15.448
1.433	19.423	15.448
1.432	19.419	15.449
1.430	19.411	15.450
1.429	19.393	15.451
1.429	19.383	15.448
1.428	19.360	15.449
1.426	19.346	15.449
1.425	19.334	15.449
1.424	19.315	15.451
1.422	19.286	15.450
1.421	19.246	15.448
1.420	19.259	15.452
1.421	19.251	15.451
1.420	19.246	15.450
1.419	19.236	15.450
1.418	19.216	15.451
1.416	19.202	15.454
1.415	19.192	15.449
1.414	19.184	15.451
1.414	19.156	15.451
1.412	19.147	15.455
1.411	19.153	15.454
1.411	19.137	15.452
1.410	19.128	15.452
1.410	19.121	15.450
1.409	19.113	15.451
1.409	19.107	15.450
1.408	19.105	15.451
1.409	19.104	15.451
1.409	19.101	15.451
1.409	19.101	15.453
1.408	19.101	15.450
1.409	19.098	15.452
1.409	19.095	15.452
1.406	19.080	15.454
1.406	19.068	15.453
1.405	19.058	15.453
1.405	19.055	15.453
1.404	19.040	15.453
1.403	19.014	15.457
1.402	19.004	15.455
1.402	18.990	15.454
1.401	18.978	15.454
1.400	18.957	15.455
1.399	18.942	15.455
1.398	18.931	15.454
1.396	18.911	15.454
1.394	18.887	15.454
1.392	18.866	15.454
1.390	18.827	15.454
1.387	18.794	15.456
1.386	18.772	15.456
1.384	18.751	15.454
1.381	18.721	15.452
1.378	18.697	15.451
1.377	18.679	15.451
1.376	18.663	15.453
1.376	18.654	15.453
1.376	18.634	15.456
1.376	18.646	15.455
1.374	18.638	15.456
1.373	18.627	15.455
1.373	18.616	15.452
1.372	18.589	15.453
1.370	18.564	15.455
1.369	18.538	15.455
1.368	18.521	15.453
1.367	18.489	15.457
1.366	18.477	15.456
1.365	18.474	15.458
1.364	18.462	15.456
1.364	18.451	15.456
1.363	18.436	15.456
1.360	18.401	15.456
1.358	18.378	15.457
1.358	18.378	15.458
1.358	18.376	15.456
1.359	18.372	15.457
1.358	18.364	15.457
1.356	18.339	15.456
1.355	18.322	15.457
1.354	18.315	15.459
1.353	18.293	15.459
1.351	18.275	15.459
1.350	18.271	15.458
1.350	18.257	15.456
1.350	18.236	15.457
1.349	18.230	15.460
1.349	18.233	15.458
1.348	18.219	15.461
1.347	18.210	15.457
1.346	18.202	15.459
1.346	18.185	15.459
1.345	18.178	15.458
1.344	18.173	15.457
1.343	18.164	15.459
1.343	18.161	15.458
1.344	18.162	15.457
1.343	18.141	15.461
1.343	18.146	15.461
1.342	18.146	15.457
1.341	18.127	15.461
1.341	18.122	15.461
1.341	18.119	15.461
1.340	18.115	15.459
1.340	18.097	15.459
1.340	18.086	15.460
1.340	18.093	15.461
1.338	18.079	15.462
1.337	18.064	15.461
1.336	18.055	15.458
1.336	18.042	15.460
1.335	18.029	15.461
1.333	18.007	15.461
1.332	17.990	15.463
1.331	17.957	15.462
1.329	17.951	15.461
1.328	17.940	15.461
1.327	17.919	15.461
1.326	17.907	15.461
1.326	17.903	15.459
1.324	17.891	15.460
1.324	17.871	15.459
1.323	17.866	15.462
1.322	17.854	15.462
1.320	17.831	15.463
1.320	17.817	15.461
1.319	17.810	15.463
1.319	17.804	15.462
1.319	17.795	15.464
1.318	17.785	15.464
1.317	17.779	15.459
1.317	17.773	15.464
1.316	17.769	15.464
1.315	17.738	15.465
1.314	17.734	15.464
1.313	17.729	15.462
1.312	17.720	15.464
1.311	17.713	15.462
1.311	17.700	15.464
1.310	17.691	15.466
1.310	17.684	15.465
1.310	17.677	15.467
1.309	17.671	15.464
1.309	17.651	15.465
1.308	17.664	15.463
1.307	17.658	15.464
1.307	17.639	15.468
1.306	17.621	15.464
1.306	17.610	15.466
1.305	17.601	15.467
1.304	17.588	15.466
1.303	17.578	15.468
1.303	17.552	15.465
1.302	17.557	15.465
1.302	17.553	15.467
1.302	17.547	15.467
1.302	17.548	15.465
1.301	17.542	15.467
1.300	17.527	15.465
1.299	17.515	15.466
1.298	17.504	15.465
1.297	17.483	15.466
1.295	17.448	15.468
1.295	17.466	15.466
1.295	17.463	15.468
1.294	17.450	15.467
1.293	17.429	15.468
1.291	17.414	15.467
1.291	17.402	15.468
1.291	17.395	15.466
1.290	17.391	15.468
1.290	17.388	15.467
1.290	17.386	15.470
1.290	17.386	15.469
1.290	17.387	15.468
1.290	17.384	15.468
1.289	17.384	15.470
1.289	17.377	15.468
1.289	17.373	15.468
1.289	17.371	15.470
1.288	17.369	15.469
1.288	17.348	15.469
1.287	17.344	15.468
1.286	17.353	15.468
1.286	17.346	15.470
1.283	17.301	15.471
1.281	17.268	15.472
1.280	17.261	15.471
1.280	17.252	15.471
1.279	17.241	15.471
1.278	17.221	15.471
1.277	17.196	15.472
1.276	17.187	15.471
1.276	17.187	15.472
1.275	17.175	15.471
1.274	17.167	15.469
1.274	17.162	15.470
1.274	17.162	15.470
1.274	17.161	15.469
1.274	17.156	15.471
1.274	17.135	15.470
1.273	17.130	15.472
1.272	17.113	15.469
1.271	17.098	15.472
1.270	17.109	15.471
1.271	17.104	15.472
1.270	17.102	15.470
1.270	17.089	15.471
1.269	17.078	15.472
1.269	17.070	15.469
1.268	17.051	15.473
1.268	17.055	15.473
1.267	17.046	15.471
1.266	17.037	15.472
1.265	17.023	15.472
1.264	17.009	15.474
1.263	16.990	15.474
1.260	16.960	15.473
1.259	16.950	15.472
1.258	16.932	15.472
1.258	16.930	15.473
1.258	16.922	15.474
1.256	16.908	15.475
1.255	16.898	15.473
1.255	16.884	15.474
1.255	16.879	15.475
1.255	16.870	15.472
1.254	16.859	15.474
1.252	16.846	15.473
1.252	16.822	15.474
1.251	16.829	15.474
1.249	16.805	15.473
1.247	16.778	15.475
1.246	16.764	15.475
1.245	16.747	15.473
1.244	16.735	15.475
1.244	16.725	15.474
1.243	16.718	15.473
1.242	16.704	15.474
1.242	16.693	15.474
1.241	16.686	15.474
1.240	16.679	15.473
1.239	16.667	15.478
1.239	16.650	15.475
1.237	16.635	15.477
1.236	16.625	15.477
1.236	16.619	15.475
1.236	16.616	15.475
1.236	16.601	15.475
1.236	16.614	15.475
1.233	16.584	15.475
1.228	16.534	15.477
1.225	16.493	15.476
1.224	16.475	15.476
1.222	16.450	15.477
1.220	16.418	15.477
1.218	16.389	15.475
1.217	16.363	15.477
1.216	16.349	15.476
1.215	16.352	15.477
1.216	16.346	15.476
1.215	16.346	15.477
1.216	16.343	15.475
1.216	16.342	15.477
1.216	16.342	15.477
1.216	16.340	15.478
1.216	16.340	15.479
1.216	16.339	15.477
1.216	16.334	15.478
1.216	16.333	15.477
1.215	16.327	15.477
1.214	16.316	15.478
1.214	16.302	15.481
1.213	16.285	15.478
1.211	16.273	15.479
1.208	16.240	15.480
1.204	16.174	15.476
1.203	16.167	15.480
1.203	16.174	15.479
1.204	16.174	15.478
1.204	16.174	15.481
1.203	16.174	15.479
1.204	16.173	15.479
1.204	16.173	15.481
1.204	16.173	15.480
1.204	16.172	15.479
1.203	16.165	15.482
1.201	16.140	15.480
1.199	16.114	15.481
1.198	16.096	15.480
1.197	16.071	15.481
1.194	16.048	15.481
1.191	16.012	15.481
1.191	15.996	15.480
1.191	15.992	15.478
1.191	15.986	15.481
1.191	15.982	15.482
1.191	15.992	15.480
1.192	15.992	15.481
1.192	15.992	15.482
1.192	15.992	15.481
1.192	15.991	15.481
1.192	15.991	15.479
1.192	15.991	15.481
1.192	15.991	15.483
1.192	15.977	15.482
1.192	15.985	15.481
1.191	15.982	15.481
1.190	15.969	15.483
1.189	15.963	15.482
1.188	15.951	15.482
1.188	15.941	15.483
1.187	15.928	15.481
1.186	15.912	15.481
1.184	15.901	15.482
1.184	15.890	15.484
1.183	15.884	15.483
1.183	15.879	15.482
1.182	15.869	15.482
1.181	15.850	15.482
1.179	15.831	15.483
1.178	15.813	15.483
1.176	15.791	15.483
1.174	15.770	15.482
1.173	15.732	15.483
1.172	15.731	15.484
1.171	15.721	15.484
1.172	15.717	15.486
1.172	15.718	15.486
1.171	15.711	15.486
1.170	15.706	15.484
1.169	15.698	15.484
1.168	15.675	15.483
1.166	15.650	15.487
1.165	15.628	15.485
1.165	15.631	15.484
1.164	15.625	15.488
1.165	15.625	15.485
1.164	15.616	15.487
1.163	15.606	15.484
1.163	15.594	15.483
1.161	15.583	15.484
1.160	15.570	15.483
1.159	15.537	15.484
1.158	15.531	15.484
1.155	15.502	15.485
1.153	15.471	15.486
1.152	15.454	15.485
1.151	15.438	15.485
1.150	15.427	15.486
1.148	15.391	15.484
1.147	15.379	15.485
1.146	15.367	15.485
1.145	15.344	15.486
1.144	15.341	15.484
1.143	15.329	15.486
1.142	15.319	15.487
1.142	15.309	15.488
1.140	15.292	15.487
1.138	15.265	15.488
1.137	15.251	15.490
1.136	15.235	15.487
1.135	15.207	15.485
1.134	15.207	15.485
1.133	15.197	15.487
1.132	15.182	15.488
1.131	15.164	15.489
1.131	15.154	15.487
1.130	15.151	15.489
1.131	15.152	15.488
1.131	15.151	15.486
1.130	15.147	15.486
1.130	15.126	15.486
1.130	15.134	15.488
1.127	15.096	15.489
1.123	15.047	15.490
1.121	15.026	15.490
1.121	15.016	15.490
1.121	15.006	15.489
1.119	14.987	15.490
1.118	14.968	15.488
1.115	14.940	15.488
1.114	14.916	15.491
1.114	14.902	15.489
1.113	14.892	15.492
1.112	14.872	15.490
1.110	14.856	15.491
1.110	14.855	15.491
1.110	14.853	15.491
1.109	14.839	15.490
1.107	14.807	15.488
1.104	14.763	15.487
1.102	14.742	15.493
1.100	14.723	15.490
1.099	14.703	15.490
1.099	14.700	15.490
1.099	14.695	15.491
1.098	14.685	15.490
1.098	14.685	15.490
1.099	14.685	15.492
1.099	14.677	15.490
1.099	14.677	15.491
1.099	14.685	15.491
1.098	14.678	15.489
1.097	14.661	15.493
1.092	14.605	15.491
1.090	14.577	15.493
1.089	14.557	15.491
1.089	14.543	15.493
1.089	14.536	15.492
1.088	14.529	15.490
1.088	14.527	15.494
1.087	14.519	15.494
1.087	14.511	15.492
1.087	14.510	15.494
1.086	14.501	15.494
1.086	14.491	15.492
1.086	14.490	15.492
1.084	14.476	15.492
1.083	14.452	15.493
1.083	14.448	15.492
1.082	14.452	15.492
1.081	14.437	15.494
1.081	14.430	15.493
1.081	14.429	15.490
1.081	14.428	15.492
1.080	14.407	15.493
1.079	14.387	15.493
1.077	14.371	15.493
1.077	14.350	15.492
1.076	14.356	15.493
1.075	14.339	15.495
1.074	14.330	15.494
1.074	14.326	15.494
1.074	14.326	15.490
1.074	14.322	15.495
1.073	14.306	15.495
1.071	14.288	15.495
1.071	14.258	15.493
1.070	14.262	15.494
1.069	14.257	15.496
1.068	14.239	15.496
1.067	14.221	15.496
1.066	14.202	15.495
1.064	14.185	15.493
1.063	14.170	15.496
1.064	14.168	15.498
1.064	14.167	15.496
1.063	14.154	15.496
1.064	14.168	15.496
1.063	14.160	15.497
1.063	14.159	15.495
1.063	14.159	15.497
1.063	14.157	15.498
1.063	14.153	15.495
1.062	14.148	15.496
1.062	14.143	15.498
1.060	14.117	15.496
1.060	14.105	15.497
1.059	14.104	15.496
1.059	14.091	15.498
1.056	14.066	15.498
1.056	14.056	15.495
1.055	14.043	15.494
1.054	14.030	15.496
1.053	14.011	15.495
1.053	14.003	15.496
1.052	13.988	15.495
1.052	13.990	15.497
1.051	13.989	15.495
1.051	13.987	15.495
1.051	13.982	15.497
1.051	13.977	15.496
1.051	13.975	15.498
1.051	13.972	15.497
1.049	13.955	15.497
1.048	13.938	15.497
1.048	13.932	15.497
1.048	13.935	15.500
1.048	13.929	15.497
1.048	13.928	15.499
1.046	13.903	15.497
1.044	13.876	15.497
1.042	13.859	15.499
1.042	13.855	15.498
1.041	13.852	15.499
1.041	13.835	15.497
1.040	13.842	15.499
1.039	13.824	15.498
1.036	13.789	15.496
1.035	13.762	15.499
1.034	13.755	15.501
1.034	13.751	15.500
1.034	13.745	15.498
1.033	13.732	15.500
1.033	13.716	15.499
1.031	13.689	15.501
1.030	13.685	15.499
1.029	13.680	15.499
1.028	13.668	15.502
1.028	13.651	15.500
1.026	13.635	15.500
1.026	13.623	15.499
1.026	13.619	15.499
1.026	13.616	15.500
1.026	13.600	15.500
1.025	13.600	15.500
1.023	13.592	15.500
1.022	13.571	15.501
1.020	13.549	15.501
1.019	13.525	15.498
1.016	13.482	15.504
1.014	13.462	15.500
1.013	13.452	15.502
1.014	13.449	15.500
1.014	13.439	15.501
1.014	13.449	15.500
1.014	13.442	15.501
1.013	13.436	15.502
1.012	13.416	15.502
1.011	13.399	15.505
1.010	13.396	15.501
1.010	13.396	15.504
1.010	13.389	15.503
1.009	13.381	15.502
1.008	13.375	15.501
1.006	13.357	15.500
1.005	13.336	15.502
1.003	13.317	15.503
1.002	13.303	15.503
1.001	13.277	15.501
1.000	13.258	15.502
0.999	13.247	15.502
0.998	13.230	15.500
0.997	13.210	15.501
0.996	13.209	15.499
0.994	13.190	15.503
0.993	13.171	15.504
0.992	13.151	15.503
0.991	13.141	15.504
0.991	13.135	15.504
0.990	13.116	15.503
0.989	13.110	15.502
0.989	13.093	15.502
0.989	13.098	15.505
0.988	13.083	15.506
0.988	13.068	15.503
0.986	13.054	15.503
0.986	13.048	15.504
0.986	13.047	15.505
0.986	13.041	15.507
0.985	13.036	15.503
0.983	13.018	15.503
0.982	12.997	15.506
0.981	12.996	15.507
0.981	12.986	15.504
0.981	12.986	15.502
0.980	12.972	15.504
0.979	12.952	15.507
0.979	12.951	15.508
0.979	12.948	15.508
0.979	12.949	15.509
0.979	12.937	15.505
0.978	12.939	15.508
0.976	12.924	15.508
0.974	12.899	15.506
0.972	12.875	15.506
0.971	12.859	15.507
0.970	12.845	15.505
0.969	12.824	15.506
0.969	12.820	15.507
0.968	12.814	15.506
0.968	12.812	15.507
0.969	12.810	15.506
0.968	12.808	15.508
0.969	12.803	15.506
0.969	12.809	15.506
0.969	12.807	15.507
0.969	12.806	15.509
0.968	12.803	15.505
0.967	12.786	15.507
0.965	12.755	15.506
0.963	12.744	15.509
0.961	12.716	15.506
0.960	12.692	15.507
0.959	12.678	15.507
0.958	12.659	15.508
0.956	12.644	15.507
0.955	12.624	15.511
0.955	12.613	15.509
0.954	12.594	15.507
0.953	12.581	15.511
0.953	12.574	15.510
0.952	12.569	15.509
0.952	12.567	15.508
0.951	12.561	15.509
0.951	12.551	15.510
0.950	12.537	15.510
0.949	12.532	15.511
0.949	12.526	15.509
0.949	12.512	15.510
0.948	12.512	15.513
0.947	12.498	15.509
0.946	12.488	15.508
0.945	12.471	15.511
0.943	12.443	15.509
0.942	12.429	15.508
0.941	12.417	15.507
0.941	12.412	15.510
0.941	12.407	15.507
0.941	12.402	15.509
0.941	12.408	15.509
0.939	12.390	15.511
0.939	12.388	15.509
0.939	12.383	15.509
0.938	12.369	15.510
0.936	12.349	15.514
0.936	12.335	15.512
0.934	12.313	15.513
0.933	12.288	15.508
0.932	12.279	15.511
0.930	12.251	15.512
0.927	12.212	15.511
0.926	12.191	15.513
0.923	12.167	15.512
0.922	12.146	15.513
0.921	12.125	15.512
0.920	12.117	15.514
0.921	12.111	15.511
0.921	12.105	15.512
0.921	12.109	15.514
0.920	12.100	15.511
0.920	12.090	15.511
0.919	12.081	15.511
0.918	12.073	15.510
0.917	12.056	15.511
0.916	12.042	15.511
0.916	12.036	15.516
0.915	12.021	15.510
0.914	12.009	15.513
0.912	11.996	15.515
0.911	11.978	15.513
0.908	11.946	15.513
0.906	11.917	15.514
0.905	11.911	15.515
0.906	11.908	15.513
0.906	11.905	15.513
0.906	11.901	15.513
0.905	11.890	15.513
0.905	11.897	15.513
0.906	11.900	15.514
0.906	11.901	15.513
0.906	11.901	15.514
0.906	11.901	15.516
0.906	11.900	15.514
0.906	11.899	15.516
0.906	11.900	15.514
0.906	11.890	15.513
0.905	11.887	15.515
0.903	11.865	15.515
0.901	11.853	15.513
0.901	11.836	15.515
0.899	11.816	15.517
0.899	11.807	15.516
0.899	11.804	15.516
0.898	11.791	15.517
0.896	11.758	15.516
0.895	11.740	15.513
0.894	11.736	15.519
0.894	11.728	15.518
0.893	11.726	15.516
0.893	11.720	15.516
0.892	11.702	15.518
0.891	11.693	15.516
0.891	11.678	15.516
0.889	11.663	15.516
0.888	11.633	15.512
0.886	11.624	15.515
0.885	11.602	15.518
0.883	11.581	15.515
0.882	11.571	15.519
0.882	11.562	15.517
0.882	11.559	15.517
0.882	11.558	15.518
0.881	11.550	15.517
0.881	11.543	15.516
0.880	11.536	15.518
0.880	11.538	15.518
0.879	11.522	15.519
0.877	11.508	15.516
0.875	11.460	15.518
0.873	11.445	15.519
0.872	11.433	15.517
0.872	11.425	15.520
0.871	11.422	15.518
0.871	11.407	15.515
0.870	11.401	15.519
0.870	11.399	15.518
0.871	11.400	15.519
0.870	11.395	15.518
0.870	11.393	15.518
0.870	11.391	15.519
0.870	11.390	15.519
0.871	11.386	15.520
0.870	11.381	15.516
0.870	11.378	15.518
0.870	11.384	15.518
0.870	11.382	15.520
0.870	11.380	15.520
0.870	11.379	15.519
0.869	11.372	15.520
0.868	11.365	15.519
0.867	11.351	15.520
0.867	11.339	15.520
0.866	11.327	15.521
0.865	11.308	15.519
0.864	11.296	15.520
0.863	11.284	15.518
0.862	11.279	15.517
0.862	11.275	15.518
0.862	11.266	15.520
0.861	11.248	15.519
0.859	11.232	15.520
0.858	11.212	15.520
0.857	11.193	15.518
0.856	11.182	15.521
0.855	11.169	15.519
0.854	11.153	15.520
0.853	11.140	15.520
0.852	11.129	15.521
0.850	11.114	15.521
0.848	11.092	15.521
0.848	11.084	15.521
0.847	11.070	15.522
0.847	11.069	15.522
0.846	11.057	15.521
0.845	11.036	15.521
0.844	11.024	15.522
0.843	11.011	15.522
0.842	10.995	15.521
0.842	10.985	15.521
0.840	10.976	15.520
0.839	10.955	15.522
0.839	10.941	15.521
0.838	10.941	15.521
0.837	10.929	15.521
0.836	10.917	15.522
0.835	10.903	15.521
0.834	10.895	15.521
0.833	10.880	15.521
0.832	10.848	15.521
0.830	10.827	15.521
0.829	10.800	15.521
0.828	10.793	15.520
0.828	10.782	15.522
0.827	10.767	15.522
0.827	10.759	15.525
0.825	10.744	15.522
0.825	10.730	15.523
0.824	10.718	15.523
0.823	10.706	15.521
0.821	10.682	15.523
0.820	10.660	15.522
0.819	10.647	15.524
0.818	10.647	15.523
0.818	10.641	15.525
0.817	10.623	15.525
0.817	10.620	15.525
0.817	10.620	15.524
0.816	10.608	15.523
0.815	10.597	15.523
0.813	10.567	15.523
0.811	10.548	15.523
0.809	10.526	15.525
0.808	10.513	15.523
0.808	10.510	15.523
0.808	10.510	15.524
0.808	10.507	15.526
0.807	10.492	15.522
0.806	10.480	15.524
0.806	10.467	15.523
0.806	10.462	15.525
0.806	10.465	15.525
0.804	10.450	15.526
0.803	10.436	15.523
0.802	10.417	15.525
0.801	10.393	15.525
0.799	10.373	15.524
0.796	10.346	15.526
0.795	10.324	15.525
0.794	10.300	15.523
0.793	10.294	15.525
0.793	10.278	15.525
0.791	10.263	15.524
0.791	10.254	15.524
0.790	10.245	15.526
0.790	10.238	15.525
0.788	10.218	15.528
0.787	10.195	15.527
0.786	10.184	15.525
0.785	10.177	15.526
0.785	10.180	15.526
0.783	10.152	15.526
0.783	10.145	15.525
0.783	10.144	15.525
0.783	10.143	15.526
0.782	10.131	15.526
0.780	10.111	15.527
0.778	10.085	15.527
0.776	10.066	15.526
0.775	10.051	15.527
0.775	10.043	15.528
0.774	10.035	15.528
0.773	10.024	15.525
0.772	10.003	15.529
0.769	9.978	15.527
0.768	9.951	15.528
0.766	9.927	15.529
0.765	9.899	15.527
0.763	9.875	15.526
0.762	9.863	15.528
0.762	9.850	15.527
0.761	9.839	15.527
0.761	9.834	15.527
0.760	9.814	15.528
0.759	9.797	15.526
0.757	9.778	15.532
0.756	9.765	15.527
0.755	9.749	15.527
0.754	9.739	15.526
0.753	9.727	15.528
0.753	9.720	15.527
0.752	9.713	15.527
0.751	9.694	15.526
0.751	9.692	15.529
0.750	9.686	15.527
0.748	9.660	15.528
0.747	9.642	15.528
0.745	9.622	15.529
0.744	9.605	15.530
0.742	9.586	15.528
0.741	9.569	15.529
0.740	9.555	15.529
0.740	9.544	15.530
0.738	9.532	15.529
0.736	9.499	15.531
0.735	9.470	15.530
0.734	9.453	15.528
0.734	9.439	15.530
0.732	9.432	15.530
0.732	9.424	15.530
0.732	9.424	15.528
0.732	9.422	15.532
0.730	9.406	15.531
0.727	9.361	15.529
0.725	9.329	15.530
0.723	9.306	15.530
0.719	9.265	15.529
0.718	9.242	15.530
0.718	9.241	15.529
0.718	9.241	15.529
0.718	9.236	15.529
0.717	9.222	15.529
0.716	9.204	15.528
0.716	9.197	15.531
0.716	9.196	15.530
0.715	9.184	15.529
0.713	9.167	15.528
0.713	9.162	15.529
0.712	9.151	15.531
0.711	9.143	15.530
0.711	9.140	15.534
0.711	9.141	15.531
0.711	9.140	15.530
0.711	9.139	15.532
0.712	9.138	15.530
0.711	9.132	15.530
0.710	9.131	15.530
0.710	9.124	15.533
0.710	9.119	15.531
0.709	9.104	15.532
0.709	9.099	15.531
0.709	9.097	15.532
0.709	9.096	15.531
0.709	9.095	15.532
0.709	9.094	15.529
0.709	9.094	15.531
0.709	9.094	15.532
0.709	9.094	15.531
0.709	9.094	15.533
0.709	9.091	15.533
0.709	9.091	15.533
0.709	9.088	15.533
0.709	9.089	15.533
0.709	9.088	15.534
0.709	9.087	15.534
0.709	9.082	15.529
0.709	9.085	15.534
0.709	9.084	15.535
0.709	9.083	15.531
0.708	9.078	15.532
0.708	9.070	15.534
0.707	9.055	15.533
0.705	9.038	15.533
0.703	9.004	15.534
0.701	8.983	15.532
0.701	8.972	15.533
0.701	8.970	15.530
0.701	8.966	15.533
0.700	8.960	15.532
0.699	8.951	15.532
0.698	8.934	15.535
0.698	8.931	15.534
0.698	8.930	15.534
0.698	8.923	15.533
0.697	8.915	15.534
0.696	8.898	15.533
0.695	8.887	15.535
0.695	8.882	15.536
0.694	8.875	15.533
0.694	8.872	15.534
0.694	8.867	15.533
0.694	8.864	15.533
0.693	8.858	15.535
0.692	8.840	15.534
0.691	8.832	15.538
0.691	8.826	15.536
0.691	8.824	15.536
0.690	8.817	15.536
0.690	8.813	15.535
0.690	8.802	15.536
0.689	8.790	15.534
0.688	8.788	15.536
0.688	8.781	15.533
0.688	8.782	15.537
0.688	8.777	15.535
0.687	8.771	15.537
0.686	8.762	15.539
0.686	8.762	15.536
0.686	8.757	15.536
0.685	8.747	15.534
0.684	8.728	15.536
0.683	8.721	15.535
0.682	8.707	15.537
0.681	8.696	15.535
0.681	8.700	15.537
0.681	8.699	15.536
0.680	8.689	15.537
0.679	8.667	15.536
0.679	8.663	15.537
0.679	8.662	15.536
0.679	8.661	15.537
0.677	8.639	15.531
0.676	8.628	15.538
0.675	8.612	15.539
0.673	8.582	15.537
0.672	8.568	15.536
0.671	8.554	15.536
0.671	8.545	15.538
0.670	8.531	15.536
0.669	8.511	15.536
0.669	8.498	15.537
0.668	8.489	15.537
0.667	8.484	15.540
0.667	8.476	15.536
0.667	8.472	15.537
0.666	8.471	15.539
0.666	8.459	15.534
0.664	8.444	15.540
0.663	8.427	15.536
0.662	8.411	15.539
0.662	8.398	15.536
0.661	8.398	15.537
0.661	8.390	15.538
0.660	8.379	15.537
0.659	8.368	15.538
0.658	8.354	15.541
0.655	8.326	15.538
0.654	8.308	15.539
0.654	8.308	15.539
0.654	8.305	15.537
0.654	8.303	15.540
0.654	8.303	15.540
0.653	8.290	15.542
0.652	8.274	15.541
0.650	8.254	15.538
0.649	8.242	15.543
0.649	8.240	15.541
0.649	8.239	15.541
0.649	8.239	15.541
0.649	8.234	15.539
0.647	8.211	15.540
0.645	8.185	15.537
0.645	8.179	15.539
0.645	8.180	15.541
0.645	8.179	15.539
0.644	8.173	15.541
0.644	8.159	15.539
0.643	8.152	15.540
0.643	8.146	15.539
0.643	8.139	15.540
0.642	8.133	15.541
0.641	8.125	15.544
0.639	8.094	15.541
0.637	8.058	15.540
0.635	8.035	15.540
0.633	8.016	15.540
0.632	8.000	15.542
0.630	7.969	15.541
0.628	7.949	15.540
0.627	7.926	15.541
0.626	7.916	15.543
0.624	7.896	15.542
0.623	7.882	15.544
0.622	7.856	15.541
0.618	7.810	15.540
0.616	7.785	15.542
0.615	7.776	15.540
0.615	7.772	15.542
0.615	7.767	15.540
0.615	7.769	15.540
0.616	7.768	15.542
0.616	7.768	15.541
0.615	7.765	15.542
0.614	7.750	15.541
0.612	7.725	15.543
0.610	7.700	15.542
0.607	7.662	15.543
0.604	7.610	15.541
0.602	7.587	15.543
0.601	7.568	15.544
0.600	7.556	15.545
0.601	7.556	15.542
0.601	7.556	15.545
0.601	7.554	15.541
0.600	7.544	15.543
0.600	7.535	15.544
0.599	7.526	15.543
0.598	7.511	15.544
0.596	7.490	15.543
0.595	7.468	15.544
0.594	7.456	15.543
0.592	7.436	15.542
0.591	7.412	15.544
0.590	7.405	15.543
0.590	7.397	15.542
0.590	7.393	15.543
0.590	7.392	15.543
0.590	7.390	15.543
0.589	7.384	15.544
0.588	7.366	15.543
0.587	7.356	15.541
0.587	7.355	15.543
0.587	7.351	15.543
0.586	7.344	15.542
0.585	7.336	15.545
0.584	7.329	15.544
0.584	7.324	15.545
0.584	7.324	15.543
0.584	7.324	15.543
0.584	7.324	15.542
0.584	7.323	15.545
0.583	7.312	15.543
0.582	7.298	15.543
0.581	7.285	15.543
0.580	7.276	15.543
0.580	7.275	15.544
0.581	7.275	15.545
0.581	7.275	15.546
0.580	7.271	15.544
0.580	7.255	15.545
0.579	7.242	15.546
0.578	7.232	15.544
0.577	7.227	15.545
0.577	7.218	15.544
0.576	7.208	15.545
0.575	7.184	15.544
0.573	7.166	15.546
0.572	7.143	15.549
0.571	7.129	15.545
0.571	7.129	15.545
0.570	7.122	15.546
0.569	7.107	15.550
0.569	7.100	15.546
0.569	7.093	15.546
0.569	7.092	15.546
0.569	7.091	15.547
0.568	7.080	15.545
0.567	7.069	15.549
0.567	7.068	15.547
0.567	7.062	15.547
0.566	7.056	15.546
0.566	7.048	15.548
0.566	7.043	15.544
0.566	7.042	15.546
0.566	7.039	15.548
0.566	7.039	15.548
0.566	7.040	15.548
0.566	7.040	15.550
0.566	7.038	15.546
0.565	7.031	15.546
0.565	7.027	15.548
0.564	7.023	15.548
0.564	7.019	15.546
0.563	7.008	15.547
0.561	6.992	15.547
0.560	6.968	15.547
0.559	6.958	15.546
0.559	6.952	15.546
0.560	6.951	15.546
0.559	6.948	15.548
0.558	6.932	15.547
0.556	6.912	15.549
0.555	6.910	15.548
0.555	6.909	15.551
0.556	6.909	15.549
0.555	6.909	15.549
0.555	6.902	15.546
0.554	6.892	15.549
0.554	6.889	15.547
0.554	6.890	15.546
0.554	6.889	15.548
0.554	6.889	15.548
0.554	6.889	15.547
0.554	6.885	15.549
0.553	6.876	15.550
0.552	6.862	15.550
0.551	6.840	15.549
0.550	6.828	15.551
0.550	6.824	15.548
0.550	6.824	15.549
0.549	6.822	15.549
0.548	6.818	15.549
0.549	6.815	15.550
0.549	6.816	15.550
0.549	6.815	15.548
0.548	6.812	15.550
0.548	6.811	15.552
0.548	6.807	15.549
0.548	6.805	15.554
0.548	6.804	15.552
0.548	6.803	15.549
0.548	6.798	15.551
0.547	6.780	15.549
0.546	6.765	15.552
0.545	6.752	15.550
0.544	6.738	15.551
0.543	6.722	15.550
0.542	6.710	15.552
0.541	6.695	15.551
0.540	6.673	15.552
0.539	6.658	15.553
0.538	6.651	15.554
0.538	6.641	15.553
0.537	6.636	15.555
0.536	6.628	15.550
0.536	6.619	15.550
0.535	6.616	15.550
0.535	6.610	15.550
0.535	6.604	15.552
0.535	6.603	15.553
0.534	6.592	15.550
0.533	6.582	15.550
0.532	6.575	15.550
0.532	6.565	15.550
0.531	6.553	15.550
0.531	6.546	15.552
0.531	6.544	15.553
0.530	6.539	15.551
0.530	6.532	15.553
0.529	6.522	15.552
0.528	6.505	15.553
0.527	6.492	15.553
0.526	6.485	15.555
0.526	6.484	15.552
0.526	6.482	15.554
0.525	6.475	15.554
0.525	6.469	15.553
0.524	6.464	15.554
0.524	6.461	15.553
0.524	6.456	15.552
0.524	6.450	15.552
0.523	6.445	15.557
0.523	6.439	15.554
0.522	6.423	15.553
0.521	6.421	15.552
0.521	6.420	15.554
0.521	6.420	15.556
0.521	6.421	15.553
0.522	6.421	15.556
0.521	6.420	15.554
0.521	6.419	15.555
0.521	6.416	15.555
0.521	6.409	15.554
0.520	6.392	15.555
0.519	6.387	15.555
0.519	6.385	15.555
0.519	6.384	15.554
0.519	6.384	15.555
0.518	6.374	15.554
0.518	6.372	15.554
0.517	6.370	15.557
0.517	6.364	15.557
0.517	6.361	15.556
0.516	6.360	15.556
0.516	6.357	15.557
0.516	6.357	15.556
0.516	6.353	15.557
0.515	6.341	15.554
0.512	6.307	15.556
0.512	6.293	15.557
0.512	6.290	15.556
0.511	6.287	15.555
0.511	6.270	15.557
0.510	6.259	15.558
0.510	6.255	15.556
0.510	6.250	15.556
0.508	6.232	15.555
0.506	6.208	15.556
0.504	6.187	15.555
0.504	6.174	15.555
0.503	6.161	15.555
0.502	6.149	15.555
0.502	6.143	15.554
0.501	6.137	15.555
0.501	6.124	15.555
0.500	6.116	15.556
0.500	6.110	15.556
0.500	6.104	15.556
0.500	6.104	15.555
0.499	6.096	15.556
0.498	6.086	15.556
0.497	6.077	15.555
0.496	6.063	15.558
0.495	6.042	15.554
0.493	6.026	15.558
0.493	6.016	15.556
0.493	6.007	15.556
0.492	5.994	15.556
0.491	5.978	15.556
0.490	5.969	15.558
0.490	5.967	15.557
0.490	5.965	15.559
0.490	5.966	15.558
0.490	5.963	15.558
0.490	5.963	15.558
0.490	5.962	15.559
0.490	5.960	15.558
0.489	5.957	15.556
0.487	5.943	15.558
0.485	5.930	15.557
0.484	5.922	15.560
0.485	5.922	15.556
0.485	5.921	15.559
0.484	5.920	15.556
0.483	5.916	15.557
0.482	5.908	15.557
0.479	5.897	15.558
0.478	5.894	15.556
0.479	5.894	15.558
0.479	5.893	15.558
0.479	5.892	15.560
0.479	5.890	15.559
0.479	5.890	15.558
0.478	5.886	15.558
0.478	5.884	15.558
0.477	5.884	15.558
0.476	5.877	15.558
0.476	5.876	15.559
0.476	5.872	15.558
0.474	5.866	15.558
0.473	5.861	15.562
0.472	5.859	15.559
0.472	5.859	15.561
0.472	5.859	15.561
0.472	5.859	15.559
0.472	5.859	15.558
0.471	5.855	15.559
0.470	5.849	15.560
0.469	5.847	15.560
0.469	5.847	15.559
0.468	5.843	15.558
0.467	5.839	15.558
0.467	5.836	15.556
0.465	5.833	15.559
0.462	5.825	15.557
0.459	5.817	15.559
0.458	5.814	15.559
0.458	5.814	15.560
0.458	5.814	15.559
0.458	5.812	15.560
0.457	5.811	15.562
0.457	5.811	15.560
0.457	5.811	15.560
0.457	5.811	15.559
0.456	5.809	15.560
0.455	5.806	15.559
0.455	5.805	15.558
0.455	5.805	15.561
0.454	5.803	15.560
0.453	5.799	15.558
0.451	5.797	15.562
0.450	5.794	15.560
0.450	5.794	15.562
0.450	5.793	15.561
0.449	5.789	15.559
0.448	5.787	15.562
0.447	5.786	15.561
0.447	5.786	15.561
0.447	5.786	15.561
0.446	5.784	15.559
0.445	5.782	15.560
0.444	5.777	15.562
0.444	5.774	15.561
0.444	5.774	15.562
0.444	5.774	15.560
0.444	5.774	15.561
0.444	5.774	15.561
0.443	5.774	15.561
0.443	5.773	15.562
0.443	5.772	15.562
0.442	5.770	15.562
0.442	5.769	15.562
0.441	5.768	15.562
0.441	5.768	15.562
0.440	5.766	15.563
0.440	5.765	15.561
0.438	5.762	15.561
0.436	5.755	15.562
0.435	5.752	15.562
0.434	5.750	15.563
0.433	5.750	15.564
0.432	5.747	15.562
0.431	5.746	15.561
0.430	5.743	15.563
0.429	5.738	15.562
0.428	5.737	15.560
0.427	5.736	15.563
0.425	5.730	15.563
0.424	5.726	15.563
0.423	5.725	15.562
0.423	5.724	15.564
0.422	5.722	15.564
0.421	5.721	15.563
0.420	5.717	15.564
0.419	5.713	15.564
0.418	5.713	15.563
0.417	5.711	15.563
0.416	5.708	15.562
0.416	5.707	15.563
0.416	5.706	15.564
0.416	5.707	15.563
0.415	5.704	15.563
0.414	5.703	15.564
0.414	5.703	15.564
0.414	5.703	15.562
0.414	5.702	15.564
0.414	5.701	15.565
0.414	5.701	15.565
0.414	5.701	15.563
0.414	5.701	15.563
0.414	5.701	15.563
0.413	5.701	15.561
0.413	5.699	15.564
0.412	5.695	15.566
0.411	5.692	15.564
0.411	5.690	15.564
0.410	5.688	15.565
0.409	5.686	15.564
0.408	5.682	15.565
0.408	5.681	15.567
0.407	5.682	15.564
0.407	5.682	15.562
0.407	5.681	15.566
0.405	5.681	15.565
0.404	5.681	15.565
0.404	5.681	15.565
0.403	5.681	15.565
0.401	5.680	15.566
0.399	5.683	15.567
0.399	5.683	15.564
0.398	5.682	15.566
0.398	5.682	15.568
0.397	5.683	15.562
0.395	5.682	15.566
0.393	5.682	15.566
0.393	5.682	15.564
0.393	5.682	15.567
0.392	5.681	15.565
0.392	5.682	15.566
0.391	5.682	15.565
0.391	5.681	15.565
0.390	5.682	15.567
0.389	5.681	15.567
0.388	5.683	15.567
0.387	5.681	15.567
0.386	5.683	15.566
0.385	5.682	15.567
0.384	5.682	15.568
0.384	5.682	15.566
0.384	5.682	15.566
0.383	5.681	15.565
0.383	5.682	15.564
0.382	5.683	15.564
0.382	5.682	15.566
0.381	5.682	15.565
0.380	5.681	15.567
0.380	5.682	15.566
0.380	5.682	15.567
0.379	5.682	15.566
0.378	5.682	15.568
0.378	5.681	15.568
0.377	5.682	15.569
0.376	5.683	15.567
0.375	5.682	15.568
0.374	5.682	15.567
0.373	5.681	15.568
0.372	5.682	15.567
0.370	5.683	15.569
0.370	5.682	15.568
0.369	5.682	15.569
0.369	5.681	15.569
0.368	5.682	15.568
0.367	5.681	15.569
0.367	5.681	15.567
0.366	5.681	15.569
0.366	5.681	15.570
0.366	5.682	15.567
0.366	5.682	15.567
0.366	5.682	15.569
0.366	5.681	15.568
0.366	5.682	15.569
0.366	5.683	15.569
0.366	5.682	15.567
0.366	5.682	15.568
0.366	5.682	15.570
0.366	5.681	15.566
0.366	5.682	15.569
0.366	5.681	15.568
0.366	5.682	15.570
0.366	5.681	15.568
0.367	5.681	15.568
0.367	5.680	15.570
0.367	5.681	15.570
0.367	5.682	15.568
0.367	5.681	15.568
0.367	5.681	15.572
0.367	5.680	15.569
