0.367	5.681	15.548
0.367	5.681	15.547
0.367	5.681	15.543
0.367	5.681	15.544
0.367	5.681	15.543
0.367	5.682	15.543
0.367	5.682	15.542
0.367	5.681	15.542
0.367	5.681	15.542
0.367	5.682	15.542
0.367	5.681	15.544
0.367	5.682	15.541
0.367	5.681	15.539
0.368	5.682	15.537
0.369	5.681	15.541
0.369	5.682	15.539
0.369	5.681	15.539
0.369	5.682	15.539
0.369	5.683	15.539
0.369	5.682	15.538
0.370	5.682	15.538
0.370	5.681	15.538
0.370	5.682	15.538
0.371	5.682	15.537
0.371	5.682	15.536
0.372	5.682	15.537
0.372	5.682	15.536
0.372	5.683	15.533
0.373	5.682	15.535
0.373	5.682	15.535
0.373	5.682	15.536
0.373	5.681	15.535
0.374	5.683	15.535
0.374	5.683	15.534
0.374	5.682	15.534
0.375	5.682	15.534
0.375	5.682	15.533
0.376	5.682	15.535
0.376	5.683	15.534
0.377	5.683	15.536
0.378	5.681	15.535
0.378	5.681	15.533
0.379	5.682	15.533
0.379	5.682	15.533
0.380	5.681	15.534
0.380	5.682	15.532
0.381	5.681	15.533
0.381	5.681	15.531
0.381	5.682	15.530
0.382	5.682	15.532
0.382	5.682	15.531
0.383	5.683	15.531
0.383	5.682	15.532
0.383	5.682	15.530
0.385	5.682	15.530
0.386	5.682	15.531
0.387	5.683	15.530
0.388	5.682	15.530
0.388	5.682	15.529
0.389	5.682	15.531
0.390	5.682	15.529
0.390	5.682	15.528
0.390	5.682	15.529
0.390	5.681	15.530
0.390	5.682	15.528
0.389	5.682	15.527
0.390	5.681	15.530
0.390	5.683	15.528
0.391	5.682	15.529
0.391	5.682	15.528
0.392	5.682	15.528
0.393	5.682	15.526
0.394	5.682	15.528
0.394	5.683	15.530
0.394	5.683	15.527
0.394	5.683	15.524
0.394	5.682	15.529
0.394	5.682	15.527
0.395	5.681	15.529
0.395	5.682	15.526
0.396	5.682	15.527
0.396	5.682	15.528
0.397	5.682	15.527
0.398	5.683	15.528
0.398	5.682	15.526
0.398	5.683	15.527
0.399	5.683	15.526
0.400	5.683	15.526
0.401	5.682	15.525
0.402	5.681	15.525
0.403	5.681	15.527
0.403	5.681	15.525
0.404	5.680	15.527
0.404	5.680	15.524
0.404	5.681	15.524
0.404	5.680	15.525
0.405	5.681	15.524
0.406	5.681	15.525
0.407	5.681	15.523
0.408	5.681	15.525
0.409	5.681	15.524
0.409	5.681	15.525
0.409	5.681	15.525
0.410	5.682	15.525
0.410	5.681	15.525
0.410	5.682	15.526
0.411	5.685	15.525
0.411	5.687	15.523
0.412	5.687	15.524
0.412	5.688	15.524
0.412	5.688	15.526
0.412	5.688	15.525
0.412	5.688	15.522
0.412	5.689	15.524
0.413	5.689	15.523
0.413	5.690	15.523
0.413	5.692	15.526
0.414	5.691	15.525
0.414	5.694	15.524
0.415	5.697	15.525
0.415	5.699	15.524
0.416	5.701	15.524
0.416	5.701	15.521
0.417	5.701	15.523
0.417	5.703	15.522
0.418	5.705	15.523
0.419	5.707	15.524
0.420	5.710	15.524
0.421	5.713	15.524
0.422	5.713	15.524
0.423	5.714	15.525
0.423	5.718	15.523
0.423	5.718	15.523
0.423	5.718	15.524
0.423	5.719	15.523
0.423	5.719	15.523
0.423	5.719	15.524
0.423	5.720	15.526
0.424	5.720	15.525
0.424	5.722	15.525
0.424	5.722	15.525
0.424	5.722	15.523
0.425	5.724	15.523
0.427	5.725	15.524
0.429	5.731	15.524
0.430	5.735	15.524
0.430	5.736	15.526
0.430	5.737	15.522
0.430	5.737	15.524
0.431	5.737	15.523
0.431	5.737	15.524
0.432	5.738	15.524
0.432	5.740	15.522
0.433	5.743	15.524
0.433	5.744	15.523
0.434	5.746	15.524
0.434	5.746	15.525
0.434	5.747	15.526
0.434	5.747	15.523
0.434	5.747	15.525
0.434	5.747	15.523
0.435	5.750	15.522
0.436	5.750	15.523
0.437	5.751	15.526
0.438	5.753	15.524
0.439	5.755	15.524
0.439	5.754	15.525
0.439	5.754	15.524
0.439	5.756	15.522
0.439	5.758	15.525
0.440	5.761	15.523
0.440	5.762	15.525
0.441	5.762	15.524
0.441	5.764	15.525
0.442	5.763	15.525
0.443	5.767	15.525
0.443	5.768	15.526
0.444	5.769	15.525
0.445	5.771	15.526
0.445	5.771	15.524
0.445	5.771	15.522
0.445	5.772	15.526
0.445	5.772	15.524
0.446	5.774	15.526
0.446	5.774	15.527
0.447	5.776	15.526
0.447	5.777	15.528
0.447	5.777	15.528
0.447	5.779	15.528
0.447	5.779	15.522
0.447	5.779	15.524
0.447	5.781	15.528
0.448	5.781	15.528
0.448	5.782	15.524
0.449	5.783	15.528
0.449	5.784	15.528
0.449	5.784	15.526
0.449	5.784	15.528
0.450	5.786	15.528
0.450	5.786	15.526
0.450	5.786	15.528
0.450	5.786	15.526
0.450	5.786	15.527
0.451	5.788	15.526
0.451	5.788	15.528
0.452	5.790	15.528
0.453	5.793	15.529
0.453	5.795	15.527
0.454	5.797	15.525
0.454	5.797	15.528
0.454	5.798	15.528
0.455	5.798	15.529
0.456	5.799	15.528
0.457	5.801	15.529
0.457	5.803	15.528
0.458	5.805	15.530
0.458	5.805	15.527
0.458	5.804	15.528
0.458	5.805	15.527
0.460	5.811	15.528
0.461	5.813	15.529
0.461	5.812	15.528
0.461	5.814	15.528
0.461	5.814	15.529
0.461	5.814	15.528
0.461	5.815	15.527
0.462	5.817	15.529
0.463	5.821	15.529
0.464	5.823	15.529
0.465	5.826	15.529
0.465	5.826	15.530
0.465	5.827	15.529
0.465	5.829	15.528
0.467	5.831	15.529
0.467	5.833	15.531
0.468	5.835	15.530
0.470	5.840	15.529
0.471	5.847	15.529
0.472	5.847	15.529
0.472	5.849	15.530
0.473	5.854	15.530
0.474	5.858	15.530
0.474	5.859	15.531
0.475	5.859	15.531
0.476	5.859	15.532
0.476	5.861	15.532
0.477	5.866	15.532
0.478	5.871	15.532
0.480	5.876	15.533
0.480	5.878	15.533
0.480	5.878	15.532
0.480	5.879	15.534
0.480	5.882	15.533
0.481	5.884	15.535
0.481	5.885	15.533
0.482	5.886	15.532
0.482	5.892	15.532
0.483	5.896	15.533
0.483	5.896	15.534
0.483	5.896	15.535
0.484	5.898	15.534
0.484	5.905	15.533
0.485	5.906	15.536
0.485	5.907	15.536
0.485	5.908	15.534
0.486	5.913	15.533
0.487	5.920	15.534
0.488	5.925	15.538
0.490	5.937	15.534
0.490	5.942	15.535
0.491	5.945	15.537
0.491	5.948	15.535
0.492	5.959	15.536
0.493	5.964	15.537
0.493	5.967	15.536
0.493	5.971	15.533
0.495	5.987	15.538
0.497	6.023	15.538
0.499	6.044	15.537
0.500	6.066	15.536
0.500	6.077	15.536
0.500	6.078	15.537
0.500	6.079	15.535
0.501	6.083	15.537
0.501	6.090	15.535
0.501	6.091	15.536
0.501	6.091	15.539
0.501	6.093	15.538
0.502	6.103	15.535
0.503	6.117	15.536
0.503	6.123	15.538
0.503	6.124	15.536
0.503	6.127	15.537
0.504	6.132	15.536
0.505	6.145	15.539
0.505	6.150	15.537
0.506	6.152	15.537
0.506	6.161	15.535
0.507	6.176	15.538
0.507	6.182	15.537
0.508	6.188	15.538
0.508	6.189	15.539
0.508	6.189	15.538
0.508	6.189	15.539
0.508	6.189	15.539
0.508	6.191	15.539
0.508	6.195	15.539
0.508	6.199	15.542
0.508	6.203	15.540
0.510	6.216	15.539
0.510	6.222	15.540
0.511	6.228	15.539
0.512	6.239	15.541
0.512	6.245	15.538
0.513	6.250	15.541
0.514	6.264	15.543
0.515	6.280	15.544
0.515	6.287	15.541
0.515	6.288	15.542
0.515	6.292	15.542
0.515	6.299	15.542
0.516	6.302	15.545
0.516	6.308	15.544
0.517	6.312	15.544
0.517	6.323	15.543
0.518	6.330	15.546
0.518	6.335	15.542
0.518	6.341	15.545
0.519	6.347	15.546
0.519	6.352	15.544
0.520	6.360	15.545
0.520	6.362	15.544
0.521	6.367	15.544
0.521	6.372	15.545
0.522	6.379	15.545
0.522	6.385	15.546
0.523	6.391	15.546
0.524	6.409	15.545
0.524	6.421	15.547
0.525	6.423	15.546
0.526	6.434	15.545
0.526	6.445	15.546
0.527	6.455	15.546
0.528	6.468	15.545
0.529	6.482	15.547
0.530	6.494	15.548
0.531	6.507	15.546
0.532	6.519	15.547
0.532	6.519	15.546
0.532	6.525	15.546
0.533	6.532	15.548
0.533	6.539	15.544
0.534	6.544	15.547
0.535	6.565	15.546
0.536	6.583	15.546
0.537	6.590	15.548
0.537	6.592	15.547
0.537	6.597	15.549
0.537	6.603	15.547
0.538	6.608	15.547
0.539	6.616	15.548
0.539	6.625	15.547
0.539	6.628	15.549
0.540	6.635	15.549
0.541	6.646	15.551
0.542	6.653	15.549
0.542	6.662	15.551
0.544	6.678	15.552
0.545	6.694	15.549
0.545	6.704	15.552
0.545	6.714	15.550
0.546	6.717	15.549
0.546	6.725	15.552
0.547	6.728	15.551
0.547	6.737	15.551
0.547	6.744	15.552
0.548	6.750	15.551
0.548	6.757	15.552
0.549	6.767	15.554
0.550	6.774	15.554
0.550	6.781	15.550
0.551	6.790	15.553
0.551	6.799	15.551
0.552	6.799	15.554
0.552	6.810	15.552
0.552	6.816	15.551
0.553	6.823	15.554
0.554	6.833	15.552
0.555	6.846	15.554
0.555	6.860	15.554
0.556	6.867	15.553
0.557	6.873	15.554
0.557	6.885	15.554
0.558	6.896	15.553
0.559	6.909	15.551
0.560	6.918	15.554
0.561	6.927	15.554
0.561	6.934	15.553
0.562	6.946	15.555
0.562	6.954	15.555
0.562	6.958	15.556
0.563	6.964	15.555
0.563	6.969	15.555
0.563	6.970	15.556
0.563	6.975	15.554
0.564	6.991	15.557
0.565	6.996	15.554
0.565	7.004	15.556
0.566	7.010	15.555
0.567	7.018	15.553
0.567	7.020	15.556
0.567	7.024	15.557
0.567	7.029	15.556
0.568	7.034	15.557
0.569	7.043	15.559
0.569	7.048	15.559
0.570	7.056	15.556
0.570	7.063	15.557
0.571	7.066	15.557
0.570	7.064	15.557
0.571	7.068	15.559
0.571	7.080	15.557
0.572	7.092	15.558
0.573	7.104	15.557
0.574	7.121	15.557
0.575	7.130	15.561
0.576	7.139	15.560
0.577	7.148	15.559
0.578	7.167	15.559
0.580	7.187	15.559
0.580	7.196	15.558
0.580	7.202	15.560
0.581	7.212	15.558
0.581	7.218	15.559
0.582	7.227	15.561
0.583	7.235	15.560
0.584	7.243	15.559
0.585	7.259	15.560
0.586	7.273	15.561
0.586	7.280	15.562
0.586	7.288	15.561
0.587	7.293	15.559
0.587	7.304	15.560
0.588	7.313	15.560
0.589	7.324	15.561
0.590	7.333	15.559
0.590	7.336	15.561
0.590	7.338	15.561
0.591	7.343	15.562
0.591	7.349	15.562
0.591	7.355	15.562
0.592	7.362	15.562
0.593	7.383	15.562
0.595	7.397	15.561
0.595	7.407	15.562
0.595	7.413	15.562
0.597	7.431	15.564
0.598	7.447	15.562
0.598	7.454	15.561
0.598	7.458	15.564
0.599	7.462	15.563
0.599	7.471	15.565
0.600	7.479	15.564
0.601	7.490	15.564
0.601	7.498	15.565
0.602	7.505	15.565
0.602	7.507	15.564
0.603	7.516	15.565
0.604	7.534	15.565
0.605	7.549	15.565
0.606	7.556	15.565
0.607	7.568	15.566
0.607	7.575	15.565
0.607	7.580	15.563
0.608	7.585	15.565
0.608	7.593	15.565
0.610	7.605	15.565
0.610	7.613	15.566
0.611	7.620	15.566
0.612	7.631	15.564
0.613	7.649	15.564
0.613	7.653	15.567
0.613	7.657	15.567
0.613	7.662	15.566
0.615	7.673	15.568
0.617	7.703	15.567
0.616	7.703	15.566
0.617	7.711	15.567
0.617	7.714	15.566
0.617	7.715	15.567
0.618	7.724	15.568
0.620	7.741	15.566
0.621	7.759	15.565
0.623	7.783	15.567
0.625	7.812	15.568
0.627	7.833	15.568
0.628	7.849	15.570
0.629	7.865	15.570
0.631	7.892	15.569
0.632	7.912	15.568
0.632	7.920	15.569
0.632	7.922	15.568
0.632	7.922	15.568
0.633	7.928	15.569
0.634	7.947	15.568
0.635	7.959	15.569
0.637	7.986	15.571
0.639	8.012	15.570
0.642	8.039	15.570
0.644	8.068	15.567
0.646	8.094	15.568
0.646	8.105	15.569
0.647	8.118	15.569
0.648	8.129	15.570
0.649	8.140	15.569
0.651	8.162	15.572
0.652	8.177	15.571
0.652	8.190	15.569
0.654	8.206	15.574
0.656	8.233	15.569
0.657	8.252	15.572
0.658	8.264	15.571
0.659	8.280	15.570
0.660	8.298	15.572
0.661	8.305	15.570
0.661	8.318	15.572
0.663	8.336	15.572
0.664	8.355	15.572
0.665	8.365	15.570
0.666	8.382	15.572
0.667	8.402	15.572
0.669	8.423	15.574
0.670	8.445	15.571
0.673	8.477	15.572
0.674	8.491	15.574
0.674	8.493	15.573
0.673	8.496	15.574
0.675	8.514	15.573
0.677	8.545	15.573
0.678	8.555	15.571
0.679	8.575	15.574
0.681	8.597	15.575
0.683	8.618	15.575
0.684	8.636	15.574
0.686	8.650	15.575
0.687	8.672	15.576
0.689	8.700	15.577
0.692	8.737	15.573
0.694	8.774	15.575
0.695	8.784	15.576
0.696	8.798	15.574
0.696	8.802	15.578
0.697	8.819	15.576
0.698	8.833	15.575
0.698	8.850	15.574
0.699	8.862	15.574
0.700	8.872	15.578
0.701	8.887	15.574
0.702	8.898	15.576
0.703	8.925	15.577
0.705	8.951	15.576
0.707	8.966	15.575
0.708	8.985	15.575
0.711	9.014	15.577
0.711	9.025	15.578
0.712	9.035	15.580
0.713	9.063	15.577
0.714	9.081	15.578
0.716	9.094	15.577
0.718	9.125	15.579
0.719	9.143	15.578
0.721	9.155	15.578
0.722	9.168	15.578
0.724	9.189	15.577
0.725	9.218	15.577
0.727	9.246	15.578
0.729	9.270	15.578
0.731	9.299	15.579
0.734	9.335	15.578
0.735	9.358	15.581
0.737	9.405	15.580
0.739	9.420	15.578
0.741	9.440	15.578
0.742	9.460	15.583
0.743	9.473	15.583
0.744	9.497	15.582
0.746	9.522	15.580
0.747	9.534	15.581
0.748	9.546	15.583
0.749	9.562	15.581
0.752	9.584	15.579
0.754	9.610	15.580
0.755	9.630	15.583
0.755	9.636	15.582
0.754	9.636	15.580
0.754	9.637	15.579
0.755	9.646	15.579
0.757	9.677	15.583
0.762	9.738	15.581
0.763	9.763	15.583
0.763	9.759	15.583
0.763	9.765	15.584
0.763	9.767	15.583
0.762	9.768	15.584
0.763	9.778	15.582
0.764	9.792	15.580
0.765	9.807	15.582
0.767	9.838	15.583
0.771	9.891	15.584
0.775	9.921	15.584
0.777	9.944	15.584
0.778	9.950	15.583
0.778	9.949	15.583
0.778	9.962	15.584
0.778	9.972	15.584
0.779	9.977	15.585
0.780	10.004	15.581
0.782	10.026	15.584
0.783	10.038	15.585
0.784	10.052	15.586
0.785	10.074	15.585
0.787	10.100	15.585
0.788	10.117	15.583
0.789	10.124	15.584
0.790	10.143	15.583
0.791	10.152	15.585
0.791	10.170	15.584
0.793	10.187	15.586
0.794	10.214	15.585
0.796	10.245	15.587
0.798	10.273	15.585
0.801	10.307	15.588
0.803	10.327	15.586
0.804	10.337	15.585
0.804	10.344	15.588
0.804	10.347	15.586
0.804	10.351	15.587
0.804	10.352	15.587
0.805	10.363	15.586
0.806	10.364	15.587
0.807	10.382	15.586
0.808	10.390	15.588
0.808	10.400	15.586
0.808	10.407	15.586
0.809	10.422	15.587
0.810	10.437	15.587
0.811	10.443	15.587
0.812	10.455	15.585
0.813	10.460	15.589
0.813	10.472	15.588
0.813	10.478	15.587
0.814	10.484	15.587
0.814	10.487	15.589
0.815	10.501	15.588
0.816	10.512	15.587
0.817	10.525	15.587
0.817	10.536	15.589
0.818	10.548	15.589
0.819	10.553	15.591
0.819	10.569	15.588
0.820	10.578	15.589
0.820	10.583	15.590
0.821	10.596	15.590
0.822	10.610	15.590
0.823	10.630	15.589
0.825	10.645	15.589
0.825	10.653	15.591
0.825	10.649	15.588
0.825	10.655	15.590
0.825	10.666	15.590
0.826	10.670	15.590
0.826	10.681	15.590
0.827	10.685	15.588
0.827	10.698	15.589
0.828	10.708	15.590
0.829	10.716	15.592
0.829	10.723	15.590
0.830	10.730	15.591
0.832	10.756	15.589
0.833	10.769	15.591
0.833	10.777	15.588
0.833	10.783	15.589
0.834	10.795	15.591
0.835	10.803	15.593
0.835	10.808	15.592
0.835	10.811	15.591
0.835	10.803	15.592
0.836	10.815	15.592
0.837	10.831	15.592
0.837	10.837	15.590
0.837	10.840	15.592
0.837	10.840	15.591
0.838	10.849	15.593
0.839	10.856	15.592
0.840	10.870	15.594
0.840	10.887	15.592
0.841	10.889	15.592
0.842	10.901	15.593
0.842	10.904	15.592
0.842	10.909	15.595
0.842	10.917	15.592
0.843	10.925	15.594
0.844	10.935	15.593
0.845	10.946	15.594
0.846	10.959	15.594
0.847	10.967	15.595
0.847	10.963	15.596
0.847	10.976	15.597
0.848	10.986	15.594
0.848	10.990	15.596
0.849	11.005	15.595
0.851	11.023	15.596
0.852	11.045	15.596
0.852	11.053	15.596
0.852	11.060	15.597
0.854	11.073	15.596
0.855	11.096	15.597
0.856	11.108	15.596
0.857	11.117	15.597
0.857	11.122	15.598
0.857	11.122	15.596
0.857	11.124	15.597
0.857	11.126	15.597
0.858	11.134	15.595
0.859	11.146	15.598
0.859	11.154	15.597
0.859	11.157	15.597
0.859	11.157	15.596
0.859	11.156	15.596
0.860	11.169	15.597
0.860	11.171	15.598
0.860	11.176	15.598
0.861	11.182	15.598
0.862	11.198	15.598
0.864	11.209	15.596
0.865	11.232	15.596
0.865	11.235	15.597
0.865	11.237	15.597
0.865	11.239	15.598
0.865	11.239	15.600
0.866	11.244	15.599
0.867	11.265	15.601
0.869	11.283	15.599
0.870	11.293	15.599
0.870	11.300	15.598
0.871	11.317	15.600
0.873	11.338	15.600
0.874	11.353	15.599
0.874	11.359	15.599
0.874	11.361	15.598
0.874	11.364	15.600
0.874	11.367	15.602
0.876	11.380	15.601
0.876	11.389	15.599
0.878	11.401	15.600
0.880	11.442	15.600
0.882	11.455	15.600
0.882	11.464	15.601
0.882	11.465	15.601
0.882	11.468	15.599
0.882	11.472	15.600
0.882	11.478	15.601
0.882	11.485	15.600
0.882	11.489	15.600
0.883	11.509	15.601
0.885	11.525	15.600
0.886	11.542	15.601
0.887	11.549	15.603
0.887	11.560	15.601
0.888	11.569	15.601
0.889	11.580	15.602
0.890	11.592	15.601
0.891	11.607	15.602
0.891	11.616	15.603
0.892	11.631	15.602
0.894	11.652	15.601
0.895	11.670	15.601
0.896	11.677	15.602
0.896	11.683	15.600
0.896	11.686	15.602
0.896	11.691	15.604
0.897	11.700	15.602
0.898	11.710	15.601
0.898	11.721	15.602
0.899	11.727	15.603
0.901	11.736	15.604
0.901	11.743	15.602
0.901	11.746	15.604
0.902	11.751	15.604
0.903	11.756	15.604
0.903	11.768	15.603
0.903	11.776	15.605
0.904	11.788	15.602
0.905	11.804	15.605
0.905	11.808	15.604
0.906	11.816	15.604
0.907	11.832	15.603
0.908	11.848	15.605
0.909	11.856	15.603
0.909	11.865	15.605
0.910	11.867	15.605
0.910	11.868	15.605
0.910	11.867	15.605
0.912	11.898	15.604
0.913	11.918	15.603
0.916	11.947	15.605
0.917	11.966	15.604
0.918	11.976	15.604
0.918	11.980	15.606
0.918	11.986	15.605
0.919	11.989	15.605
0.920	11.998	15.605
0.920	12.015	15.606
0.921	12.024	15.605
0.921	12.030	15.605
0.922	12.038	15.607
0.922	12.048	15.605
0.922	12.051	15.605
0.922	12.059	15.603
0.923	12.069	15.605
0.924	12.075	15.605
0.925	12.085	15.606
0.925	12.097	15.607
0.926	12.107	15.607
0.927	12.115	15.605
0.928	12.130	15.605
0.929	12.151	15.609
0.931	12.170	15.607
0.932	12.183	15.606
0.932	12.182	15.606
0.933	12.183	15.608
0.933	12.195	15.607
0.934	12.202	15.607
0.935	12.214	15.606
0.936	12.228	15.608
0.936	12.236	15.606
0.936	12.245	15.607
0.937	12.256	15.611
0.938	12.268	15.607
0.939	12.276	15.609
0.939	12.287	15.607
0.940	12.287	15.607
0.940	12.303	15.607
0.941	12.314	15.608
0.942	12.319	15.609
0.942	12.328	15.609
0.943	12.342	15.607
0.944	12.358	15.610
0.945	12.375	15.608
0.946	12.390	15.608
0.947	12.399	15.607
0.948	12.419	15.610
0.948	12.428	15.607
0.949	12.434	15.608
0.950	12.446	15.608
0.951	12.463	15.609
0.952	12.476	15.608
0.953	12.489	15.607
0.953	12.486	15.609
0.953	12.497	15.607
0.953	12.501	15.609
0.953	12.508	15.610
0.954	12.516	15.610
0.954	12.524	15.610
0.954	12.524	15.611
0.955	12.533	15.613
0.956	12.542	15.609
0.956	12.549	15.613
0.957	12.557	15.611
0.957	12.561	15.610
0.958	12.564	15.609
0.958	12.569	15.610
0.958	12.575	15.610
0.959	12.586	15.609
0.960	12.598	15.610
0.961	12.612	15.610
0.961	12.622	15.610
0.962	12.618	15.612
0.962	12.640	15.610
0.963	12.651	15.610
0.964	12.659	15.610
0.966	12.677	15.612
0.967	12.696	15.610
0.968	12.712	15.610
0.968	12.714	15.611
0.969	12.718	15.611
0.969	12.720	15.610
0.970	12.729	15.610
0.971	12.758	15.612
0.973	12.781	15.612
0.973	12.781	15.613
0.975	12.804	15.609
0.976	12.819	15.611
0.976	12.829	15.610
0.977	12.845	15.611
0.979	12.870	15.613
0.981	12.887	15.614
0.981	12.890	15.612
0.981	12.890	15.612
0.981	12.891	15.613
0.981	12.894	15.613
0.981	12.908	15.613
0.983	12.922	15.612
0.983	12.935	15.612
0.984	12.943	15.611
0.985	12.948	15.613
0.986	12.966	15.613
0.987	12.981	15.615
0.987	12.982	15.613
0.987	12.985	15.613
0.987	12.987	15.612
0.987	12.988	15.613
0.987	12.990	15.614
0.987	12.998	15.613
0.988	13.000	15.612
0.988	13.006	15.614
0.988	13.017	15.613
0.989	13.025	15.614
0.989	13.026	15.614
0.990	13.032	15.614
0.991	13.037	15.614
0.991	13.045	15.615
0.991	13.049	15.617
0.992	13.052	15.614
0.993	13.062	15.614
0.993	13.063	15.615
0.993	13.084	15.615
0.994	13.098	15.615
0.995	13.102	15.616
0.995	13.106	15.615
0.995	13.107	15.615
0.996	13.111	15.616
0.998	13.131	15.615
0.998	13.147	15.615
0.999	13.137	15.616
0.999	13.145	15.616
0.999	13.157	15.617
1.000	13.160	15.616
1.000	13.164	15.614
1.000	13.170	15.616
1.001	13.177	15.614
1.002	13.192	15.614
1.002	13.202	15.617
1.002	13.204	15.615
1.002	13.204	15.615
1.002	13.203	15.616
1.002	13.193	15.614
1.002	13.206	15.618
1.002	13.208	15.615
1.002	13.208	15.615
1.002	13.210	15.617
1.003	13.217	15.615
1.005	13.232	15.618
1.005	13.232	15.615
1.006	13.247	15.614
1.007	13.262	15.616
1.008	13.270	15.618
1.008	13.286	15.616
1.008	13.293	15.619
1.009	13.299	15.619
1.010	13.309	15.617
1.010	13.316	15.616
1.010	13.321	15.619
1.011	13.330	15.619
1.012	13.343	15.619
1.013	13.355	15.617
1.014	13.367	15.617
1.015	13.377	15.620
1.015	13.389	15.617
1.017	13.402	15.617
1.018	13.417	15.618
1.018	13.428	15.618
1.018	13.428	15.618
1.019	13.433	15.620
1.020	13.452	15.618
1.020	13.452	15.620
1.020	13.455	15.618
1.020	13.454	15.618
1.020	13.457	15.618
1.020	13.461	15.618
1.020	13.464	15.618
1.020	13.465	15.621
1.020	13.455	15.618
1.021	13.468	15.620
1.021	13.476	15.620
1.022	13.487	15.619
1.023	13.505	15.620
1.024	13.517	15.617
1.025	13.528	15.619
1.025	13.538	15.620
1.026	13.551	15.618
1.027	13.572	15.619
1.028	13.586	15.621
1.029	13.589	15.621
1.029	13.585	15.619
1.029	13.599	15.619
1.030	13.599	15.620
1.030	13.599	15.619
1.031	13.606	15.620
1.031	13.611	15.621
1.032	13.618	15.619
1.033	13.619	15.620
1.034	13.644	15.619
1.034	13.657	15.619
1.035	13.662	15.620
1.035	13.671	15.619
1.036	13.676	15.622
1.036	13.684	15.621
1.036	13.685	15.620
1.037	13.690	15.621
1.038	13.686	15.621
1.038	13.701	15.621
1.039	13.715	15.623
1.040	13.728	15.621
1.040	13.740	15.622
1.041	13.750	15.623
1.041	13.763	15.620
1.043	13.778	15.623
1.043	13.786	15.621
1.043	13.788	15.621
1.044	13.795	15.622
1.045	13.813	15.621
1.046	13.831	15.620
1.047	13.851	15.622
1.048	13.863	15.622
1.049	13.865	15.621
1.049	13.869	15.622
1.049	13.875	15.622
1.049	13.879	15.624
1.049	13.875	15.622
1.050	13.881	15.623
1.051	13.901	15.622
1.051	13.915	15.623
1.052	13.924	15.621
1.052	13.925	15.622
1.052	13.928	15.622
1.053	13.940	15.623
1.054	13.946	15.621
1.054	13.952	15.621
1.055	13.953	15.624
1.054	13.958	15.623
1.055	13.965	15.620
1.056	13.982	15.621
1.057	13.995	15.623
1.059	14.021	15.622
1.061	14.041	15.621
1.062	14.048	15.625
1.062	14.054	15.624
1.063	14.060	15.621
1.063	14.061	15.625
1.064	14.080	15.626
1.065	14.089	15.626
1.066	14.100	15.626
1.067	14.118	15.623
1.068	14.132	15.622
1.068	14.147	15.625
1.070	14.160	15.625
1.070	14.167	15.625
1.071	14.179	15.624
1.072	14.193	15.625
1.073	14.204	15.624
1.073	14.211	15.624
1.074	14.218	15.627
1.074	14.233	15.623
1.075	14.250	15.627
1.076	14.265	15.622
1.077	14.281	15.625
1.078	14.284	15.625
1.078	14.279	15.628
1.079	14.299	15.626
1.079	14.307	15.625
1.080	14.322	15.625
1.080	14.335	15.623
1.082	14.347	15.625
1.082	14.357	15.625
1.083	14.368	15.623
1.084	14.380	15.627
1.085	14.385	15.623
1.087	14.416	15.626
1.088	14.441	15.625
1.088	14.445	15.624
1.088	14.449	15.625
1.088	14.451	15.626
1.089	14.454	15.627
1.089	14.465	15.625
1.090	14.474	15.627
1.091	14.489	15.627
1.092	14.504	15.625
1.094	14.520	15.627
1.094	14.529	15.625
1.095	14.532	15.628
1.096	14.544	15.625
1.098	14.568	15.628
1.099	14.579	15.626
1.099	14.584	15.626
1.099	14.587	15.627
1.099	14.586	15.629
1.100	14.604	15.626
1.101	14.622	15.628
1.102	14.636	15.628
1.103	14.649	15.628
1.104	14.663	15.629
1.105	14.682	15.627
1.107	14.699	15.625
1.108	14.711	15.627
1.108	14.721	15.627
1.109	14.731	15.627
1.110	14.747	15.626
1.111	14.766	15.628
1.112	14.784	15.626
1.113	14.797	15.626
1.114	14.807	15.628
1.114	14.816	15.627
1.115	14.832	15.630
1.116	14.844	15.629
1.117	14.845	15.627
1.117	14.850	15.632
1.118	14.866	15.630
1.118	14.868	15.630
1.118	14.879	15.629
1.120	14.898	15.631
1.121	14.928	15.627
1.123	14.946	15.632
1.124	14.958	15.631
1.124	14.967	15.629
1.124	14.954	15.630
1.125	14.972	15.628
1.126	14.979	15.628
1.126	14.983	15.629
1.127	14.990	15.629
1.127	14.997	15.630
1.128	15.009	15.630
1.129	15.016	15.630
1.129	15.022	15.631
1.128	15.022	15.629
1.129	15.025	15.630
1.129	15.027	15.631
1.129	15.029	15.631
1.129	15.034	15.629
1.130	15.037	15.630
1.130	15.044	15.631
1.132	15.067	15.630
1.133	15.085	15.631
1.134	15.101	15.630
1.135	15.107	15.630
1.136	15.131	15.631
1.139	15.165	15.631
1.141	15.199	15.630
1.142	15.210	15.629
1.142	15.210	15.627
1.141	15.210	15.628
1.141	15.210	15.630
1.142	15.213	15.629
1.142	15.216	15.630
1.142	15.222	15.629
1.142	15.226	15.631
1.143	15.232	15.630
1.143	15.235	15.630
1.144	15.252	15.630
1.145	15.256	15.630
1.145	15.259	15.631
1.145	15.260	15.633
1.145	15.265	15.632
1.145	15.257	15.634
1.145	15.263	15.633
1.145	15.273	15.634
1.145	15.277	15.633
1.145	15.281	15.633
1.146	15.283	15.633
1.146	15.288	15.633
1.146	15.294	15.632
1.146	15.297	15.632
1.148	15.301	15.631
1.147	15.291	15.632
1.148	15.308	15.633
1.147	15.308	15.634
1.148	15.309	15.633
1.148	15.312	15.632
1.148	15.315	15.634
1.148	15.320	15.633
1.149	15.328	15.632
1.149	15.340	15.633
1.151	15.354	15.633
1.152	15.367	15.634
1.152	15.372	15.633
1.153	15.381	15.632
1.154	15.377	15.633
1.155	15.397	15.633
1.155	15.411	15.633
1.155	15.420	15.632
1.156	15.430	15.632
1.156	15.434	15.631
1.156	15.434	15.636
1.158	15.442	15.633
1.158	15.442	15.633
1.159	15.449	15.635
1.159	15.459	15.632
1.160	15.465	15.633
1.160	15.472	15.634
1.160	15.478	15.632
1.161	15.486	15.633
1.161	15.490	15.635
1.162	15.499	15.633
1.163	15.514	15.633
1.165	15.527	15.634
1.165	15.533	15.634
1.165	15.541	15.633
1.167	15.563	15.633
1.168	15.582	15.632
1.168	15.588	15.633
1.169	15.592	15.633
1.170	15.595	15.633
1.171	15.616	15.634
1.170	15.625	15.635
1.171	15.632	15.635
1.173	15.659	15.636
1.175	15.687	15.634
1.176	15.696	15.637
1.176	15.703	15.637
1.177	15.711	15.635
1.177	15.717	15.633
1.177	15.709	15.637
1.178	15.733	15.637
1.178	15.741	15.636
1.180	15.756	15.636
1.180	15.771	15.639
1.180	15.773	15.637
1.181	15.778	15.636
1.181	15.785	15.636
1.182	15.796	15.635
1.182	15.796	15.636
1.182	15.800	15.637
1.183	15.810	15.637
1.184	15.823	15.638
1.185	15.823	15.638
1.185	15.839	15.636
1.186	15.845	15.640
1.186	15.864	15.641
1.189	15.891	15.638
1.190	15.906	15.639
1.191	15.901	15.637
1.192	15.920	15.638
1.192	15.930	15.640
1.192	15.936	15.637
1.193	15.943	15.636
1.194	15.954	15.640
1.195	15.961	15.636
1.196	15.969	15.636
1.198	15.999	15.638
1.200	16.029	15.637
1.203	16.044	15.639
1.203	16.068	15.638
1.204	16.081	15.637
1.205	16.099	15.639
1.207	16.124	15.638
1.208	16.143	15.638
1.210	16.167	15.640
1.211	16.192	15.640
1.213	16.219	15.640
1.214	16.227	15.639
1.214	16.255	15.639
1.216	16.264	15.637
1.216	16.272	15.637
1.217	16.281	15.639
1.217	16.284	15.638
1.218	16.288	15.637
1.217	16.292	15.638
1.217	16.296	15.637
1.218	16.293	15.636
1.218	16.291	15.641
1.218	16.311	15.638
1.218	16.321	15.640
1.219	16.333	15.639
1.220	16.343	15.640
1.220	16.346	15.639
1.221	16.352	15.639
1.221	16.357	15.638
1.222	16.365	15.641
1.223	16.370	15.640
1.224	16.371	15.640
1.224	16.377	15.638
1.225	16.382	15.640
1.225	16.382	15.640
1.225	16.394	15.640
1.226	16.399	15.639
1.226	16.407	15.641
1.227	16.415	15.640
1.228	16.428	15.639
1.230	16.432	15.643
1.232	16.469	15.643
1.233	16.490	15.640
1.235	16.512	15.641
1.235	16.525	15.640
1.235	16.526	15.642
1.236	16.528	15.642
1.235	16.532	15.642
1.236	16.541	15.642
1.236	16.544	15.641
1.237	16.554	15.641
1.239	16.575	15.640
1.240	16.598	15.640
1.241	16.609	15.641
1.241	16.626	15.641
1.242	16.630	15.643
1.242	16.638	15.642
1.243	16.647	15.643
1.243	16.652	15.641
1.243	16.641	15.640
1.243	16.660	15.641
1.244	16.663	15.642
1.244	16.666	15.642
1.244	16.674	15.643
1.244	16.675	15.642
1.244	16.675	15.642
1.244	16.677	15.643
1.245	16.681	15.639
1.245	16.679	15.641
1.246	16.682	15.640
1.246	16.703	15.641
1.247	16.711	15.644
1.247	16.717	15.643
1.248	16.733	15.643
1.250	16.754	15.642
1.250	16.764	15.644
1.251	16.772	15.643
1.251	16.778	15.641
1.251	16.779	15.644
1.251	16.786	15.642
1.252	16.796	15.644
1.252	16.803	15.644
1.254	16.807	15.643
1.254	16.816	15.642
1.255	16.821	15.643
1.256	16.827	15.644
1.256	16.833	15.644
1.257	16.834	15.644
1.258	16.828	15.646
1.258	16.847	15.644
1.258	16.852	15.644
1.259	16.859	15.644
1.259	16.875	15.644
1.260	16.884	15.644
1.261	16.896	15.644
1.262	16.907	15.643
1.262	16.917	15.647
1.263	16.913	15.642
1.265	16.947	15.644
1.266	16.963	15.644
1.267	16.976	15.645
1.268	16.993	15.641
1.269	17.013	15.642
1.270	17.031	15.643
1.271	17.043	15.643
1.272	17.053	15.644
1.272	17.049	15.644
1.273	17.060	15.644
1.274	17.086	15.642
1.274	17.103	15.644
1.275	17.112	15.644
1.275	17.120	15.645
1.275	17.126	15.643
1.276	17.136	15.647
1.277	17.143	15.648
1.277	17.151	15.645
1.278	17.143	15.642
1.278	17.160	15.645
1.279	17.176	15.646
1.280	17.195	15.647
1.281	17.211	15.647
1.281	17.229	15.646
1.282	17.239	15.645
1.283	17.247	15.647
1.283	17.257	15.648
1.283	17.262	15.646
1.284	17.267	15.645
1.285	17.273	15.647
1.286	17.274	15.645
1.286	17.277	15.647
1.286	17.286	15.648
1.287	17.293	15.647
1.287	17.300	15.646
1.288	17.307	15.646
1.288	17.311	15.646
1.289	17.302	15.645
1.289	17.323	15.648
1.290	17.332	15.647
1.290	17.338	15.646
1.291	17.343	15.647
1.292	17.347	15.646
1.292	17.354	15.647
1.293	17.360	15.647
1.294	17.372	15.646
1.294	17.389	15.648
1.295	17.395	15.648
1.296	17.402	15.649
1.297	17.417	15.646
1.298	17.431	15.648
1.299	17.450	15.648
1.300	17.462	15.647
1.300	17.467	15.649
1.301	17.474	15.646
1.301	17.484	15.646
1.302	17.484	15.646
1.303	17.509	15.650
1.304	17.529	15.647
1.304	17.541	15.647
1.306	17.553	15.646
1.306	17.560	15.648
1.306	17.566	15.651
1.306	17.568	15.648
1.306	17.578	15.648
1.308	17.587	15.647
1.308	17.578	15.646
1.308	17.600	15.650
1.309	17.608	15.649
1.309	17.619	15.650
1.310	17.632	15.648
1.311	17.651	15.649
1.312	17.664	15.650
1.313	17.687	15.647
1.315	17.702	15.651
1.315	17.713	15.648
1.316	17.722	15.650
1.317	17.729	15.649
1.317	17.737	15.649
1.318	17.743	15.648
1.319	17.749	15.649
1.319	17.756	15.649
1.320	17.761	15.647
1.320	17.761	15.648
1.321	17.770	15.647
1.322	17.761	15.648
1.323	17.784	15.650
1.323	17.798	15.650
1.324	17.814	15.651
1.326	17.839	15.648
1.327	17.857	15.650
1.329	17.870	15.650
1.330	17.890	15.650
1.332	17.907	15.648
1.332	17.921	15.651
1.334	17.945	15.650
1.335	17.960	15.650
1.335	17.971	15.651
1.336	17.984	15.650
1.336	18.000	15.649
1.339	18.027	15.652
1.340	18.047	15.651
1.341	18.065	15.651
1.341	18.078	15.652
1.342	18.072	15.650
1.342	18.099	15.651
1.343	18.115	15.650
1.344	18.141	15.649
1.346	18.169	15.650
1.348	18.186	15.648
1.349	18.200	15.652
1.349	18.209	15.651
1.350	18.221	15.650
1.350	18.219	15.650
1.350	18.211	15.651
1.351	18.235	15.650
1.351	18.239	15.649
1.353	18.243	15.650
1.353	18.244	15.649
1.354	18.251	15.651
1.354	18.264	15.652
1.355	18.274	15.649
1.356	18.282	15.649
1.356	18.285	15.650
1.357	18.289	15.648
1.358	18.299	15.651
1.359	18.318	15.649
1.359	18.328	15.650
1.361	18.340	15.649
1.361	18.352	15.650
1.363	18.375	15.649
1.364	18.391	15.649
1.364	18.399	15.650
1.365	18.391	15.649
1.366	18.424	15.649
1.367	18.440	15.646
1.367	18.450	15.646
1.368	18.465	15.646
1.369	18.472	15.647
1.369	18.486	15.648
1.370	18.496	15.647
1.371	18.508	15.645
1.371	18.513	15.645
1.371	18.521	15.643
1.372	18.531	15.644
1.373	18.539	15.643
1.374	18.547	15.641
1.375	18.569	15.644
1.376	18.595	15.643
1.378	18.627	15.641
1.379	18.640	15.640
1.379	18.645	15.640
1.379	18.633	15.639
1.379	18.655	15.638
1.380	18.662	15.638
1.381	18.672	15.638
1.381	18.680	15.633
1.381	18.686	15.635
1.382	18.689	15.637
1.382	18.693	15.635
1.384	18.699	15.633
1.385	18.691	15.633
1.385	18.698	15.634
1.385	18.713	15.632
1.386	18.719	15.630
1.386	18.727	15.630
1.386	18.738	15.632
1.387	18.750	15.631
1.387	18.755	15.633
1.387	18.760	15.632
1.388	18.765	15.631
1.389	18.767	15.629
1.389	18.773	15.628
1.390	18.781	15.627
1.391	18.800	15.627
1.391	18.814	15.626
1.391	18.816	15.626
1.392	18.820	15.624
1.392	18.824	15.626
1.393	18.833	15.626
1.393	18.825	15.623
1.393	18.839	15.623
1.394	18.853	15.623
1.394	18.864	15.621
1.395	18.878	15.624
1.396	18.882	15.623
1.396	18.889	15.621
1.397	18.899	15.620
1.398	18.912	15.619
1.399	18.921	15.617
1.400	18.926	15.620
1.400	18.938	15.616
1.400	18.945	15.619
1.401	18.951	15.615
1.401	18.955	15.618
1.401	18.965	15.616
1.401	18.970	15.615
1.402	18.976	15.613
1.403	18.984	15.616
1.402	18.987	15.613
1.403	18.978	15.615
1.404	19.005	15.611
1.404	19.009	15.611
1.405	19.020	15.612
1.405	19.028	15.610
1.405	19.038	15.611
1.406	19.057	15.612
1.408	19.077	15.611
1.409	19.099	15.609
1.411	19.102	15.609
1.411	19.127	15.609
1.411	19.139	15.609
1.411	19.141	15.610
1.411	19.145	15.609
1.412	19.152	15.608
1.414	19.153	15.610
1.414	19.155	15.608
1.415	19.159	15.608
1.415	19.162	15.606
1.416	19.173	15.608
1.416	19.189	15.606
1.417	19.192	15.605
1.417	19.192	15.608
1.419	19.206	15.606
1.420	19.218	15.604
1.420	19.228	15.606
1.421	19.238	15.604
1.422	19.245	15.606
1.422	19.231	15.605
1.422	19.255	15.606
1.424	19.281	15.605
1.424	19.292	15.602
1.425	19.299	15.603
1.425	19.299	15.605
1.425	19.308	15.602
1.426	19.317	15.603
1.425	19.325	15.604
1.426	19.332	15.602
1.427	19.317	15.602
1.426	19.339	15.602
1.427	19.343	15.602
1.429	19.355	15.603
1.429	19.360	15.602
1.429	19.360	15.603
1.429	19.360	15.602
1.429	19.360	15.600
1.429	19.360	15.602
1.429	19.348	15.601
1.429	19.345	15.602
1.430	19.379	15.600
1.430	19.397	15.600
1.431	19.413	15.601
1.432	19.416	15.601
1.433	19.420	15.599
1.433	19.426	15.602
1.433	19.433	15.603
1.433	19.438	15.602
1.434	19.421	15.601
1.434	19.444	15.602
1.434	19.455	15.598
1.435	19.465	15.599
1.435	19.469	15.602
1.436	19.479	15.602
1.437	19.499	15.600
1.439	19.526	15.602
1.440	19.549	15.599
1.440	19.539	15.601
1.441	19.558	15.601
1.442	19.590	15.603
1.445	19.604	15.601
1.446	19.613	15.601
1.448	19.631	15.601
1.449	19.648	15.600
1.450	19.659	15.600
1.450	19.670	15.602
1.451	19.684	15.602
1.453	19.686	15.601
1.454	19.717	15.602
1.455	19.733	15.602
1.455	19.749	15.601
1.456	19.757	15.601
1.456	19.763	15.599
1.456	19.775	15.600
1.459	19.794	15.600
1.459	19.805	15.598
1.460	19.812	15.601
1.460	19.825	15.598
1.461	19.839	15.601
1.462	19.851	15.601
1.462	19.860	15.600
1.462	19.861	15.598
1.462	19.870	15.601
1.463	19.876	15.600
1.463	19.885	15.601
1.465	19.888	15.600
1.465	19.878	15.601
1.465	19.904	15.602
1.465	19.910	15.601
1.465	19.910	15.599
1.465	19.910	15.601
1.465	19.910	15.602
1.465	19.910	15.602
1.465	19.914	15.601
1.466	19.922	15.602
1.466	19.916	15.601
1.466	19.922	15.605
1.467	19.942	15.601
1.467	19.948	15.601
1.468	19.959	15.602
1.468	19.972	15.602
1.469	19.980	15.602
1.470	19.990	15.602
1.470	19.998	15.602
1.470	20.001	15.602
1.470	19.987	15.601
1.471	20.016	15.601
1.472	20.028	15.602
1.472	20.034	15.603
1.472	20.040	15.601
1.473	20.043	15.602
1.473	20.046	15.602
1.474	20.057	15.603
1.475	20.066	15.602
1.476	20.059	15.603
1.477	20.074	15.603
1.477	20.086	15.602
1.477	20.087	15.602
1.477	20.097	15.603
1.478	20.105	15.604
1.479	20.112	15.604
1.480	20.116	15.604
1.480	20.119	15.605
1.480	20.125	15.601
1.481	20.119	15.602
1.482	20.151	15.604
1.483	20.163	15.601
1.484	20.175	15.605
1.485	20.185	15.604
1.485	20.193	15.604
1.485	20.203	15.605
1.486	20.212	15.604
1.487	20.219	15.605
1.487	20.205	15.604
1.488	20.232	15.605
1.489	20.257	15.605
1.491	20.281	15.602
1.492	20.295	15.604
1.492	20.301	15.603
1.493	20.313	15.604
1.494	20.322	15.605
1.494	20.329	15.604
1.495	20.340	15.605
1.496	20.343	15.605
1.497	20.391	15.606
1.497	20.398	15.606
1.497	20.399	15.606
1.497	20.399	15.607
1.498	20.402	15.606
1.498	20.409	15.604
1.498	20.420	15.606
1.499	20.429	15.605
1.499	20.421	15.605
1.500	20.432	15.607
1.501	20.450	15.605
1.501	20.455	15.606
1.502	20.472	15.606
1.503	20.489	15.609
1.504	20.505	15.606
1.505	20.530	15.606
1.508	20.548	15.609
1.508	20.561	15.606
1.509	20.554	15.605
1.509	20.560	15.609
1.509	20.564	15.607
1.510	20.570	15.607
1.511	20.581	15.606
1.511	20.584	15.607
1.512	20.591	15.608
1.512	20.593	15.609
1.512	20.597	15.607
1.512	20.597	15.608
1.512	20.598	15.607
1.512	20.601	15.608
1.513	20.612	15.608
1.513	20.623	15.607
1.514	20.631	15.608
1.514	20.642	15.608
1.515	20.652	15.607
1.516	20.662	15.609
1.518	20.673	15.607
1.518	20.659	15.608
1.518	20.686	15.606
1.519	20.702	15.608
1.519	20.710	15.610
1.519	20.721	15.609
1.520	20.728	15.609
1.521	20.733	15.609
1.521	20.740	15.608
1.521	20.742	15.610
1.521	20.737	15.609
1.521	20.730	15.611
1.522	20.753	15.610
1.522	20.760	15.609
1.522	20.766	15.607
1.522	20.772	15.609
1.524	20.775	15.609
1.523	20.778	15.610
1.524	20.786	15.610
1.525	20.795	15.611
1.525	20.784	15.611
1.526	20.812	15.610
1.526	20.833	15.609
1.527	20.843	15.608
1.528	20.857	15.610
1.528	20.855	15.609
1.528	20.864	15.609
1.530	20.870	15.611
1.530	20.874	15.609
1.529	20.881	15.612
1.529	20.884	15.612
1.530	20.886	15.610
1.530	20.893	15.611
1.531	20.898	15.609
1.530	20.901	15.611
1.531	20.906	15.611
1.531	20.914	15.611
1.532	20.936	15.611
1.535	20.965	15.610
1.536	20.961	15.609
1.536	20.986	15.609
1.537	20.996	15.611
1.536	20.996	15.610
1.536	20.999	15.609
1.537	20.999	15.612
1.538	21.008	15.611
1.539	21.017	15.612
1.539	21.021	15.612
1.541	21.015	15.611
1.541	21.000	15.611
1.542	21.024	15.612
1.543	21.027	15.611
1.543	21.031	15.612
1.543	21.035	15.611
1.544	21.042	15.611
1.544	21.046	15.612
1.545	21.049	15.613
1.546	21.053	15.610
1.546	21.031	15.613
1.547	21.057	15.612
1.548	21.065	15.613
1.549	21.069	15.613
1.549	21.072	15.611
1.550	21.071	15.613
1.550	21.073	15.613
1.551	21.077	15.613
1.552	21.082	15.612
1.552	21.077	15.613
1.553	21.066	15.614
1.553	21.091	15.612
1.554	21.095	15.613
1.555	21.096	15.614
1.556	21.099	15.613
1.556	21.101	15.614
1.556	21.103	15.615
1.557	21.105	15.615
1.558	21.106	15.615
1.558	21.085	15.613
1.559	21.109	15.615
1.559	21.114	15.615
1.560	21.118	15.614
1.560	21.121	15.615
1.561	21.120	15.615
1.561	21.122	15.616
1.562	21.124	15.616
1.562	21.128	15.615
1.564	21.130	15.616
1.565	21.133	15.617
1.565	21.139	15.616
1.566	21.142	15.614
1.566	21.138	15.617
1.566	21.143	15.614
1.567	21.143	15.618
1.567	21.145	15.615
1.567	21.146	15.618
1.569	21.150	15.617
1.569	21.128	15.617
1.571	21.149	15.616
1.571	21.155	15.617
1.571	21.155	15.616
1.572	21.157	15.616
1.572	21.155	15.619
1.572	21.155	15.619
1.573	21.156	15.618
1.574	21.159	15.617
1.574	21.156	15.617
1.575	21.140	15.615
1.576	21.166	15.616
1.577	21.167	15.618
1.577	21.167	15.619
1.577	21.168	15.619
1.578	21.170	15.618
1.578	21.171	15.620
1.579	21.173	15.618
1.579	21.174	15.618
1.580	21.153	15.617
1.580	21.175	15.621
1.583	21.180	15.617
1.582	21.186	15.621
1.583	21.186	15.618
1.584	21.185	15.618
1.585	21.187	15.617
1.585	21.189	15.618
1.586	21.190	15.620
1.586	21.190	15.617
1.586	21.169	15.619
1.586	21.193	15.620
1.587	21.197	15.620
1.588	21.199	15.620
1.589	21.202	15.620
1.590	21.202	15.621
1.590	21.203	15.620
1.591	21.204	15.621
1.591	21.208	15.621
1.591	21.207	15.619
1.590	21.207	15.620
1.591	21.209	15.619
1.592	21.212	15.619
1.592	21.204	15.623
1.593	21.213	15.620
1.593	21.214	15.622
1.594	21.216	15.620
1.595	21.218	15.620
1.595	21.216	15.619
1.595	21.198	15.621
1.596	21.225	15.621
1.597	21.228	15.623
1.597	21.229	15.622
1.598	21.232	15.621
1.598	21.229	15.621
1.598	21.230	15.622
1.599	21.233	15.619
1.600	21.236	15.621
1.602	21.223	15.622
1.602	21.223	15.621
1.603	21.240	15.622
1.604	21.240	15.623
1.604	21.243	15.623
1.605	21.240	15.621
1.606	21.244	15.621
1.607	21.246	15.622
1.608	21.248	15.623
1.608	21.245	15.620
1.609	21.229	15.623
1.609	21.254	15.623
1.609	21.255	15.623
1.610	21.262	15.621
1.611	21.259	15.621
1.611	21.260	15.622
1.613	21.264	15.623
1.613	21.265	15.623
1.615	21.269	15.623
1.616	21.255	15.624
1.616	21.253	15.628
1.617	21.271	15.623
1.617	21.271	15.625
1.617	21.273	15.625
1.619	21.268	15.622
1.619	21.269	15.625
1.620	21.269	15.624
1.620	21.269	15.622
1.621	21.268	15.625
1.621	21.247	15.625
1.623	21.271	15.625
1.623	21.272	15.623
1.623	21.270	15.625
1.625	21.269	15.625
1.625	21.269	15.625
1.626	21.269	15.627
1.627	21.269	15.624
1.627	21.270	15.623
1.628	21.248	15.626
1.629	21.269	15.626
1.630	21.271	15.626
1.631	21.271	15.625
1.631	21.273	15.625
1.631	21.270	15.627
1.633	21.270	15.623
1.634	21.270	15.626
1.635	21.270	15.629
1.636	21.264	15.624
1.637	21.248	15.628
1.639	21.272	15.625
1.640	21.271	15.626
1.641	21.271	15.626
1.641	21.273	15.626
1.642	21.270	15.626
1.643	21.270	15.626
1.644	21.269	15.624
1.645	21.270	15.628
1.645	21.248	15.625
1.645	21.267	15.625
1.645	21.270	15.627
1.645	21.271	15.628
1.645	21.273	15.628
1.645	21.270	15.627
1.645	21.268	15.629
1.645	21.269	15.627
1.645	21.269	15.626
1.645	21.262	15.626
1.646	21.247	15.628
1.646	21.267	15.628
1.645	21.267	15.628
1.645	21.267	15.628
1.646	21.268	15.628
1.646	21.266	15.625
1.644	21.265	15.626
1.646	21.266	15.630
1.644	21.269	15.627
1.645	21.270	15.629
1.645	21.271	15.630
1.645	21.269	15.627
1.644	21.270	15.627
1.646	21.270	15.630
1.644	21.269	15.628
1.644	21.268	15.628
1.644	21.269	15.628
1.645	21.267	15.629
1.645	21.253	15.631
1.646	21.251	15.632
1.645	21.269	15.627
1.645	21.267	15.629
1.644	21.268	15.628
