1.621	21.273	20.010
1.621	21.271	20.014
1.621	21.270	20.018
1.621	21.269	20.021
1.621	21.269	20.024
1.620	21.268	20.029
1.621	21.268	20.035
1.620	21.254	20.038
1.621	21.256	20.042
1.621	21.271	20.047
1.620	21.271	20.051
1.621	21.272	20.052
1.621	21.270	20.056
1.621	21.269	20.061
1.620	21.269	20.066
1.620	21.269	20.070
1.621	21.269	20.073
1.620	21.244	20.079
1.621	21.269	20.082
1.620	21.270	20.085
1.620	21.270	20.089
1.620	21.271	20.093
1.620	21.268	20.097
1.621	21.269	20.098
1.621	21.269	20.105
1.620	21.268	20.108
1.621	21.245	20.114
1.620	21.271	20.117
1.621	21.270	20.122
1.621	21.270	20.126
1.620	21.271	20.130
1.621	21.270	20.133
1.621	21.269	20.136
1.620	21.269	20.142
1.620	21.269	20.144
1.620	21.270	20.149
1.620	21.247	20.152
1.620	21.269	20.156
1.620	21.271	20.161
1.620	21.271	20.165
1.620	21.270	20.169
1.620	21.270	20.175
1.620	21.270	20.177
1.621	21.269	20.184
1.619	21.268	20.186
1.619	21.257	20.189
1.620	21.248	20.194
1.620	21.270	20.196
1.620	21.271	20.203
1.620	21.271	20.206
1.620	21.269	20.210
1.620	21.268	20.214
1.620	21.268	20.216
1.619	21.268	20.221
1.620	21.269	20.225
1.620	21.247	20.228
1.620	21.267	20.233
1.620	21.271	20.236
1.620	21.271	20.238
1.620	21.272	20.243
1.620	21.270	20.247
1.619	21.269	20.249
1.619	21.269	20.254
1.620	21.273	20.259
1.620	21.270	20.259
1.620	21.269	20.264
1.619	21.271	20.266
1.620	21.270	20.271
1.620	21.270	20.273
1.619	21.271	20.277
1.620	21.270	20.281
1.620	21.269	20.283
1.620	21.270	20.286
1.618	21.268	20.290
1.620	21.250	20.292
1.619	21.256	20.296
1.619	21.271	20.298
1.620	21.271	20.299
1.619	21.272	20.304
1.619	21.269	20.307
1.619	21.269	20.308
1.619	21.268	20.313
1.620	21.269	20.315
1.620	21.270	20.316
1.619	21.246	20.318
1.619	21.268	20.324
1.620	21.270	20.325
1.620	21.272	20.324
1.620	21.270	20.329
1.620	21.268	20.332
1.620	21.269	20.334
1.620	21.269	20.338
1.619	21.268	20.336
1.619	21.249	20.341
1.620	21.258	20.345
1.619	21.270	20.346
1.619	21.272	20.348
1.619	21.271	20.348
1.620	21.268	20.354
1.619	21.268	20.354
1.619	21.267	20.356
1.620	21.268	20.358
1.619	21.266	20.358
1.619	21.246	20.364
1.619	21.270	20.363
1.619	21.272	20.367
1.619	21.276	20.366
1.619	21.270	20.370
1.619	21.269	20.371
1.619	21.268	20.371
1.619	21.268	20.374
1.619	21.271	20.374
1.620	21.269	20.381
1.619	21.265	20.379
1.619	21.265	20.384
1.619	21.265	20.383
1.619	21.265	20.387
1.619	21.265	20.388
1.618	21.266	20.389
1.617	21.266	20.391
1.617	21.265	20.394
1.617	21.264	20.396
1.617	21.243	20.399
1.617	21.271	20.395
1.616	21.272	20.399
1.616	21.271	20.400
1.616	21.272	20.403
1.615	21.270	20.404
1.614	21.270	20.405
1.603	21.269	20.408
1.603	21.271	20.407
1.603	21.249	20.410
1.603	21.264	20.413
1.603	21.272	20.413
1.603	21.273	20.415
1.603	21.272	20.414
1.603	21.271	20.421
1.602	21.271	20.419
1.602	21.270	20.422
1.602	21.270	20.420
1.602	21.264	20.423
1.601	21.252	20.427
1.601	21.273	20.426
1.599	21.272	20.427
1.599	21.273	20.430
1.599	21.272	20.431
1.599	21.271	20.431
1.598	21.271	20.432
1.598	21.271	20.433
1.598	21.271	20.434
1.598	21.251	20.434
1.597	21.264	20.437
1.597	21.272	20.435
1.596	21.273	20.437
1.596	21.271	20.439
1.595	21.269	20.440
1.595	21.269	20.441
1.594	21.269	20.442
1.593	21.269	20.444
1.592	21.269	20.445
1.592	21.247	20.443
1.591	21.271	20.448
1.591	21.271	20.446
1.590	21.272	20.447
1.590	21.272	20.448
1.589	21.270	20.448
1.589	21.270	20.448
1.589	21.268	20.450
1.589	21.265	20.449
1.588	21.254	20.450
1.587	21.243	20.452
1.586	21.261	20.454
1.586	21.262	20.456
1.586	21.263	20.454
1.586	21.257	20.454
1.586	21.257	20.456
1.585	21.256	20.456
1.585	21.255	20.455
1.584	21.254	20.455
1.583	21.228	20.457
1.583	21.252	20.458
1.582	21.252	20.460
1.581	21.252	20.460
1.580	21.247	20.459
1.580	21.245	20.462
1.581	21.245	20.463
1.579	21.240	20.463
1.577	21.240	20.464
1.577	21.224	20.463
1.577	21.221	20.464
1.577	21.240	20.467
1.578	21.240	20.465
1.577	21.240	20.465
1.577	21.237	20.466
1.577	21.238	20.469
1.577	21.238	20.465
1.577	21.238	20.469
1.577	21.237	20.469
1.576	21.213	20.468
1.575	21.230	20.471
1.574	21.234	20.468
1.574	21.232	20.469
1.573	21.231	20.469
1.573	21.229	20.470
1.573	21.228	20.473
1.573	21.228	20.471
1.573	21.228	20.472
1.572	21.227	20.471
1.571	21.227	20.472
1.571	21.226	20.472
1.571	21.224	20.473
1.571	21.222	20.474
1.570	21.221	20.473
1.571	21.220	20.474
1.571	21.218	20.474
1.571	21.217	20.473
1.570	21.216	20.473
1.570	21.196	20.471
1.570	21.204	20.474
1.569	21.216	20.472
1.569	21.214	20.475
1.568	21.214	20.475
1.569	21.211	20.476
1.568	21.208	20.475
1.568	21.208	20.477
1.567	21.206	20.478
1.566	21.205	20.476
1.566	21.180	20.475
1.565	21.201	20.475
1.565	21.204	20.476
1.566	21.203	20.479
1.565	21.205	20.474
1.565	21.202	20.478
1.564	21.201	20.476
1.563	21.198	20.478
1.562	21.196	20.478
1.562	21.176	20.480
1.562	21.186	20.477
1.562	21.197	20.478
1.561	21.195	20.477
1.561	21.194	20.479
1.560	21.191	20.479
1.560	21.189	20.481
1.559	21.188	20.479
1.559	21.187	20.479
1.559	21.186	20.478
1.559	21.159	20.478
1.557	21.181	20.480
1.556	21.183	20.479
1.558	21.183	20.479
1.558	21.182	20.477
1.557	21.180	20.479
1.555	21.178	20.479
1.555	21.174	20.481
1.554	21.171	20.483
1.553	21.157	20.479
1.553	21.152	20.479
1.552	21.170	20.481
1.552	21.167	20.478
1.551	21.167	20.479
1.551	21.167	20.478
1.550	21.162	20.483
1.549	21.160	20.482
1.549	21.158	20.481
1.548	21.156	20.482
1.548	21.134	20.479
1.548	21.151	20.482
1.548	21.155	20.480
1.548	21.155	20.480
1.548	21.158	20.480
1.548	21.155	20.481
1.547	21.153	20.483
1.547	21.153	20.480
1.546	21.152	20.482
1.546	21.141	20.479
1.546	21.132	20.481
1.545	21.152	20.482
1.545	21.154	20.481
1.544	21.152	20.480
1.543	21.148	20.480
1.543	21.146	20.482
1.543	21.148	20.482
1.543	21.145	20.483
1.543	21.145	20.482
1.542	21.122	20.480
1.542	21.137	20.482
1.541	21.142	20.480
1.541	21.142	20.485
1.541	21.141	20.482
1.541	21.139	20.484
1.540	21.138	20.480
1.539	21.134	20.483
1.538	21.130	20.481
1.537	21.115	20.481
1.536	21.102	20.479
1.536	21.121	20.481
1.535	21.121	20.483
1.535	21.121	20.480
1.535	21.117	20.482
1.535	21.118	20.482
1.534	21.117	20.482
1.534	21.115	20.482
1.533	21.115	20.480
1.533	21.114	20.481
1.533	21.113	20.482
1.533	21.112	20.481
1.532	21.109	20.481
1.532	21.102	20.480
1.532	21.106	20.481
1.532	21.105	20.481
1.531	21.105	20.482
1.531	21.103	20.480
1.531	21.089	20.481
1.530	21.078	20.481
1.530	21.099	20.480
1.530	21.097	20.483
1.530	21.097	20.481
1.530	21.093	20.481
1.529	21.093	20.479
1.528	21.090	20.481
1.528	21.088	20.480
1.527	21.085	20.479
1.526	21.059	20.479
1.525	21.077	20.481
1.524	21.078	20.482
1.525	21.077	20.478
1.523	21.072	20.479
1.523	21.068	20.480
1.521	21.059	20.478
1.520	21.054	20.479
1.519	21.051	20.481
1.520	21.042	20.477
1.519	21.025	20.479
1.519	21.042	20.479
1.518	21.039	20.479
1.516	21.032	20.478
1.515	21.024	20.479
1.515	21.021	20.480
1.515	21.021	20.479
1.515	21.021	20.480
1.515	21.021	20.477
1.514	20.998	20.476
1.515	21.016	20.479
1.514	21.021	20.480
1.514	21.021	20.476
1.514	21.022	20.476
1.514	21.019	20.478
1.514	21.016	20.478
1.513	21.014	20.480
1.513	21.012	20.480
1.514	21.004	20.476
1.513	20.989	20.479
1.514	21.011	20.478
1.514	21.008	20.479
1.513	21.013	20.478
1.514	21.010	20.476
1.514	21.008	20.477
1.513	21.005	20.477
1.513	21.001	20.479
1.511	20.990	20.476
1.510	20.964	20.476
1.510	20.981	20.476
1.510	20.980	20.476
1.509	20.977	20.477
1.509	20.974	20.476
1.509	20.963	20.478
1.509	20.959	20.478
1.508	20.954	20.476
1.508	20.943	20.476
1.507	20.922	20.477
1.507	20.903	20.478
1.507	20.917	20.476
1.506	20.910	20.476
1.507	20.901	20.476
1.505	20.897	20.473
1.504	20.889	20.477
1.504	20.886	20.476
1.504	20.885	20.476
1.504	20.875	20.476
1.503	20.863	20.476
1.503	20.842	20.475
1.503	20.859	20.477
1.502	20.855	20.475
1.502	20.851	20.475
1.502	20.848	20.475
1.502	20.844	20.476
1.502	20.842	20.476
1.502	20.838	20.474
1.501	20.827	20.476
1.500	20.805	20.472
1.499	20.812	20.474
1.499	20.797	20.475
1.498	20.788	20.472
1.498	20.781	20.475
1.497	20.771	20.474
1.497	20.761	20.477
1.496	20.753	20.475
1.496	20.747	20.476
1.495	20.739	20.477
1.494	20.729	20.474
1.494	20.727	20.475
1.495	20.724	20.477
1.493	20.719	20.474
1.493	20.721	20.477
1.493	20.720	20.476
1.493	20.722	20.475
1.493	20.725	20.475
1.492	20.716	20.472
1.491	20.683	20.473
1.489	20.681	20.475
1.489	20.662	20.475
1.488	20.651	20.472
1.487	20.638	20.474
1.486	20.621	20.475
1.485	20.597	20.474
1.485	20.593	20.472
1.485	20.591	20.473
1.484	20.573	20.471
1.484	20.573	20.472
1.482	20.572	20.473
1.482	20.568	20.473
1.482	20.567	20.473
1.481	20.561	20.475
1.481	20.557	20.473
1.480	20.553	20.475
1.480	20.550	20.474
1.481	20.549	20.474
1.481	20.544	20.473
1.480	20.512	20.473
1.479	20.517	20.472
1.478	20.515	20.471
1.477	20.505	20.474
1.477	20.496	20.474
1.476	20.487	20.474
1.476	20.483	20.473
1.475	20.473	20.472
1.475	20.447	20.471
1.474	20.453	20.473
1.475	20.459	20.471
1.475	20.452	20.472
1.473	20.443	20.474
1.473	20.436	20.473
1.473	20.433	20.473
1.472	20.422	20.472
1.472	20.420	20.472
1.472	20.410	20.472
1.471	20.400	20.473
1.471	20.397	20.471
1.471	20.387	20.473
1.470	20.384	20.472
1.470	20.367	20.472
1.469	20.356	20.474
1.469	20.349	20.474
1.469	20.344	20.473
1.469	20.337	20.474
1.467	20.314	20.471
1.467	20.307	20.471
1.467	20.320	20.474
1.466	20.313	20.473
1.466	20.312	20.473
1.466	20.305	20.470
1.466	20.300	20.472
1.465	20.295	20.473
1.465	20.292	20.474
1.465	20.288	20.472
1.464	20.263	20.471
1.464	20.276	20.475
1.464	20.273	20.471
1.464	20.265	20.469
1.463	20.256	20.472
1.463	20.255	20.471
1.462	20.251	20.471
1.462	20.252	20.472
1.462	20.251	20.472
1.462	20.251	20.471
1.463	20.244	20.471
1.462	20.230	20.473
1.462	20.254	20.470
1.462	20.256	20.471
1.463	20.254	20.471
1.462	20.251	20.470
1.461	20.244	20.474
1.460	20.237	20.473
1.460	20.222	20.470
1.458	20.176	20.470
1.456	20.173	20.472
1.456	20.165	20.471
1.456	20.164	20.471
1.456	20.162	20.471
1.456	20.158	20.472
1.455	20.153	20.472
1.455	20.148	20.472
1.454	20.128	20.473
1.454	20.102	20.471
1.453	20.111	20.472
1.452	20.112	20.473
1.452	20.104	20.473
1.451	20.091	20.472
1.451	20.085	20.474
1.451	20.084	20.473
1.451	20.081	20.473
1.450	20.080	20.472
1.451	20.075	20.472
1.450	20.061	20.472
1.450	20.081	20.472
1.451	20.081	20.471
1.450	20.080	20.472
1.450	20.075	20.471
1.450	20.069	20.474
1.450	20.069	20.473
1.450	20.069	20.471
1.450	20.068	20.474
1.449	20.050	20.471
1.449	20.049	20.473
1.449	20.055	20.472
1.449	20.055	20.473
1.449	20.051	20.473
1.448	20.044	20.473
1.447	20.042	20.473
1.447	20.036	20.473
1.446	20.032	20.472
1.446	20.031	20.473
1.446	20.022	20.473
1.445	20.008	20.474
1.445	19.984	20.472
1.444	19.997	20.472
1.444	19.991	20.470
1.443	19.983	20.472
1.443	19.979	20.474
1.443	19.973	20.474
1.442	19.961	20.472
1.442	19.943	20.471
1.441	19.930	20.473
1.441	19.935	20.474
1.440	19.927	20.473
1.440	19.919	20.472
1.439	19.909	20.473
1.439	19.900	20.471
1.438	19.891	20.473
1.438	19.886	20.470
1.436	19.882	20.472
1.436	19.877	20.472
1.436	19.871	20.472
1.436	19.858	20.472
1.435	19.849	20.471
1.435	19.848	20.472
1.434	19.841	20.473
1.434	19.836	20.474
1.434	19.827	20.473
1.434	19.819	20.471
1.433	19.803	20.471
1.432	19.789	20.472
1.433	19.802	20.472
1.432	19.800	20.473
1.432	19.800	20.472
1.431	19.794	20.472
1.430	19.781	20.473
1.429	19.771	20.473
1.429	19.758	20.471
1.428	19.741	20.472
1.427	19.715	20.470
1.426	19.708	20.471
1.425	19.705	20.472
1.425	19.703	20.472
1.425	19.701	20.474
1.425	19.691	20.473
1.423	19.674	20.474
1.421	19.662	20.471
1.421	19.644	20.474
1.420	19.631	20.473
1.419	19.624	20.471
1.419	19.617	20.475
1.419	19.595	20.472
1.417	19.592	20.471
1.416	19.595	20.473
1.416	19.583	20.474
1.415	19.573	20.473
1.415	19.567	20.473
1.414	19.561	20.473
1.414	19.542	20.471
1.413	19.533	20.472
1.412	19.537	20.472
1.411	19.524	20.470
1.411	19.515	20.473
1.410	19.503	20.471
1.410	19.494	20.473
1.410	19.483	20.472
1.410	19.477	20.472
1.409	19.470	20.473
1.408	19.441	20.470
1.408	19.441	20.470
1.407	19.443	20.470
1.406	19.437	20.471
1.406	19.429	20.470
1.406	19.421	20.473
1.405	19.411	20.473
1.404	19.396	20.471
1.403	19.378	20.472
1.402	19.353	20.474
1.400	19.327	20.469
1.401	19.341	20.470
1.400	19.336	20.472
1.400	19.334	20.471
1.399	19.325	20.471
1.397	19.303	20.472
1.395	19.274	20.474
1.393	19.240	20.470
1.392	19.234	20.472
1.391	19.196	20.472
1.391	19.200	20.471
1.389	19.199	20.472
1.388	19.185	20.471
1.387	19.173	20.471
1.386	19.160	20.470
1.385	19.138	20.473
1.383	19.122	20.473
1.382	19.109	20.471
1.381	19.098	20.474
1.381	19.095	20.471
1.382	19.090	20.470
1.381	19.079	20.469
1.380	19.053	20.469
1.380	19.066	20.469
1.379	19.055	20.470
1.378	19.051	20.470
1.379	19.049	20.471
1.378	19.039	20.470
1.377	18.994	20.470
1.376	18.985	20.469
1.376	18.983	20.471
1.375	18.970	20.472
1.373	18.953	20.470
1.373	18.939	20.471
1.371	18.918	20.472
1.371	18.914	20.471
1.371	18.914	20.470
1.371	18.906	20.471
1.371	18.905	20.472
1.371	18.898	20.471
1.370	18.894	20.471
1.370	18.890	20.470
1.369	18.882	20.470
1.367	18.870	20.471
1.366	18.848	20.470
1.365	18.829	20.469
1.364	18.817	20.470
1.363	18.799	20.469
1.362	18.788	20.468
1.362	18.788	20.469
1.362	18.780	20.470
1.362	18.776	20.469
1.361	18.774	20.473
1.361	18.774	20.470
1.361	18.771	20.470
1.360	18.760	20.472
1.360	18.753	20.469
1.359	18.722	20.465
1.358	18.724	20.468
1.357	18.713	20.469
1.356	18.707	20.468
1.356	18.696	20.468
1.355	18.689	20.467
1.354	18.680	20.470
1.354	18.675	20.469
1.354	18.671	20.469
1.354	18.661	20.469
1.352	18.653	20.467
1.352	18.646	20.468
1.352	18.640	20.468
1.351	18.618	20.468
1.351	18.632	20.467
1.350	18.624	20.468
1.350	18.616	20.468
1.350	18.611	20.468
1.349	18.603	20.469
1.349	18.577	20.465
1.348	18.573	20.468
1.348	18.578	20.468
1.348	18.569	20.467
1.346	18.577	20.466
1.346	18.548	20.468
1.346	18.538	20.466
1.345	18.534	20.469
1.345	18.530	20.467
1.345	18.526	20.467
1.345	18.518	20.467
1.344	18.515	20.466
1.344	18.508	20.468
1.344	18.506	20.465
1.342	18.498	20.467
1.342	18.487	20.466
1.341	18.476	20.468
1.341	18.471	20.467
1.341	18.469	20.467
1.341	18.454	20.465
1.341	18.447	20.465
1.340	18.451	20.466
1.340	18.445	20.466
1.339	18.441	20.467
1.339	18.437	20.467
1.339	18.436	20.468
1.339	18.433	20.468
1.338	18.433	20.467
1.337	18.427	20.465
1.337	18.397	20.465
1.337	18.408	20.467
1.336	18.408	20.466
1.336	18.401	20.466
1.335	18.391	20.467
1.333	18.380	20.466
1.333	18.361	20.466
1.332	18.347	20.466
1.332	18.336	20.464
1.331	18.328	20.465
1.331	18.322	20.464
1.329	18.308	20.466
1.329	18.295	20.463
1.328	18.270	20.465
1.327	18.280	20.467
1.326	18.262	20.465
1.326	18.257	20.467
1.326	18.253	20.466
1.326	18.250	20.462
1.325	18.232	20.463
1.324	18.235	20.464
1.324	18.238	20.466
1.324	18.230	20.466
1.324	18.227	20.462
1.323	18.212	20.465
1.322	18.201	20.463
1.322	18.188	20.465
1.320	18.182	20.463
1.319	18.167	20.465
1.320	18.167	20.465
1.319	18.166	20.464
1.319	18.166	20.465
1.319	18.161	20.466
1.318	18.156	20.464
1.317	18.140	20.466
1.316	18.129	20.463
1.316	18.126	20.463
1.316	18.117	20.465
1.315	18.088	20.463
1.314	18.075	20.462
1.313	18.077	20.463
1.312	18.063	20.464
1.312	18.052	20.464
1.311	18.039	20.464
1.310	18.030	20.464
1.310	18.022	20.465
1.309	18.008	20.464
1.308	17.998	20.464
1.308	17.980	20.463
1.309	17.996	20.463
1.307	17.988	20.465
1.307	17.981	20.463
1.307	17.974	20.461
1.307	17.968	20.464
1.306	17.961	20.461
1.307	17.957	20.462
1.306	17.952	20.461
1.305	17.942	20.460
1.304	17.932	20.461
1.304	17.924	20.460
1.304	17.920	20.462
1.304	17.912	20.462
1.303	17.907	20.461
1.303	17.903	20.464
1.302	17.896	20.463
1.302	17.887	20.462
1.302	17.878	20.461
1.300	17.847	20.462
1.299	17.853	20.458
1.298	17.843	20.459
1.297	17.828	20.462
1.296	17.816	20.461
1.296	17.803	20.461
1.295	17.797	20.461
1.294	17.784	20.460
1.294	17.776	20.460
1.294	17.767	20.461
1.294	17.763	20.458
1.293	17.773	20.462
1.292	17.766	20.462
1.291	17.763	20.461
1.292	17.757	20.462
1.291	17.752	20.463
1.291	17.741	20.461
1.291	17.740	20.459
1.291	17.737	20.459
1.290	17.712	20.460
1.290	17.725	20.462
1.290	17.722	20.459
1.290	17.710	20.460
1.289	17.705	20.460
1.287	17.699	20.461
1.287	17.698	20.458
1.288	17.691	20.459
1.287	17.686	20.459
1.286	17.672	20.459
1.286	17.662	20.461
1.286	17.669	20.459
1.285	17.663	20.460
1.284	17.661	20.460
1.284	17.646	20.461
1.283	17.637	20.461
1.283	17.627	20.459
1.283	17.622	20.458
1.282	17.614	20.458
1.282	17.604	20.460
1.282	17.603	20.459
1.282	17.602	20.460
1.282	17.601	20.458
1.281	17.598	20.460
1.281	17.595	20.459
1.281	17.594	20.459
1.281	17.590	20.458
1.281	17.583	20.458
1.280	17.567	20.458
1.279	17.553	20.458
1.279	17.554	20.459
1.277	17.543	20.458
1.277	17.534	20.457
1.276	17.515	20.457
1.274	17.498	20.462
1.274	17.490	20.457
1.273	17.481	20.460
1.273	17.473	20.459
1.272	17.454	20.456
1.271	17.458	20.458
1.271	17.459	20.457
1.271	17.457	20.458
1.271	17.452	20.457
1.270	17.441	20.457
1.270	17.432	20.456
1.269	17.422	20.456
1.269	17.415	20.455
1.268	17.396	20.457
1.267	17.375	20.456
1.266	17.385	20.457
1.266	17.379	20.457
1.265	17.366	20.458
1.264	17.358	20.457
1.264	17.351	20.457
1.263	17.346	20.458
1.263	17.342	20.457
1.263	17.336	20.457
1.262	17.323	20.455
1.262	17.314	20.456
1.261	17.314	20.457
1.260	17.301	20.458
1.259	17.289	20.456
1.259	17.282	20.457
1.259	17.276	20.458
1.258	17.269	20.456
1.258	17.261	20.457
1.257	17.254	20.457
1.256	17.245	20.458
1.255	17.236	20.456
1.255	17.229	20.456
1.255	17.224	20.457
1.254	17.215	20.455
1.254	17.206	20.455
1.254	17.200	20.457
1.254	17.196	20.456
1.253	17.192	20.457
1.253	17.177	20.454
1.253	17.175	20.457
1.253	17.179	20.453
1.252	17.175	20.455
1.252	17.175	20.455
1.252	17.168	20.453
1.252	17.163	20.454
1.251	17.154	20.452
1.251	17.147	20.455
1.250	17.139	20.455
1.250	17.135	20.456
1.249	17.127	20.454
1.248	17.119	20.455
1.248	17.113	20.455
1.248	17.104	20.453
1.247	17.099	20.454
1.247	17.092	20.454
1.247	17.083	20.456
1.246	17.078	20.453
1.246	17.062	20.453
1.246	17.049	20.456
1.245	17.060	20.456
1.245	17.053	20.455
1.244	17.048	20.457
1.244	17.041	20.454
1.244	17.037	20.455
1.243	17.029	20.454
1.242	17.017	20.453
1.242	17.004	20.456
1.240	16.976	20.453
1.240	16.980	20.455
1.240	16.980	20.453
1.239	16.976	20.452
1.240	16.973	20.453
1.239	16.969	20.455
1.239	16.963	20.456
1.239	16.959	20.454
1.238	16.958	20.456
1.238	16.955	20.452
1.237	16.948	20.454
1.237	16.944	20.453
1.237	16.941	20.454
1.237	16.934	20.453
1.236	16.927	20.454
1.235	16.921	20.452
1.235	16.919	20.454
1.235	16.916	20.454
1.235	16.911	20.453
1.234	16.889	20.453
1.233	16.899	20.454
1.232	16.886	20.455
1.232	16.874	20.455
1.231	16.862	20.451
1.231	16.852	20.452
1.231	16.848	20.452
1.229	16.844	20.454
1.229	16.834	20.454
1.229	16.826	20.452
1.229	16.814	20.454
1.228	16.822	20.452
1.228	16.821	20.451
1.228	16.817	20.453
1.227	16.814	20.452
1.227	16.803	20.454
1.226	16.790	20.451
1.225	16.782	20.451
1.225	16.773	20.451
1.224	16.759	20.450
1.224	16.753	20.454
1.224	16.760	20.454
1.223	16.754	20.452
1.223	16.751	20.452
1.223	16.743	20.452
1.222	16.736	20.449
1.222	16.736	20.453
1.222	16.734	20.451
1.221	16.722	20.452
1.221	16.703	20.452
1.221	16.718	20.452
1.221	16.714	20.452
1.221	16.711	20.451
1.220	16.704	20.451
1.220	16.699	20.449
1.219	16.690	20.449
1.219	16.684	20.451
1.218	16.680	20.451
1.218	16.675	20.450
1.218	16.667	20.451
1.217	16.661	20.450
1.217	16.653	20.449
1.216	16.651	20.449
1.216	16.645	20.452
1.216	16.640	20.453
1.215	16.638	20.450
1.215	16.636	20.452
1.215	16.627	20.450
1.214	16.615	20.450
1.214	16.626	20.450
1.214	16.618	20.449
1.214	16.614	20.449
1.214	16.607	20.450
1.213	16.600	20.449
1.213	16.593	20.452
1.213	16.589	20.451
1.213	16.587	20.448
1.212	16.582	20.450
1.213	16.579	20.450
1.212	16.577	20.448
1.212	16.576	20.452
1.212	16.573	20.448
1.211	16.568	20.449
1.211	16.567	20.448
1.211	16.565	20.448
1.211	16.565	20.451
1.211	16.559	20.450
1.211	16.549	20.447
1.211	16.563	20.448
1.211	16.559	20.452
1.211	16.557	20.450
1.210	16.556	20.450
1.211	16.553	20.449
1.210	16.552	20.448
1.210	16.551	20.447
1.211	16.550	20.449
1.210	16.535	20.446
1.210	16.543	20.450
1.210	16.547	20.449
1.210	16.545	20.450
1.210	16.542	20.451
1.210	16.541	20.451
1.210	16.539	20.450
1.209	16.533	20.448
1.209	16.532	20.447
1.209	16.534	20.450
1.209	16.528	20.449
1.209	16.528	20.447
1.208	16.524	20.447
1.208	16.523	20.448
1.208	16.521	20.450
1.208	16.520	20.450
1.208	16.518	20.450
1.208	16.518	20.448
1.208	16.517	20.450
1.207	16.503	20.446
1.207	16.511	20.448
1.207	16.516	20.448
1.207	16.516	20.449
1.207	16.517	20.448
1.207	16.514	20.448
1.207	16.515	20.448
1.207	16.514	20.448
1.207	16.514	20.446
1.207	16.514	20.449
1.207	16.512	20.449
1.207	16.512	20.446
1.207	16.511	20.449
1.207	16.511	20.445
1.207	16.514	20.447
1.207	16.509	20.447
1.207	16.508	20.447
1.207	16.508	20.446
1.207	16.507	20.447
1.207	16.498	20.448
1.207	16.496	20.447
1.206	16.507	20.448
1.206	16.506	20.448
1.206	16.502	20.448
1.206	16.496	20.448
1.206	16.493	20.447
1.206	16.492	20.446
1.206	16.489	20.447
1.205	16.484	20.447
1.204	16.465	20.444
1.204	16.476	20.447
1.204	16.476	20.449
1.204	16.473	20.449
1.204	16.468	20.446
1.204	16.467	20.447
1.204	16.465	20.447
1.203	16.463	20.447
1.203	16.456	20.447
1.203	16.448	20.444
1.202	16.443	20.446
1.201	16.443	20.448
1.201	16.437	20.447
1.201	16.431	20.447
1.201	16.429	20.446
1.200	16.422	20.447
1.200	16.419	20.446
1.200	16.418	20.447
1.200	16.414	20.444
1.199	16.391	20.444
1.199	16.399	20.445
1.199	16.394	20.447
1.199	16.390	20.446
1.198	16.388	20.443
1.198	16.382	20.445
1.198	16.380	20.445
1.197	16.377	20.445
1.197	16.373	20.443
1.197	16.370	20.447
1.197	16.367	20.446
1.196	16.361	20.445
1.196	16.359	20.444
1.196	16.353	20.445
1.196	16.353	20.446
1.195	16.347	20.444
1.194	16.343	20.446
1.195	16.337	20.445
1.193	16.333	20.444
1.193	16.300	20.444
1.192	16.302	20.445
1.192	16.298	20.442
1.192	16.296	20.446
1.191	16.294	20.443
1.191	16.284	20.444
1.190	16.280	20.446
1.190	16.276	20.444
1.190	16.272	20.445
1.189	16.263	20.444
1.189	16.253	20.446
1.189	16.265	20.444
1.189	16.263	20.447
1.188	16.257	20.443
1.188	16.252	20.445
1.188	16.250	20.442
1.188	16.249	20.444
1.188	16.248	20.444
1.187	16.243	20.442
1.186	16.230	20.443
1.186	16.233	20.442
1.186	16.223	20.445
1.186	16.211	20.444
1.185	16.210	20.444
1.185	16.206	20.446
1.185	16.204	20.444
1.186	16.203	20.444
1.186	16.202	20.443
1.185	16.193	20.442
1.185	16.192	20.442
1.185	16.202	20.443
1.186	16.201	20.440
1.185	16.200	20.443
1.186	16.201	20.442
1.186	16.199	20.442
1.185	16.197	20.442
1.185	16.195	20.443
1.185	16.192	20.443
1.185	16.175	20.440
1.184	16.183	20.442
1.183	16.185	20.441
1.183	16.177	20.443
1.183	16.174	20.442
1.182	16.168	20.442
1.182	16.162	20.443
1.182	16.159	20.443
1.181	16.155	20.445
1.181	16.142	20.439
1.181	16.143	20.441
1.181	16.150	20.443
1.181	16.150	20.443
1.181	16.146	20.439
1.180	16.141	20.442
1.180	16.138	20.441
1.180	16.138	20.442
1.180	16.138	20.443
1.180	16.139	20.441
1.180	16.122	20.441
1.180	16.135	20.443
1.179	16.137	20.443
1.179	16.133	20.441
1.179	16.127	20.441
1.178	16.113	20.441
1.178	16.104	20.442
1.177	16.100	20.442
1.176	16.096	20.441
1.177	16.085	20.440
1.177	16.081	20.441
1.176	16.085	20.442
1.176	16.086	20.442
1.176	16.084	20.442
1.176	16.082	20.442
1.177	16.082	20.443
1.176	16.078	20.442
1.176	16.076	20.441
1.176	16.071	20.441
1.175	16.050	20.439
1.175	16.060	20.441
1.175	16.060	20.438
1.174	16.059	20.442
1.175	16.060	20.439
1.174	16.056	20.439
1.174	16.053	20.440
1.173	16.048	20.441
1.173	16.045	20.440
1.174	16.036	20.440
1.174	16.033	20.440
1.173	16.044	20.439
1.173	16.044	20.439
1.173	16.043	20.440
1.173	16.040	20.440
1.173	16.040	20.440
1.173	16.040	20.438
1.173	16.040	20.440
1.173	16.033	20.438
1.173	16.029	20.439
1.173	16.041	20.440
1.173	16.039	20.443
1.173	16.035	20.440
1.172	16.036	20.440
1.172	16.032	20.439
1.172	16.033	20.441
1.172	16.032	20.440
1.172	16.029	20.440
1.172	16.024	20.438
1.172	16.009	20.438
1.171	16.016	20.439
1.172	16.010	20.438
1.171	16.005	20.439
1.171	16.004	20.438
1.171	16.002	20.437
1.171	15.999	20.438
1.171	15.995	20.439
1.171	15.992	20.438
1.170	15.981	20.438
1.171	15.983	20.439
1.171	15.991	20.437
1.170	15.989	20.439
1.170	15.986	20.437
1.170	15.980	20.437
1.170	15.974	20.436
1.169	15.969	20.439
1.169	15.967	20.435
1.168	15.960	20.438
1.168	15.950	20.436
1.168	15.961	20.437
1.168	15.959	20.437
1.168	15.956	20.437
1.168	15.955	20.438
1.168	15.952	20.436
1.167	15.947	20.437
1.167	15.942	20.438
1.167	15.940	20.437
1.167	15.923	20.437
1.167	15.933	20.436
1.167	15.934	20.438
1.166	15.932	20.436
1.166	15.931	20.437
1.166	15.930	20.439
1.166	15.929	20.435
1.166	15.926	20.436
1.166	15.926	20.438
1.166	15.919	20.436
1.166	15.911	20.436
1.166	15.924	20.436
1.166	15.924	20.435
1.166	15.924	20.435
1.166	15.924	20.436
1.166	15.921	20.436
1.166	15.922	20.437
1.166	15.920	20.436
1.166	15.918	20.436
1.166	15.902	20.433
1.165	15.902	20.436
1.165	15.906	20.436
1.165	15.904	20.435
1.164	15.904	20.437
1.164	15.898	20.436
1.164	15.896	20.437
1.163	15.894	20.435
1.164	15.893	20.436
1.163	15.890	20.434
1.163	15.872	20.436
1.163	15.891	20.435
1.163	15.887	20.436
1.163	15.886	20.435
1.163	15.891	20.433
1.163	15.886	20.436
1.163	15.881	20.433
1.163	15.881	20.435
1.163	15.881	20.434
1.162	15.878	20.434
1.162	15.864	20.432
1.162	15.868	20.436
1.162	15.873	20.434
1.162	15.874	20.434
1.161	15.869	20.434
1.162	15.869	20.437
1.162	15.869	20.434
1.162	15.868	20.434
1.162	15.864	20.436
1.161	15.861	20.435
1.161	15.857	20.435
1.161	15.854	20.436
1.161	15.849	20.434
1.160	15.848	20.435
1.160	15.846	20.436
1.160	15.845	20.433
1.160	15.844	20.433
1.160	15.840	20.435
1.159	15.825	20.434
1.159	15.824	20.433
1.159	15.832	20.434
1.159	15.831	20.435
1.159	15.830	20.435
1.159	15.826	20.435
1.159	15.824	20.434
1.158	15.821	20.433
1.158	15.818	20.435
1.158	15.813	20.434
1.158	15.795	20.432
1.157	15.801	20.433
1.157	15.801	20.433
1.157	15.799	20.433
1.157	15.798	20.434
1.156	15.796	20.435
1.156	15.794	20.433
1.156	15.790	20.434
1.155	15.784	20.435
1.155	15.766	20.433
1.155	15.761	20.432
1.155	15.771	20.435
1.155	15.767	20.434
1.155	15.765	20.434
1.154	15.763	20.434
1.154	15.759	20.432
1.154	15.756	20.432
1.154	15.755	20.434
1.154	15.753	20.435
1.154	15.747	20.433
1.154	15.739	20.436
1.154	15.753	20.431
1.154	15.751	20.433
1.154	15.750	20.433
1.153	15.747	20.432
1.153	15.742	20.433
1.153	15.738	20.433
1.153	15.738	20.431
1.153	15.737	20.434
1.153	15.736	20.434
1.153	15.735	20.434
1.153	15.735	20.430
1.152	15.726	20.432
1.152	15.731	20.433
1.152	15.727	20.433
1.152	15.726	20.432
1.152	15.723	20.432
1.152	15.722	20.433
1.152	15.704	20.430
1.151	15.705	20.434
1.150	15.707	20.431
1.150	15.704	20.430
1.150	15.706	20.432
1.150	15.702	20.433
1.150	15.701	20.433
1.149	15.698	20.432
1.149	15.691	20.432
1.148	15.678	20.431
1.147	15.657	20.434
1.148	15.666	20.431
1.147	15.662	20.433
1.146	15.654	20.432
1.145	15.643	20.432
1.144	15.637	20.433
1.145	15.636	20.432
1.145	15.636	20.433
1.145	15.637	20.431
1.145	15.624	20.432
1.144	15.626	20.431
1.144	15.629	20.430
1.144	15.625	20.433
1.143	15.617	20.432
1.143	15.612	20.429
1.142	15.603	20.430
1.142	15.594	20.430
1.142	15.588	20.431
1.141	15.586	20.429
1.140	15.564	20.428
1.140	15.572	20.431
1.140	15.568	20.429
1.140	15.564	20.429
1.139	15.557	20.428
1.138	15.542	20.430
1.138	15.534	20.431
1.137	15.527	20.429
1.137	15.521	20.431
1.137	15.514	20.431
1.137	15.506	20.430
1.137	15.515	20.430
1.136	15.512	20.429
1.136	15.506	20.428
1.136	15.499	20.431
1.134	15.487	20.432
1.133	15.476	20.430
1.133	15.467	20.428
1.133	15.466	20.428
1.133	15.451	20.427
1.133	15.450	20.429
1.133	15.456	20.428
1.133	15.454	20.430
1.132	15.452	20.427
1.132	15.446	20.428
1.132	15.442	20.429
1.131	15.440	20.428
1.131	15.432	20.429
1.131	15.432	20.426
1.130	15.417	20.429
1.130	15.430	20.429
1.130	15.420	20.430
1.129	15.417	20.430
1.130	15.411	20.427
1.129	15.406	20.429
1.130	15.404	20.431
1.130	15.403	20.430
1.130	15.400	20.430
1.129	15.377	20.430
1.127	15.373	20.430
1.126	15.369	20.429
1.126	15.367	20.429
1.125	15.362	20.429
1.125	15.356	20.428
1.125	15.354	20.429
1.124	15.344	20.430
1.124	15.333	20.428
1.123	15.324	20.429
1.123	15.304	20.427
1.123	15.316	20.427
1.123	15.313	20.428
1.123	15.309	20.427
1.122	15.307	20.428
1.122	15.300	20.427
1.121	15.296	20.427
1.121	15.295	20.427
1.121	15.294	20.428
1.121	15.289	20.426
1.121	15.283	20.427
1.120	15.281	20.426
1.120	15.275	20.428
1.120	15.267	20.427
1.120	15.268	20.429
1.120	15.262	20.428
1.120	15.259	20.427
1.120	15.258	20.428
1.119	15.257	20.428
1.119	15.240	20.429
1.119	15.248	20.427
1.119	15.251	20.428
1.119	15.250	20.429
1.118	15.250	20.426
1.118	15.246	20.428
1.118	15.244	20.426
1.118	15.240	20.429
1.117	15.237	20.426
1.117	15.230	20.427
1.117	15.218	20.427
1.117	15.229	20.426
1.117	15.223	20.426
1.116	15.220	20.427
1.115	15.217	20.428
1.115	15.214	20.427
1.115	15.213	20.427
1.115	15.210	20.427
1.115	15.206	20.427
1.114	15.188	20.427
1.114	15.187	20.425
1.114	15.187	20.424
1.113	15.184	20.426
1.113	15.175	20.425
1.112	15.168	20.426
1.112	15.163	20.425
1.112	15.161	20.425
1.112	15.159	20.425
1.111	15.155	20.424
1.111	15.137	20.426
1.111	15.150	20.427
1.111	15.149	20.426
1.111	15.146	20.425
1.110	15.139	20.424
1.110	15.134	20.424
1.110	15.134	20.426
1.110	15.125	20.426
1.109	15.116	20.425
1.109	15.108	20.427
1.109	15.097	20.425
1.108	15.110	20.425
1.108	15.102	20.426
1.108	15.092	20.427
1.107	15.088	20.428
1.107	15.084	20.425
1.106	15.081	20.426
1.106	15.077	20.424
1.106	15.076	20.425
1.106	15.058	20.428
1.106	15.065	20.426
1.106	15.063	20.424
1.105	15.063	20.425
1.105	15.063	20.426
1.105	15.062	20.424
1.105	15.059	20.427
1.105	15.059	20.423
1.105	15.057	20.427
1.105	15.048	20.425
1.105	15.038	20.425
1.105	15.045	20.425
1.104	15.041	20.426
1.104	15.039	20.426
1.104	15.036	20.427
1.103	15.032	20.427
1.103	15.030	20.424
1.103	15.027	20.424
1.103	15.026	20.424
1.103	15.025	20.426
1.103	15.020	20.424
1.102	15.006	20.427
1.102	15.017	20.424
1.102	15.015	20.425
1.102	15.011	20.426
1.102	15.006	20.425
1.101	15.002	20.425
1.101	14.996	20.425
1.100	14.983	20.424
1.100	14.977	20.426
1.100	14.985	20.425
1.100	14.981	20.424
1.100	14.978	20.424
1.099	14.972	20.424
1.098	14.966	20.425
1.098	14.957	20.423
1.097	14.951	20.425
1.097	14.943	20.425
1.096	14.941	20.426
1.096	14.933	20.423
1.096	14.927	20.422
1.096	14.929	20.422
1.096	14.930	20.422
1.096	14.927	20.425
1.095	14.918	20.424
1.095	14.907	20.426
1.094	14.905	20.425
1.094	14.898	20.422
1.094	14.877	20.425
1.094	14.885	20.422
1.094	14.881	20.423
1.093	14.880	20.425
1.093	14.877	20.424
1.093	14.871	20.425
1.093	14.868	20.424
1.093	14.864	20.422
1.092	14.861	20.424
1.092	14.852	20.422
1.092	14.850	20.426
1.092	14.857	20.423
1.091	14.856	20.427
1.091	14.856	20.424
1.091	14.852	20.423
1.091	14.850	20.422
1.090	14.846	20.423
1.090	14.844	20.424
1.090	14.840	20.422
1.090	14.824	20.425
1.090	14.835	20.421
1.090	14.832	20.423
1.089	14.832	20.422
1.089	14.824	20.422
1.089	14.819	20.423
1.089	14.817	20.423
1.089	14.815	20.423
1.089	14.814	20.419
1.088	14.810	20.423
1.088	14.796	20.424
1.088	14.810	20.422
1.088	14.807	20.422
1.088	14.805	20.420
1.087	14.800	20.422
1.087	14.795	20.423
1.086	14.783	20.420
1.086	14.773	20.421
1.085	14.766	20.422
1.083	14.746	20.420
1.082	14.727	20.422
1.081	14.713	20.422
1.081	14.710	20.425
1.081	14.707	20.422
1.081	14.702	20.421
1.080	14.697	20.423
1.080	14.694	20.420
1.079	14.686	20.422
1.079	14.682	20.421
1.079	14.665	20.424
1.078	14.672	20.420
1.077	14.657	20.422
1.076	14.640	20.421
1.074	14.619	20.422
1.073	14.603	20.420
1.073	14.594	20.421
1.072	14.587	20.422
1.072	14.581	20.425
1.071	14.565	20.424
1.071	14.569	20.423
1.071	14.572	20.421
1.071	14.565	20.422
1.071	14.560	20.422
1.071	14.557	20.421
1.071	14.554	20.422
1.071	14.551	20.422
1.070	14.544	20.421
1.069	14.531	20.420
1.069	14.521	20.424
1.068	14.520	20.422
1.067	14.506	20.422
1.066	14.495	20.420
1.065	14.484	20.423
1.065	14.477	20.422
1.065	14.473	20.422
1.065	14.471	20.422
1.064	14.469	20.421
1.065	14.460	20.422
1.065	14.461	20.423
1.064	14.464	20.421
1.063	14.451	20.422
1.062	14.442	20.421
1.062	14.429	20.420
1.061	14.420	20.415
1.061	14.414	20.420
1.061	14.414	20.419
1.061	14.406	20.420
1.060	14.402	20.420
1.060	14.393	20.419
1.060	14.388	20.419
1.059	14.383	20.419
1.059	14.382	20.420
1.059	14.378	20.419
1.059	14.373	20.422
1.059	14.368	20.419
1.058	14.367	20.420
1.058	14.356	20.420
1.058	14.355	20.421
1.058	14.361	20.421
1.058	14.356	20.422
1.058	14.355	20.417
1.057	14.350	20.418
1.057	14.344	20.420
1.057	14.343	20.420
1.056	14.340	20.420
1.056	14.337	20.421
1.055	14.318	20.421
1.055	14.327	20.420
1.055	14.327	20.420
1.055	14.325	20.421
1.054	14.315	20.418
1.054	14.304	20.421
1.053	14.294	20.419
1.052	14.284	20.418
1.051	14.274	20.421
1.051	14.263	20.422
1.051	14.265	20.420
1.051	14.269	20.419
1.051	14.263	20.421
1.050	14.259	20.419
1.050	14.254	20.421
1.050	14.248	20.418
1.049	14.246	20.421
1.049	14.236	20.420
1.049	14.233	20.419
1.048	14.213	20.421
1.048	14.214	20.422
1.048	14.209	20.422
1.047	14.203	20.419
1.046	14.193	20.420
1.045	14.182	20.420
1.044	14.165	20.418
1.044	14.157	20.422
1.043	14.158	20.418
1.043	14.156	20.419
1.043	14.153	20.418
1.043	14.151	20.420
1.043	14.149	20.421
1.043	14.140	20.420
1.043	14.147	20.421
1.043	14.145	20.417
1.043	14.144	20.420
1.042	14.138	20.419
1.042	14.129	20.421
1.042	14.116	20.422
1.041	14.113	20.418
1.041	14.105	20.422
1.039	14.091	20.422
1.038	14.085	20.418
1.039	14.081	20.419
1.038	14.078	20.420
1.038	14.075	20.422
1.038	14.075	20.420
1.038	14.069	20.421
1.038	14.053	20.421
1.038	14.063	20.419
1.038	14.061	20.417
1.037	14.054	20.418
1.037	14.051	20.418
1.037	14.048	20.418
1.036	14.043	20.419
1.036	14.042	20.419
1.035	14.039	20.419
1.035	14.021	20.421
1.035	14.025	20.416
1.034	14.020	20.416
1.034	14.006	20.419
1.033	13.999	20.420
1.032	13.983	20.419
1.032	13.978	20.417
1.031	13.977	20.419
1.031	13.976	20.416
1.031	13.967	20.419
1.031	13.953	20.418
1.031	13.963	20.420
1.031	13.958	20.417
1.030	13.945	20.417
1.029	13.934	20.419
1.028	13.928	20.417
1.028	13.925	20.418
1.028	13.917	20.418
1.027	13.914	20.420
1.027	13.899	20.421
1.027	13.893	20.419
1.027	13.899	20.417
1.026	13.893	20.420
1.026	13.890	20.418
1.026	13.883	20.419
1.026	13.881	20.419
1.025	13.879	20.419
1.025	13.875	20.418
1.025	13.870	20.418
1.024	13.853	20.419
1.024	13.861	20.418
1.023	13.858	20.415
1.023	13.857	20.417
1.023	13.855	20.416
1.023	13.849	20.420
1.022	13.843	20.416
1.021	13.835	20.419
1.021	13.827	20.417
1.020	13.817	20.418
1.019	13.796	20.418
1.019	13.795	20.419
1.018	13.786	20.420
1.017	13.781	20.419
1.016	13.764	20.416
1.015	13.743	20.418
1.015	13.731	20.417
1.015	13.731	20.418
1.015	13.731	20.418
1.015	13.715	20.421
1.015	13.723	20.417
1.015	13.721	20.419
1.014	13.714	20.419
1.013	13.704	20.418
1.013	13.697	20.419
1.013	13.688	20.419
1.012	13.684	20.420
1.011	13.682	20.417
1.012	13.682	20.419
1.012	13.669	20.419
1.012	13.678	20.420
1.012	13.682	20.416
1.012	13.681	20.416
1.011	13.680	20.417
1.011	13.673	20.419
1.010	13.661	20.416
1.009	13.647	20.418
1.009	13.647	20.417
1.009	13.640	20.419
1.009	13.635	20.417
1.008	13.627	20.416
1.008	13.623	20.417
1.008	13.618	20.418
1.008	13.611	20.418
1.007	13.609	20.419
1.007	13.607	20.418
1.007	13.603	20.416
1.005	13.596	20.419
1.004	13.571	20.420
1.004	13.572	20.418
1.003	13.559	20.418
1.003	13.553	20.420
1.003	13.551	20.417
1.003	13.548	20.419
1.002	13.541	20.419
1.002	13.533	20.418
1.002	13.532	20.416
1.001	13.515	20.418
1.000	13.508	20.420
1.000	13.510	20.416
1.000	13.508	20.419
1.000	13.509	20.417
1.000	13.508	20.417
1.000	13.506	20.420
1.000	13.497	20.421
0.998	13.471	20.415
0.995	13.447	20.417
0.993	13.404	20.419
0.991	13.387	20.417
0.989	13.369	20.416
0.988	13.354	20.418
0.988	13.346	20.415
0.988	13.341	20.421
0.988	13.337	20.418
0.988	13.337	20.417
0.988	13.336	20.416
0.988	13.332	20.417
0.987	13.324	20.418
0.986	13.308	20.421
0.986	13.313	20.421
0.986	13.310	20.418
0.986	13.307	20.416
0.986	13.304	20.418
0.985	13.293	20.420
0.985	13.287	20.418
0.985	13.285	20.416
0.985	13.272	20.419
0.985	13.281	20.419
0.985	13.281	20.418
0.984	13.280	20.416
0.984	13.279	20.414
0.984	13.272	20.420
0.983	13.263	20.414
0.982	13.250	20.415
0.981	13.243	20.417
0.981	13.234	20.416
0.981	13.224	20.418
0.981	13.230	20.418
0.980	13.222	20.420
0.980	13.220	20.420
0.980	13.221	20.418
0.980	13.218	20.421
0.979	13.213	20.419
0.979	13.208	20.418
0.979	13.204	20.419
0.979	13.192	20.422
0.978	13.198	20.423
0.978	13.198	20.423
0.978	13.198	20.424
0.978	13.196	20.424
0.978	13.193	20.426
0.978	13.190	20.426
0.978	13.187	20.426
0.977	13.184	20.426
0.977	13.175	20.428
0.977	13.161	20.429
0.977	13.171	20.429
0.976	13.170	20.428
0.977	13.167	20.430
0.976	13.165	20.430
0.976	13.169	20.432
0.976	13.159	20.430
0.976	13.152	20.431
0.975	13.147	20.431
0.975	13.147	20.434
0.974	13.142	20.432
0.974	13.126	20.435
0.974	13.130	20.436
0.974	13.131	20.433
0.974	13.126	20.437
0.974	13.123	20.438
0.974	13.121	20.438
0.973	13.115	20.437
0.972	13.106	20.438
0.972	13.097	20.440
0.971	13.104	20.439
0.971	13.099	20.440
0.971	13.093	20.443
0.971	13.084	20.440
0.970	13.074	20.444
0.970	13.064	20.442
0.969	13.056	20.444
0.968	13.050	20.444
0.968	13.035	20.442
0.968	13.038	20.446
0.967	13.037	20.447
0.967	13.035	20.447
0.966	13.030	20.446
0.966	13.021	20.446
0.965	13.008	20.449
0.965	13.004	20.447
0.965	13.002	20.449
0.965	12.990	20.448
0.964	12.988	20.450
0.964	12.988	20.452
0.964	12.988	20.452
0.964	12.986	20.452
0.964	12.986	20.451
0.964	12.983	20.452
0.964	12.982	20.453
0.963	12.977	20.453
0.963	12.976	20.451
0.963	12.964	20.453
0.963	12.975	20.456
0.963	12.971	20.456
0.963	12.964	20.456
0.962	12.961	20.456
0.962	12.959	20.455
0.962	12.959	20.456
0.962	12.953	20.458
0.961	12.951	20.459
0.961	12.946	20.456
0.961	12.943	20.458
0.961	12.941	20.458
0.960	12.930	20.459
0.960	12.939	20.460
0.960	12.937	20.459
0.959	12.930	20.459
0.958	12.920	20.462
0.957	12.904	20.460
0.956	12.887	20.460
0.956	12.873	20.460
0.955	12.878	20.460
0.954	12.873	20.461
0.954	12.866	20.461
0.954	12.866	20.463
0.954	12.864	20.461
0.954	12.855	20.461
0.953	12.852	20.463
0.953	12.844	20.465
0.952	12.839	20.462
0.952	12.826	20.463
0.953	12.836	20.464
0.952	12.832	20.465
0.952	12.824	20.465
0.951	12.818	20.465
0.951	12.811	20.467
0.951	12.806	20.467
0.950	12.804	20.467
0.950	12.796	20.469
0.950	12.781	20.466
0.950	12.786	20.467
0.949	12.790	20.467
0.950	12.788	20.469
0.949	12.785	20.466
0.949	12.781	20.468
0.949	12.776	20.468
0.949	12.770	20.469
0.948	12.761	20.467
0.948	12.757	20.470
0.947	12.744	20.468
0.947	12.754	20.468
0.947	12.754	20.470
0.947	12.754	20.467
0.947	12.751	20.469
0.947	12.750	20.470
0.947	12.751	20.471
0.947	12.749	20.469
0.947	12.749	20.470
0.947	12.749	20.471
0.947	12.749	20.471
0.947	12.748	20.470
0.947	12.735	20.472
0.947	12.742	20.470
0.947	12.736	20.472
0.945	12.722	20.471
0.944	12.705	20.473
0.943	12.695	20.471
0.943	12.683	20.472
0.942	12.672	20.473
0.942	12.665	20.473
0.941	12.659	20.474
0.941	12.654	20.473
0.940	12.646	20.474
0.939	12.636	20.473
0.939	12.628	20.474
0.939	12.622	20.473
0.938	12.617	20.471
0.937	12.594	20.473
0.936	12.585	20.471
0.936	12.585	20.474
0.935	12.573	20.473
0.934	12.565	20.473
0.934	12.557	20.475
0.933	12.538	20.474
0.932	12.524	20.475
0.931	12.512	20.475
0.931	12.499	20.474
0.930	12.488	20.473
0.930	12.492	20.475
0.929	12.479	20.473
0.928	12.474	20.475
0.928	12.467	20.473
0.928	12.463	20.475
0.928	12.461	20.473
0.927	12.457	20.475
0.927	12.458	20.473
0.926	12.441	20.471
0.925	12.439	20.474
0.925	12.434	20.474
0.924	12.429	20.474
0.923	12.417	20.475
0.922	12.399	20.474
0.921	12.381	20.475
0.919	12.352	20.475
0.919	12.337	20.475
0.919	12.331	20.475
0.919	12.327	20.476
0.918	12.317	20.477
0.917	12.305	20.473
0.916	12.288	20.475
0.916	12.297	20.473
0.916	12.292	20.476
0.916	12.291	20.476
0.916	12.288	20.477
0.916	12.283	20.476
0.915	12.278	20.476
0.915	12.274	20.475
0.915	12.268	20.475
0.914	12.264	20.476
0.914	12.256	20.474
0.913	12.250	20.476
0.912	12.228	20.474
0.911	12.199	20.476
0.910	12.189	20.478
0.909	12.183	20.475
0.908	12.170	20.477
0.908	12.175	20.475
0.908	12.167	20.477
0.907	12.159	20.476
0.906	12.151	20.476
0.905	12.134	20.478
0.905	12.131	20.478
0.905	12.122	20.476
0.905	12.120	20.476
0.904	12.104	20.475
0.903	12.090	20.475
0.902	12.081	20.476
0.902	12.076	20.474
0.902	12.075	20.474
0.902	12.073	20.478
0.902	12.070	20.476
0.901	12.064	20.475
0.901	12.054	20.477
0.900	12.041	20.477
0.900	12.027	20.476
0.899	12.034	20.476
0.899	12.029	20.476
0.899	12.024	20.477
0.898	12.021	20.478
0.898	12.015	20.476
0.897	12.006	20.475
0.896	11.996	20.475
0.896	11.987	20.478
0.895	11.985	20.475
0.895	11.979	20.477
0.894	11.968	20.478
0.892	11.954	20.477
0.892	11.936	20.476
0.891	11.934	20.477
0.891	11.925	20.477
0.890	11.916	20.476
0.890	11.914	20.476
0.890	11.914	20.476
0.889	11.901	20.474
0.889	11.902	20.477
0.889	11.902	20.476
0.888	11.893	20.477
0.888	11.890	20.477
0.888	11.884	20.475
0.888	11.882	20.476
0.888	11.878	20.477
0.887	11.874	20.477
0.887	11.863	20.474
0.886	11.854	20.474
0.886	11.858	20.477
0.886	11.855	20.478
0.886	11.851	20.476
0.885	11.839	20.476
0.884	11.829	20.477
0.884	11.825	20.477
0.883	11.816	20.477
0.882	11.804	20.477
0.882	11.792	20.476
0.882	11.795	20.478
0.882	11.792	20.475
0.881	11.783	20.475
0.881	11.778	20.479
0.881	11.767	20.476
0.880	11.758	20.476
0.880	11.752	20.478
0.879	11.741	20.477
0.878	11.729	20.474
0.878	11.719	20.477
0.877	11.723	20.474
0.877	11.718	20.477
0.876	11.711	20.476
0.876	11.704	20.475
0.876	11.695	20.475
0.875	11.686	20.473
0.874	11.675	20.477
0.874	11.670	20.472
0.874	11.668	20.473
0.874	11.663	20.477
0.873	11.662	20.475
0.873	11.662	20.477
0.873	11.654	20.475
0.873	11.654	20.474
0.872	11.647	20.475
0.872	11.642	20.475
0.872	11.639	20.476
0.871	11.630	20.477
0.871	11.623	20.474
0.870	11.620	20.473
0.870	11.612	20.476
0.870	11.606	20.474
0.870	11.599	20.476
0.869	11.595	20.475
0.869	11.589	20.477
0.869	11.585	20.476
0.869	11.584	20.475
0.869	11.574	20.474
0.869	11.579	20.476
0.868	11.581	20.475
0.868	11.576	20.476
0.867	11.572	20.474
0.867	11.565	20.473
0.867	11.560	20.475
0.866	11.557	20.475
0.865	11.547	20.476
0.864	11.533	20.474
0.863	11.516	20.474
0.863	11.519	20.474
0.862	11.515	20.475
0.862	11.512	20.475
0.861	11.510	20.473
0.861	11.508	20.474
0.860	11.479	20.476
0.859	11.458	20.474
0.859	11.454	20.472
0.858	11.444	20.474
0.859	11.450	20.473
0.858	11.450	20.475
0.858	11.446	20.474
0.857	11.443	20.474
0.857	11.440	20.475
0.857	11.440	20.477
0.857	11.440	20.476
0.857	11.439	20.476
0.857	11.435	20.475
0.856	11.426	20.474
0.856	11.424	20.474
0.856	11.414	20.475
0.856	11.406	20.474
0.855	11.403	20.473
0.855	11.399	20.473
0.855	11.394	20.476
0.855	11.391	20.475
0.855	11.389	20.473
0.854	11.389	20.475
0.854	11.386	20.474
0.854	11.384	20.472
0.854	11.384	20.474
0.854	11.384	20.475
0.854	11.380	20.472
0.854	11.377	20.474
0.853	11.375	20.474
0.853	11.372	20.473
0.853	11.366	20.473
0.853	11.361	20.474
0.853	11.365	20.474
0.853	11.365	20.473
0.852	11.360	20.472
0.852	11.352	20.474
0.851	11.341	20.473
0.850	11.333	20.473
0.849	11.321	20.475
0.849	11.309	20.474
0.848	11.295	20.471
0.848	11.296	20.471
0.848	11.295	20.473
0.848	11.292	20.474
0.847	11.288	20.473
0.847	11.281	20.473
0.847	11.279	20.473
0.847	11.276	20.473
0.846	11.267	20.471
0.846	11.249	20.472
0.845	11.236	20.473
0.843	11.228	20.473
0.842	11.214	20.472
0.842	11.203	20.473
0.841	11.193	20.471
0.840	11.181	20.471
0.840	11.169	20.474
0.839	11.165	20.472
0.839	11.157	20.474
0.838	11.146	20.474
0.838	11.136	20.472
0.837	11.132	20.473
0.837	11.128	20.472
0.837	11.125	20.472
0.837	11.121	20.474
0.836	11.114	20.473
0.835	11.107	20.473
0.835	11.105	20.471
0.835	11.099	20.474
0.835	11.096	20.473
0.835	11.096	20.473
0.834	11.096	20.474
0.834	11.096	20.470
0.834	11.096	20.471
0.834	11.096	20.473
0.834	11.096	20.473
0.834	11.095	20.472
0.834	11.096	20.473
0.834	11.089	20.470
0.834	11.090	20.472
0.834	11.094	20.471
0.834	11.091	20.474
0.833	11.090	20.472
0.833	11.084	20.473
0.832	11.073	20.473
0.831	11.055	20.472
0.830	11.045	20.472
0.829	11.031	20.470
0.828	11.010	20.470
0.828	11.004	20.471
0.827	10.992	20.473
0.825	10.982	20.472
0.825	10.971	20.470
0.825	10.964	20.472
0.825	10.963	20.472
0.824	10.960	20.471
0.824	10.953	20.473
0.824	10.940	20.467
0.823	10.929	20.472
0.822	10.925	20.471
0.821	10.913	20.469
0.821	10.910	20.471
0.821	10.901	20.469
0.820	10.900	20.470
0.820	10.894	20.470
0.820	10.888	20.470
0.819	10.878	20.471
0.819	10.873	20.471
0.818	10.863	20.472
0.818	10.847	20.470
0.817	10.829	20.471
0.816	10.822	20.471
0.815	10.811	20.468
0.814	10.799	20.468
0.813	10.779	20.474
0.813	10.767	20.471
0.812	10.759	20.469
0.812	10.755	20.468
0.812	10.760	20.468
0.812	10.754	20.471
0.810	10.742	20.470
0.810	10.731	20.471
0.809	10.724	20.470
0.809	10.715	20.471
0.808	10.705	20.469
0.808	10.693	20.470
0.807	10.679	20.470
0.807	10.677	20.470
0.806	10.671	20.469
0.806	10.668	20.469
0.806	10.661	20.469
0.805	10.656	20.470
0.805	10.653	20.468
0.804	10.646	20.470
0.804	10.640	20.468
0.804	10.632	20.468
0.803	10.624	20.468
0.803	10.620	20.471
0.802	10.615	20.469
0.802	10.610	20.469
0.802	10.608	20.471
0.801	10.605	20.469
0.801	10.602	20.469
0.801	10.601	20.469
0.801	10.600	20.470
0.801	10.591	20.469
0.800	10.583	20.469
0.799	10.571	20.469
0.798	10.561	20.470
0.797	10.556	20.470
0.797	10.548	20.470
0.796	10.543	20.469
0.796	10.536	20.469
0.796	10.535	20.469
0.796	10.531	20.470
0.796	10.528	20.468
0.795	10.522	20.469
0.795	10.517	20.469
0.794	10.506	20.468
0.792	10.481	20.469
0.790	10.451	20.469
0.789	10.437	20.470
0.788	10.435	20.468
0.788	10.425	20.468
0.788	10.406	20.467
0.787	10.388	20.468
0.785	10.376	20.468
0.783	10.361	20.467
0.782	10.344	20.468
0.782	10.332	20.469
0.781	10.327	20.468
0.781	10.322	20.469
0.780	10.313	20.469
0.780	10.308	20.467
0.780	10.296	20.466
0.780	10.298	20.470
0.780	10.294	20.468
0.779	10.291	20.467
0.779	10.286	20.466
0.779	10.277	20.468
0.778	10.269	20.469
0.778	10.264	20.469
0.778	10.260	20.469
0.777	10.250	20.466
0.777	10.244	20.468
0.776	10.239	20.469
0.776	10.227	20.469
0.775	10.220	20.470
0.775	10.213	20.468
0.773	10.197	20.469
0.772	10.186	20.468
0.771	10.179	20.467
0.770	10.165	20.470
0.770	10.144	20.465
0.769	10.144	20.467
0.769	10.144	20.468
0.769	10.141	20.466
0.769	10.137	20.467
0.769	10.132	20.469
0.768	10.130	20.469
0.768	10.125	20.466
0.767	10.120	20.468
0.767	10.116	20.464
0.766	10.111	20.468
0.766	10.106	20.467
0.765	10.095	20.467
0.764	10.082	20.467
0.764	10.072	20.468
0.763	10.067	20.468
0.763	10.064	20.467
0.763	10.060	20.468
0.763	10.061	20.467
0.762	10.049	20.466
0.762	10.045	20.468
0.762	10.042	20.466
0.762	10.041	20.465
0.762	10.040	20.467
0.762	10.037	20.468
0.762	10.035	20.465
0.761	10.030	20.468
0.761	10.023	20.466
0.760	10.019	20.468
0.760	10.010	20.465
0.760	10.012	20.468
0.759	10.007	20.467
0.759	9.997	20.464
0.758	9.988	20.466
0.758	9.984	20.469
0.758	9.976	20.466
0.757	9.973	20.465
0.757	9.961	20.466
0.756	9.951	20.466
0.756	9.949	20.465
0.755	9.949	20.465
0.755	9.938	20.467
0.754	9.929	20.466
0.754	9.913	20.467
0.753	9.905	20.467
0.752	9.899	20.464
0.752	9.893	20.467
0.751	9.885	20.466
0.751	9.873	20.467
0.751	9.874	20.466
0.750	9.868	20.465
0.750	9.863	20.465
0.749	9.851	20.463
0.749	9.842	20.467
0.749	9.837	20.467
0.748	9.828	20.467
0.748	9.821	20.466
0.748	9.816	20.465
0.747	9.814	20.465
0.747	9.811	20.464
0.746	9.802	20.465
0.746	9.791	20.466
0.746	9.788	20.467
0.744	9.774	20.465
0.744	9.765	20.467
0.744	9.765	20.465
0.744	9.764	20.468
0.743	9.754	20.464
0.743	9.754	20.464
0.742	9.744	20.464
0.742	9.741	20.464
0.741	9.730	20.465
0.740	9.717	20.467
0.739	9.705	20.467
0.739	9.695	20.465
0.739	9.690	20.466
0.738	9.684	20.464
0.738	9.680	20.466
0.738	9.680	20.466
0.737	9.674	20.467
0.737	9.664	20.466
0.736	9.656	20.464
0.735	9.648	20.466
0.735	9.645	20.466
0.734	9.631	20.465
0.733	9.618	20.462
0.733	9.607	20.463
0.733	9.611	20.465
0.733	9.612	20.465
0.733	9.612	20.465
0.733	9.614	20.463
0.733	9.613	20.466
0.733	9.612	20.466
0.733	9.609	20.465
0.732	9.607	20.466
0.732	9.604	20.464
0.732	9.595	20.465
0.732	9.598	20.464
0.732	9.595	20.465
0.731	9.588	20.464
0.730	9.579	20.467
0.729	9.570	20.464
0.728	9.557	20.464
0.728	9.544	20.464
0.727	9.535	20.465
0.726	9.523	20.464
0.725	9.500	20.463
0.724	9.483	20.466
0.724	9.473	20.464
0.723	9.466	20.464
0.723	9.460	20.465
0.723	9.453	20.465
0.722	9.448	20.466
0.721	9.442	20.464
0.720	9.427	20.465
0.719	9.415	20.464
0.718	9.407	20.465
0.717	9.395	20.465
0.717	9.386	20.466
0.717	9.383	20.465
0.717	9.374	20.464
0.716	9.363	20.461
0.716	9.355	20.465
0.715	9.347	20.465
0.715	9.334	20.461
0.714	9.326	20.464
0.714	9.326	20.464
0.714	9.322	20.462
0.713	9.321	20.461
0.713	9.317	20.464
0.713	9.313	20.465
0.712	9.303	20.460
0.712	9.294	20.462
0.711	9.288	20.463
0.710	9.277	20.464
0.710	9.277	20.464
0.709	9.267	20.463
0.708	9.259	20.463
0.707	9.253	20.459
0.707	9.245	20.464
0.707	9.241	20.464
0.706	9.231	20.463
0.706	9.228	20.462
0.705	9.212	20.465
0.704	9.201	20.464
0.703	9.192	20.464
0.703	9.185	20.462
0.702	9.180	20.461
0.702	9.173	20.462
0.701	9.165	20.464
0.700	9.158	20.462
0.700	9.155	20.463
0.700	9.154	20.462
0.700	9.146	20.462
0.699	9.143	20.463
0.699	9.143	20.462
0.700	9.142	20.464
0.699	9.143	20.461
0.699	9.141	20.463
0.699	9.139	20.462
0.699	9.134	20.464
0.699	9.131	20.462
0.699	9.126	20.462
0.698	9.119	20.462
0.698	9.109	20.464
0.697	9.094	20.463
0.696	9.084	20.461
0.695	9.069	20.463
0.695	9.058	20.465
0.694	9.053	20.462
0.694	9.037	20.461
0.693	9.023	20.462
0.691	9.004	20.463
0.691	8.997	20.461
0.691	8.996	20.463
0.690	8.991	20.462
0.689	8.976	20.461
0.688	8.962	20.460
0.688	8.954	20.463
0.686	8.938	20.460
0.685	8.921	20.462
0.684	8.901	20.460
0.683	8.887	20.464
0.683	8.886	20.461
0.683	8.881	20.464
0.682	8.873	20.461
0.681	8.860	20.463
0.680	8.848	20.461
0.680	8.837	20.462
0.679	8.824	20.462
0.678	8.810	20.463
0.677	8.795	20.459
0.677	8.789	20.462
0.676	8.783	20.463
0.675	8.777	20.461
0.675	8.775	20.461
0.674	8.766	20.462
0.674	8.756	20.461
0.673	8.749	20.462
0.672	8.737	20.461
0.672	8.728	20.463
0.671	8.716	20.463
0.670	8.711	20.461
0.669	8.704	20.461
0.669	8.695	20.461
0.668	8.678	20.461
0.667	8.667	20.462
0.667	8.662	20.464
0.667	8.658	20.462
0.666	8.655	20.460
0.666	8.649	20.460
0.666	8.643	20.463
0.666	8.643	20.463
0.665	8.639	20.461
0.665	8.625	20.460
0.664	8.610	20.462
0.663	8.597	20.460
0.662	8.586	20.462
0.662	8.581	20.460
0.662	8.574	20.458
0.662	8.566	20.460
0.661	8.557	20.461
0.660	8.551	20.458
0.659	8.545	20.461
0.658	8.532	20.460
0.658	8.512	20.460
0.657	8.501	20.459
0.657	8.493	20.461
0.656	8.483	20.459
0.655	8.467	20.459
0.654	8.457	20.461
0.653	8.455	20.460
0.653	8.447	20.458
0.652	8.434	20.460
0.652	8.424	20.459
0.651	8.418	20.460
0.651	8.411	20.460
0.651	8.405	20.461
0.651	8.400	20.460
0.650	8.391	20.464
0.650	8.386	20.462
0.649	8.378	20.459
0.648	8.364	20.462
0.647	8.357	20.464
0.647	8.350	20.460
0.647	8.348	20.460
0.647	8.342	20.460
0.646	8.337	20.461
0.646	8.329	20.459
0.645	8.324	20.460
0.644	8.315	20.459
0.643	8.301	20.459
0.642	8.289	20.462
0.642	8.279	20.459
0.642	8.275	20.461
0.641	8.268	20.462
0.641	8.264	20.463
0.640	8.257	20.460
0.640	8.252	20.461
0.640	8.252	20.459
0.639	8.252	20.460
0.639	8.251	20.460
0.639	8.251	20.460
0.639	8.248	20.460
0.639	8.244	20.460
0.639	8.243	20.459
0.638	8.240	20.460
0.638	8.231	20.460
0.637	8.219	20.461
0.637	8.215	20.461
0.636	8.211	20.460
0.636	8.203	20.461
0.635	8.196	20.459
0.634	8.185	20.458
0.634	8.175	20.457
0.633	8.160	20.459
0.632	8.148	20.456
0.631	8.133	20.457
0.631	8.127	20.457
0.630	8.119	20.458
0.630	8.114	20.457
0.629	8.104	20.460
0.628	8.086	20.461
0.627	8.070	20.458
0.626	8.056	20.462
0.625	8.044	20.458
0.625	8.036	20.458
0.624	8.029	20.460
0.624	8.020	20.460
0.623	8.012	20.459
0.623	8.008	20.457
0.622	8.003	20.459
0.622	7.988	20.461
0.620	7.971	20.458
0.620	7.970	20.459
0.620	7.967	20.460
0.620	7.959	20.461
0.619	7.951	20.459
0.618	7.947	20.460
0.618	7.940	20.458
0.618	7.931	20.461
0.617	7.925	20.458
0.617	7.922	20.459
0.616	7.914	20.460
0.616	7.910	20.461
0.616	7.907	20.457
0.616	7.900	20.459
0.615	7.898	20.460
0.615	7.895	20.458
0.615	7.890	20.459
0.614	7.883	20.457
0.614	7.873	20.461
0.613	7.862	20.461
0.613	7.855	20.461
0.612	7.847	20.457
0.612	7.837	20.460
0.612	7.834	20.459
0.611	7.825	20.459
0.611	7.818	20.460
0.611	7.816	20.458
0.610	7.812	20.459
0.610	7.812	20.458
0.610	7.812	20.459
0.610	7.810	20.458
0.609	7.803	20.459
0.609	7.801	20.458
0.609	7.800	20.457
0.608	7.796	20.459
0.608	7.790	20.456
0.607	7.787	20.457
0.607	7.785	20.459
0.607	7.785	20.458
0.607	7.780	20.459
0.606	7.773	20.457
0.606	7.764	20.456
0.605	7.764	20.458
0.605	7.764	20.458
0.604	7.752	20.457
0.604	7.741	20.457
0.603	7.732	20.459
0.602	7.724	20.457
0.602	7.714	20.457
0.601	7.708	20.458
0.601	7.702	20.455
0.600	7.685	20.457
0.599	7.676	20.459
0.599	7.667	20.456
0.599	7.666	20.459
0.599	7.662	20.457
0.599	7.660	20.457
0.599	7.654	20.457
0.598	7.649	20.458
0.598	7.643	20.458
0.597	7.633	20.458
0.597	7.622	20.458
0.596	7.617	20.458
0.596	7.608	20.457
0.595	7.600	20.457
0.594	7.588	20.458
0.593	7.581	20.457
0.593	7.581	20.458
0.593	7.577	20.460
0.593	7.569	20.460
0.593	7.564	20.456
0.592	7.558	20.457
0.591	7.547	20.457
0.591	7.541	20.458
0.591	7.538	20.456
0.590	7.532	20.458
0.589	7.520	20.457
0.589	7.512	20.461
0.588	7.507	20.457
0.588	7.506	20.458
0.588	7.505	20.458
0.588	7.503	20.457
0.588	7.495	20.458
0.587	7.492	20.457
0.587	7.483	20.461
0.587	7.476	20.458
0.586	7.471	20.458
0.586	7.466	20.457
0.585	7.453	20.458
0.584	7.444	20.459
0.584	7.441	20.458
0.583	7.430	20.457
0.583	7.424	20.458
0.583	7.424	20.456
0.583	7.422	20.457
0.583	7.420	20.457
0.583	7.416	20.456
0.582	7.410	20.456
0.582	7.403	20.454
0.582	7.397	20.455
0.581	7.394	20.457
0.581	7.390	20.453
0.581	7.387	20.457
0.581	7.385	20.455
0.580	7.374	20.459
0.580	7.365	20.456
0.579	7.361	20.455
0.579	7.361	20.457
0.579	7.361	20.457
0.579	7.361	20.455
0.579	7.361	20.457
0.579	7.359	20.457
0.578	7.354	20.458
0.577	7.349	20.455
0.577	7.349	20.457
0.577	7.349	20.457
0.576	7.342	20.456
0.576	7.334	20.457
0.576	7.333	20.458
0.576	7.331	20.456
0.575	7.325	20.458
0.575	7.324	20.457
0.575	7.323	20.456
0.574	7.315	20.456
0.573	7.304	20.457
0.573	7.299	20.455
0.573	7.297	20.458
0.572	7.290	20.456
0.572	7.286	20.459
0.571	7.273	20.457
0.570	7.259	20.456
0.570	7.247	20.457
0.569	7.239	20.459
0.569	7.235	20.457
0.569	7.230	20.458
0.568	7.224	20.456
0.567	7.213	20.454
0.567	7.202	20.456
0.566	7.198	20.456
0.566	7.192	20.456
0.566	7.185	20.455
0.566	7.178	20.456
0.566	7.178	20.456
0.566	7.178	20.456
0.565	7.176	20.457
0.565	7.173	20.456
0.565	7.168	20.457
0.565	7.169	20.459
0.565	7.167	20.455
0.565	7.163	20.455
0.565	7.155	20.456
0.564	7.152	20.457
0.564	7.144	20.456
0.564	7.138	20.457
0.563	7.134	20.456
0.562	7.129	20.459
0.562	7.123	20.456
0.561	7.117	20.456
0.561	7.109	20.456
0.561	7.104	20.455
0.561	7.104	20.455
0.560	7.092	20.458
0.559	7.080	20.456
0.559	7.076	20.456
0.558	7.068	20.457
0.556	7.044	20.455
0.556	7.040	20.458
0.556	7.039	20.458
0.556	7.033	20.456
0.556	7.031	20.457
0.555	7.028	20.454
0.555	7.019	20.456
0.554	7.018	20.456
0.554	7.013	20.454
0.554	7.009	20.454
0.553	7.003	20.454
0.553	6.999	20.455
0.553	6.995	20.456
0.553	6.995	20.454
0.553	6.994	20.456
0.553	6.994	20.455
0.552	6.989	20.456
0.552	6.983	20.456
0.552	6.970	20.455
0.551	6.965	20.456
0.551	6.958	20.454
0.550	6.946	20.455
0.549	6.937	20.454
0.549	6.933	20.456
0.548	6.926	20.455
0.548	6.920	20.454
0.548	6.918	20.454
0.548	6.917	20.455
0.548	6.916	20.455
0.548	6.912	20.456
0.547	6.912	20.457
0.547	6.910	20.455
0.547	6.909	20.453
0.547	6.909	20.453
0.547	6.909	20.455
0.547	6.909	20.455
0.546	6.909	20.454
0.546	6.909	20.455
0.546	6.905	20.453
0.546	6.898	20.456
0.546	6.898	20.456
0.546	6.897	20.455
0.546	6.895	20.456
0.545	6.892	20.453
0.544	6.885	20.453
0.544	6.879	20.452
0.543	6.872	20.454
0.543	6.870	20.455
0.543	6.865	20.453
0.542	6.857	20.456
0.541	6.832	20.457
0.540	6.822	20.458
0.540	6.820	20.453
0.540	6.819	20.454
0.539	6.816	20.456
0.539	6.812	20.454
0.538	6.801	20.455
0.538	6.789	20.453
0.537	6.777	20.456
0.536	6.764	20.456
0.535	6.749	20.454
0.534	6.731	20.457
0.533	6.720	20.457
0.532	6.705	20.454
0.532	6.687	20.454
0.531	6.681	20.456
0.531	6.677	20.456
0.530	6.669	20.453
0.530	6.665	20.457
0.530	6.656	20.456
0.529	6.653	20.454
0.529	6.651	20.455
0.529	6.646	20.456
0.528	6.642	20.456
0.528	6.637	20.454
0.527	6.622	20.455
0.527	6.616	20.455
0.526	6.608	20.455
0.526	6.600	20.455
0.525	6.594	20.456
0.525	6.590	20.455
0.525	6.581	20.455
0.524	6.580	20.455
0.524	6.573	20.455
0.524	6.567	20.455
0.523	6.557	20.455
0.523	6.550	20.456
0.523	6.543	20.454
0.522	6.539	20.456
0.522	6.537	20.454
0.522	6.533	20.453
0.522	6.531	20.455
0.521	6.526	20.455
0.521	6.519	20.455
0.521	6.515	20.455
0.521	6.513	20.452
0.521	6.514	20.453
0.520	6.506	20.455
0.520	6.499	20.454
0.519	6.494	20.454
0.519	6.489	20.455
0.518	6.482	20.453
0.518	6.480	20.454
0.518	6.473	20.453
0.517	6.470	20.454
0.517	6.464	20.455
0.517	6.463	20.455
0.517	6.465	20.455
0.517	6.464	20.455
0.517	6.458	20.453
0.516	6.453	20.457
0.516	6.449	20.456
0.516	6.445	20.454
0.515	6.442	20.455
0.515	6.433	20.453
0.515	6.432	20.457
0.515	6.432	20.454
0.515	6.432	20.457
0.515	6.432	20.455
0.514	6.429	20.456
0.514	6.422	20.454
0.514	6.421	20.454
0.513	6.421	20.455
0.513	6.421	20.454
0.513	6.419	20.453
0.513	6.419	20.454
0.513	6.411	20.454
0.512	6.402	20.454
0.512	6.396	20.457
0.512	6.396	20.455
0.512	6.396	20.455
0.512	6.392	20.455
0.512	6.387	20.455
0.512	6.384	20.454
0.512	6.385	20.455
0.511	6.384	20.456
0.511	6.382	20.453
0.511	6.377	20.451
0.510	6.372	20.454
0.510	6.368	20.456
0.509	6.364	20.455
0.509	6.363	20.453
0.509	6.362	20.454
0.509	6.361	20.453
0.508	6.360	20.454
0.508	6.348	20.458
0.507	6.343	20.455
0.506	6.331	20.454
0.506	6.322	20.454
0.506	6.318	20.455
0.505	6.312	20.456
0.505	6.307	20.456
0.504	6.299	20.455
0.504	6.283	20.453
0.502	6.259	20.455
0.502	6.247	20.454
0.501	6.238	20.453
0.501	6.229	20.452
0.500	6.223	20.454
0.499	6.215	20.453
0.499	6.213	20.453
0.499	6.207	20.451
0.498	6.193	20.451
0.496	6.172	20.452
0.496	6.164	20.452
0.495	6.152	20.452
0.495	6.146	20.452
0.494	6.140	20.453
0.493	6.126	20.453
0.493	6.116	20.451
0.492	6.113	20.451
0.492	6.105	20.452
0.492	6.100	20.451
0.492	6.095	20.455
0.491	6.092	20.455
0.490	6.084	20.453
0.490	6.075	20.453
0.489	6.063	20.453
0.488	6.052	20.452
0.488	6.042	20.450
0.487	6.029	20.450
0.486	6.017	20.454
0.485	6.005	20.455
0.484	5.991	20.452
0.484	5.980	20.454
0.484	5.979	20.453
0.484	5.978	20.452
0.483	5.974	20.453
0.483	5.972	20.453
0.483	5.969	20.453
0.483	5.967	20.451
0.482	5.958	20.454
0.481	5.955	20.455
0.481	5.950	20.454
0.479	5.939	20.453
0.477	5.930	20.453
0.477	5.927	20.453
0.477	5.925	20.452
0.475	5.915	20.453
0.474	5.908	20.454
0.474	5.908	20.453
0.474	5.908	20.453
0.474	5.908	20.455
0.473	5.901	20.454
0.471	5.893	20.453
0.470	5.885	20.452
0.470	5.884	20.453
0.469	5.880	20.453
0.468	5.872	20.453
0.467	5.870	20.453
0.467	5.866	20.453
0.466	5.864	20.454
0.466	5.861	20.454
0.465	5.859	20.451
0.464	5.858	20.452
0.464	5.857	20.452
0.464	5.855	20.450
0.463	5.850	20.451
0.462	5.847	20.453
0.461	5.845	20.453
0.460	5.840	20.450
0.458	5.835	20.452
0.458	5.834	20.452
0.457	5.830	20.453
0.456	5.827	20.451
0.454	5.823	20.453
0.453	5.820	20.452
0.452	5.815	20.452
0.452	5.815	20.451
0.452	5.813	20.453
0.452	5.814	20.452
0.452	5.813	20.452
0.452	5.813	20.451
0.451	5.812	20.450
0.451	5.811	20.450
0.450	5.809	20.452
0.449	5.809	20.453
0.448	5.805	20.449
0.446	5.799	20.450
0.445	5.798	20.452
0.445	5.798	20.451
0.443	5.795	20.452
0.442	5.791	20.450
0.441	5.788	20.452
0.440	5.786	20.453
0.439	5.785	20.453
0.439	5.783	20.451
0.439	5.782	20.449
0.438	5.780	20.451
0.437	5.775	20.452
0.436	5.774	20.452
0.436	5.774	20.448
0.436	5.773	20.452
0.436	5.771	20.451
0.435	5.768	20.451
0.434	5.767	20.452
0.433	5.765	20.453
0.432	5.762	20.449
0.431	5.762	20.454
0.431	5.762	20.451
0.431	5.759	20.453
0.430	5.756	20.450
0.430	5.753	20.451
0.429	5.753	20.452
0.429	5.752	20.451
0.429	5.750	20.452
0.428	5.750	20.452
0.427	5.750	20.452
0.426	5.749	20.451
0.426	5.747	20.452
0.425	5.746	20.451
0.424	5.741	20.451
0.423	5.737	20.452
0.422	5.737	20.452
0.422	5.737	20.455
0.421	5.735	20.452
0.420	5.730	20.452
0.419	5.726	20.452
0.418	5.725	20.452
0.417	5.725	20.451
0.417	5.724	20.451
0.416	5.722	20.451
0.416	5.721	20.451
0.415	5.719	20.452
0.414	5.715	20.452
0.414	5.714	20.450
0.413	5.713	20.450
0.413	5.713	20.452
0.412	5.713	20.450
0.412	5.713	20.452
0.411	5.712	20.451
0.411	5.710	20.452
0.410	5.707	20.450
0.409	5.706	20.450
0.409	5.704	20.450
0.408	5.701	20.449
0.407	5.700	20.451
0.406	5.697	20.452
0.406	5.694	20.452
0.405	5.693	20.450
0.404	5.690	20.451
0.403	5.688	20.452
0.403	5.685	20.449
0.402	5.683	20.452
0.402	5.682	20.449
0.401	5.681	20.453
0.400	5.683	20.450
0.399	5.683	20.451
0.399	5.683	20.449
0.399	5.683	20.451
0.399	5.683	20.452
0.399	5.684	20.452
0.398	5.682	20.453
0.398	5.682	20.451
0.398	5.683	20.448
0.398	5.682	20.452
0.398	5.683	20.453
0.398	5.682	20.451
0.398	5.683	20.450
0.398	5.683	20.451
0.397	5.681	20.451
0.397	5.684	20.452
0.396	5.683	20.451
0.396	5.683	20.451
0.395	5.683	20.452
0.395	5.682	20.452
0.395	5.682	20.450
0.394	5.683	20.452
0.394	5.683	20.450
0.393	5.682	20.453
0.393	5.683	20.452
0.393	5.683	20.451
0.392	5.682	20.451
0.392	5.683	20.449
0.391	5.682	20.450
0.391	5.683	20.453
0.391	5.682	20.451
0.391	5.682	20.453
0.390	5.682	20.452
0.390	5.683	20.451
0.389	5.682	20.449
0.388	5.681	20.452
0.387	5.682	20.449
0.386	5.683	20.453
0.385	5.683	20.455
0.385	5.682	20.452
0.385	5.681	20.452
0.385	5.682	20.450
0.385	5.684	20.449
0.385	5.683	20.451
0.384	5.683	20.449
0.384	5.682	20.450
0.384	5.683	20.450
0.383	5.682	20.452
0.382	5.683	20.450
0.381	5.682	20.450
0.381	5.682	20.449
0.380	5.683	20.452
0.379	5.681	20.449
0.379	5.683	20.450
0.378	5.683	20.452
0.378	5.682	20.450
0.377	5.682	20.451
0.377	5.682	20.451
0.376	5.683	20.451
0.375	5.683	20.451
0.374	5.683	20.450
0.374	5.682	20.451
0.373	5.682	20.452
0.372	5.682	20.452
0.371	5.682	20.450
0.370	5.682	20.451
0.369	5.682	20.451
0.369	5.682	20.451
0.369	5.682	20.451
0.369	5.682	20.449
0.369	5.683	20.451
0.369	5.682	20.451
0.369	5.682	20.449
0.369	5.683	20.450
0.367	5.681	20.449
0.366	5.682	20.447
0.365	5.682	20.451
0.363	5.682	20.449
0.363	5.682	20.451
0.363	5.682	20.449
0.363	5.681	20.450
0.363	5.682	20.449
0.363	5.682	20.450
0.362	5.682	20.452
0.362	5.683	20.451
0.362	5.683	20.448
0.362	5.682	20.449
0.362	5.682	20.448
0.361	5.682	20.449
0.361	5.681	20.450
0.361	5.682	20.448
0.361	5.683	20.451
0.361	5.682	20.450
0.361	5.683	20.450
0.361	5.682	20.450
0.361	5.682	20.449
0.361	5.683	20.450
0.361	5.682	20.448
0.362	5.682	20.449
0.362	5.682	20.452
