1.593	21.275	25.006
1.592	21.273	25.009
1.593	21.278	25.011
1.593	21.271	25.015
1.593	21.271	25.018
1.592	21.271	25.021
1.593	21.272	25.023
1.593	21.272	25.026
1.593	21.248	25.029
1.592	21.270	25.032
1.592	21.273	25.037
1.593	21.273	25.036
1.593	21.275	25.043
1.592	21.271	25.046
1.593	21.272	25.049
1.592	21.271	25.051
1.592	21.272	25.054
1.592	21.264	25.057
1.593	21.249	25.061
1.592	21.273	25.065
1.592	21.272	25.067
1.593	21.274	25.069
1.593	21.272	25.069
1.593	21.271	25.072
1.592	21.271	25.076
1.592	21.271	25.079
1.593	21.271	25.083
1.592	21.249	25.088
1.592	21.270	25.090
1.592	21.273	25.093
1.592	21.273	25.093
1.592	21.276	25.099
1.592	21.272	25.106
1.592	21.272	25.108
1.593	21.273	25.110
1.593	21.272	25.113
1.592	21.272	25.117
1.592	21.249	25.119
1.593	21.272	25.127
1.592	21.274	25.129
1.592	21.273	25.133
1.592	21.272	25.137
1.592	21.272	25.141
1.592	21.271	25.146
1.592	21.272	25.149
1.592	21.273	25.151
1.592	21.248	25.154
1.592	21.271	25.160
1.592	21.274	25.163
1.592	21.273	25.166
1.592	21.275	25.171
1.592	21.273	25.173
1.592	21.272	25.176
1.592	21.271	25.180
1.592	21.272	25.183
1.592	21.261	25.186
1.592	21.256	25.192
1.592	21.274	25.195
1.592	21.274	25.197
1.592	21.274	25.201
1.592	21.272	25.205
1.592	21.272	25.207
1.592	21.271	25.212
1.592	21.271	25.215
1.591	21.272	25.219
1.592	21.249	25.221
1.592	21.270	25.227
1.592	21.273	25.229
1.592	21.274	25.231
1.592	21.274	25.236
1.592	21.272	25.240
1.592	21.271	25.242
1.592	21.271	25.245
1.592	21.273	25.247
1.593	21.271	25.251
1.592	21.271	25.252
1.592	21.272	25.258
1.592	21.272	25.260
1.592	21.271	25.262
1.592	21.270	25.265
1.592	21.271	25.268
1.592	21.271	25.269
1.592	21.271	25.274
1.592	21.272	25.275
1.592	21.254	25.278
1.592	21.262	25.280
1.591	21.274	25.283
1.592	21.273	25.287
1.592	21.275	25.287
1.592	21.271	25.292
1.592	21.271	25.292
1.591	21.271	25.296
1.592	21.271	25.297
1.592	21.270	25.300
1.591	21.247	25.302
1.591	21.273	25.306
1.592	21.272	25.306
1.591	21.275	25.311
1.592	21.272	25.309
1.592	21.270	25.313
1.591	21.271	25.316
1.591	21.271	25.317
1.591	21.271	25.317
1.592	21.249	25.318
1.592	21.265	25.324
1.592	21.273	25.325
1.592	21.273	25.327
1.591	21.274	25.327
1.591	21.272	25.328
1.592	21.272	25.329
1.592	21.271	25.329
1.592	21.271	25.332
1.591	21.269	25.333
1.591	21.248	25.333
1.591	21.274	25.335
1.592	21.273	25.337
1.591	21.273	25.339
1.591	21.271	25.339
1.592	21.273	25.343
1.591	21.273	25.346
1.591	21.272	25.346
1.592	21.272	25.348
1.591	21.271	25.347
1.591	21.272	25.349
1.591	21.272	25.350
1.591	21.271	25.351
1.591	21.273	25.353
1.591	21.272	25.353
1.591	21.272	25.357
1.592	21.273	25.358
1.591	21.272	25.358
1.591	21.271	25.357
1.591	21.248	25.358
1.592	21.273	25.361
1.591	21.274	25.362
1.591	21.273	25.363
1.592	21.274	25.365
1.592	21.272	25.367
1.591	21.273	25.367
1.591	21.272	25.369
1.592	21.272	25.370
1.591	21.258	25.369
1.591	21.256	25.370
1.591	21.274	25.370
1.592	21.274	25.375
1.591	21.275	25.374
1.591	21.272	25.375
1.591	21.272	25.374
1.592	21.272	25.374
1.592	21.271	25.375
1.591	21.272	25.377
1.591	21.249	25.378
1.591	21.267	25.379
1.592	21.274	25.380
1.591	21.275	25.383
1.591	21.274	25.382
1.591	21.272	25.381
1.591	21.273	25.380
1.591	21.273	25.383
1.591	21.272	25.383
1.591	21.263	25.385
1.591	21.251	25.387
1.592	21.273	25.385
1.591	21.274	25.386
1.591	21.273	25.388
1.591	21.271	25.388
1.591	21.272	25.387
1.591	21.272	25.390
1.591	21.272	25.390
1.591	21.272	25.392
1.591	21.249	25.391
1.591	21.272	25.391
1.591	21.273	25.392
1.591	21.273	25.393
1.591	21.274	25.393
1.591	21.272	25.395
1.591	21.271	25.395
1.592	21.271	25.395
1.591	21.272	25.395
1.592	21.266	25.393
1.591	21.248	25.396
1.591	21.274	25.395
1.591	21.273	25.398
1.592	21.273	25.397
1.592	21.273	25.397
1.592	21.272	25.400
1.591	21.271	25.398
1.591	21.271	25.399
1.591	21.271	25.397
1.591	21.250	25.398
1.591	21.269	25.399
1.591	21.273	25.400
1.591	21.274	25.400
1.591	21.274	25.401
1.591	21.273	25.401
1.591	21.272	25.401
1.591	21.272	25.402
1.591	21.272	25.402
1.591	21.272	25.404
1.591	21.248	25.403
1.591	21.273	25.403
1.591	21.273	25.403
1.591	21.272	25.405
1.592	21.274	25.405
1.591	21.272	25.404
1.591	21.271	25.404
1.592	21.273	25.405
1.591	21.271	25.405
1.591	21.249	25.405
1.591	21.269	25.402
1.591	21.273	25.406
1.591	21.273	25.407
1.591	21.275	25.407
1.591	21.271	25.409
1.591	21.272	25.405
1.592	21.272	25.409
1.592	21.271	25.407
1.591	21.271	25.407
1.591	21.272	25.409
1.591	21.271	25.409
1.591	21.271	25.408
1.591	21.274	25.411
1.592	21.271	25.410
1.591	21.272	25.410
1.591	21.271	25.408
1.592	21.272	25.409
1.591	21.272	25.410
1.591	21.250	25.407
1.592	21.270	25.411
1.591	21.274	25.411
1.591	21.274	25.410
1.591	21.275	25.412
1.591	21.273	25.411
1.591	21.273	25.409
1.591	21.271	25.408
1.591	21.272	25.411
1.591	21.271	25.413
1.591	21.249	25.411
1.591	21.271	25.413
1.591	21.272	25.412
1.591	21.273	25.413
1.591	21.275	25.412
1.591	21.272	25.413
1.591	21.274	25.415
1.591	21.273	25.415
1.591	21.273	25.414
1.590	21.270	25.413
1.591	21.250	25.415
1.591	21.272	25.413
1.591	21.273	25.413
1.591	21.275	25.413
1.591	21.272	25.414
1.591	21.272	25.415
1.592	21.272	25.414
1.591	21.271	25.414
1.591	21.273	25.416
1.592	21.249	25.413
1.591	21.271	25.416
1.591	21.274	25.414
1.590	21.273	25.415
1.591	21.274	25.414
1.591	21.272	25.413
1.591	21.272	25.412
1.591	21.271	25.415
1.591	21.272	25.415
1.591	21.258	25.415
1.591	21.257	25.414
1.591	21.273	25.415
1.591	21.274	25.416
1.590	21.275	25.415
1.590	21.271	25.415
1.589	21.272	25.415
1.589	21.272	25.414
1.590	21.272	25.416
1.588	21.271	25.417
1.587	21.250	25.414
1.587	21.273	25.415
1.587	21.274	25.417
1.588	21.274	25.414
1.587	21.274	25.416
1.587	21.273	25.414
1.586	21.273	25.416
1.587	21.274	25.416
1.586	21.274	25.417
1.586	21.255	25.417
1.586	21.259	25.416
1.585	21.273	25.418
1.585	21.273	25.415
1.584	21.275	25.415
1.583	21.272	25.416
1.583	21.273	25.416
1.583	21.272	25.417
1.581	21.273	25.414
1.580	21.272	25.416
1.579	21.270	25.416
1.578	21.248	25.414
1.572	21.274	25.416
1.571	21.273	25.416
1.571	21.274	25.416
1.571	21.272	25.416
1.570	21.272	25.416
1.568	21.271	25.414
1.568	21.272	25.416
1.567	21.261	25.416
1.567	21.254	25.416
1.568	21.272	25.417
1.567	21.272	25.415
1.566	21.273	25.417
1.566	21.273	25.415
1.565	21.272	25.417
1.565	21.271	25.415
1.564	21.271	25.415
1.564	21.275	25.416
1.563	21.271	25.416
1.562	21.272	25.416
1.562	21.270	25.415
1.562	21.271	25.415
1.562	21.271	25.416
1.562	21.268	25.416
1.562	21.266	25.416
1.561	21.265	25.416
1.561	21.265	25.415
1.561	21.261	25.414
1.561	21.242	25.415
1.560	21.264	25.416
1.560	21.264	25.416
1.560	21.265	25.415
1.559	21.265	25.416
1.559	21.262	25.415
1.558	21.258	25.416
1.558	21.257	25.416
1.557	21.257	25.418
1.558	21.241	25.416
1.558	21.244	25.416
1.557	21.256	25.417
1.557	21.254	25.417
1.556	21.257	25.417
1.556	21.251	25.415
1.555	21.251	25.415
1.555	21.246	25.414
1.554	21.244	25.413
1.554	21.244	25.415
1.553	21.242	25.415
1.553	21.219	25.414
1.553	21.240	25.416
1.553	21.242	25.416
1.553	21.252	25.416
1.553	21.243	25.415
1.552	21.240	25.414
1.551	21.240	25.413
1.550	21.237	25.415
1.550	21.236	25.414
1.549	21.216	25.413
1.549	21.224	25.415
1.549	21.232	25.413
1.548	21.233	25.415
1.548	21.229	25.415
1.548	21.229	25.414
1.547	21.228	25.413
1.547	21.228	25.414
1.547	21.225	25.412
1.546	21.203	25.411
1.545	21.226	25.413
1.544	21.221	25.415
1.543	21.219	25.413
1.543	21.219	25.412
1.543	21.216	25.412
1.542	21.212	25.413
1.540	21.208	25.413
1.540	21.207	25.411
1.540	21.187	25.412
1.540	21.192	25.412
1.538	21.205	25.410
1.538	21.204	25.410
1.538	21.204	25.411
1.537	21.199	25.411
1.537	21.197	25.409
1.536	21.197	25.410
1.536	21.197	25.412
1.536	21.189	25.411
1.536	21.172	25.410
1.535	21.194	25.412
1.533	21.192	25.410
1.533	21.194	25.408
1.533	21.188	25.409
1.532	21.187	25.409
1.532	21.186	25.412
1.531	21.185	25.408
1.531	21.183	25.407
1.529	21.179	25.410
1.529	21.173	25.409
1.529	21.155	25.408
1.528	21.179	25.405
1.527	21.177	25.407
1.525	21.167	25.409
1.524	21.167	25.407
1.524	21.165	25.407
1.522	21.161	25.406
1.522	21.158	25.408
1.521	21.137	25.406
1.520	21.139	25.405
1.520	21.155	25.408
1.519	21.153	25.407
1.519	21.150	25.406
1.518	21.147	25.404
1.516	21.143	25.406
1.515	21.142	25.404
1.514	21.138	25.406
1.513	21.122	25.403
1.512	21.113	25.402
1.512	21.130	25.404
1.512	21.130	25.403
1.511	21.129	25.403
1.510	21.122	25.403
1.510	21.120	25.401
1.509	21.118	25.404
1.509	21.118	25.402
1.509	21.116	25.400
1.509	21.093	25.401
1.509	21.116	25.400
1.508	21.117	25.402
1.508	21.117	25.401
1.509	21.113	25.401
1.508	21.111	25.403
1.508	21.111	25.401
1.508	21.108	25.401
1.507	21.108	25.399
1.507	21.085	25.401
1.507	21.102	25.401
1.505	21.102	25.400
1.504	21.101	25.398
1.505	21.102	25.398
1.504	21.099	25.398
1.505	21.101	25.397
1.504	21.098	25.399
1.504	21.094	25.399
1.504	21.094	25.398
1.503	21.091	25.398
1.502	21.085	25.397
1.501	21.061	25.395
1.501	21.082	25.396
1.500	21.080	25.396
1.500	21.078	25.395
1.499	21.077	25.396
1.499	21.075	25.397
1.499	21.075	25.394
1.499	21.062	25.395
1.498	21.066	25.395
1.498	21.082	25.393
1.498	21.081	25.392
1.497	21.074	25.393
1.493	21.046	25.393
1.493	21.043	25.393
1.493	21.041	25.393
1.493	21.037	25.394
1.492	21.032	25.394
1.491	21.006	25.394
1.490	21.021	25.393
1.488	21.018	25.392
1.488	21.016	25.391
1.487	21.008	25.391
1.486	21.003	25.391
1.486	20.996	25.390
1.486	20.993	25.390
1.485	20.988	25.392
1.485	20.971	25.391
1.484	20.966	25.391
1.484	20.974	25.389
1.482	20.953	25.390
1.482	20.935	25.391
1.481	20.927	25.391
1.482	20.913	25.390
1.480	20.900	25.388
1.480	20.896	25.389
1.480	20.891	25.389
1.480	20.861	25.386
1.477	20.864	25.385
1.477	20.863	25.389
1.477	20.852	25.389
1.476	20.847	25.385
1.476	20.837	25.388
1.475	20.821	25.388
1.475	20.813	25.386
1.474	20.800	25.385
1.474	20.789	25.387
1.474	20.786	25.386
1.473	20.781	25.385
1.473	20.755	25.384
1.472	20.773	25.385
1.471	20.762	25.387
1.472	20.752	25.384
1.471	20.743	25.386
1.471	20.740	25.383
1.470	20.734	25.383
1.470	20.704	25.385
1.469	20.711	25.384
1.469	20.715	25.383
1.468	20.715	25.382
1.469	20.712	25.383
1.467	20.696	25.385
1.466	20.675	25.381
1.464	20.652	25.380
1.464	20.637	25.379
1.463	20.629	25.381
1.463	20.607	25.380
1.461	20.606	25.380
1.461	20.602	25.378
1.460	20.592	25.379
1.459	20.572	25.378
1.458	20.569	25.379
1.457	20.560	25.379
1.456	20.554	25.380
1.455	20.549	25.378
1.455	20.521	25.378
1.454	20.528	25.381
1.454	20.517	25.379
1.453	20.506	25.380
1.453	20.500	25.378
1.452	20.491	25.378
1.452	20.486	25.378
1.451	20.476	25.377
1.451	20.466	25.378
1.451	20.452	25.377
1.449	20.433	25.377
1.450	20.439	25.378
1.449	20.435	25.377
1.449	20.424	25.380
1.447	20.407	25.376
1.447	20.398	25.376
1.447	20.389	25.375
1.445	20.371	25.378
1.445	20.358	25.376
1.445	20.347	25.377
1.444	20.337	25.374
1.444	20.322	25.375
1.444	20.307	25.375
1.443	20.325	25.375
1.443	20.318	25.377
1.443	20.312	25.375
1.441	20.306	25.373
1.441	20.300	25.375
1.441	20.281	25.371
1.441	20.288	25.371
1.440	20.295	25.373
1.440	20.289	25.372
1.440	20.283	25.373
1.440	20.267	25.372
1.439	20.258	25.371
1.439	20.251	25.374
1.438	20.247	25.371
1.438	20.236	25.371
1.437	20.227	25.372
1.437	20.227	25.374
1.436	20.227	25.370
1.437	20.222	25.370
1.436	20.219	25.370
1.435	20.210	25.370
1.435	20.203	25.369
1.435	20.203	25.370
1.435	20.203	25.369
1.434	20.196	25.370
1.433	20.182	25.368
1.432	20.180	25.371
1.431	20.167	25.370
1.430	20.147	25.369
1.429	20.127	25.366
1.429	20.118	25.368
1.428	20.113	25.368
1.427	20.099	25.368
1.426	20.085	25.365
1.426	20.060	25.365
1.426	20.076	25.369
1.425	20.076	25.368
1.425	20.067	25.368
1.425	20.055	25.365
1.424	20.045	25.366
1.423	20.040	25.363
1.422	20.035	25.367
1.422	20.032	25.365
1.422	20.026	25.364
1.421	20.017	25.364
1.420	20.007	25.364
1.420	19.999	25.363
1.419	19.963	25.364
1.419	19.982	25.365
1.418	19.976	25.364
1.417	19.960	25.364
1.416	19.946	25.363
1.416	19.935	25.362
1.416	19.905	25.361
1.415	19.907	25.362
1.415	19.910	25.363
1.415	19.903	25.361
1.414	19.897	25.364
1.414	19.888	25.361
1.413	19.877	25.362
1.412	19.862	25.362
1.411	19.849	25.362
1.410	19.834	25.362
1.410	19.821	25.360
1.409	19.786	25.361
1.408	19.793	25.362
1.408	19.789	25.360
1.407	19.782	25.359
1.407	19.778	25.359
1.407	19.775	25.359
1.406	19.770	25.359
1.405	19.770	25.358
1.405	19.746	25.359
1.405	19.746	25.358
1.404	19.747	25.358
1.405	19.739	25.359
1.405	19.736	25.358
1.404	19.732	25.357
1.403	19.724	25.358
1.403	19.717	25.355
1.402	19.712	25.356
1.401	19.697	25.356
1.401	19.668	25.358
1.400	19.675	25.359
1.400	19.673	25.355
1.399	19.672	25.356
1.398	19.656	25.356
1.397	19.647	25.356
1.396	19.638	25.358
1.396	19.634	25.357
1.395	19.622	25.357
1.395	19.617	25.355
1.395	19.615	25.355
1.395	19.610	25.355
1.395	19.610	25.355
1.394	19.594	25.356
1.394	19.608	25.354
1.395	19.607	25.352
1.394	19.606	25.354
1.394	19.606	25.353
1.394	19.607	25.352
1.394	19.582	25.355
1.394	19.591	25.353
1.393	19.585	25.353
1.393	19.579	25.353
1.392	19.574	25.352
1.392	19.567	25.352
1.392	19.564	25.350
1.392	19.560	25.351
1.391	19.561	25.350
1.391	19.557	25.350
1.391	19.554	25.349
1.391	19.553	25.351
1.391	19.551	25.350
1.391	19.550	25.352
1.391	19.545	25.353
1.391	19.544	25.349
1.391	19.541	25.349
1.390	19.532	25.350
1.389	19.521	25.349
1.383	19.421	25.350
1.383	19.433	25.347
1.383	19.436	25.347
1.383	19.431	25.348
1.382	19.429	25.348
1.382	19.422	25.348
1.382	19.418	25.348
1.381	19.411	25.345
1.381	19.400	25.347
1.380	19.383	25.345
1.379	19.351	25.347
1.379	19.368	25.347
1.379	19.364	25.346
1.378	19.361	25.347
1.379	19.357	25.348
1.378	19.353	25.347
1.378	19.350	25.345
1.377	19.348	25.344
1.377	19.349	25.345
1.377	19.345	25.345
1.377	19.343	25.345
1.377	19.343	25.343
1.377	19.342	25.343
1.376	19.332	25.344
1.376	19.340	25.343
1.376	19.337	25.342
1.376	19.336	25.341
1.376	19.332	25.343
1.376	19.331	25.340
1.375	19.310	25.341
1.375	19.330	25.341
1.375	19.331	25.342
1.375	19.327	25.340
1.375	19.325	25.341
1.374	19.319	25.339
1.375	19.318	25.342
1.374	19.317	25.339
1.374	19.316	25.339
1.373	19.307	25.339
1.373	19.297	25.339
1.373	19.292	25.339
1.373	19.288	25.339
1.373	19.284	25.338
1.373	19.287	25.339
1.372	19.282	25.339
1.373	19.273	25.339
1.372	19.267	25.337
1.372	19.264	25.337
1.372	19.244	25.338
1.372	19.258	25.337
1.372	19.257	25.338
1.372	19.254	25.339
1.372	19.251	25.337
1.371	19.249	25.336
1.371	19.247	25.337
1.371	19.247	25.335
1.371	19.245	25.335
1.371	19.237	25.337
1.370	19.224	25.336
1.371	19.241	25.335
1.371	19.239	25.335
1.371	19.241	25.336
1.370	19.235	25.335
1.370	19.235	25.337
1.370	19.230	25.335
1.369	19.226	25.335
1.369	19.226	25.336
1.369	19.223	25.335
1.368	19.218	25.333
1.368	19.214	25.335
1.368	19.211	25.333
1.368	19.206	25.335
1.367	19.201	25.334
1.367	19.199	25.332
1.367	19.196	25.334
1.367	19.192	25.333
1.367	19.187	25.333
1.366	19.161	25.331
1.365	19.167	25.333
1.364	19.165	25.333
1.364	19.161	25.332
1.364	19.156	25.334
1.364	19.148	25.331
1.363	19.143	25.330
1.363	19.133	25.331
1.361	19.111	25.330
1.353	19.001	25.329
1.352	18.983	25.331
1.353	18.989	25.329
1.353	18.985	25.330
1.353	18.985	25.329
1.353	18.979	25.330
1.353	18.977	25.327
1.353	18.974	25.330
1.352	18.970	25.329
1.352	18.965	25.328
1.352	18.947	25.325
1.352	18.963	25.327
1.352	18.960	25.327
1.352	18.958	25.327
1.352	18.955	25.328
1.352	18.951	25.329
1.352	18.950	25.326
1.351	18.947	25.327
1.352	18.945	25.325
1.351	18.937	25.328
1.351	18.925	25.325
1.351	18.945	25.328
1.351	18.945	25.327
1.351	18.945	25.325
1.350	18.945	25.325
1.350	18.945	25.326
1.350	18.945	25.325
1.349	18.942	25.324
1.349	18.934	25.325
1.349	18.923	25.323
1.347	18.910	25.323
1.346	18.904	25.324
1.346	18.898	25.324
1.346	18.898	25.322
1.345	18.887	25.324
1.345	18.878	25.322
1.344	18.857	25.325
1.342	18.837	25.324
1.342	18.821	25.322
1.341	18.801	25.321
1.341	18.817	25.324
1.340	18.807	25.322
1.339	18.792	25.323
1.339	18.782	25.320
1.339	18.777	25.320
1.339	18.776	25.320
1.339	18.775	25.321
1.339	18.775	25.319
1.339	18.756	25.319
1.339	18.767	25.318
1.338	18.771	25.318
1.338	18.763	25.319
1.338	18.760	25.318
1.337	18.753	25.318
1.336	18.741	25.318
1.328	18.641	25.317
1.328	18.637	25.317
1.328	18.620	25.316
1.328	18.614	25.317
1.328	18.625	25.314
1.328	18.621	25.314
1.327	18.618	25.315
1.327	18.614	25.315
1.327	18.607	25.316
1.327	18.604	25.316
1.327	18.598	25.315
1.327	18.592	25.315
1.326	18.572	25.314
1.326	18.574	25.313
1.326	18.580	25.313
1.325	18.573	25.313
1.320	18.511	25.312
1.320	18.505	25.315
1.320	18.500	25.312
1.320	18.495	25.314
1.320	18.486	25.315
1.319	18.480	25.314
1.319	18.467	25.311
1.317	18.446	25.310
1.316	18.433	25.314
1.316	18.421	25.313
1.315	18.418	25.312
1.315	18.410	25.311
1.315	18.403	25.310
1.314	18.391	25.310
1.313	18.383	25.311
1.312	18.354	25.311
1.312	18.347	25.309
1.312	18.358	25.307
1.312	18.357	25.310
1.312	18.358	25.311
1.312	18.355	25.309
1.312	18.356	25.310
1.312	18.357	25.309
1.311	18.360	25.308
1.311	18.361	25.307
1.311	18.341	25.307
1.311	18.358	25.308
1.311	18.359	25.306
1.311	18.355	25.308
1.311	18.354	25.308
1.311	18.348	25.306
1.310	18.344	25.306
1.310	18.336	25.307
1.307	18.297	25.305
1.303	18.251	25.304
1.303	18.232	25.306
1.303	18.249	25.306
1.303	18.246	25.305
1.302	18.239	25.304
1.302	18.235	25.305
1.302	18.230	25.302
1.301	18.225	25.307
1.301	18.213	25.305
1.300	18.204	25.303
1.299	18.178	25.302
1.299	18.185	25.304
1.298	18.187	25.303
1.298	18.183	25.305
1.298	18.180	25.303
1.297	18.173	25.301
1.297	18.167	25.302
1.296	18.163	25.302
1.296	18.158	25.303
1.296	18.150	25.299
1.294	18.136	25.301
1.293	18.126	25.303
1.293	18.115	25.303
1.292	18.103	25.300
1.292	18.089	25.301
1.292	18.077	25.301
1.291	18.066	25.302
1.290	18.054	25.300
1.290	18.048	25.301
1.290	18.019	25.299
1.289	18.031	25.301
1.289	18.028	25.298
1.289	18.025	25.298
1.288	18.017	25.298
1.288	18.006	25.299
1.287	18.002	25.300
1.287	17.998	25.297
1.287	17.992	25.300
1.287	17.984	25.298
1.287	17.980	25.298
1.286	17.970	25.297
1.286	17.965	25.294
1.286	17.953	25.296
1.285	17.956	25.296
1.285	17.947	25.295
1.284	17.937	25.294
1.284	17.931	25.296
1.283	17.920	25.294
1.282	17.892	25.293
1.282	17.901	25.293
1.282	17.899	25.295
1.280	17.884	25.294
1.280	17.877	25.294
1.279	17.871	25.291
1.279	17.869	25.293
1.279	17.866	25.295
1.279	17.865	25.292
1.278	17.863	25.291
1.278	17.847	25.291
1.278	17.864	25.292
1.278	17.864	25.292
1.278	17.862	25.294
1.278	17.859	25.290
1.277	17.858	25.294
1.277	17.851	25.291
1.277	17.848	25.292
1.277	17.847	25.289
1.277	17.833	25.290
1.277	17.843	25.290
1.274	17.828	25.289
1.267	17.736	25.290
1.267	17.732	25.289
1.267	17.722	25.289
1.266	17.714	25.287
1.266	17.697	25.288
1.265	17.690	25.289
1.265	17.684	25.287
1.264	17.671	25.291
1.263	17.658	25.288
1.263	17.645	25.287
1.263	17.655	25.290
1.262	17.634	25.287
1.261	17.615	25.287
1.260	17.603	25.289
1.259	17.591	25.288
1.259	17.578	25.286
1.258	17.560	25.286
1.258	17.536	25.285
1.257	17.548	25.286
1.257	17.543	25.288
1.256	17.540	25.287
1.256	17.531	25.285
1.255	17.517	25.285
1.254	17.502	25.286
1.254	17.495	25.284
1.254	17.493	25.286
1.253	17.465	25.282
1.252	17.473	25.284
1.252	17.470	25.284
1.251	17.463	25.284
1.251	17.458	25.283
1.250	17.439	25.281
1.249	17.427	25.283
1.249	17.422	25.284
1.249	17.419	25.285
1.248	17.412	25.280
1.248	17.403	25.283
1.249	17.419	25.282
1.249	17.419	25.282
1.248	17.418	25.283
1.248	17.414	25.282
1.248	17.413	25.282
1.248	17.409	25.283
1.247	17.404	25.281
1.240	17.330	25.280
1.239	17.299	25.282
1.239	17.299	25.281
1.239	17.292	25.280
1.239	17.286	25.279
1.238	17.286	25.280
1.239	17.284	25.281
1.238	17.278	25.281
1.238	17.277	25.276
1.237	17.277	25.280
1.237	17.276	25.280
1.237	17.272	25.276
1.237	17.255	25.278
1.236	17.264	25.278
1.236	17.258	25.276
1.236	17.249	25.279
1.235	17.245	25.279
1.235	17.242	25.277
1.235	17.241	25.275
1.235	17.242	25.278
1.235	17.240	25.275
1.235	17.240	25.274
1.235	17.239	25.276
1.235	17.238	25.277
1.235	17.240	25.273
1.235	17.236	25.274
1.235	17.236	25.275
1.235	17.223	25.274
1.234	17.212	25.275
1.233	17.184	25.272
1.232	17.171	25.274
1.232	17.175	25.270
1.232	17.170	25.271
1.232	17.163	25.270
1.231	17.157	25.270
1.231	17.151	25.270
1.231	17.146	25.269
1.230	17.137	25.270
1.229	17.131	25.271
1.228	17.109	25.271
1.228	17.116	25.270
1.228	17.111	25.270
1.227	17.103	25.269
1.227	17.099	25.269
1.226	17.092	25.270
1.225	17.078	25.268
1.225	17.069	25.269
1.224	17.064	25.268
1.224	17.046	25.270
1.223	17.030	25.267
1.222	17.035	25.268
1.222	17.028	25.267
1.221	17.018	25.267
1.221	17.013	25.266
1.220	17.002	25.267
1.219	16.990	25.267
1.218	16.975	25.266
1.217	16.965	25.265
1.217	16.946	25.266
1.217	16.948	25.266
1.215	16.942	25.265
1.215	16.931	25.266
1.214	16.924	25.265
1.213	16.911	25.267
1.212	16.899	25.265
1.211	16.882	25.265
1.211	16.869	25.265
1.210	16.858	25.266
1.210	16.832	25.262
1.208	16.829	25.264
1.207	16.820	25.263
1.207	16.816	25.263
1.207	16.813	25.264
1.206	16.797	25.263
1.205	16.776	25.261
1.203	16.750	25.262
1.203	16.745	25.261
1.203	16.736	25.261
1.202	16.724	25.262
1.202	16.730	25.262
1.200	16.714	25.261
1.200	16.703	25.259
1.199	16.690	25.262
1.197	16.675	25.260
1.197	16.663	25.259
1.196	16.656	25.259
1.196	16.651	25.258
1.195	16.629	25.260
1.195	16.636	25.260
1.194	16.636	25.259
1.194	16.626	25.259
1.193	16.614	25.258
1.193	16.608	25.257
1.192	16.602	25.256
1.191	16.590	25.257
1.190	16.575	25.257
1.189	16.541	25.256
1.188	16.536	25.258
1.187	16.528	25.256
1.186	16.517	25.256
1.185	16.506	25.257
1.185	16.493	25.254
1.184	16.484	25.255
1.182	16.468	25.256
1.182	16.460	25.255
1.181	16.450	25.254
1.180	16.422	25.256
1.180	16.429	25.255
1.179	16.422	25.251
1.179	16.419	25.253
1.179	16.419	25.253
1.179	16.413	25.255
1.179	16.406	25.252
1.179	16.397	25.249
1.178	16.391	25.250
1.178	16.374	25.251
1.177	16.367	25.254
1.176	16.360	25.252
1.174	16.346	25.251
1.173	16.335	25.250
1.173	16.320	25.252
1.172	16.301	25.250
1.170	16.281	25.251
1.169	16.267	25.248
1.168	16.249	25.247
1.168	16.237	25.248
1.168	16.249	25.248
1.167	16.245	25.248
1.166	16.231	25.250
1.165	16.223	25.247
1.165	16.216	25.247
1.165	16.207	25.248
1.165	16.195	25.248
1.163	16.190	25.245
1.162	16.173	25.247
1.161	16.154	25.248
1.160	16.149	25.246
1.160	16.146	25.247
1.159	16.144	25.245
1.158	16.122	25.246
1.156	16.101	25.246
1.156	16.089	25.245
1.155	16.076	25.246
1.153	16.059	25.245
1.153	16.035	25.245
1.153	16.046	25.246
1.152	16.036	25.247
1.151	16.028	25.244
1.152	16.024	25.244
1.151	16.013	25.244
1.151	16.003	25.244
1.151	16.001	25.243
1.151	15.993	25.244
1.150	15.975	25.246
1.150	15.965	25.244
1.149	15.972	25.242
1.149	15.968	25.243
1.148	15.963	25.244
1.147	15.953	25.241
1.146	15.933	25.243
1.144	15.911	25.242
1.143	15.900	25.241
1.143	15.892	25.243
1.142	15.861	25.243
1.141	15.867	25.242
1.141	15.866	25.242
1.141	15.859	25.240
1.140	15.850	25.240
1.139	15.833	25.240
1.138	15.819	25.239
1.137	15.807	25.239
1.136	15.796	25.240
1.136	15.777	25.239
1.135	15.779	25.238
1.135	15.779	25.241
1.135	15.772	25.240
1.134	15.764	25.241
1.133	15.743	25.241
1.132	15.729	25.239
1.132	15.721	25.238
1.131	15.717	25.239
1.131	15.715	25.239
1.131	15.695	25.239
1.130	15.706	25.238
1.130	15.706	25.239
1.130	15.702	25.239
1.130	15.702	25.236
1.129	15.697	25.236
1.128	15.688	25.233
1.127	15.672	25.235
1.126	15.656	25.235
1.125	15.639	25.238
1.124	15.626	25.237
1.124	15.637	25.234
1.124	15.628	25.234
1.124	15.624	25.234
1.123	15.619	25.233
1.123	15.607	25.232
1.121	15.591	25.233
1.121	15.582	25.232
1.121	15.576	25.231
1.120	15.549	25.232
1.120	15.555	25.232
1.120	15.550	25.233
1.119	15.545	25.230
1.119	15.544	25.231
1.119	15.540	25.231
1.119	15.541	25.231
1.119	15.538	25.232
1.118	15.533	25.231
1.118	15.529	25.230
1.118	15.526	25.229
1.118	15.515	25.231
1.117	15.494	25.231
1.114	15.482	25.229
1.114	15.466	25.232
1.114	15.463	25.230
1.113	15.456	25.231
1.112	15.444	25.230
1.111	15.433	25.229
1.110	15.404	25.230
1.109	15.389	25.229
1.108	15.381	25.228
1.107	15.372	25.229
1.106	15.365	25.229
1.105	15.353	25.231
1.105	15.344	25.231
1.105	15.335	25.231
1.104	15.329	25.228
1.104	15.316	25.229
1.103	15.297	25.229
1.102	15.303	25.225
1.102	15.296	25.226
1.102	15.293	25.228
1.102	15.287	25.227
1.101	15.278	25.228
1.100	15.266	25.227
1.099	15.257	25.228
1.099	15.250	25.229
1.098	15.228	25.226
1.096	15.223	25.225
1.095	15.214	25.224
1.094	15.200	25.227
1.094	15.189	25.226
1.093	15.174	25.226
1.092	15.159	25.225
1.091	15.151	25.225
1.090	15.138	25.225
1.089	15.123	25.226
1.089	15.100	25.227
1.088	15.110	25.224
1.088	15.103	25.226
1.088	15.100	25.226
1.088	15.096	25.225
1.088	15.092	25.224
1.088	15.088	25.224
1.088	15.083	25.224
1.086	15.067	25.224
1.085	15.039	25.224
1.084	15.038	25.224
1.084	15.035	25.225
1.084	15.031	25.223
1.083	15.030	25.225
1.083	15.015	25.224
1.082	15.004	25.224
1.081	14.990	25.222
1.080	14.980	25.222
1.080	14.965	25.222
1.079	14.954	25.224
1.079	14.964	25.223
1.079	14.961	25.222
1.079	14.956	25.221
1.078	14.953	25.221
1.078	14.946	25.223
1.078	14.941	25.222
1.077	14.939	25.221
1.077	14.935	25.221
1.077	14.918	25.223
1.077	14.924	25.221
1.077	14.921	25.222
1.076	14.912	25.221
1.076	14.908	25.221
1.076	14.905	25.222
1.076	14.905	25.224
1.076	14.901	25.220
1.075	14.892	25.221
1.075	14.873	25.220
1.074	14.869	25.222
1.074	14.870	25.216
1.074	14.868	25.221
1.073	14.866	25.219
1.073	14.860	25.220
1.073	14.858	25.220
1.073	14.856	25.220
1.072	14.853	25.220
1.072	14.848	25.221
1.072	14.832	25.221
1.071	14.844	25.219
1.071	14.841	25.219
1.071	14.833	25.219
1.070	14.827	25.217
1.070	14.816	25.219
1.070	14.811	25.216
1.070	14.807	25.219
1.069	14.807	25.219
1.068	14.796	25.217
1.068	14.787	25.217
1.067	14.779	25.217
1.066	14.771	25.218
1.065	14.762	25.218
1.065	14.749	25.216
1.065	14.745	25.215
1.064	14.736	25.218
1.063	14.730	25.217
1.063	14.723	25.219
1.062	14.694	25.219
1.061	14.696	25.216
1.060	14.686	25.218
1.059	14.675	25.216
1.059	14.665	25.215
1.058	14.653	25.218
1.058	14.651	25.216
1.058	14.648	25.219
1.058	14.643	25.219
1.057	14.627	25.218
1.056	14.611	25.217
1.056	14.618	25.219
1.056	14.616	25.216
1.056	14.615	25.216
1.055	14.609	25.217
1.055	14.602	25.216
1.055	14.599	25.218
1.054	14.596	25.216
1.055	14.594	25.217
1.054	14.573	25.217
1.053	14.575	25.215
1.052	14.558	25.215
1.052	14.551	25.217
1.051	14.539	25.215
1.050	14.527	25.216
1.049	14.505	25.216
1.047	14.487	25.217
1.046	14.477	25.217
1.046	14.457	25.215
1.045	14.445	25.217
1.045	14.450	25.213
1.044	14.441	25.213
1.043	14.430	25.214
1.042	14.413	25.213
1.041	14.396	25.213
1.040	14.380	25.214
1.039	14.368	25.216
1.039	14.369	25.213
1.039	14.361	25.214
1.039	14.361	25.211
1.039	14.359	25.214
1.039	14.359	25.214
1.039	14.355	25.213
1.038	14.346	25.213
1.037	14.333	25.215
1.036	14.324	25.215
1.036	14.322	25.215
1.036	14.315	25.215
1.036	14.311	25.213
1.036	14.304	25.214
1.036	14.299	25.213
1.036	14.313	25.215
1.036	14.307	25.216
1.035	14.304	25.213
1.034	14.292	25.214
1.034	14.285	25.213
1.033	14.283	25.214
1.033	14.270	25.214
1.033	14.276	25.213
1.033	14.270	25.214
1.032	14.267	25.212
1.032	14.258	25.214
1.030	14.237	25.214
1.030	14.221	25.214
1.030	14.216	25.213
1.029	14.209	25.214
1.028	14.186	25.214
1.027	14.182	25.216
1.026	14.172	25.213
1.026	14.163	25.213
1.025	14.162	25.210
1.025	14.154	25.213
1.025	14.149	25.214
1.025	14.148	25.214
1.025	14.148	25.216
1.024	14.143	25.214
1.023	14.118	25.213
1.022	14.116	25.215
1.022	14.102	25.214
1.021	14.092	25.212
1.020	14.082	25.213
1.019	14.064	25.214
1.018	14.047	25.211
1.016	14.031	25.214
1.013	13.989	25.211
1.013	13.967	25.212
1.012	13.958	25.211
1.010	13.943	25.213
1.009	13.924	25.211
1.008	13.908	25.212
1.007	13.883	25.213
1.007	13.871	25.213
1.006	13.865	25.212
1.005	13.855	25.213
1.004	13.845	25.210
1.003	13.824	25.214
1.003	13.831	25.212
1.002	13.825	25.214
1.002	13.819	25.215
1.002	13.815	25.212
1.001	13.798	25.211
0.999	13.782	25.211
0.998	13.763	25.211
0.997	13.742	25.210
0.996	13.712	25.213
0.995	13.707	25.213
0.995	13.703	25.212
0.995	13.696	25.212
0.994	13.692	25.211
0.994	13.684	25.212
0.993	13.684	25.213
0.993	13.682	25.211
0.993	13.672	25.212
0.991	13.650	25.208
0.990	13.623	25.213
0.989	13.616	25.213
0.988	13.607	25.212
0.987	13.599	25.209
0.987	13.596	25.213
0.986	13.583	25.210
0.986	13.562	25.212
0.985	13.549	25.210
0.984	13.533	25.209
0.983	13.520	25.212
0.982	13.506	25.211
0.982	13.510	25.213
0.981	13.500	25.212
0.980	13.483	25.212
0.980	13.471	25.213
0.979	13.461	25.211
0.979	13.456	25.213
0.978	13.452	25.211
0.978	13.446	25.212
0.978	13.431	25.213
0.977	13.427	25.214
0.978	13.423	25.209
0.978	13.427	25.212
0.977	13.422	25.214
0.976	13.416	25.211
0.977	13.416	25.212
0.976	13.416	25.213
0.976	13.416	25.211
0.977	13.411	25.212
0.977	13.404	25.211
0.977	13.416	25.213
0.977	13.416	25.212
0.977	13.416	25.213
0.977	13.416	25.211
0.977	13.416	25.212
0.977	13.416	25.212
0.977	13.416	25.215
0.977	13.416	25.212
0.977	13.406	25.211
0.977	13.410	25.214
0.977	13.416	25.213
0.977	13.416	25.213
0.977	13.416	25.210
0.977	13.416	25.210
0.977	13.416	25.212
0.977	13.416	25.213
0.977	13.416	25.215
0.977	13.411	25.212
0.977	13.405	25.213
0.977	13.416	25.213
0.977	13.416	25.211
0.977	13.416	25.212
0.977	13.417	25.213
0.977	13.418	25.214
0.977	13.416	25.214
0.977	13.416	25.213
0.977	13.416	25.209
0.977	13.416	25.212
0.977	13.406	25.213
0.977	13.412	25.214
0.977	13.416	25.212
0.977	13.417	25.216
0.977	13.416	25.212
0.977	13.416	25.215
0.977	13.416	25.216
0.977	13.416	25.213
0.977	13.414	25.215
0.977	13.404	25.212
0.977	13.416	25.211
0.977	13.416	25.212
0.977	13.416	25.211
0.977	13.417	25.213
0.977	13.416	25.209
0.977	13.416	25.213
0.977	13.416	25.213
0.977	13.416	25.214
0.977	13.406	25.214
0.977	13.411	25.214
0.977	13.416	25.213
0.977	13.416	25.213
0.977	13.416	25.214
0.977	13.416	25.213
0.977	13.416	25.213
0.977	13.416	25.214
0.977	13.416	25.213
0.977	13.412	25.213
0.977	13.404	25.215
0.977	13.416	25.214
0.977	13.416	25.216
0.977	13.416	25.214
0.977	13.416	25.214
0.977	13.416	25.216
0.977	13.416	25.213
0.977	13.416	25.216
0.977	13.416	25.215
0.977	13.407	25.217
0.977	13.410	25.215
0.977	13.416	25.215
0.977	13.416	25.214
0.977	13.417	25.214
0.977	13.416	25.216
0.977	13.418	25.214
0.977	13.419	25.214
0.977	13.416	25.216
0.977	13.416	25.214
0.977	13.416	25.217
0.977	13.416	25.216
0.977	13.412	25.216
0.977	13.405	25.214
0.977	13.417	25.214
0.977	13.416	25.215
0.977	13.416	25.216
0.977	13.416	25.215
0.977	13.416	25.214
0.977	13.411	25.217
0.977	13.407	25.219
0.977	13.416	25.215
0.977	13.416	25.215
0.977	13.416	25.216
0.977	13.416	25.216
0.977	13.416	25.216
0.977	13.416	25.217
0.977	13.416	25.216
0.977	13.416	25.217
0.977	13.404	25.216
0.977	13.415	25.217
0.977	13.416	25.217
0.977	13.416	25.216
0.977	13.417	25.214
0.977	13.416	25.217
0.977	13.416	25.215
0.977	13.416	25.215
0.977	13.416	25.215
0.977	13.411	25.217
0.977	13.407	25.217
0.977	13.416	25.218
0.977	13.416	25.218
0.977	13.417	25.217
0.977	13.416	25.215
0.977	13.416	25.217
0.977	13.416	25.217
0.977	13.416	25.218
0.977	13.416	25.216
0.977	13.407	25.217
0.977	13.409	25.217
0.977	13.416	25.217
0.977	13.416	25.218
0.977	13.417	25.217
0.977	13.416	25.218
0.977	13.416	25.215
0.977	13.417	25.216
0.977	13.416	25.218
0.977	13.416	25.215
0.977	13.416	25.218
0.977	13.416	25.217
0.977	13.405	25.219
0.977	13.412	25.217
0.977	13.416	25.218
0.977	13.416	25.218
0.977	13.416	25.217
0.977	13.416	25.216
0.977	13.416	25.220
0.977	13.416	25.219
0.977	13.416	25.216
0.977	13.416	25.217
0.977	13.416	25.219
0.977	13.411	25.219
0.977	13.416	25.219
0.977	13.416	25.219
0.977	13.416	25.218
0.977	13.416	25.216
0.977	13.416	25.216
0.977	13.403	25.221
0.977	13.414	25.218
0.977	13.416	25.218
0.977	13.416	25.219
0.977	13.416	25.217
0.977	13.416	25.220
0.977	13.416	25.220
0.977	13.416	25.219
0.977	13.416	25.218
0.977	13.410	25.217
0.977	13.406	25.219
0.977	13.416	25.220
0.977	13.416	25.218
0.977	13.417	25.219
0.977	13.416	25.219
0.977	13.416	25.219
0.977	13.416	25.219
0.977	13.416	25.216
0.977	13.415	25.218
0.977	13.404	25.219
0.977	13.416	25.218
0.977	13.416	25.217
0.977	13.416	25.217
0.977	13.418	25.218
0.977	13.416	25.219
0.977	13.416	25.217
0.977	13.416	25.218
0.977	13.416	25.217
0.977	13.416	25.218
0.977	13.416	25.218
0.977	13.416	25.219
0.977	13.403	25.219
0.977	13.416	25.217
0.977	13.417	25.218
0.977	13.416	25.219
0.977	13.416	25.219
0.977	13.416	25.217
0.977	13.416	25.221
0.977	13.407	25.220
0.977	13.411	25.221
0.977	13.416	25.218
0.977	13.416	25.220
0.977	13.417	25.219
0.977	13.416	25.218
0.977	13.416	25.219
0.977	13.416	25.220
0.977	13.416	25.219
0.977	13.416	25.219
0.977	13.403	25.219
0.977	13.416	25.219
0.977	13.416	25.219
0.977	13.416	25.217
0.977	13.416	25.218
0.977	13.416	25.220
0.977	13.416	25.218
0.977	13.416	25.220
0.977	13.416	25.219
0.977	13.407	25.218
0.977	13.412	25.222
0.977	13.416	25.219
0.977	13.416	25.217
0.977	13.417	25.220
0.977	13.416	25.218
0.977	13.416	25.219
0.977	13.416	25.219
0.977	13.416	25.218
0.977	13.416	25.219
0.977	13.403	25.220
0.977	13.415	25.220
0.977	13.416	25.218
0.977	13.416	25.218
0.977	13.417	25.219
0.977	13.416	25.220
0.977	13.416	25.219
0.977	13.416	25.218
0.977	13.416	25.218
0.977	13.416	25.220
0.977	13.416	25.218
0.977	13.416	25.219
0.977	13.403	25.221
0.977	13.416	25.218
0.977	13.416	25.219
0.977	13.416	25.220
0.977	13.416	25.219
0.977	13.416	25.222
0.977	13.416	25.217
0.977	13.416	25.218
0.977	13.416	25.219
0.977	13.416	25.221
0.977	13.416	25.221
0.977	13.412	25.220
0.977	13.416	25.220
0.977	13.416	25.219
0.977	13.416	25.222
0.977	13.416	25.218
0.977	13.413	25.219
0.977	13.404	25.219
0.977	13.416	25.217
0.977	13.416	25.218
0.977	13.416	25.218
0.977	13.417	25.218
0.977	13.416	25.219
0.977	13.416	25.218
0.977	13.416	25.220
0.977	13.416	25.218
0.977	13.405	25.217
0.977	13.412	25.220
0.977	13.416	25.219
0.977	13.416	25.219
0.977	13.416	25.219
0.977	13.416	25.218
0.977	13.416	25.220
0.977	13.416	25.220
0.977	13.416	25.217
0.977	13.411	25.220
0.977	13.407	25.218
0.977	13.416	25.220
0.977	13.416	25.220
0.977	13.417	25.220
0.977	13.416	25.219
0.977	13.416	25.220
0.977	13.416	25.221
0.977	13.416	25.220
0.977	13.416	25.218
0.977	13.416	25.219
0.977	13.416	25.218
0.977	13.416	25.219
0.977	13.404	25.218
0.977	13.416	25.221
0.977	13.416	25.219
0.977	13.416	25.218
0.977	13.416	25.221
0.977	13.416	25.220
0.977	13.416	25.219
0.977	13.416	25.221
0.977	13.416	25.218
0.977	13.416	25.218
0.977	13.416	25.221
0.977	13.416	25.220
0.977	13.416	25.220
0.977	13.416	25.218
0.977	13.416	25.218
0.977	13.416	25.218
0.977	13.411	25.221
0.977	13.405	25.220
0.977	13.416	25.218
0.977	13.416	25.218
0.977	13.416	25.221
0.977	13.416	25.217
0.977	13.416	25.218
0.977	13.416	25.220
0.977	13.416	25.220
0.977	13.416	25.218
0.977	13.404	25.219
0.977	13.414	25.219
0.977	13.416	25.218
0.977	13.416	25.218
0.977	13.416	25.217
0.977	13.416	25.218
0.977	13.416	25.218
0.977	13.416	25.220
0.977	13.416	25.218
0.977	13.408	25.220
0.977	13.410	25.219
0.977	13.416	25.219
0.977	13.416	25.220
0.977	13.417	25.219
0.977	13.416	25.218
0.977	13.416	25.218
0.977	13.416	25.219
0.977	13.416	25.218
0.977	13.416	25.217
0.977	13.416	25.222
0.977	13.416	25.218
0.977	13.416	25.218
0.977	13.403	25.218
0.977	13.417	25.217
0.977	13.416	25.218
0.977	13.416	25.220
0.977	13.416	25.219
0.977	13.416	25.220
0.977	13.416	25.219
0.977	13.416	25.216
0.977	13.416	25.217
0.977	13.408	25.218
0.977	13.411	25.219
0.977	13.416	25.219
0.977	13.416	25.217
0.977	13.416	25.217
0.977	13.416	25.220
0.977	13.416	25.219
0.977	13.404	25.220
0.977	13.416	25.217
0.977	13.416	25.218
0.977	13.416	25.217
0.977	13.417	25.218
0.977	13.416	25.219
0.977	13.416	25.218
0.977	13.416	25.217
0.977	13.416	25.219
0.977	13.410	25.219
0.977	13.407	25.219
0.977	13.416	25.220
0.977	13.416	25.220
0.977	13.416	25.217
0.977	13.416	25.218
0.977	13.416	25.220
0.977	13.416	25.219
0.977	13.416	25.218
0.977	13.416	25.220
0.977	13.403	25.220
0.977	13.416	25.220
0.977	13.416	25.219
0.977	13.416	25.219
0.977	13.417	25.218
0.977	13.416	25.217
0.977	13.416	25.219
0.977	13.416	25.219
0.977	13.416	25.220
0.977	13.416	25.219
0.977	13.416	25.220
0.977	13.416	25.220
0.977	13.416	25.217
0.977	13.404	25.219
0.977	13.416	25.220
0.977	13.416	25.218
0.977	13.416	25.217
0.977	13.416	25.219
0.977	13.416	25.220
0.977	13.416	25.220
0.977	13.416	25.219
0.977	13.416	25.219
0.977	13.416	25.217
0.977	13.420	25.220
0.977	13.416	25.219
0.977	13.416	25.219
0.977	13.416	25.218
0.977	13.416	25.219
0.977	13.414	25.218
0.977	13.403	25.220
0.977	13.416	25.216
0.977	13.416	25.219
0.977	13.416	25.220
0.977	13.417	25.220
0.977	13.416	25.218
0.977	13.416	25.219
0.977	13.416	25.219
0.977	13.416	25.219
0.977	13.409	25.218
0.977	13.409	25.219
0.977	13.416	25.219
0.977	13.416	25.217
0.977	13.417	25.218
0.977	13.416	25.219
0.977	13.416	25.218
0.977	13.416	25.218
0.977	13.416	25.219
0.977	13.413	25.220
0.977	13.403	25.219
0.977	13.416	25.221
0.977	13.416	25.220
0.977	13.416	25.219
0.977	13.418	25.220
0.977	13.416	25.218
0.977	13.416	25.220
0.977	13.417	25.218
0.977	13.416	25.219
0.977	13.416	25.219
0.977	13.416	25.219
0.977	13.416	25.220
0.977	13.413	25.220
0.977	13.409	25.218
0.977	13.416	25.218
0.977	13.416	25.221
0.977	13.416	25.220
0.977	13.416	25.219
0.977	13.416	25.220
0.977	13.416	25.217
0.977	13.416	25.218
0.977	13.416	25.220
0.977	13.416	25.221
0.977	13.416	25.220
0.977	13.416	25.219
0.977	13.416	25.218
0.977	13.416	25.217
0.977	13.416	25.218
0.977	13.407	25.222
0.977	13.408	25.220
0.977	13.416	25.219
0.977	13.416	25.219
0.977	13.417	25.221
0.977	13.416	25.219
0.977	13.416	25.219
0.977	13.416	25.219
0.977	13.416	25.220
0.977	13.415	25.219
0.977	13.403	25.220
0.977	13.416	25.218
0.977	13.416	25.221
0.977	13.416	25.221
0.977	13.417	25.218
0.977	13.416	25.221
0.977	13.416	25.217
0.977	13.416	25.222
0.977	13.416	25.220
0.977	13.410	25.219
0.977	13.410	25.218
0.977	13.416	25.220
0.977	13.416	25.219
0.977	13.416	25.220
0.977	13.416	25.220
0.977	13.416	25.219
0.977	13.416	25.220
0.977	13.417	25.221
0.977	13.416	25.218
0.977	13.416	25.218
0.977	13.416	25.219
0.977	13.416	25.219
0.977	13.416	25.221
0.977	13.416	25.218
0.977	13.416	25.218
0.977	13.416	25.218
0.977	13.416	25.219
0.977	13.416	25.218
0.977	13.416	25.220
0.977	13.416	25.220
0.977	13.416	25.218
0.977	13.416	25.221
0.977	13.410	25.220
0.977	13.417	25.220
0.977	13.416	25.221
0.977	13.416	25.220
0.977	13.416	25.221
0.977	13.416	25.219
0.977	13.405	25.222
0.977	13.413	25.222
0.977	13.416	25.220
0.977	13.416	25.220
0.977	13.417	25.220
0.977	13.416	25.220
0.977	13.416	25.220
0.977	13.416	25.220
0.977	13.416	25.222
0.977	13.411	25.220
0.977	13.407	25.222
0.977	13.416	25.223
0.977	13.416	25.221
0.977	13.418	25.221
0.977	13.416	25.221
0.977	13.416	25.222
0.977	13.416	25.221
0.977	13.416	25.222
0.977	13.416	25.222
0.977	13.403	25.221
0.977	13.416	25.220
0.977	13.417	25.222
0.977	13.416	25.219
0.977	13.417	25.222
0.977	13.416	25.220
0.977	13.416	25.221
0.977	13.416	25.220
0.977	13.417	25.220
0.977	13.416	25.221
0.977	13.416	25.219
0.977	13.416	25.222
0.977	13.416	25.219
0.977	13.416	25.222
0.977	13.416	25.220
0.977	13.416	25.221
0.977	13.416	25.222
0.977	13.416	25.220
0.977	13.416	25.220
0.977	13.403	25.222
0.977	13.416	25.219
0.977	13.416	25.219
0.977	13.416	25.220
0.977	13.418	25.222
0.977	13.416	25.224
0.977	13.416	25.222
0.977	13.416	25.224
0.977	13.416	25.222
0.977	13.411	25.221
0.977	13.405	25.222
0.977	13.416	25.221
0.977	13.416	25.221
0.977	13.418	25.220
0.977	13.416	25.220
0.977	13.416	25.222
0.977	13.416	25.220
0.977	13.416	25.220
0.977	13.416	25.220
0.977	13.404	25.223
0.977	13.416	25.222
0.977	13.416	25.221
0.977	13.416	25.221
0.977	13.417	25.223
0.977	13.416	25.222
0.977	13.416	25.221
0.977	13.416	25.221
0.977	13.416	25.222
0.977	13.412	25.221
0.977	13.405	25.222
0.977	13.416	25.220
0.977	13.416	25.221
0.977	13.417	25.219
0.977	13.416	25.221
0.977	13.416	25.223
0.977	13.416	25.218
0.977	13.416	25.222
0.977	13.417	25.222
0.977	13.416	25.223
0.977	13.416	25.221
0.977	13.416	25.222
0.977	13.416	25.220
0.977	13.416	25.221
0.977	13.416	25.222
0.977	13.416	25.224
0.977	13.416	25.219
0.977	13.417	25.221
0.977	13.416	25.220
0.977	13.416	25.220
0.977	13.416	25.224
0.977	13.416	25.220
0.977	13.414	25.221
0.977	13.417	25.221
0.977	13.416	25.222
0.977	13.416	25.222
0.977	13.416	25.221
0.977	13.416	25.222
0.977	13.406	25.222
0.977	13.410	25.224
0.977	13.416	25.221
0.977	13.416	25.220
0.977	13.417	25.222
0.977	13.416	25.223
0.977	13.416	25.221
0.977	13.416	25.221
0.977	13.416	25.223
0.977	13.415	25.220
0.977	13.403	25.222
0.977	13.416	25.223
0.977	13.416	25.220
0.977	13.416	25.221
0.977	13.416	25.221
0.977	13.416	25.221
0.977	13.416	25.222
0.977	13.416	25.222
0.977	13.416	25.222
0.977	13.404	25.222
0.977	13.413	25.224
0.977	13.416	25.220
0.977	13.416	25.222
0.977	13.418	25.220
0.977	13.416	25.220
0.977	13.416	25.222
0.977	13.416	25.225
0.977	13.416	25.222
0.977	13.419	25.223
0.977	13.416	25.222
0.977	13.416	25.222
0.977	13.416	25.222
0.977	13.416	25.223
0.977	13.416	25.224
0.977	13.416	25.221
0.977	13.416	25.221
0.977	13.416	25.223
0.977	13.416	25.222
0.977	13.403	25.223
0.977	13.415	25.222
0.977	13.416	25.221
0.977	13.416	25.221
0.977	13.417	25.222
0.977	13.416	25.221
0.977	13.416	25.221
0.977	13.416	25.224
0.977	13.416	25.222
0.977	13.416	25.222
0.977	13.404	25.224
0.977	13.416	25.221
0.977	13.416	25.221
0.977	13.416	25.220
0.977	13.417	25.221
0.977	13.416	25.223
0.977	13.416	25.221
0.977	13.416	25.224
0.977	13.417	25.223
0.977	13.406	25.222
0.977	13.416	25.222
0.977	13.417	25.221
0.977	13.417	25.221
0.977	13.419	25.222
0.977	13.418	25.221
0.977	13.422	25.222
0.977	13.427	25.220
0.977	13.428	25.223
0.978	13.430	25.223
0.978	13.425	25.223
0.978	13.440	25.222
0.978	13.440	25.223
0.978	13.443	25.222
0.978	13.448	25.222
0.978	13.452	25.221
0.979	13.454	25.221
0.979	13.465	25.221
0.979	13.463	25.221
0.979	13.467	25.222
0.980	13.471	25.223
0.980	13.475	25.223
0.981	13.479	25.225
0.980	13.485	25.224
0.981	13.489	25.223
0.981	13.496	25.223
0.982	13.501	25.225
0.982	13.508	25.223
0.982	13.513	25.223
0.982	13.513	25.222
0.982	13.514	25.224
0.983	13.519	25.223
0.983	13.520	25.222
0.983	13.524	25.222
0.983	13.525	25.221
0.983	13.530	25.221
0.984	13.534	25.221
0.984	13.536	25.221
0.984	13.529	25.223
0.984	13.533	25.220
0.984	13.538	25.222
0.984	13.540	25.222
0.984	13.547	25.222
0.985	13.549	25.224
0.985	13.550	25.223
0.985	13.553	25.220
0.985	13.557	25.222
0.985	13.558	25.223
0.986	13.550	25.223
0.986	13.565	25.222
0.986	13.566	25.221
0.986	13.570	25.222
0.986	13.578	25.223
0.987	13.586	25.221
0.988	13.589	25.221
0.988	13.596	25.221
0.989	13.601	25.222
0.989	13.594	25.220
0.990	13.604	25.222
0.991	13.616	25.221
0.991	13.621	25.221
0.991	13.631	25.221
0.991	13.635	25.223
0.992	13.639	25.223
0.992	13.647	25.223
0.992	13.647	25.223
0.992	13.652	25.223
0.992	13.656	25.220
0.993	13.659	25.222
0.993	13.661	25.220
0.993	13.663	25.221
0.993	13.669	25.223
0.993	13.673	25.223
0.994	13.678	25.223
0.994	13.684	25.223
0.995	13.691	25.225
0.997	13.707	25.223
0.997	13.717	25.222
0.997	13.721	25.223
0.998	13.721	25.222
0.997	13.721	25.221
0.997	13.723	25.223
0.998	13.726	25.225
0.997	13.730	25.221
0.998	13.732	25.221
0.998	13.731	25.224
0.998	13.731	25.223
0.998	13.746	25.221
0.999	13.755	25.223
0.999	13.762	25.223
1.000	13.776	25.223
1.001	13.785	25.221
1.002	13.794	25.223
1.002	13.806	25.221
1.002	13.806	25.221
1.002	13.801	25.223
1.002	13.800	25.223
1.002	13.808	25.223
1.002	13.808	25.222
1.002	13.809	25.221
1.002	13.807	25.222
1.003	13.816	25.223
1.003	13.830	25.221
1.004	13.842	25.220
1.004	13.844	25.221
1.005	13.839	25.222
1.005	13.855	25.221
1.006	13.858	25.224
1.006	13.860	25.223
1.006	13.864	25.222
1.006	13.866	25.223
1.006	13.866	25.223
1.007	13.868	25.224
1.007	13.870	25.222
1.007	13.870	25.223
1.008	13.880	25.223
1.008	13.893	25.223
1.008	13.900	25.220
1.009	13.909	25.221
1.009	13.916	25.223
1.010	13.919	25.223
1.010	13.927	25.223
1.011	13.940	25.220
1.011	13.945	25.222
1.012	13.950	25.222
1.012	13.953	25.222
1.012	13.953	25.222
1.012	13.956	25.223
1.013	13.962	25.224
1.013	13.962	25.221
1.013	13.965	25.222
1.013	13.967	25.221
1.013	13.971	25.222
1.013	13.967	25.223
1.013	13.976	25.222
1.013	13.985	25.222
1.014	13.989	25.221
1.014	13.997	25.221
1.015	14.005	25.223
1.015	14.013	25.221
1.016	14.031	25.221
1.017	14.039	25.221
1.017	14.043	25.222
1.018	14.036	25.224
1.018	14.053	25.222
1.018	14.059	25.222
1.019	14.062	25.223
1.019	14.064	25.223
1.020	14.068	25.224
1.020	14.072	25.227
1.020	14.075	25.223
1.020	14.075	25.224
1.020	14.064	25.222
1.021	14.081	25.223
1.021	14.087	25.222
1.021	14.088	25.224
1.022	14.093	25.225
1.022	14.095	25.222
1.022	14.099	25.223
1.023	14.108	25.222
1.023	14.122	25.222
1.025	14.130	25.223
1.025	14.131	25.223
1.025	14.150	25.222
1.026	14.151	25.222
1.026	14.154	25.223
1.026	14.158	25.221
1.026	14.160	25.222
1.027	14.163	25.222
1.027	14.168	25.221
1.027	14.172	25.224
1.028	14.180	25.224
1.028	14.184	25.225
1.028	14.185	25.222
1.029	14.190	25.223
1.030	14.193	25.224
1.030	14.208	25.223
1.030	14.209	25.223
1.030	14.212	25.223
1.030	14.218	25.224
1.030	14.225	25.221
1.031	14.218	25.223
1.031	14.237	25.223
1.032	14.250	25.222
1.032	14.258	25.223
1.033	14.268	25.224
1.033	14.272	25.223
1.033	14.280	25.222
1.034	14.284	25.225
1.035	14.291	25.222
1.035	14.286	25.222
1.035	14.289	25.223
1.036	14.307	25.223
1.036	14.319	25.222
1.036	14.330	25.221
1.037	14.332	25.223
1.038	14.340	25.224
1.038	14.343	25.222
1.038	14.348	25.223
1.038	14.352	25.222
1.039	14.345	25.222
1.039	14.364	25.221
1.039	14.370	25.223
1.040	14.376	25.220
1.040	14.381	25.222
1.041	14.384	25.221
1.041	14.392	25.224
1.041	14.398	25.222
1.042	14.404	25.224
1.042	14.410	25.224
1.043	14.414	25.223
1.043	14.429	25.222
1.043	14.432	25.222
1.043	14.436	25.222
1.044	14.441	25.222
1.044	14.442	25.223
1.045	14.452	25.224
1.045	14.453	25.224
1.045	14.455	25.222
1.045	14.441	25.226
1.045	14.456	25.224
1.045	14.463	25.220
1.045	14.465	25.222
1.046	14.472	25.222
1.046	14.478	25.221
1.047	14.484	25.224
1.047	14.496	25.223
1.048	14.504	25.224
1.048	14.508	25.223
1.050	14.505	25.224
1.050	14.527	25.223
1.051	14.533	25.223
1.051	14.538	25.222
1.051	14.539	25.222
1.052	14.544	25.223
1.052	14.552	25.223
1.053	14.561	25.224
1.054	14.572	25.223
1.054	14.573	25.223
1.054	14.572	25.224
1.054	14.586	25.222
1.054	14.587	25.223
1.054	14.589	25.222
1.054	14.587	25.224
1.055	14.589	25.223
1.055	14.592	25.223
1.055	14.596	25.222
1.055	14.598	25.220
1.055	14.587	25.223
1.055	14.602	25.223
1.056	14.612	25.222
1.057	14.621	25.222
1.057	14.626	25.223
1.058	14.631	25.222
1.058	14.645	25.222
1.059	14.654	25.223
1.060	14.667	25.223
1.061	14.671	25.221
1.062	14.678	25.223
1.062	14.697	25.222
1.063	14.709	25.222
1.064	14.722	25.223
1.065	14.732	25.223
1.065	14.737	25.225
1.066	14.746	25.224
1.066	14.758	25.222
1.067	14.770	25.222
1.067	14.771	25.223
1.067	14.776	25.221
1.068	14.786	25.222
1.069	14.800	25.222
1.069	14.806	25.220
1.070	14.813	25.223
1.070	14.823	25.220
1.071	14.832	25.221
1.071	14.836	25.221
1.071	14.840	25.221
1.071	14.829	25.223
1.071	14.844	25.222
1.071	14.845	25.222
1.071	14.847	25.221
1.072	14.851	25.222
1.071	14.853	25.223
1.072	14.856	25.223
1.072	14.858	25.220
1.073	14.862	25.224
1.073	14.852	25.222
1.073	14.867	25.221
1.074	14.877	25.222
1.074	14.886	25.222
1.075	14.893	25.221
1.075	14.896	25.221
1.075	14.903	25.222
1.076	14.905	25.222
1.076	14.915	25.222
1.076	14.916	25.222
1.077	14.918	25.223
1.077	14.934	25.221
1.077	14.942	25.221
1.078	14.950	25.224
1.078	14.954	25.224
1.078	14.953	25.223
1.078	14.954	25.222
1.078	14.954	25.223
1.078	14.959	25.221
1.079	14.950	25.222
1.079	14.966	25.221
1.080	14.976	25.221
1.080	14.980	25.220
1.080	14.981	25.221
1.080	14.984	25.223
1.080	14.987	25.222
1.082	14.991	25.221
1.082	14.996	25.220
1.082	14.997	25.221
1.082	14.991	25.221
1.083	15.009	25.221
1.083	15.015	25.220
1.083	15.017	25.221
1.083	15.022	25.222
1.083	15.025	25.221
1.084	15.028	25.221
1.085	15.036	25.222
1.086	15.042	25.222
1.086	15.042	25.221
1.087	15.052	25.222
1.088	15.076	25.222
1.088	15.082	25.220
1.089	15.087	25.220
1.089	15.089	25.222
1.089	15.094	25.221
1.090	15.100	25.223
1.090	15.103	25.220
1.090	15.104	25.222
1.090	15.094	25.222
1.090	15.111	25.221
1.090	15.112	25.221
1.091	15.113	25.221
1.090	15.121	25.220
1.090	15.125	25.222
1.091	15.133	25.222
1.092	15.143	25.220
1.093	15.156	25.222
1.094	15.163	25.222
1.094	15.164	25.222
1.095	15.184	25.218
1.095	15.186	25.221
1.095	15.192	25.222
1.096	15.205	25.220
1.096	15.212	25.221
1.097	15.221	25.219
1.097	15.229	25.222
1.099	15.240	25.223
1.099	15.235	25.220
1.099	15.251	25.221
1.099	15.259	25.222
1.100	15.261	25.221
1.100	15.267	25.222
1.100	15.272	25.221
1.100	15.281	25.221
1.101	15.286	25.219
1.102	15.294	25.220
1.102	15.295	25.222
1.102	15.301	25.221
1.102	15.308	25.219
1.103	15.313	25.221
1.103	15.320	25.220
1.103	15.323	25.221
1.103	15.329	25.221
1.104	15.332	25.221
1.104	15.332	25.221
1.104	15.336	25.220
1.104	15.324	25.221
1.105	15.340	25.220
1.105	15.345	25.221
1.105	15.351	25.220
1.105	15.355	25.220
1.105	15.357	25.221
1.106	15.363	25.221
1.106	15.367	25.220
1.106	15.370	25.219
1.107	15.370	25.221
1.107	15.368	25.221
1.108	15.382	25.219
1.108	15.391	25.221
1.109	15.400	25.218
1.110	15.421	25.221
1.110	15.430	25.220
1.110	15.435	25.221
1.111	15.441	25.217
1.111	15.447	25.222
1.112	15.437	25.220
1.113	15.457	25.223
1.114	15.464	25.221
1.114	15.468	25.220
1.114	15.473	25.221
1.114	15.477	25.218
1.115	15.481	25.220
1.115	15.490	25.218
1.116	15.493	25.220
1.116	15.498	25.221
1.117	15.491	25.220
1.117	15.510	25.220
1.117	15.514	25.219
1.117	15.515	25.218
1.117	15.516	25.221
1.117	15.516	25.219
1.118	15.522	25.218
1.118	15.527	25.219
1.118	15.528	25.220
1.118	15.522	25.220
1.119	15.532	25.220
1.119	15.541	25.216
1.120	15.546	25.219
1.120	15.554	25.219
1.120	15.556	25.221
1.120	15.563	25.218
1.121	15.567	25.220
1.121	15.574	25.219
1.121	15.578	25.217
1.122	15.570	25.218
1.123	15.599	25.219
1.124	15.613	25.217
1.124	15.620	25.220
1.125	15.629	25.220
1.126	15.640	25.220
1.127	15.650	25.220
1.127	15.661	25.221
1.128	15.672	25.221
1.129	15.677	25.221
1.129	15.679	25.221
1.130	15.698	25.220
1.129	15.699	25.220
1.130	15.703	25.221
1.130	15.705	25.220
1.130	15.710	25.218
1.130	15.716	25.221
1.131	15.724	25.218
1.132	15.731	25.220
1.132	15.723	25.221
1.132	15.745	25.220
1.133	15.750	25.220
1.133	15.756	25.218
1.133	15.763	25.218
1.134	15.771	25.218
1.134	15.776	25.217
1.134	15.783	25.218
1.135	15.788	25.217
1.135	15.788	25.220
1.135	15.782	25.220
1.136	15.801	25.220
1.136	15.808	25.219
1.137	15.816	25.217
1.137	15.824	25.218
1.138	15.831	25.220
1.139	15.834	25.219
1.139	15.844	25.216
1.139	15.853	25.218
1.139	15.845	25.217
1.140	15.864	25.218
1.140	15.873	25.218
1.140	15.881	25.218
1.141	15.889	25.216
1.142	15.894	25.219
1.142	15.901	25.219
1.143	15.906	25.217
1.143	15.906	25.217
1.144	15.902	25.218
1.144	15.901	25.218
1.145	15.920	25.216
1.146	15.926	25.218
1.146	15.932	25.218
1.146	15.941	25.218
1.147	15.947	25.218
1.148	15.955	25.219
1.148	15.958	25.216
1.148	15.964	25.218
1.148	15.953	25.217
1.149	15.963	25.218
1.150	15.971	25.216
1.150	15.976	25.217
1.150	15.986	25.217
1.151	15.993	25.217
1.152	16.003	25.215
1.152	16.019	25.217
1.152	16.029	25.217
1.153	16.029	25.218
1.154	16.031	25.217
1.154	16.052	25.217
1.155	16.055	25.217
1.155	16.061	25.217
1.155	16.065	25.217
1.156	16.068	25.220
1.156	16.077	25.215
1.157	16.086	25.218
1.157	16.090	25.215
1.158	16.085	25.215
1.158	16.093	25.219
1.158	16.109	25.217
1.158	16.114	25.216
1.159	16.123	25.217
1.159	16.125	25.217
1.159	16.130	25.215
1.159	16.135	25.214
1.160	16.138	25.217
1.161	16.143	25.217
1.161	16.150	25.216
1.161	16.157	25.217
1.162	16.165	25.217
1.162	16.174	25.216
1.162	16.185	25.216
1.163	16.187	25.216
1.163	16.191	25.215
1.164	16.197	25.217
1.164	16.201	25.214
1.164	16.196	25.217
1.165	16.204	25.217
1.165	16.222	25.217
1.165	16.227	25.214
1.165	16.233	25.217
1.166	16.236	25.216
1.166	16.237	25.215
1.166	16.241	25.215
1.166	16.244	25.216
1.166	16.248	25.215
1.167	16.239	25.214
1.167	16.259	25.215
1.167	16.265	25.214
1.168	16.269	25.213
1.168	16.272	25.215
1.168	16.277	25.214
1.169	16.282	25.215
1.169	16.284	25.214
1.170	16.291	25.214
1.170	16.287	25.214
1.170	16.303	25.215
1.171	16.317	25.214
1.171	16.326	25.214
1.171	16.334	25.213
1.172	16.340	25.213
1.172	16.345	25.213
1.173	16.349	25.214
1.173	16.354	25.212
1.174	16.358	25.214
1.175	16.345	25.214
1.175	16.364	25.214
1.175	16.369	25.215
1.176	16.371	25.212
1.176	16.378	25.215
1.176	16.380	25.214
1.176	16.384	25.215
1.178	16.393	25.214
1.178	16.400	25.215
1.179	16.406	25.214
1.179	16.414	25.214
1.179	16.418	25.214
1.180	16.423	25.215
1.180	16.425	25.215
1.180	16.434	25.212
1.181	16.439	25.213
1.182	16.442	25.214
1.182	16.444	25.214
1.182	16.448	25.213
1.182	16.438	25.213
1.183	16.457	25.214
1.183	16.464	25.213
1.183	16.467	25.213
1.183	16.473	25.213
1.184	16.477	25.213
1.184	16.482	25.214
1.185	16.490	25.211
1.185	16.494	25.209
1.186	16.495	25.210
1.186	16.499	25.213
1.187	16.522	25.211
1.188	16.530	25.212
1.188	16.541	25.213
1.189	16.548	25.213
1.190	16.561	25.213
1.191	16.568	25.212
1.191	16.577	25.210
1.191	16.582	25.213
1.192	16.573	25.211
1.192	16.597	25.212
1.193	16.613	25.212
1.193	16.624	25.213
1.193	16.630	25.210
1.193	16.629	25.212
1.193	16.633	25.211
1.194	16.638	25.211
1.194	16.654	25.210
1.195	16.650	25.210
1.195	16.653	25.211
1.196	16.659	25.212
1.196	16.663	25.211
1.196	16.668	25.209
1.196	16.676	25.209
1.197	16.677	25.209
1.198	16.687	25.212
1.198	16.698	25.210
1.199	16.710	25.210
1.200	16.720	25.209
1.200	16.730	25.209
1.200	16.737	25.211
1.201	16.752	25.209
1.202	16.766	25.207
1.203	16.774	25.208
1.203	16.785	25.209
1.203	16.789	25.211
1.204	16.794	25.212
1.204	16.796	25.211
1.205	16.788	25.209
1.206	16.796	25.212
1.207	16.802	25.208
1.207	16.825	25.211
1.209	16.836	25.209
1.209	16.841	25.208
1.210	16.845	25.210
1.210	16.848	25.210
1.210	16.853	25.208
1.210	16.848	25.208
1.211	16.853	25.207
1.211	16.877	25.209
1.212	16.885	25.209
1.213	16.897	25.208
1.214	16.904	25.209
1.214	16.912	25.208
1.215	16.919	25.210
1.216	16.929	25.208
1.216	16.937	25.207
1.217	16.938	25.208
1.218	16.968	25.208
1.218	16.978	25.210
1.220	16.986	25.206
1.220	16.994	25.206
1.220	17.000	25.207
1.221	17.011	25.206
1.222	17.023	25.207
1.222	17.031	25.208
1.222	17.037	25.207
1.222	17.041	25.208
1.223	17.049	25.205
1.224	17.058	25.207
1.224	17.057	25.207
1.225	17.085	25.206
1.226	17.101	25.208
1.227	17.106	25.205
1.227	17.118	25.206
1.228	17.126	25.206
1.228	17.132	25.205
1.228	17.126	25.207
1.228	17.150	25.207
1.229	17.157	25.206
1.229	17.165	25.204
1.229	17.169	25.206
1.230	17.175	25.206
1.230	17.180	25.204
1.231	17.187	25.207
1.231	17.176	25.207
1.231	17.188	25.209
1.231	17.200	25.208
1.232	17.209	25.207
1.232	17.225	25.207
1.232	17.235	25.204
1.233	17.239	25.206
1.234	17.247	25.207
1.234	17.250	25.208
1.235	17.253	25.206
1.235	17.242	25.206
1.235	17.263	25.208
1.236	17.266	25.207
1.236	17.267	25.207
1.236	17.269	25.203
1.237	17.273	25.206
1.238	17.279	25.206
1.239	17.288	25.207
1.239	17.302	25.206
1.241	17.305	25.206
1.241	17.330	25.205
1.241	17.334	25.206
1.242	17.341	25.205
1.243	17.350	25.205
1.243	17.355	25.204
1.245	17.368	25.205
1.246	17.385	25.204
1.247	17.400	25.204
1.247	17.406	25.203
1.248	17.395	25.205
1.248	17.420	25.204
1.249	17.429	25.206
1.249	17.437	25.205
1.250	17.451	25.204
1.251	17.464	25.204
1.251	17.469	25.204
1.252	17.480	25.204
1.252	17.489	25.202
1.253	17.499	25.205
1.254	17.508	25.202
1.255	17.508	25.203
1.255	17.539	25.203
1.255	17.543	25.202
1.257	17.554	25.203
1.258	17.567	25.204
1.259	17.590	25.204
1.260	17.614	25.204
1.261	17.626	25.204
1.261	17.615	25.203
1.262	17.654	25.204
1.263	17.665	25.206
1.263	17.679	25.204
1.263	17.688	25.203
1.264	17.697	25.204
1.265	17.708	25.203
1.266	17.714	25.204
1.266	17.723	25.204
1.266	17.720	25.200
1.267	17.722	25.203
1.267	17.747	25.204
1.267	17.751	25.203
1.268	17.758	25.203
1.268	17.759	25.201
1.269	17.761	25.202
1.269	17.761	25.200
1.270	17.766	25.203
1.270	17.771	25.202
1.271	17.761	25.202
1.272	17.786	25.203
1.273	17.798	25.202
1.275	17.809	25.203
1.275	17.821	25.203
1.275	17.828	25.202
1.276	17.835	25.202
1.276	17.843	25.200
1.277	17.849	25.200
1.277	17.846	25.199
1.278	17.851	25.200
1.278	17.865	25.202
1.278	17.872	25.202
1.280	17.890	25.202
1.281	17.906	25.199
1.282	17.913	25.201
1.282	17.915	25.201
1.282	17.920	25.201
1.282	17.923	25.200
1.282	17.932	25.199
1.283	17.936	25.200
1.284	17.937	25.201
1.285	17.964	25.200
1.286	17.972	25.200
1.285	17.973	25.201
1.285	17.976	25.202
1.286	17.981	25.202
1.286	17.982	25.201
1.286	17.975	25.201
1.285	17.973	25.200
1.286	17.993	25.201
1.286	18.002	25.200
1.287	18.014	25.201
1.287	18.026	25.200
1.289	18.036	25.201
1.290	18.046	25.201
1.290	18.057	25.198
1.290	18.066	25.200
1.291	18.057	25.198
1.291	18.082	25.200
1.292	18.091	25.199
1.293	18.099	25.200
1.293	18.113	25.199
1.294	18.120	25.199
1.293	18.126	25.200
1.294	18.129	25.199
1.294	18.139	25.199
1.295	18.133	25.196
1.295	18.146	25.199
1.295	18.161	25.198
1.296	18.165	25.197
1.296	18.171	25.197
1.296	18.176	25.199
1.297	18.181	25.197
1.298	18.188	25.198
1.298	18.193	25.200
1.299	18.204	25.198
1.300	18.192	25.199
1.301	18.219	25.198
1.302	18.230	25.200
1.302	18.237	25.199
1.302	18.240	25.196
1.303	18.240	25.197
1.303	18.248	25.198
1.304	18.259	25.198
1.305	18.274	25.199
1.306	18.285	25.198
1.307	18.293	25.197
1.308	18.299	25.198
1.308	18.296	25.197
1.308	18.320	25.197
1.309	18.323	25.195
1.309	18.325	25.197
1.309	18.331	25.197
1.310	18.339	25.198
1.310	18.347	25.198
1.310	18.335	25.196
1.311	18.363	25.197
1.312	18.371	25.199
1.312	18.381	25.198
1.313	18.389	25.196
1.313	18.395	25.199
1.314	18.404	25.198
1.314	18.408	25.196
1.314	18.410	25.198
1.314	18.405	25.195
1.314	18.402	25.196
1.315	18.424	25.198
1.315	18.427	25.195
1.316	18.433	25.197
1.315	18.433	25.196
1.316	18.436	25.196
1.316	18.442	25.196
1.316	18.445	25.197
1.316	18.448	25.196
1.316	18.432	25.196
1.316	18.453	25.198
1.317	18.457	25.197
1.317	18.462	25.196
1.318	18.477	25.193
1.319	18.484	25.193
1.319	18.492	25.196
1.319	18.497	25.194
1.319	18.500	25.194
1.319	18.494	25.194
1.320	18.495	25.197
1.320	18.524	25.195
1.322	18.533	25.196
1.321	18.537	25.196
1.322	18.538	25.196
1.323	18.539	25.194
1.322	18.542	25.194
1.322	18.545	25.194
1.323	18.562	25.195
1.324	18.577	25.195
1.324	18.583	25.193
1.324	18.587	25.194
1.325	18.591	25.194
1.325	18.606	25.194
1.326	18.613	25.193
1.327	18.619	25.194
1.326	18.627	25.195
1.327	18.631	25.193
1.327	18.622	25.193
1.327	18.625	25.192
1.327	18.641	25.194
1.328	18.646	25.191
1.328	18.654	25.195
1.328	18.658	25.194
1.329	18.661	25.192
1.329	18.665	25.193
1.329	18.672	25.195
1.330	18.678	25.195
1.330	18.663	25.191
1.331	18.683	25.195
1.331	18.691	25.191
1.332	18.697	25.194
1.332	18.701	25.192
1.333	18.703	25.195
1.333	18.707	25.191
1.334	18.713	25.193
1.335	18.719	25.191
1.336	18.714	25.190
1.335	18.724	25.192
1.336	18.750	25.193
1.336	18.757	25.193
1.337	18.764	25.197
1.338	18.774	25.192
1.338	18.775	25.195
1.339	18.781	25.190
1.340	18.787	25.194
1.340	18.799	25.192
1.340	18.792	25.192
1.341	18.812	25.193
1.341	18.826	25.193
1.342	18.832	25.196
1.342	18.839	25.193
1.342	18.845	25.191
1.343	18.851	25.192
1.344	18.860	25.190
1.344	18.868	25.191
1.344	18.875	25.194
1.345	18.882	25.193
1.346	18.886	25.193
1.345	18.890	25.192
1.346	18.893	25.193
1.346	18.899	25.190
1.346	18.902	25.192
1.347	18.909	25.193
1.348	18.916	25.192
1.348	18.921	25.189
1.348	18.912	25.189
1.349	18.931	25.191
1.349	18.946	25.192
1.350	18.958	25.192
1.350	18.968	25.189
1.350	18.968	25.188
1.350	18.969	25.190
1.350	18.970	25.191
1.350	18.970	25.189
1.350	18.963	25.189
1.350	18.964	25.190
1.350	18.980	25.189
1.351	18.983	25.190
1.351	18.990	25.189
1.351	18.989	25.191
1.352	18.994	25.188
1.353	19.002	25.187
1.353	19.009	25.189
1.353	19.018	25.188
1.354	19.011	25.188
1.354	19.038	25.190
1.354	19.046	25.187
1.355	19.055	25.188
1.355	19.064	25.188
1.355	19.069	25.188
1.356	19.075	25.186
1.357	19.080	25.190
1.357	19.084	25.188
1.357	19.086	25.187
1.358	19.082	25.189
1.358	19.108	25.189
1.358	19.116	25.186
1.358	19.123	25.188
1.359	19.131	25.188
1.360	19.133	25.186
1.360	19.141	25.189
1.360	19.150	25.186
1.362	19.157	25.188
1.362	19.155	25.188
1.363	19.160	25.186
1.363	19.165	25.189
1.364	19.176	25.186
1.365	19.189	25.188
1.365	19.193	25.186
1.366	19.198	25.188
1.367	19.209	25.186
1.368	19.220	25.185
1.368	19.228	25.187
1.370	19.224	25.185
1.371	19.255	25.186
1.372	19.271	25.185
1.373	19.292	25.187
1.374	19.314	25.186
1.375	19.329	25.184
1.376	19.338	25.185
1.376	19.341	25.187
1.376	19.347	25.188
1.377	19.339	25.186
1.377	19.344	25.185
1.377	19.362	25.186
1.378	19.372	25.185
1.378	19.381	25.184
1.378	19.384	25.187
1.378	19.385	25.184
1.378	19.385	25.187
1.378	19.385	25.185
1.378	19.390	25.184
1.378	19.376	25.185
1.379	19.402	25.187
1.379	19.410	25.184
1.380	19.419	25.183
1.380	19.425	25.183
1.380	19.427	25.184
1.380	19.432	25.184
1.381	19.438	25.187
1.381	19.444	25.183
1.381	19.433	25.184
1.382	19.443	25.184
1.382	19.464	25.185
1.383	19.469	25.182
1.383	19.472	25.184
1.384	19.472	25.185
1.384	19.478	25.183
1.385	19.484	25.186
1.385	19.500	25.185
1.385	19.510	25.184
1.386	19.522	25.184
1.386	19.536	25.183
1.387	19.543	25.183
1.387	19.545	25.183
1.387	19.556	25.184
1.388	19.558	25.184
1.389	19.566	25.183
1.389	19.575	25.183
1.390	19.581	25.185
1.390	19.570	25.183
1.391	19.588	25.181
1.391	19.602	25.185
1.392	19.609	25.182
1.392	19.614	25.183
1.392	19.616	25.180
1.392	19.617	25.180
1.393	19.618	25.184
1.394	19.625	25.181
1.395	19.626	25.181
1.395	19.618	25.183
1.396	19.648	25.182
1.396	19.654	25.182
1.396	19.658	25.182
1.396	19.663	25.182
1.397	19.664	25.181
1.397	19.666	25.180
1.396	19.666	25.181
1.396	19.669	25.181
1.398	19.657	25.182
1.398	19.663	25.181
1.399	19.680	25.180
1.398	19.687	25.180
1.399	19.696	25.179
1.400	19.702	25.180
1.401	19.711	25.180
1.401	19.716	25.180
1.401	19.721	25.179
1.402	19.721	25.180
1.402	19.711	25.180
1.402	19.740	25.180
1.403	19.751	25.181
1.403	19.758	25.178
1.404	19.764	25.181
1.404	19.769	25.177
1.404	19.772	25.179
1.405	19.775	25.178
1.405	19.782	25.178
1.406	19.789	25.180
1.406	19.797	25.179
1.407	19.805	25.178
1.407	19.812	25.178
1.408	19.816	25.178
1.407	19.816	25.178
1.408	19.820	25.178
1.409	19.822	25.180
1.408	19.825	25.178
1.408	19.827	25.180
1.408	19.816	25.180
1.409	19.846	25.178
1.409	19.849	25.178
1.409	19.851	25.178
1.410	19.858	25.179
1.410	19.859	25.177
1.409	19.861	25.177
1.410	19.862	25.178
1.409	19.865	25.180
1.410	19.851	25.180
1.410	19.868	25.177
1.410	19.878	25.179
1.411	19.881	25.179
1.410	19.885	25.177
1.411	19.885	25.177
1.411	19.889	25.174
1.411	19.897	25.176
1.412	19.901	25.176
1.412	19.897	25.178
1.413	19.898	25.177
1.413	19.922	25.178
1.414	19.930	25.180
1.414	19.937	25.177
1.414	19.944	25.178
1.415	19.950	25.176
1.415	19.958	25.177
1.416	19.968	25.179
1.416	19.976	25.176
1.417	19.964	25.178
1.418	19.996	25.176
1.418	20.011	25.177
1.419	20.019	25.177
1.419	20.029	25.176
1.420	20.032	25.174
1.420	20.037	25.176
1.420	20.043	25.175
1.420	20.046	25.175
1.421	20.055	25.177
1.421	20.057	25.176
1.421	20.061	25.176
1.422	20.067	25.175
1.422	20.069	25.174
1.422	20.074	25.175
1.423	20.077	25.173
1.423	20.081	25.176
1.424	20.085	25.175
1.424	20.089	25.175
1.425	20.074	25.177
1.425	20.090	25.176
1.425	20.104	25.175
1.426	20.107	25.174
1.426	20.115	25.176
1.426	20.116	25.174
1.427	20.119	25.175
1.427	20.125	25.176
1.428	20.132	25.174
1.428	20.139	25.174
1.428	20.123	25.177
1.428	20.149	25.176
1.429	20.153	25.175
1.429	20.154	25.174
1.429	20.155	25.178
1.429	20.156	25.173
1.429	20.160	25.172
1.429	20.163	25.173
1.430	20.166	25.175
1.430	20.152	25.176
1.431	20.171	25.175
1.431	20.186	25.174
1.432	20.195	25.173
1.433	20.203	25.175
1.433	20.206	25.173
1.433	20.206	25.172
1.433	20.212	25.175
1.434	20.216	25.173
1.434	20.220	25.173
1.434	20.204	25.172
1.434	20.217	25.174
1.434	20.230	25.173
1.435	20.236	25.174
1.435	20.242	25.173
1.436	20.250	25.173
1.436	20.264	25.173
1.438	20.286	25.174
1.439	20.300	25.172
1.440	20.303	25.174
1.440	20.321	25.175
1.442	20.332	25.174
1.443	20.340	25.174
1.444	20.351	25.174
1.444	20.359	25.175
1.444	20.371	25.174
1.444	20.383	25.173
1.445	20.392	25.174
1.444	20.398	25.173
1.445	20.383	25.175
1.445	20.408	25.173
1.445	20.419	25.173
1.446	20.423	25.173
1.446	20.431	25.173
1.447	20.437	25.172
1.448	20.443	25.174
1.447	20.452	25.173
1.448	20.465	25.172
1.449	20.464	25.173
1.449	20.460	25.175
1.449	20.487	25.171
1.450	20.496	25.171
1.450	20.505	25.173
1.451	20.511	25.174
1.452	20.519	25.173
1.452	20.531	25.172
1.453	20.544	25.173
1.454	20.548	25.174
1.455	20.535	25.176
1.455	20.560	25.173
1.455	20.561	25.172
1.455	20.564	25.173
1.456	20.569	25.174
1.457	20.573	25.173
1.458	20.581	25.173
1.458	20.587	25.169
1.459	20.596	25.172
1.459	20.608	25.172
1.460	20.616	25.174
1.460	20.623	25.173
1.461	20.630	25.172
1.461	20.642	25.173
1.462	20.652	25.170
1.462	20.660	25.171
1.464	20.670	25.173
1.464	20.679	25.170
1.465	20.691	25.169
1.465	20.699	25.172
1.465	20.703	25.173
1.465	20.707	25.171
1.465	20.715	25.171
1.466	20.722	25.172
1.467	20.728	25.171
1.467	20.733	25.173
1.467	20.740	25.172
1.468	20.749	25.170
1.470	20.753	25.176
1.470	20.749	25.174
1.470	20.750	25.171
1.471	20.755	25.171
1.472	20.796	25.169
1.472	20.811	25.173
1.472	20.822	25.171
1.473	20.835	25.172
1.475	20.847	25.171
1.475	20.851	25.171
1.475	20.843	25.171
1.475	20.866	25.171
1.477	20.884	25.169
1.476	20.886	25.170
1.477	20.890	25.172
1.477	20.893	25.171
1.477	20.898	25.173
1.477	20.902	25.171
1.478	20.909	25.171
1.478	20.910	25.173
1.478	20.902	25.172
1.479	20.941	25.171
1.479	20.952	25.170
1.480	20.959	25.171
1.481	20.968	25.172
1.481	20.979	25.169
1.483	20.988	25.169
1.484	20.996	25.171
1.484	21.007	25.171
1.485	21.009	25.172
1.485	21.012	25.170
1.486	21.016	25.169
1.486	21.017	25.170
1.486	21.018	25.172
1.487	21.019	25.170
1.488	21.020	25.171
1.488	21.022	25.170
1.489	21.023	25.171
1.489	21.026	25.170
1.490	21.008	25.169
1.490	21.037	25.172
1.491	21.038	25.171
1.491	21.043	25.170
1.492	21.049	25.169
1.492	21.054	25.170
1.494	21.057	25.170
1.494	21.061	25.169
1.494	21.065	25.170
1.496	21.055	25.169
1.496	21.059	25.171
1.497	21.077	25.171
1.497	21.080	25.172
1.498	21.084	25.169
1.499	21.086	25.170
1.500	21.089	25.169
1.500	21.092	25.171
1.501	21.095	25.170
1.502	21.099	25.171
1.502	21.079	25.169
1.503	21.105	25.170
1.504	21.108	25.171
1.504	21.110	25.170
1.504	21.111	25.171
1.505	21.113	25.171
1.505	21.116	25.170
1.505	21.117	25.170
1.505	21.118	25.171
1.506	21.100	25.171
1.507	21.106	25.171
1.507	21.121	25.172
1.507	21.122	25.171
1.507	21.123	25.170
1.508	21.124	25.170
1.508	21.126	25.170
1.508	21.126	25.169
1.508	21.129	25.168
1.509	21.130	25.170
1.510	21.114	25.170
1.510	21.129	25.169
1.510	21.141	25.170
1.510	21.142	25.168
1.511	21.144	25.171
1.513	21.143	25.169
1.514	21.147	25.170
1.514	21.149	25.168
1.514	21.151	25.170
1.514	21.152	25.170
1.515	21.154	25.171
1.515	21.153	25.169
1.516	21.155	25.169
1.518	21.156	25.169
1.518	21.160	25.168
1.519	21.160	25.169
1.520	21.161	25.170
1.521	21.163	25.170
1.521	21.164	25.168
1.523	21.148	25.170
1.524	21.156	25.171
1.524	21.173	25.170
1.525	21.176	25.169
1.525	21.177	25.171
1.526	21.175	25.170
1.527	21.178	25.169
1.527	21.179	25.169
1.527	21.181	25.170
1.529	21.182	25.170
1.530	21.163	25.169
1.530	21.187	25.169
1.530	21.189	25.170
1.531	21.190	25.169
1.532	21.194	25.171
1.533	21.195	25.171
1.535	21.197	25.171
1.534	21.198	25.170
1.534	21.199	25.171
1.535	21.180	25.170
1.535	21.189	25.170
1.535	21.204	25.169
1.536	21.204	25.168
1.537	21.208	25.169
1.537	21.207	25.169
1.537	21.208	25.169
1.539	21.209	25.171
1.539	21.212	25.169
1.541	21.216	25.170
1.541	21.195	25.168
1.541	21.214	25.170
1.541	21.223	25.168
1.542	21.225	25.168
1.543	21.228	25.168
1.543	21.227	25.169
1.543	21.228	25.167
1.544	21.229	25.168
1.545	21.230	25.170
1.546	21.222	25.171
1.546	21.216	25.168
1.545	21.237	25.169
1.546	21.237	25.169
1.547	21.238	25.170
1.547	21.240	25.169
1.548	21.240	25.169
1.549	21.240	25.169
1.549	21.240	25.171
1.549	21.242	25.169
1.550	21.219	25.169
1.550	21.242	25.171
1.550	21.245	25.169
1.552	21.247	25.167
1.553	21.251	25.166
1.553	21.250	25.168
1.554	21.252	25.168
1.554	21.253	25.170
1.554	21.254	25.170
1.555	21.246	25.168
1.555	21.238	25.171
1.555	21.261	25.169
1.556	21.261	25.169
1.556	21.264	25.171
1.557	21.262	25.170
1.557	21.263	25.169
1.558	21.266	25.170
1.559	21.268	25.171
1.560	21.271	25.172
1.560	21.249	25.172
1.561	21.266	25.173
1.561	21.273	25.172
1.561	21.273	25.172
1.562	21.274	25.175
1.562	21.271	25.173
1.562	21.272	25.174
1.562	21.272	25.176
1.563	21.271	25.177
1.564	21.261	25.176
1.564	21.253	25.179
1.565	21.273	25.179
1.566	21.273	25.179
1.566	21.275	25.180
1.567	21.271	25.182
1.566	21.272	25.181
1.566	21.272	25.183
1.567	21.273	25.186
1.568	21.271	25.186
1.568	21.249	25.185
1.568	21.272	25.188
1.569	21.273	25.189
1.570	21.273	25.187
1.570	21.273	25.187
1.570	21.273	25.190
1.570	21.273	25.190
1.571	21.272	25.192
1.571	21.273	25.190
1.572	21.264	25.192
1.571	21.251	25.194
1.572	21.274	25.195
1.572	21.275	25.198
1.572	21.275	25.197
1.572	21.275	25.197
1.572	21.272	25.199
1.572	21.272	25.199
1.573	21.272	25.200
1.573	21.273	25.200
1.575	21.256	25.202
1.577	21.257	25.200
1.578	21.275	25.202
1.578	21.274	25.203
1.578	21.277	25.205
1.578	21.272	25.203
1.578	21.272	25.204
1.579	21.272	25.205
1.580	21.272	25.206
1.580	21.270	25.209
1.581	21.250	25.208
1.582	21.273	25.209
1.583	21.274	25.212
1.584	21.274	25.211
1.584	21.274	25.211
1.585	21.272	25.212
1.585	21.272	25.215
1.585	21.273	25.212
1.586	21.272	25.215
1.587	21.256	25.217
1.588	21.258	25.218
1.588	21.274	25.215
1.588	21.273	25.218
1.589	21.274	25.218
1.589	21.271	25.219
1.589	21.272	25.220
1.589	21.272	25.221
1.590	21.272	25.220
1.590	21.269	25.222
1.590	21.273	25.224
1.590	21.273	25.226
1.590	21.273	25.225
1.589	21.272	25.225
1.590	21.274	25.227
1.590	21.272	25.225
1.590	21.272	25.227
1.590	21.272	25.226
1.591	21.271	25.229
1.590	21.254	25.227
1.590	21.257	25.230
1.590	21.270	25.230
1.590	21.269	25.231
1.589	21.270	25.233
1.590	21.270	25.233
1.590	21.268	25.235
1.589	21.268	25.233
1.589	21.271	25.235
1.589	21.268	25.235
1.589	21.245	25.235
