1.563	21.272	30.010
1.564	21.275	30.014
1.564	21.275	30.017
1.564	21.274	30.021
1.564	21.274	30.024
1.563	21.273	30.031
1.564	21.273	30.033
1.563	21.273	30.038
1.563	21.261	30.042
1.563	21.253	30.047
1.564	21.273	30.052
1.564	21.273	30.054
1.563	21.275	30.057
1.566	21.273	30.061
1.565	21.272	30.065
1.564	21.272	30.070
1.564	21.272	30.075
1.563	21.272	30.073
1.563	21.250	30.083
1.564	21.272	30.086
1.562	21.274	30.090
1.562	21.273	30.096
1.562	21.277	30.098
1.563	21.273	30.102
1.563	21.273	30.105
1.562	21.273	30.109
1.562	21.273	30.114
1.561	21.260	30.117
1.561	21.256	30.123
1.560	21.274	30.126
1.560	21.274	30.129
1.559	21.275	30.136
1.560	21.274	30.138
1.560	21.273	30.143
1.559	21.272	30.146
1.559	21.274	30.148
1.559	21.271	30.149
1.558	21.250	30.153
1.559	21.275	30.160
1.559	21.275	30.162
1.559	21.274	30.163
1.559	21.275	30.167
1.559	21.273	30.172
1.559	21.273	30.173
1.558	21.274	30.175
1.558	21.273	30.180
1.556	21.256	30.185
1.556	21.259	30.186
1.556	21.275	30.191
1.555	21.275	30.195
1.552	21.275	30.193
1.548	21.274	30.198
1.545	21.273	30.199
1.544	21.273	30.204
1.545	21.274	30.205
1.545	21.272	30.210
1.544	21.271	30.210
1.544	21.272	30.214
1.544	21.273	30.216
1.543	21.270	30.217
1.544	21.272	30.220
1.543	21.272	30.224
1.543	21.272	30.225
1.542	21.272	30.225
1.542	21.273	30.231
1.542	21.259	30.232
1.541	21.254	30.233
1.541	21.274	30.234
1.541	21.273	30.237
1.539	21.275	30.240
1.538	21.274	30.237
1.538	21.271	30.239
1.538	21.272	30.243
1.538	21.272	30.245
1.537	21.271	30.246
1.537	21.248	30.248
1.537	21.269	30.253
1.537	21.274	30.251
1.536	21.273	30.253
1.537	21.274	30.253
1.537	21.271	30.257
1.536	21.271	30.259
1.534	21.272	30.261
1.535	21.270	30.261
1.533	21.256	30.263
1.533	21.250	30.265
1.534	21.272	30.264
1.533	21.271	30.267
1.533	21.273	30.267
1.533	21.266	30.270
1.532	21.266	30.270
1.533	21.266	30.273
1.532	21.266	30.273
1.532	21.269	30.274
1.533	21.248	30.274
1.533	21.270	30.277
1.533	21.270	30.277
1.533	21.270	30.280
1.532	21.271	30.280
1.531	21.267	30.281
1.532	21.266	30.280
1.531	21.265	30.282
1.530	21.264	30.281
1.530	21.252	30.284
1.530	21.241	30.283
1.530	21.261	30.285
1.529	21.258	30.288
1.529	21.257	30.286
1.528	21.252	30.286
1.527	21.250	30.287
1.527	21.249	30.290
1.526	21.246	30.289
1.525	21.245	30.289
1.525	21.220	30.289
1.525	21.242	30.292
1.524	21.242	30.292
1.524	21.241	30.294
1.524	21.245	30.291
1.524	21.240	30.294
1.525	21.240	30.292
1.524	21.240	30.295
1.525	21.240	30.295
1.524	21.230	30.296
1.524	21.221	30.296
1.525	21.240	30.296
1.526	21.240	30.297
1.525	21.242	30.298
1.525	21.238	30.298
1.523	21.237	30.299
1.523	21.237	30.301
1.523	21.235	30.301
1.521	21.232	30.301
1.521	21.207	30.301
1.520	21.228	30.303
1.519	21.228	30.302
1.519	21.228	30.302
1.518	21.226	30.304
1.518	21.222	30.301
1.517	21.219	30.305
1.516	21.219	30.305
1.516	21.216	30.306
1.515	21.199	30.307
1.514	21.190	30.306
1.513	21.209	30.306
1.513	21.206	30.306
1.513	21.207	30.307
1.513	21.204	30.310
1.512	21.204	30.309
1.513	21.204	30.310
1.512	21.204	30.313
1.512	21.203	30.310
1.512	21.202	30.308
1.511	21.201	30.308
1.509	21.199	30.309
1.508	21.199	30.310
1.507	21.198	30.310
1.507	21.191	30.311
1.506	21.189	30.311
1.506	21.189	30.312
1.506	21.188	30.313
1.506	21.184	30.311
1.506	21.164	30.311
1.505	21.186	30.313
1.505	21.186	30.311
1.504	21.186	30.311
1.505	21.190	30.311
1.504	21.183	30.313
1.504	21.183	30.314
1.504	21.183	30.313
1.503	21.182	30.314
1.503	21.176	30.311
1.502	21.158	30.314
1.502	21.179	30.310
1.502	21.179	30.310
1.501	21.178	30.316
1.500	21.173	30.312
1.498	21.170	30.312
1.499	21.167	30.316
1.497	21.166	30.312
1.497	21.163	30.313
1.497	21.140	30.314
1.496	21.159	30.314
1.495	21.160	30.316
1.495	21.160	30.314
1.494	21.159	30.317
1.494	21.155	30.315
1.494	21.154	30.315
1.495	21.153	30.313
1.494	21.153	30.315
1.493	21.138	30.314
1.493	21.133	30.316
1.492	21.147	30.315
1.491	21.145	30.317
1.488	21.142	30.312
1.488	21.138	30.315
1.487	21.134	30.318
1.487	21.130	30.317
1.487	21.130	30.315
1.487	21.130	30.317
1.487	21.110	30.314
1.486	21.113	30.318
1.487	21.128	30.317
1.486	21.126	30.317
1.486	21.125	30.315
1.484	21.119	30.316
1.484	21.118	30.316
1.483	21.117	30.317
1.482	21.113	30.317
1.481	21.099	30.316
1.477	21.076	30.314
1.476	21.095	30.317
1.475	21.092	30.317
1.476	21.087	30.317
1.474	21.085	30.317
1.473	21.077	30.316
1.471	21.070	30.317
1.469	21.063	30.317
1.468	21.055	30.317
1.467	21.035	30.314
1.467	21.021	30.316
1.467	21.033	30.317
1.466	21.028	30.316
1.464	21.027	30.318
1.464	21.021	30.317
1.463	21.014	30.318
1.460	20.994	30.317
1.460	20.993	30.319
1.460	20.989	30.316
1.460	20.962	30.316
1.460	20.976	30.316
1.459	20.969	30.321
1.457	20.938	30.317
1.455	20.914	30.318
1.455	20.898	30.317
1.455	20.895	30.321
1.455	20.888	30.315
1.454	20.884	30.320
1.454	20.863	30.318
1.454	20.859	30.319
1.454	20.871	30.320
1.454	20.867	30.320
1.454	20.866	30.317
1.452	20.861	30.318
1.451	20.856	30.319
1.452	20.853	30.319
1.451	20.851	30.319
1.452	20.846	30.319
1.451	20.839	30.319
1.450	20.835	30.318
1.449	20.816	30.319
1.449	20.798	30.318
1.448	20.786	30.318
1.446	20.768	30.319
1.444	20.734	30.318
1.437	20.635	30.318
1.437	20.619	30.319
1.436	20.601	30.316
1.435	20.583	30.315
1.436	20.600	30.319
1.435	20.594	30.317
1.435	20.592	30.317
1.435	20.591	30.318
1.435	20.581	30.316
1.435	20.575	30.319
1.434	20.570	30.316
1.434	20.564	30.315
1.434	20.539	30.316
1.432	20.539	30.314
1.431	20.543	30.316
1.431	20.520	30.314
1.430	20.509	30.313
1.428	20.491	30.315
1.427	20.478	30.314
1.427	20.466	30.314
1.426	20.448	30.315
1.425	20.433	30.313
1.424	20.406	30.315
1.423	20.420	30.312
1.422	20.413	30.313
1.422	20.403	30.313
1.421	20.394	30.314
1.420	20.369	30.314
1.413	20.288	30.313
1.414	20.280	30.311
1.413	20.268	30.313
1.413	20.241	30.312
1.413	20.246	30.313
1.413	20.252	30.309
1.413	20.251	30.311
1.414	20.247	30.310
1.414	20.241	30.309
1.414	20.237	30.312
1.414	20.237	30.311
1.414	20.239	30.311
1.413	20.239	30.310
1.414	20.238	30.312
1.412	20.235	30.312
1.413	20.232	30.311
1.412	20.225	30.308
1.410	20.208	30.309
1.410	20.190	30.306
1.409	20.182	30.308
1.408	20.172	30.309
1.406	20.158	30.309
1.405	20.119	30.308
1.404	20.098	30.307
1.402	20.092	30.307
1.401	20.081	30.310
1.395	20.025	30.306
1.391	19.950	30.306
1.390	19.938	30.304
1.390	19.934	30.307
1.390	19.930	30.307
1.390	19.923	30.307
1.390	19.902	30.305
1.390	19.903	30.307
1.390	19.916	30.303
1.390	19.914	30.302
1.390	19.913	30.305
1.390	19.910	30.305
1.390	19.910	30.304
1.390	19.909	30.303
1.390	19.907	30.304
1.390	19.897	30.302
1.390	19.886	30.303
1.390	19.904	30.299
1.390	19.899	30.302
1.389	19.892	30.302
1.389	19.887	30.300
1.388	19.883	30.300
1.387	19.885	30.304
1.386	19.882	30.301
1.386	19.874	30.302
1.386	19.851	30.300
1.386	19.850	30.301
1.385	19.856	30.301
1.385	19.850	30.301
1.385	19.852	30.300
1.386	19.848	30.300
1.385	19.847	30.300
1.386	19.843	30.300
1.386	19.838	30.299
1.386	19.832	30.300
1.386	19.804	30.298
1.385	19.804	30.300
1.383	19.795	30.299
1.382	19.781	30.297
1.381	19.765	30.297
1.380	19.750	30.298
1.379	19.738	30.299
1.378	19.733	30.299
1.377	19.720	30.296
1.375	19.675	30.298
1.373	19.653	30.298
1.371	19.641	30.297
1.370	19.630	30.298
1.370	19.627	30.295
1.370	19.614	30.298
1.369	19.604	30.299
1.369	19.597	30.298
1.368	19.581	30.296
1.366	19.555	30.296
1.365	19.523	30.296
1.364	19.533	30.297
1.364	19.531	30.294
1.364	19.520	30.296
1.363	19.500	30.295
1.363	19.483	30.295
1.361	19.477	30.294
1.361	19.471	30.294
1.360	19.459	30.293
1.360	19.435	30.292
1.360	19.440	30.291
1.359	19.442	30.293
1.359	19.434	30.294
1.359	19.429	30.293
1.358	19.421	30.293
1.358	19.420	30.292
1.358	19.417	30.294
1.358	19.415	30.293
1.358	19.415	30.293
1.357	19.391	30.291
1.357	19.408	30.292
1.357	19.407	30.292
1.357	19.401	30.290
1.356	19.393	30.291
1.355	19.373	30.292
1.354	19.356	30.288
1.353	19.348	30.291
1.352	19.343	30.288
1.351	19.336	30.288
1.350	19.325	30.290
1.350	19.311	30.288
1.349	19.299	30.289
1.348	19.287	30.289
1.348	19.278	30.289
1.347	19.268	30.287
1.346	19.254	30.286
1.345	19.239	30.289
1.343	19.219	30.290
1.341	19.174	30.287
1.341	19.177	30.290
1.340	19.171	30.287
1.340	19.156	30.286
1.337	19.137	30.287
1.336	19.106	30.287
1.336	19.093	30.285
1.335	19.082	30.287
1.335	19.069	30.286
1.334	19.059	30.285
1.333	19.030	30.284
1.333	19.041	30.286
1.332	19.031	30.284
1.332	19.019	30.287
1.332	19.003	30.284
1.331	18.990	30.284
1.330	18.976	30.284
1.329	18.965	30.284
1.328	18.958	30.284
1.329	18.938	30.283
1.328	18.940	30.283
1.328	18.942	30.284
1.327	18.928	30.283
1.326	18.918	30.282
1.325	18.902	30.284
1.324	18.892	30.284
1.323	18.885	30.284
1.323	18.872	30.282
1.322	18.859	30.281
1.322	18.836	30.282
1.320	18.847	30.283
1.320	18.837	30.282
1.319	18.831	30.280
1.319	18.827	30.282
1.318	18.814	30.279
1.316	18.797	30.280
1.315	18.775	30.281
1.313	18.756	30.279
1.311	18.726	30.277
1.311	18.703	30.277
1.310	18.702	30.274
1.310	18.685	30.277
1.308	18.672	30.277
1.308	18.664	30.278
1.308	18.654	30.276
1.306	18.636	30.276
1.306	18.626	30.275
1.305	18.620	30.275
1.305	18.595	30.274
1.304	18.600	30.274
1.304	18.589	30.276
1.303	18.579	30.276
1.302	18.572	30.276
1.302	18.550	30.273
1.300	18.536	30.274
1.300	18.531	30.273
1.299	18.528	30.274
1.299	18.513	30.271
1.297	18.482	30.273
1.297	18.486	30.271
1.297	18.483	30.271
1.296	18.481	30.271
1.295	18.472	30.273
1.294	18.469	30.270
1.294	18.467	30.270
1.295	18.460	30.270
1.294	18.451	30.267
1.293	18.422	30.269
1.293	18.435	30.269
1.294	18.436	30.270
1.293	18.429	30.268
1.292	18.418	30.266
1.291	18.410	30.266
1.290	18.392	30.269
1.289	18.377	30.267
1.289	18.359	30.266
1.288	18.333	30.265
1.287	18.331	30.266
1.287	18.334	30.265
1.286	18.328	30.265
1.286	18.329	30.263
1.286	18.314	30.264
1.286	18.303	30.263
1.283	18.285	30.261
1.282	18.271	30.264
1.281	18.266	30.263
1.281	18.259	30.260
1.281	18.251	30.262
1.281	18.245	30.262
1.281	18.237	30.262
1.280	18.230	30.260
1.279	18.212	30.262
1.278	18.202	30.261
1.278	18.197	30.260
1.278	18.188	30.260
1.278	18.176	30.260
1.277	18.155	30.262
1.277	18.167	30.257
1.276	18.164	30.259
1.275	18.161	30.259
1.276	18.162	30.259
1.275	18.155	30.256
1.275	18.143	30.256
1.273	18.127	30.257
1.273	18.117	30.257
1.273	18.105	30.258
1.272	18.079	30.258
1.272	18.083	30.256
1.271	18.077	30.255
1.270	18.063	30.255
1.270	18.051	30.255
1.269	18.042	30.255
1.268	18.031	30.255
1.267	18.025	30.252
1.267	18.017	30.253
1.267	17.994	30.256
1.267	18.008	30.254
1.266	18.002	30.253
1.266	17.996	30.255
1.266	17.994	30.254
1.265	17.985	30.253
1.265	17.976	30.250
1.263	17.960	30.251
1.263	17.955	30.253
1.263	17.937	30.253
1.262	17.935	30.251
1.262	17.932	30.249
1.261	17.919	30.250
1.260	17.912	30.251
1.260	17.908	30.251
1.259	17.906	30.247
1.259	17.901	30.248
1.259	17.894	30.247
1.258	17.883	30.248
1.258	17.860	30.248
1.257	17.857	30.249
1.256	17.859	30.246
1.255	17.851	30.248
1.255	17.846	30.246
1.254	17.834	30.246
1.254	17.820	30.245
1.253	17.808	30.245
1.252	17.798	30.247
1.251	17.776	30.246
1.251	17.764	30.247
1.251	17.775	30.243
1.250	17.769	30.247
1.250	17.764	30.247
1.249	17.754	30.243
1.249	17.740	30.243
1.248	17.733	30.245
1.247	17.725	30.244
1.247	17.713	30.245
1.246	17.710	30.243
1.246	17.685	30.245
1.246	17.692	30.244
1.246	17.692	30.243
1.244	17.683	30.242
1.244	17.674	30.242
1.244	17.664	30.242
1.243	17.663	30.241
1.243	17.663	30.243
1.243	17.655	30.241
1.244	17.646	30.239
1.243	17.663	30.242
1.243	17.656	30.242
1.243	17.647	30.242
1.242	17.631	30.241
1.242	17.622	30.242
1.242	17.616	30.240
1.241	17.612	30.238
1.241	17.609	30.241
1.241	17.590	30.240
1.240	17.599	30.240
1.240	17.601	30.241
1.240	17.598	30.240
1.239	17.596	30.239
1.240	17.590	30.240
1.239	17.589	30.239
1.239	17.585	30.238
1.239	17.579	30.238
1.239	17.568	30.237
1.239	17.565	30.238
1.239	17.576	30.238
1.238	17.574	30.236
1.237	17.572	30.235
1.237	17.566	30.237
1.237	17.566	30.237
1.237	17.566	30.236
1.236	17.564	30.236
1.236	17.561	30.236
1.236	17.538	30.233
1.236	17.546	30.235
1.235	17.545	30.236
1.235	17.542	30.236
1.234	17.541	30.234
1.233	17.524	30.236
1.232	17.508	30.235
1.232	17.500	30.235
1.232	17.493	30.232
1.231	17.490	30.233
1.230	17.480	30.233
1.229	17.453	30.233
1.228	17.455	30.234
1.227	17.445	30.233
1.227	17.431	30.233
1.226	17.425	30.233
1.226	17.419	30.234
1.226	17.417	30.233
1.225	17.408	30.230
1.225	17.380	30.231
1.224	17.372	30.233
1.222	17.362	30.232
1.221	17.353	30.232
1.220	17.346	30.232
1.220	17.333	30.230
1.219	17.323	30.229
1.219	17.315	30.231
1.219	17.309	30.231
1.217	17.286	30.230
1.217	17.255	30.230
1.216	17.260	30.230
1.215	17.249	30.230
1.214	17.238	30.233
1.214	17.222	30.230
1.213	17.206	30.229
1.212	17.198	30.231
1.212	17.191	30.229
1.211	17.186	30.228
1.211	17.178	30.226
1.211	17.174	30.228
1.210	17.168	30.225
1.210	17.162	30.226
1.209	17.147	30.226
1.209	17.144	30.227
1.209	17.139	30.225
1.208	17.138	30.226
1.209	17.137	30.226
1.209	17.133	30.227
1.208	17.115	30.226
1.208	17.133	30.224
1.208	17.129	30.223
1.208	17.128	30.222
1.208	17.128	30.222
1.207	17.120	30.222
1.207	17.112	30.222
1.207	17.106	30.223
1.206	17.102	30.222
1.206	17.100	30.223
1.206	17.091	30.222
1.205	17.065	30.220
1.205	17.078	30.223
1.204	17.078	30.221
1.204	17.069	30.221
1.203	17.062	30.220
1.203	17.054	30.220
1.202	17.048	30.220
1.202	17.041	30.218
1.200	17.018	30.221
1.200	17.018	30.217
1.199	17.006	30.219
1.198	16.996	30.219
1.198	16.987	30.218
1.197	16.975	30.216
1.196	16.962	30.216
1.196	16.955	30.218
1.195	16.944	30.217
1.195	16.931	30.215
1.194	16.917	30.216
1.194	16.930	30.216
1.195	16.928	30.217
1.195	16.926	30.218
1.194	16.917	30.212
1.193	16.911	30.217
1.192	16.907	30.213
1.192	16.902	30.213
1.190	16.883	30.214
1.190	16.865	30.213
1.189	16.848	30.213
1.188	16.835	30.214
1.187	16.821	30.213
1.186	16.816	30.213
1.185	16.808	30.212
1.185	16.789	30.211
1.184	16.779	30.211
1.184	16.769	30.211
1.183	16.756	30.210
1.183	16.736	30.212
1.182	16.746	30.211
1.182	16.739	30.209
1.182	16.734	30.209
1.180	16.717	30.209
1.178	16.690	30.207
1.178	16.688	30.207
1.178	16.679	30.208
1.177	16.675	30.207
1.176	16.658	30.207
1.175	16.644	30.206
1.174	16.624	30.206
1.174	16.620	30.209
1.172	16.625	30.207
1.173	16.618	30.206
1.173	16.617	30.204
1.173	16.614	30.203
1.172	16.601	30.205
1.171	16.587	30.204
1.171	16.566	30.204
1.170	16.574	30.204
1.170	16.571	30.201
1.169	16.565	30.204
1.169	16.560	30.204
1.169	16.549	30.203
1.168	16.544	30.203
1.168	16.541	30.201
1.167	16.536	30.201
1.167	16.521	30.201
1.166	16.515	30.201
1.166	16.518	30.198
1.166	16.515	30.199
1.166	16.508	30.201
1.165	16.493	30.198
1.163	16.475	30.200
1.162	16.467	30.199
1.163	16.466	30.196
1.162	16.458	30.196
1.162	16.454	30.196
1.162	16.443	30.199
1.160	16.426	30.197
1.159	16.410	30.195
1.158	16.391	30.196
1.157	16.382	30.197
1.157	16.375	30.194
1.156	16.370	30.193
1.156	16.362	30.194
1.155	16.357	30.196
1.155	16.335	30.193
1.155	16.340	30.193
1.154	16.338	30.192
1.153	16.330	30.193
1.152	16.309	30.193
1.151	16.296	30.191
1.151	16.293	30.192
1.151	16.287	30.191
1.151	16.284	30.191
1.150	16.273	30.191
1.149	16.259	30.192
1.146	16.223	30.190
1.145	16.216	30.190
1.143	16.197	30.190
1.140	16.158	30.189
1.140	16.143	30.187
1.140	16.138	30.189
1.140	16.135	30.190
1.139	16.124	30.189
1.139	16.109	30.186
1.139	16.120	30.188
1.138	16.111	30.187
1.137	16.099	30.187
1.137	16.094	30.187
1.137	16.091	30.185
1.137	16.091	30.187
1.137	16.091	30.186
1.137	16.088	30.187
1.136	16.065	30.184
1.136	16.068	30.185
1.135	16.068	30.183
1.134	16.055	30.186
1.134	16.050	30.184
1.133	16.040	30.184
1.132	16.032	30.181
1.132	16.020	30.181
1.131	16.007	30.184
1.131	15.999	30.179
1.131	15.981	30.180
1.130	15.986	30.180
1.129	15.975	30.178
1.129	15.971	30.181
1.129	15.968	30.179
1.128	15.957	30.179
1.128	15.954	30.176
1.127	15.945	30.176
1.127	15.935	30.176
1.126	15.916	30.177
1.126	15.898	30.178
1.125	15.906	30.178
1.124	15.899	30.176
1.124	15.896	30.175
1.124	15.894	30.177
1.123	15.889	30.172
1.123	15.886	30.174
1.123	15.881	30.172
1.123	15.873	30.172
1.122	15.867	30.173
1.121	15.854	30.174
1.121	15.829	30.174
1.118	15.818	30.171
1.118	15.810	30.171
1.117	15.797	30.172
1.116	15.785	30.169
1.115	15.772	30.171
1.114	15.752	30.169
1.112	15.727	30.169
1.112	15.708	30.169
1.111	15.708	30.168
1.110	15.697	30.170
1.108	15.679	30.167
1.108	15.668	30.168
1.108	15.665	30.167
1.108	15.662	30.168
1.108	15.662	30.169
1.108	15.661	30.167
1.108	15.646	30.167
1.108	15.657	30.167
1.108	15.657	30.164
1.108	15.653	30.166
1.108	15.652	30.166
1.107	15.649	30.164
1.106	15.644	30.163
1.106	15.637	30.165
1.105	15.631	30.165
1.105	15.621	30.162
1.105	15.615	30.163
1.105	15.613	30.164
1.104	15.613	30.161
1.105	15.615	30.163
1.103	15.602	30.160
1.103	15.587	30.158
1.102	15.577	30.160
1.101	15.569	30.160
1.101	15.562	30.158
1.100	15.532	30.160
1.099	15.525	30.159
1.097	15.516	30.158
1.097	15.504	30.159
1.097	15.498	30.156
1.096	15.485	30.155
1.094	15.468	30.156
1.094	15.453	30.155
1.093	15.448	30.156
1.093	15.441	30.153
1.092	15.430	30.155
1.091	15.402	30.153
1.090	15.371	30.153
1.089	15.378	30.155
1.088	15.368	30.155
1.087	15.352	30.155
1.085	15.329	30.153
1.084	15.312	30.152
1.083	15.300	30.154
1.082	15.271	30.152
1.081	15.261	30.153
1.079	15.243	30.150
1.078	15.227	30.152
1.078	15.220	30.152
1.077	15.212	30.151
1.077	15.210	30.149
1.077	15.210	30.149
1.077	15.205	30.148
1.076	15.187	30.149
1.076	15.183	30.148
1.076	15.192	30.146
1.076	15.191	30.149
1.076	15.192	30.148
1.076	15.190	30.148
1.077	15.191	30.148
1.076	15.181	30.146
1.074	15.164	30.146
1.074	15.150	30.147
1.073	15.131	30.145
1.072	15.129	30.148
1.071	15.118	30.145
1.071	15.113	30.147
1.071	15.113	30.146
1.070	15.093	30.146
1.068	15.063	30.146
1.065	15.034	30.145
1.064	15.026	30.145
1.064	15.008	30.143
1.063	14.991	30.142
1.062	14.988	30.145
1.062	14.978	30.144
1.060	14.966	30.145
1.059	14.948	30.143
1.058	14.923	30.142
1.056	14.896	30.142
1.054	14.860	30.145
1.052	14.837	30.142
1.049	14.803	30.142
1.049	14.792	30.142
1.049	14.784	30.141
1.048	14.768	30.139
1.048	14.776	30.142
1.047	14.761	30.141
1.047	14.748	30.142
1.046	14.739	30.142
1.045	14.730	30.141
1.044	14.707	30.137
1.044	14.691	30.138
1.044	14.700	30.139
1.043	14.697	30.139
1.043	14.696	30.138
1.043	14.686	30.138
1.042	14.685	30.141
1.042	14.679	30.140
1.041	14.662	30.136
1.039	14.634	30.139
1.037	14.597	30.135
1.036	14.592	30.136
1.035	14.578	30.135
1.033	14.545	30.137
1.032	14.529	30.137
1.030	14.506	30.136
1.030	14.491	30.135
1.030	14.488	30.137
1.029	14.479	30.136
1.028	14.458	30.135
1.028	14.446	30.132
1.027	14.442	30.135
1.024	14.411	30.133
1.022	14.377	30.134
1.021	14.361	30.132
1.020	14.350	30.133
1.019	14.333	30.133
1.018	14.315	30.133
1.017	14.301	30.133
1.017	14.282	30.133
1.017	14.293	30.135
1.017	14.292	30.131
1.017	14.285	30.133
1.016	14.283	30.129
1.014	14.257	30.131
1.013	14.245	30.132
1.013	14.245	30.131
1.013	14.242	30.132
1.013	14.240	30.133
1.014	14.239	30.131
1.013	14.237	30.131
1.013	14.233	30.128
1.012	14.222	30.127
1.010	14.195	30.131
1.008	14.165	30.128
1.007	14.154	30.129
1.007	14.148	30.128
1.006	14.143	30.130
1.005	14.114	30.127
1.003	14.094	30.129
1.002	14.071	30.127
1.000	14.050	30.126
1.000	14.044	30.126
1.000	14.035	30.127
0.998	14.010	30.127
0.996	13.987	30.129
0.995	13.961	30.126
0.993	13.938	30.125
0.992	13.903	30.125
0.989	13.884	30.125
0.988	13.862	30.122
0.986	13.844	30.125
0.986	13.831	30.126
0.985	13.828	30.124
0.985	13.821	30.125
0.983	13.798	30.124
0.983	13.787	30.124
0.983	13.782	30.124
0.982	13.771	30.124
0.981	13.757	30.123
0.981	13.749	30.121
0.979	13.720	30.123
0.976	13.689	30.124
0.974	13.671	30.124
0.974	13.651	30.121
0.973	13.631	30.121
0.972	13.605	30.123
0.971	13.595	30.120
0.970	13.595	30.122
0.969	13.571	30.120
0.968	13.549	30.121
0.967	13.536	30.122
0.966	13.524	30.120
0.965	13.508	30.120
0.963	13.481	30.119
0.962	13.459	30.120
0.960	13.437	30.119
0.958	13.416	30.120
0.957	13.391	30.123
0.956	13.375	30.120
0.955	13.371	30.120
0.955	13.369	30.120
0.955	13.361	30.119
0.954	13.354	30.120
0.953	13.341	30.120
0.952	13.325	30.119
0.952	13.318	30.116
0.951	13.317	30.119
0.950	13.298	30.119
0.949	13.280	30.117
0.948	13.268	30.118
0.948	13.265	30.116
0.948	13.257	30.118
0.947	13.238	30.120
0.945	13.220	30.117
0.944	13.200	30.116
0.943	13.192	30.116
0.941	13.168	30.115
0.940	13.147	30.115
0.939	13.126	30.121
0.937	13.104	30.119
0.936	13.081	30.114
0.935	13.061	30.117
0.933	13.042	30.117
0.931	13.021	30.116
0.930	12.995	30.115
0.928	12.968	30.115
0.926	12.946	30.117
0.925	12.928	30.118
0.925	12.921	30.117
0.924	12.915	30.114
0.924	12.914	30.115
0.924	12.902	30.116
0.922	12.886	30.114
0.921	12.862	30.115
0.921	12.868	30.114
0.921	12.866	30.114
0.920	12.859	30.114
0.919	12.849	30.116
0.919	12.834	30.114
0.918	12.819	30.111
0.917	12.800	30.115
0.915	12.783	30.114
0.915	12.775	30.113
0.915	12.766	30.111
0.914	12.756	30.112
0.913	12.742	30.114
0.912	12.725	30.112
0.911	12.709	30.112
0.909	12.680	30.112
0.908	12.663	30.113
0.907	12.650	30.112
0.907	12.639	30.112
0.906	12.618	30.109
0.906	12.610	30.113
0.905	12.604	30.111
0.904	12.586	30.109
0.902	12.566	30.112
0.901	12.550	30.110
0.899	12.527	30.112
0.898	12.502	30.112
0.896	12.480	30.110
0.895	12.463	30.108
0.895	12.457	30.112
0.894	12.441	30.107
0.894	12.448	30.111
0.895	12.451	30.109
0.895	12.451	30.109
0.895	12.444	30.108
0.894	12.439	30.107
0.893	12.431	30.109
0.893	12.426	30.109
0.892	12.416	30.108
0.891	12.408	30.110
0.891	12.396	30.108
0.890	12.390	30.111
0.890	12.385	30.106
0.890	12.382	30.109
0.890	12.376	30.108
0.889	12.363	30.107
0.888	12.345	30.109
0.887	12.336	30.109
0.887	12.321	30.108
0.887	12.326	30.107
0.885	12.309	30.109
0.884	12.285	30.108
0.884	12.284	30.108
0.884	12.281	30.108
0.884	12.280	30.107
0.883	12.268	30.106
0.881	12.249	30.104
0.880	12.222	30.107
0.879	12.197	30.109
0.879	12.194	30.106
0.878	12.190	30.106
0.877	12.183	30.109
0.877	12.170	30.105
0.876	12.160	30.109
0.875	12.144	30.106
0.873	12.119	30.108
0.871	12.082	30.105
0.868	12.039	30.105
0.866	12.020	30.106
0.865	12.006	30.105
0.864	11.987	30.106
0.863	11.983	30.106
0.863	11.979	30.107
0.863	11.974	30.104
0.862	11.963	30.107
0.860	11.944	30.107
0.859	11.926	30.106
0.859	11.908	30.103
0.858	11.897	30.103
0.857	11.885	30.105
0.856	11.873	30.105
0.856	11.865	30.104
0.855	11.857	30.105
0.853	11.835	30.104
0.852	11.816	30.104
0.851	11.804	30.104
0.851	11.780	30.103
0.849	11.759	30.105
0.848	11.750	30.104
0.847	11.734	30.105
0.847	11.726	30.104
0.845	11.708	30.103
0.845	11.692	30.103
0.844	11.676	30.103
0.843	11.668	30.103
0.843	11.658	30.103
0.842	11.638	30.102
0.841	11.631	30.104
0.839	11.612	30.101
0.838	11.585	30.104
0.837	11.580	30.102
0.836	11.567	30.101
0.835	11.552	30.102
0.834	11.540	30.102
0.834	11.531	30.104
0.833	11.527	30.102
0.833	11.521	30.103
0.831	11.513	30.102
0.830	11.502	30.101
0.830	11.498	30.102
0.830	11.483	30.102
0.830	11.473	30.100
0.830	11.464	30.102
0.829	11.457	30.104
0.828	11.450	30.099
0.828	11.438	30.101
0.827	11.439	30.102
0.827	11.426	30.103
0.826	11.425	30.100
0.825	11.407	30.102
0.824	11.389	30.102
0.822	11.367	30.103
0.821	11.348	30.103
0.820	11.327	30.102
0.818	11.302	30.098
0.818	11.293	30.103
0.817	11.281	30.102
0.816	11.263	30.104
0.815	11.242	30.101
0.814	11.227	30.101
0.813	11.211	30.102
0.812	11.196	30.099
0.810	11.179	30.102
0.809	11.151	30.104
0.808	11.135	30.100
0.806	11.117	30.103
0.804	11.097	30.101
0.803	11.083	30.100
0.803	11.077	30.100
0.803	11.072	30.101
0.803	11.072	30.101
0.803	11.070	30.101
0.801	11.049	30.100
0.800	11.026	30.100
0.799	11.016	30.101
0.799	11.011	30.099
0.798	11.000	30.101
0.797	10.989	30.101
0.796	10.978	30.101
0.796	10.970	30.102
0.796	10.966	30.101
0.796	10.964	30.101
0.796	10.966	30.101
0.796	10.959	30.102
0.794	10.937	30.101
0.794	10.931	30.099
0.793	10.925	30.100
0.793	10.921	30.098
0.792	10.907	30.098
0.791	10.890	30.100
0.790	10.876	30.101
0.789	10.851	30.100
0.788	10.830	30.100
0.786	10.803	30.098
0.785	10.795	30.101
0.785	10.782	30.099
0.784	10.766	30.099
0.783	10.745	30.099
0.781	10.724	30.099
0.780	10.705	30.100
0.779	10.687	30.098
0.778	10.675	30.101
0.776	10.643	30.100
0.775	10.628	30.101
0.773	10.611	30.101
0.772	10.599	30.100
0.772	10.592	30.100
0.771	10.581	30.099
0.770	10.566	30.101
0.768	10.551	30.100
0.767	10.535	30.100
0.766	10.518	30.100
0.765	10.503	30.097
0.765	10.501	30.100
0.763	10.469	30.099
0.761	10.450	30.100
0.761	10.440	30.099
0.760	10.426	30.101
0.758	10.389	30.100
0.757	10.372	30.099
0.756	10.362	30.099
0.755	10.334	30.100
0.754	10.327	30.098
0.753	10.316	30.100
0.752	10.297	30.099
0.751	10.283	30.099
0.750	10.261	30.099
0.749	10.246	30.100
0.748	10.222	30.100
0.748	10.217	30.101
0.748	10.216	30.101
0.746	10.196	30.100
0.745	10.185	30.101
0.745	10.184	30.100
0.745	10.183	30.100
0.744	10.178	30.101
0.742	10.148	30.100
0.742	10.139	30.098
0.742	10.135	30.099
0.742	10.136	30.100
0.742	10.133	30.099
0.741	10.129	30.096
0.741	10.132	30.099
0.741	10.130	30.097
0.740	10.120	30.098
0.739	10.112	30.099
0.739	10.107	30.098
0.738	10.096	30.100
0.738	10.083	30.098
0.737	10.070	30.099
0.736	10.051	30.098
0.735	10.042	30.097
0.734	10.032	30.100
0.734	10.025	30.100
0.733	10.018	30.099
0.732	10.007	30.097
0.732	9.998	30.101
0.731	9.989	30.099
0.731	9.982	30.099
0.730	9.968	30.099
0.730	9.963	30.101
0.730	9.961	30.099
0.730	9.958	30.100
0.729	9.955	30.098
0.729	9.950	30.098
0.728	9.934	30.098
0.727	9.912	30.100
0.726	9.901	30.100
0.726	9.892	30.099
0.725	9.880	30.098
0.725	9.875	30.099
0.723	9.858	30.097
0.723	9.838	30.098
0.722	9.824	30.100
0.722	9.814	30.100
0.721	9.806	30.099
0.720	9.792	30.100
0.719	9.782	30.098
0.718	9.763	30.100
0.716	9.752	30.098
0.715	9.734	30.099
0.714	9.720	30.100
0.713	9.714	30.099
0.713	9.711	30.100
0.713	9.710	30.098
0.713	9.699	30.101
0.711	9.675	30.100
0.710	9.666	30.100
0.709	9.644	30.097
0.708	9.644	30.098
0.708	9.644	30.101
0.708	9.634	30.099
0.707	9.622	30.099
0.706	9.607	30.097
0.705	9.593	30.098
0.705	9.590	30.099
0.705	9.583	30.098
0.704	9.575	30.099
0.704	9.564	30.097
0.703	9.558	30.100
0.703	9.549	30.099
0.702	9.542	30.099
0.702	9.537	30.100
0.702	9.536	30.096
0.701	9.531	30.097
0.701	9.521	30.098
0.700	9.509	30.098
0.700	9.495	30.097
0.699	9.485	30.099
0.699	9.481	30.100
0.699	9.478	30.100
0.698	9.471	30.100
0.697	9.458	30.097
0.696	9.445	30.100
0.696	9.436	30.099
0.695	9.430	30.099
0.695	9.426	30.100
0.694	9.412	30.098
0.693	9.408	30.099
0.692	9.389	30.101
0.692	9.382	30.100
0.692	9.375	30.100
0.691	9.367	30.098
0.691	9.363	30.098
0.691	9.356	30.098
0.691	9.351	30.098
0.690	9.338	30.097
0.690	9.337	30.097
0.690	9.328	30.097
0.689	9.326	30.097
0.689	9.325	30.098
0.688	9.321	30.097
0.688	9.314	30.098
0.687	9.301	30.098
0.687	9.291	30.099
0.686	9.286	30.097
0.685	9.271	30.097
0.684	9.266	30.098
0.684	9.264	30.098
0.684	9.255	30.100
0.683	9.253	30.099
0.683	9.246	30.099
0.682	9.233	30.097
0.681	9.221	30.099
0.681	9.208	30.098
0.680	9.193	30.098
0.680	9.192	30.098
0.679	9.192	30.098
0.679	9.178	30.100
0.678	9.168	30.098
0.677	9.161	30.098
0.676	9.153	30.099
0.675	9.143	30.098
0.675	9.131	30.100
0.673	9.107	30.099
0.672	9.091	30.099
0.671	9.079	30.099
0.671	9.069	30.099
0.670	9.058	30.098
0.670	9.052	30.098
0.670	9.041	30.098
0.669	9.027	30.099
0.668	9.015	30.101
0.667	9.003	30.098
0.666	8.987	30.098
0.665	8.972	30.096
0.664	8.964	30.097
0.664	8.960	30.099
0.664	8.960	30.099
0.664	8.957	30.098
0.663	8.941	30.098
0.662	8.929	30.099
0.661	8.919	30.098
0.661	8.908	30.099
0.660	8.897	30.099
0.660	8.895	30.100
0.660	8.893	30.099
0.660	8.892	30.100
0.660	8.887	30.099
0.659	8.880	30.099
0.658	8.863	30.099
0.657	8.851	30.101
0.657	8.850	30.101
0.656	8.836	30.099
0.655	8.821	30.100
0.655	8.809	30.100
0.654	8.801	30.100
0.653	8.793	30.101
0.652	8.777	30.101
0.652	8.772	30.099
0.651	8.766	30.099
0.651	8.764	30.098
0.651	8.757	30.098
0.650	8.742	30.099
0.650	8.738	30.102
0.649	8.730	30.098
0.648	8.726	30.101
0.648	8.717	30.099
0.647	8.704	30.100
0.647	8.703	30.100
0.646	8.696	30.100
0.645	8.686	30.101
0.645	8.667	30.102
0.644	8.654	30.100
0.643	8.643	30.100
0.642	8.627	30.098
0.641	8.613	30.101
0.640	8.595	30.099
0.639	8.580	30.098
0.639	8.570	30.099
0.639	8.567	30.101
0.639	8.557	30.100
0.638	8.547	30.097
0.638	8.545	30.101
0.637	8.542	30.100
0.636	8.528	30.101
0.636	8.513	30.100
0.635	8.506	30.101
0.635	8.497	30.099
0.635	8.495	30.101
0.634	8.490	30.100
0.634	8.481	30.099
0.633	8.472	30.100
0.633	8.471	30.100
0.632	8.462	30.099
0.632	8.459	30.099
0.631	8.451	30.100
0.631	8.445	30.102
0.630	8.435	30.103
0.630	8.433	30.101
0.630	8.427	30.101
0.630	8.415	30.099
0.630	8.412	30.100
0.629	8.410	30.101
0.629	8.399	30.100
0.628	8.398	30.101
0.628	8.392	30.102
0.628	8.386	30.101
0.626	8.366	30.102
0.625	8.348	30.100
0.624	8.334	30.101
0.623	8.323	30.101
0.622	8.317	30.101
0.622	8.310	30.102
0.622	8.304	30.102
0.621	8.293	30.103
0.619	8.274	30.100
0.619	8.267	30.104
0.619	8.265	30.103
0.619	8.264	30.102
0.618	8.253	30.101
0.618	8.250	30.103
0.617	8.244	30.102
0.617	8.243	30.101
0.616	8.241	30.103
0.616	8.229	30.101
0.614	8.208	30.102
0.613	8.189	30.104
0.612	8.177	30.102
0.612	8.162	30.101
0.611	8.144	30.100
0.610	8.138	30.102
0.609	8.125	30.103
0.608	8.107	30.102
0.607	8.083	30.101
0.605	8.063	30.102
0.604	8.049	30.104
0.604	8.044	30.103
0.604	8.032	30.102
0.603	8.017	30.102
0.602	8.005	30.102
0.601	7.987	30.101
0.600	7.972	30.104
0.598	7.960	30.104
0.598	7.951	30.104
0.597	7.939	30.101
0.596	7.926	30.102
0.596	7.922	30.103
0.595	7.914	30.103
0.595	7.904	30.101
0.594	7.898	30.106
0.593	7.885	30.103
0.593	7.877	30.104
0.592	7.867	30.104
0.591	7.848	30.102
0.590	7.830	30.103
0.589	7.812	30.105
0.587	7.802	30.101
0.587	7.798	30.102
0.587	7.788	30.103
0.586	7.778	30.103
0.585	7.767	30.103
0.584	7.755	30.102
0.583	7.749	30.103
0.583	7.746	30.102
0.583	7.740	30.103
0.583	7.732	30.103
0.582	7.719	30.102
0.581	7.713	30.103
0.581	7.710	30.102
0.581	7.704	30.104
0.580	7.699	30.103
0.580	7.687	30.104
0.580	7.679	30.102
0.579	7.669	30.104
0.578	7.651	30.104
0.577	7.632	30.102
0.576	7.618	30.103
0.576	7.608	30.105
0.575	7.604	30.103
0.575	7.595	30.102
0.574	7.590	30.105
0.573	7.580	30.104
0.573	7.575	30.103
0.573	7.568	30.105
0.572	7.558	30.104
0.572	7.551	30.106
0.571	7.543	30.104
0.571	7.540	30.102
0.570	7.530	30.104
0.570	7.526	30.104
0.570	7.521	30.106
0.569	7.514	30.105
0.569	7.507	30.105
0.569	7.506	30.106
0.569	7.503	30.105
0.568	7.496	30.105
0.568	7.488	30.102
0.568	7.483	30.104
0.567	7.472	30.107
0.567	7.469	30.105
0.566	7.461	30.106
0.566	7.458	30.103
0.565	7.450	30.104
0.564	7.437	30.105
0.563	7.420	30.104
0.562	7.406	30.104
0.562	7.397	30.104
0.561	7.391	30.106
0.561	7.381	30.104
0.560	7.369	30.103
0.559	7.361	30.106
0.559	7.360	30.106
0.559	7.355	30.106
0.558	7.350	30.106
0.558	7.348	30.105
0.557	7.339	30.105
0.556	7.331	30.107
0.555	7.320	30.104
0.555	7.312	30.105
0.554	7.306	30.106
0.554	7.297	30.106
0.553	7.288	30.107
0.553	7.279	30.106
0.552	7.269	30.107
0.551	7.253	30.105
0.550	7.241	30.105
0.550	7.239	30.106
0.550	7.233	30.106
0.549	7.227	30.106
0.549	7.223	30.107
0.549	7.218	30.104
0.549	7.214	30.104
0.549	7.215	30.104
0.549	7.214	30.105
0.548	7.205	30.105
0.548	7.201	30.106
0.548	7.190	30.108
0.547	7.187	30.106
0.547	7.181	30.107
0.546	7.173	30.109
0.545	7.157	30.106
0.544	7.142	30.106
0.543	7.130	30.106
0.543	7.125	30.105
0.542	7.116	30.105
0.542	7.107	30.109
0.542	7.103	30.107
0.541	7.092	30.106
0.541	7.080	30.108
0.540	7.068	30.109
0.540	7.057	30.107
0.539	7.050	30.108
0.538	7.043	30.108
0.538	7.037	30.106
0.538	7.031	30.107
0.537	7.022	30.108
0.536	7.018	30.105
0.535	7.008	30.106
0.535	7.002	30.107
0.534	6.995	30.108
0.534	6.983	30.108
0.533	6.970	30.107
0.532	6.963	30.105
0.532	6.954	30.107
0.531	6.943	30.109
0.531	6.934	30.107
0.530	6.921	30.107
0.529	6.913	30.107
0.529	6.909	30.109
0.528	6.902	30.110
0.527	6.894	30.108
0.526	6.883	30.108
0.526	6.870	30.105
0.525	6.861	30.109
0.524	6.847	30.107
0.523	6.837	30.106
0.523	6.829	30.107
0.522	6.824	30.107
0.522	6.816	30.106
0.521	6.812	30.108
0.521	6.806	30.109
0.521	6.794	30.107
0.520	6.787	30.109
0.520	6.781	30.108
0.520	6.775	30.106
0.520	6.775	30.108
0.519	6.770	30.107
0.519	6.763	30.110
0.519	6.756	30.109
0.518	6.750	30.107
0.518	6.750	30.109
0.518	6.743	30.107
0.518	6.738	30.107
0.517	6.729	30.106
0.516	6.721	30.109
0.516	6.711	30.110
0.515	6.697	30.109
0.515	6.688	30.107
0.515	6.680	30.109
0.514	6.673	30.111
0.513	6.663	30.109
0.513	6.653	30.109
0.512	6.648	30.109
0.512	6.641	30.107
0.511	6.638	30.109
0.511	6.630	30.109
0.511	6.627	30.109
0.511	6.619	30.107
0.510	6.615	30.108
0.510	6.602	30.107
0.509	6.592	30.106
0.508	6.584	30.108
0.507	6.574	30.109
0.507	6.562	30.108
0.506	6.549	30.108
0.505	6.535	30.110
0.505	6.531	30.107
0.504	6.521	30.109
0.503	6.513	30.111
0.503	6.504	30.107
0.502	6.492	30.109
0.501	6.482	30.108
0.501	6.476	30.109
0.500	6.471	30.108
0.500	6.469	30.108
0.500	6.465	30.109
0.499	6.458	30.109
0.499	6.449	30.109
0.499	6.445	30.109
0.498	6.434	30.109
0.497	6.427	30.109
0.497	6.421	30.108
0.496	6.418	30.108
0.496	6.411	30.109
0.495	6.404	30.111
0.495	6.390	30.109
0.494	6.382	30.108
0.494	6.374	30.111
0.493	6.372	30.108
0.493	6.368	30.108
0.493	6.366	30.110
0.493	6.362	30.110
0.492	6.359	30.109
0.491	6.346	30.108
0.490	6.336	30.108
0.490	6.329	30.108
0.489	6.321	30.108
0.489	6.307	30.110
0.488	6.298	30.110
0.487	6.283	30.109
0.487	6.263	30.106
0.486	6.249	30.108
0.485	6.235	30.108
0.484	6.226	30.106
0.484	6.226	30.106
0.484	6.221	30.108
0.483	6.213	30.107
0.482	6.198	30.106
0.482	6.190	30.104
0.482	6.186	30.107
0.481	6.177	30.108
0.481	6.172	30.109
0.481	6.169	30.107
0.481	6.165	30.107
0.480	6.159	30.109
0.480	6.152	30.107
0.479	6.146	30.108
0.479	6.140	30.106
0.478	6.131	30.108
0.478	6.120	30.109
0.477	6.116	30.110
0.477	6.115	30.111
0.477	6.110	30.106
0.477	6.104	30.109
0.476	6.098	30.106
0.476	6.092	30.107
0.476	6.088	30.106
0.475	6.080	30.107
0.475	6.079	30.107
0.474	6.075	30.108
0.474	6.065	30.108
0.474	6.055	30.108
0.473	6.042	30.108
0.473	6.040	30.107
0.473	6.039	30.110
0.472	6.037	30.107
0.472	6.031	30.107
0.472	6.021	30.106
0.471	6.013	30.108
0.471	6.004	30.107
0.470	5.998	30.108
0.470	5.994	30.108
0.470	5.987	30.107
0.469	5.980	30.107
0.468	5.969	30.104
0.467	5.963	30.107
0.467	5.957	30.104
0.467	5.957	30.111
0.466	5.948	30.109
0.465	5.941	30.107
0.464	5.936	30.109
0.464	5.936	30.107
0.464	5.936	30.107
0.464	5.935	30.106
0.464	5.934	30.106
0.464	5.933	30.109
0.463	5.931	30.107
0.463	5.922	30.107
0.462	5.915	30.108
0.461	5.908	30.108
0.460	5.906	30.108
0.459	5.900	30.108
0.459	5.898	30.108
0.458	5.896	30.108
0.458	5.892	30.108
0.457	5.890	30.106
0.457	5.887	30.108
0.457	5.887	30.108
0.456	5.884	30.107
0.455	5.882	30.109
0.455	5.878	30.109
0.455	5.875	30.110
0.454	5.872	30.105
0.453	5.867	30.106
0.452	5.864	30.106
0.452	5.861	30.104
0.451	5.859	30.108
0.451	5.859	30.106
0.450	5.858	30.106
0.449	5.854	30.105
0.449	5.851	30.106
0.448	5.849	30.105
0.448	5.847	30.107
0.447	5.844	30.105
0.446	5.840	30.104
0.445	5.835	30.102
0.445	5.835	30.104
0.445	5.835	30.104
0.445	5.835	30.104
0.444	5.833	30.106
0.444	5.832	30.104
0.443	5.830	30.104
0.443	5.829	30.106
0.442	5.826	30.105
0.442	5.824	30.105
0.442	5.823	30.105
0.442	5.823	30.106
0.441	5.822	30.104
0.440	5.819	30.105
0.438	5.812	30.105
0.437	5.811	30.105
0.437	5.811	30.104
0.437	5.811	30.106
0.436	5.810	30.105
0.436	5.809	30.103
0.436	5.806	30.105
0.435	5.805	30.104
0.435	5.805	30.105
0.435	5.805	30.103
0.435	5.804	30.104
0.435	5.803	30.104
0.434	5.801	30.105
0.433	5.799	30.103
0.433	5.798	30.105
0.433	5.798	30.105
0.432	5.798	30.104
0.432	5.797	30.104
0.431	5.796	30.104
0.430	5.791	30.104
0.429	5.789	30.104
0.429	5.788	30.102
0.429	5.787	30.103
0.428	5.786	30.103
0.427	5.784	30.106
0.427	5.783	30.103
0.426	5.783	30.103
0.426	5.781	30.102
0.425	5.779	30.102
0.424	5.774	30.104
0.423	5.772	30.104
0.422	5.771	30.101
0.422	5.769	30.102
0.422	5.767	30.102
0.421	5.766	30.103
0.421	5.765	30.105
0.420	5.765	30.102
0.420	5.762	30.105
0.420	5.762	30.104
0.419	5.762	30.102
0.419	5.762	30.104
0.419	5.762	30.099
0.418	5.759	30.099
0.418	5.755	30.102
0.417	5.753	30.102
0.416	5.751	30.102
0.416	5.750	30.101
0.415	5.750	30.102
0.415	5.750	30.104
0.414	5.749	30.102
0.414	5.747	30.102
0.414	5.747	30.102
0.413	5.745	30.102
0.412	5.741	30.101
0.411	5.737	30.102
0.410	5.737	30.102
0.410	5.737	30.100
0.409	5.737	30.100
0.409	5.734	30.100
0.409	5.735	30.099
0.408	5.733	30.100
0.408	5.731	30.099
0.407	5.728	30.098
0.407	5.726	30.102
0.406	5.725	30.100
0.405	5.724	30.101
0.405	5.723	30.100
0.404	5.721	30.099
0.403	5.719	30.100
0.403	5.716	30.099
0.401	5.713	30.099
0.401	5.713	30.099
0.401	5.713	30.101
0.401	5.713	30.100
0.401	5.713	30.100
0.401	5.712	30.099
0.400	5.711	30.102
0.399	5.711	30.099
0.399	5.710	30.097
0.399	5.708	30.100
0.398	5.707	30.097
0.398	5.707	30.098
0.397	5.704	30.100
0.397	5.702	30.101
0.396	5.701	30.098
0.395	5.700	30.099
0.395	5.698	30.098
0.395	5.697	30.101
0.395	5.695	30.097
0.394	5.692	30.097
0.393	5.688	30.098
0.392	5.688	30.098
0.392	5.686	30.098
0.391	5.684	30.098
0.390	5.682	30.100
0.390	5.682	30.098
0.390	5.683	30.098
0.389	5.683	30.096
0.389	5.682	30.098
0.388	5.683	30.097
0.388	5.682	30.099
0.388	5.682	30.095
0.387	5.683	30.096
0.386	5.682	30.097
0.385	5.683	30.098
0.384	5.683	30.096
0.383	5.682	30.099
0.383	5.682	30.097
0.383	5.682	30.096
0.382	5.683	30.097
0.382	5.682	30.097
0.382	5.682	30.097
0.381	5.683	30.096
0.381	5.683	30.097
0.380	5.681	30.096
0.380	5.683	30.096
0.380	5.682	30.096
0.380	5.682	30.097
0.379	5.682	30.095
0.379	5.683	30.096
0.378	5.682	30.097
0.378	5.682	30.096
0.378	5.682	30.094
0.377	5.682	30.097
0.376	5.683	30.096
0.376	5.682	30.096
0.376	5.683	30.096
0.375	5.683	30.093
0.375	5.683	30.094
0.375	5.683	30.096
0.375	5.683	30.096
0.375	5.683	30.094
0.375	5.684	30.096
0.375	5.683	30.095
0.375	5.682	30.094
0.374	5.684	30.095
0.374	5.683	30.093
0.374	5.683	30.095
0.373	5.683	30.093
0.372	5.683	30.095
0.371	5.682	30.092
0.371	5.682	30.093
0.371	5.683	30.094
0.370	5.683	30.093
0.369	5.683	30.093
0.369	5.682	30.094
0.369	5.682	30.093
0.368	5.682	30.092
0.367	5.682	30.093
0.366	5.682	30.093
0.366	5.683	30.093
0.366	5.682	30.091
0.365	5.683	30.094
0.365	5.683	30.092
0.364	5.683	30.092
0.362	5.682	30.095
0.361	5.682	30.091
0.361	5.682	30.094
0.361	5.682	30.093
0.360	5.683	30.091
0.359	5.682	30.092
0.358	5.682	30.090
0.358	5.682	30.092
0.357	5.682	30.092
0.356	5.682	30.090
0.355	5.683	30.091
0.355	5.683	30.090
0.354	5.683	30.091
0.352	5.682	30.092
0.352	5.682	30.092
0.352	5.682	30.090
0.352	5.682	30.086
0.352	5.681	30.091
0.352	5.682	30.089
0.352	5.683	30.090
0.352	5.682	30.091
0.352	5.682	30.090
0.352	5.683	30.090
0.352	5.682	30.090
0.352	5.682	30.089
0.352	5.682	30.089
0.352	5.682	30.087
0.352	5.683	30.088
0.352	5.682	30.087
0.352	5.681	30.086
0.352	5.682	30.087
0.352	5.682	30.088
0.352	5.682	30.090
0.352	5.682	30.087
0.352	5.682	30.089
0.352	5.683	30.087
0.352	5.681	30.087
0.352	5.683	30.087
0.352	5.682	30.087
0.352	5.681	30.086
0.352	5.682	30.087
0.352	5.683	30.086
0.352	5.682	30.086
0.352	5.682	30.087
0.352	5.682	30.086
0.352	5.682	30.087
0.352	5.682	30.086
0.352	5.683	30.086
0.352	5.682	30.088
0.352	5.683	30.086
0.352	5.682	30.088
0.352	5.683	30.084
