0.375	5.682	40.000
0.375	5.683	40.000
0.375	5.682	40.002
0.375	5.682	40.001
0.375	5.682	40.004
0.375	5.682	40.008
0.375	5.682	40.008
0.375	5.683	40.008
0.375	5.683	40.007
0.376	5.683	40.011
0.376	5.682	40.008
0.376	5.683	40.009
0.377	5.682	40.012
0.377	5.682	40.014
0.378	5.682	40.013
0.379	5.682	40.014
0.380	5.682	40.014
0.380	5.683	40.017
0.380	5.682	40.016
0.381	5.683	40.016
0.381	5.684	40.018
0.382	5.684	40.021
0.382	5.687	40.021
0.383	5.688	40.020
0.383	5.688	40.021
0.383	5.688	40.021
0.383	5.689	40.022
0.383	5.689	40.024
0.383	5.689	40.022
0.383	5.689	40.025
0.383	5.690	40.026
0.383	5.690	40.025
0.384	5.693	40.025
0.384	5.693	40.025
0.385	5.694	40.026
0.385	5.695	40.026
0.385	5.697	40.027
0.385	5.697	40.028
0.385	5.699	40.028
0.386	5.701	40.029
0.386	5.701	40.029
0.386	5.701	40.030
0.387	5.701	40.029
0.387	5.703	40.026
0.388	5.704	40.029
0.388	5.706	40.026
0.388	5.705	40.032
0.389	5.707	40.027
0.389	5.709	40.029
0.389	5.709	40.032
0.390	5.711	40.028
0.390	5.713	40.029
0.391	5.713	40.030
0.392	5.714	40.028
0.393	5.716	40.028
0.392	5.716	40.027
0.392	5.715	40.029
0.393	5.717	40.029
0.393	5.720	40.031
0.394	5.723	40.029
0.394	5.723	40.029
0.395	5.725	40.025
0.395	5.725	40.024
0.396	5.726	40.029
0.397	5.729	40.029
0.397	5.731	40.026
0.398	5.733	40.024
0.398	5.733	40.026
0.398	5.736	40.023
0.399	5.737	40.025
0.400	5.737	40.023
0.400	5.737	40.023
0.400	5.738	40.022
0.401	5.739	40.023
0.401	5.743	40.020
0.402	5.745	40.021
0.402	5.745	40.022
0.402	5.746	40.019
0.402	5.747	40.019
0.403	5.748	40.020
0.404	5.750	40.019
0.405	5.750	40.021
0.406	5.750	40.020
0.406	5.752	40.018
0.406	5.752	40.019
0.406	5.752	40.019
0.406	5.753	40.018
0.408	5.758	40.019
0.408	5.762	40.019
0.409	5.762	40.020
0.409	5.762	40.018
0.409	5.762	40.018
0.409	5.764	40.018
0.410	5.766	40.020
0.410	5.766	40.016
0.410	5.767	40.019
0.410	5.768	40.017
0.411	5.767	40.021
0.411	5.768	40.021
0.411	5.769	40.019
0.411	5.770	40.019
0.411	5.770	40.019
0.412	5.770	40.021
0.412	5.770	40.022
0.412	5.771	40.024
0.412	5.771	40.026
0.412	5.773	40.022
0.413	5.774	40.024
0.413	5.774	40.029
0.414	5.774	40.031
0.414	5.774	40.030
0.414	5.776	40.030
0.414	5.779	40.030
0.415	5.780	40.035
0.415	5.781	40.038
0.415	5.781	40.040
0.415	5.781	40.043
0.416	5.784	40.043
0.416	5.784	40.048
0.416	5.784	40.050
0.417	5.786	40.053
0.418	5.788	40.057
0.418	5.789	40.057
0.418	5.790	40.060
0.419	5.790	40.063
0.419	5.792	40.064
0.420	5.796	40.068
0.420	5.795	40.074
0.421	5.796	40.077
0.422	5.798	40.079
0.422	5.799	40.087
0.422	5.799	40.087
0.422	5.799	40.093
0.422	5.800	40.098
0.422	5.799	40.102
0.423	5.802	40.103
0.423	5.803	40.108
0.424	5.805	40.112
0.424	5.805	40.116
0.424	5.805	40.121
0.424	5.806	40.121
0.424	5.806	40.130
0.424	5.806	40.131
0.424	5.806	40.135
0.424	5.806	40.144
0.423	5.806	40.148
0.423	5.806	40.152
0.424	5.806	40.158
0.424	5.809	40.162
0.425	5.811	40.167
0.425	5.811	40.169
0.425	5.811	40.172
0.425	5.811	40.176
0.425	5.811	40.180
0.425	5.811	40.185
0.426	5.811	40.193
0.427	5.816	40.195
0.427	5.816	40.202
0.428	5.820	40.208
0.428	5.821	40.212
0.429	5.821	40.215
0.429	5.822	40.219
0.429	5.823	40.223
0.430	5.826	40.227
0.431	5.829	40.229
0.432	5.830	40.236
0.432	5.830	40.242
0.432	5.832	40.248
0.432	5.833	40.252
0.432	5.834	40.260
0.433	5.834	40.264
0.433	5.835	40.267
0.433	5.835	40.270
0.434	5.838	40.274
0.435	5.842	40.276
0.435	5.844	40.280
0.435	5.845	40.284
0.435	5.844	40.289
0.435	5.847	40.293
0.436	5.847	40.300
0.436	5.848	40.304
0.436	5.848	40.308
0.437	5.849	40.313
0.437	5.851	40.319
0.437	5.853	40.319
0.437	5.854	40.325
0.438	5.858	40.328
0.439	5.859	40.328
0.440	5.859	40.332
0.440	5.861	40.336
0.440	5.861	40.344
0.440	5.862	40.347
0.440	5.863	40.348
0.440	5.864	40.353
0.441	5.866	40.358
0.442	5.872	40.362
0.442	5.873	40.366
0.443	5.874	40.370
0.443	5.877	40.375
0.443	5.879	40.373
0.443	5.882	40.377
0.444	5.883	40.379
0.445	5.885	40.381
0.445	5.889	40.387
0.445	5.890	40.389
0.445	5.889	40.394
0.445	5.891	40.397
0.446	5.892	40.400
0.446	5.895	40.404
0.446	5.896	40.407
0.446	5.897	40.409
0.447	5.902	40.412
0.448	5.906	40.414
0.448	5.908	40.418
0.448	5.908	40.421
0.449	5.909	40.426
0.449	5.911	40.428
0.449	5.915	40.428
0.450	5.918	40.427
0.450	5.919	40.430
0.450	5.920	40.434
0.451	5.927	40.437
0.451	5.933	40.438
0.452	5.937	40.440
0.452	5.941	40.445
0.453	5.945	40.445
0.453	5.945	40.447
0.454	5.948	40.450
0.454	5.951	40.453
0.454	5.954	40.455
0.454	5.957	40.455
0.454	5.957	40.461
0.454	5.960	40.463
0.455	5.964	40.467
0.455	5.969	40.466
0.456	5.978	40.470
0.456	5.981	40.473
0.456	5.982	40.476
0.456	5.982	40.476
0.456	5.986	40.478
0.457	5.995	40.479
0.457	6.006	40.481
0.458	6.018	40.482
0.459	6.033	40.482
0.459	6.039	40.485
0.460	6.042	40.485
0.460	6.048	40.486
0.461	6.063	40.491
0.462	6.079	40.490
0.462	6.081	40.493
0.462	6.085	40.495
0.463	6.091	40.493
0.463	6.092	40.498
0.464	6.104	40.499
0.464	6.115	40.501
0.465	6.123	40.505
0.466	6.140	40.508
0.467	6.151	40.505
0.467	6.163	40.508
0.467	6.164	40.511
0.467	6.165	40.509
0.467	6.165	40.517
0.468	6.170	40.515
0.468	6.174	40.518
0.468	6.177	40.518
0.468	6.179	40.521
0.468	6.185	40.523
0.469	6.193	40.523
0.469	6.202	40.530
0.470	6.211	40.526
0.470	6.214	40.527
0.471	6.221	40.528
0.471	6.220	40.531
0.471	6.219	40.532
0.471	6.221	40.532
0.471	6.221	40.535
0.471	6.223	40.534
0.471	6.224	40.534
0.471	6.224	40.536
0.471	6.224	40.538
0.471	6.225	40.539
0.471	6.225	40.541
0.471	6.226	40.541
0.471	6.226	40.543
0.472	6.237	40.543
0.473	6.250	40.550
0.473	6.258	40.548
0.474	6.263	40.549
0.474	6.274	40.552
0.474	6.279	40.555
0.475	6.290	40.555
0.477	6.309	40.558
0.477	6.320	40.557
0.477	6.323	40.558
0.478	6.331	40.560
0.478	6.337	40.564
0.479	6.348	40.567
0.479	6.357	40.567
0.480	6.361	40.565
0.481	6.371	40.566
0.482	6.380	40.570
0.483	6.399	40.570
0.483	6.412	40.573
0.484	6.421	40.574
0.484	6.423	40.578
0.485	6.433	40.577
0.485	6.442	40.579
0.486	6.451	40.579
0.486	6.461	40.580
0.487	6.468	40.586
0.487	6.473	40.584
0.487	6.477	40.586
0.487	6.481	40.586
0.488	6.482	40.589
0.488	6.485	40.588
0.489	6.498	40.588
0.490	6.515	40.589
0.490	6.520	40.591
0.490	6.522	40.592
0.491	6.526	40.591
0.491	6.531	40.595
0.491	6.533	40.597
0.491	6.536	40.599
0.491	6.538	40.597
0.492	6.541	40.599
0.492	6.543	40.600
0.492	6.547	40.602
0.492	6.555	40.603
0.493	6.567	40.605
0.494	6.581	40.604
0.495	6.592	40.602
0.495	6.602	40.606
0.496	6.604	40.608
0.496	6.604	40.612
0.496	6.610	40.612
0.496	6.616	40.614
0.496	6.618	40.615
0.497	6.621	40.617
0.497	6.625	40.617
0.497	6.630	40.617
0.497	6.637	40.617
0.498	6.641	40.621
0.498	6.644	40.622
0.498	6.647	40.624
0.498	6.647	40.627
0.498	6.647	40.628
0.498	6.649	40.628
0.498	6.653	40.633
0.499	6.654	40.632
0.499	6.660	40.635
0.500	6.671	40.632
0.500	6.677	40.633
0.501	6.680	40.633
0.501	6.683	40.637
0.501	6.689	40.636
0.502	6.706	40.638
0.502	6.715	40.636
0.503	6.718	40.640
0.503	6.726	40.640
0.503	6.731	40.641
0.504	6.744	40.642
0.505	6.750	40.642
0.505	6.760	40.644
0.505	6.763	40.643
0.506	6.767	40.644
0.506	6.770	40.645
0.507	6.779	40.650
0.507	6.794	40.649
0.508	6.801	40.649
0.509	6.812	40.647
0.509	6.819	40.651
0.510	6.823	40.653
0.510	6.832	40.652
0.511	6.837	40.654
0.511	6.845	40.653
0.512	6.859	40.656
0.512	6.871	40.656
0.513	6.876	40.657
0.513	6.882	40.658
0.513	6.888	40.656
0.514	6.897	40.663
0.515	6.909	40.661
0.515	6.912	40.665
0.515	6.915	40.667
0.515	6.917	40.667
0.515	6.920	40.663
0.515	6.921	40.665
0.516	6.929	40.667
0.516	6.933	40.669
0.516	6.936	40.671
0.516	6.943	40.672
0.517	6.946	40.673
0.517	6.955	40.676
0.517	6.960	40.675
0.518	6.965	40.677
0.518	6.965	40.676
0.518	6.970	40.676
0.518	6.973	40.678
0.518	6.980	40.682
0.518	6.988	40.683
0.519	6.995	40.681
0.519	6.996	40.684
0.519	7.001	40.684
0.520	7.004	40.687
0.520	7.005	40.686
0.520	7.006	40.685
0.520	7.007	40.685
0.520	7.007	40.688
0.520	7.015	40.688
0.520	7.015	40.690
0.521	7.017	40.690
0.521	7.019	40.691
0.521	7.020	40.693
0.521	7.021	40.693
0.522	7.025	40.693
0.522	7.030	40.693
0.522	7.033	40.694
0.523	7.038	40.695
0.523	7.043	40.697
0.523	7.049	40.697
0.524	7.056	40.699
0.524	7.057	40.697
0.525	7.063	40.700
0.525	7.068	40.700
0.525	7.070	40.700
0.525	7.071	40.701
0.525	7.073	40.700
0.525	7.075	40.701
0.525	7.078	40.701
0.526	7.081	40.703
0.526	7.090	40.702
0.526	7.095	40.703
0.527	7.102	40.706
0.527	7.102	40.705
0.527	7.106	40.706
0.527	7.111	40.706
0.527	7.111	40.708
0.527	7.115	40.708
0.527	7.117	40.707
0.527	7.117	40.709
0.528	7.120	40.711
0.528	7.125	40.713
0.528	7.129	40.709
0.528	7.130	40.710
0.528	7.131	40.713
0.529	7.133	40.713
0.529	7.136	40.715
0.529	7.141	40.715
0.530	7.150	40.714
0.530	7.153	40.714
0.530	7.156	40.718
0.530	7.157	40.715
0.531	7.162	40.715
0.531	7.170	40.718
0.531	7.178	40.719
0.532	7.178	40.720
0.532	7.178	40.720
0.532	7.178	40.720
0.532	7.178	40.724
0.532	7.178	40.723
0.532	7.181	40.724
0.532	7.186	40.720
0.532	7.189	40.726
0.532	7.190	40.725
0.533	7.195	40.722
0.533	7.202	40.723
0.533	7.209	40.726
0.534	7.211	40.726
0.534	7.213	40.727
0.534	7.214	40.729
0.534	7.218	40.730
0.535	7.227	40.724
0.536	7.233	40.730
0.536	7.242	40.731
0.537	7.251	40.732
0.537	7.251	40.730
0.537	7.260	40.731
0.537	7.263	40.731
0.538	7.275	40.730
0.538	7.280	40.730
0.539	7.287	40.733
0.539	7.292	40.731
0.539	7.299	40.736
0.540	7.303	40.734
0.540	7.311	40.736
0.540	7.312	40.737
0.541	7.318	40.736
0.541	7.320	40.737
0.541	7.322	40.735
0.541	7.322	40.739
0.541	7.321	40.732
0.541	7.322	40.736
0.541	7.324	40.738
0.541	7.324	40.737
0.541	7.325	40.738
0.541	7.328	40.739
0.542	7.333	40.740
0.542	7.336	40.738
0.542	7.338	40.740
0.542	7.340	40.739
0.542	7.338	40.736
0.542	7.343	40.739
0.542	7.344	40.742
0.542	7.348	40.743
0.543	7.350	40.738
0.544	7.358	40.741
0.544	7.364	40.743
0.545	7.377	40.740
0.545	7.385	40.743
0.545	7.385	40.743
0.546	7.389	40.742
0.546	7.392	40.744
0.546	7.394	40.743
0.546	7.393	40.743
0.546	7.397	40.743
0.546	7.401	40.742
0.546	7.405	40.743
0.546	7.410	40.744
0.547	7.423	40.744
0.548	7.439	40.744
0.548	7.443	40.745
0.549	7.445	40.746
0.549	7.446	40.745
0.549	7.446	40.745
0.549	7.454	40.746
0.549	7.458	40.747
0.549	7.458	40.745
0.550	7.458	40.744
0.550	7.458	40.747
0.550	7.461	40.745
0.550	7.471	40.747
0.551	7.481	40.747
0.552	7.502	40.747
0.554	7.520	40.746
0.554	7.527	40.748
0.554	7.530	40.746
0.555	7.536	40.747
0.556	7.555	40.747
0.558	7.576	40.747
0.558	7.581	40.749
0.558	7.581	40.750
0.558	7.585	40.748
0.559	7.593	40.748
0.559	7.593	40.748
0.558	7.593	40.746
0.559	7.593	40.748
0.559	7.594	40.746
0.559	7.597	40.748
0.559	7.605	40.748
0.560	7.617	40.750
0.561	7.629	40.749
0.561	7.642	40.750
0.562	7.651	40.750
0.562	7.653	40.749
0.562	7.654	40.749
0.562	7.656	40.753
0.563	7.661	40.748
0.563	7.666	40.749
0.563	7.668	40.750
0.564	7.678	40.751
0.564	7.680	40.750
0.564	7.684	40.752
0.565	7.699	40.750
0.565	7.703	40.753
0.565	7.703	40.752
0.566	7.708	40.748
0.566	7.711	40.754
0.566	7.713	40.752
0.567	7.725	40.753
0.568	7.729	40.752
0.568	7.731	40.752
0.568	7.732	40.754
0.568	7.734	40.751
0.568	7.739	40.751
0.568	7.744	40.749
0.569	7.751	40.753
0.569	7.757	40.752
0.570	7.762	40.755
0.570	7.765	40.752
0.570	7.772	40.753
0.571	7.778	40.753
0.572	7.789	40.753
0.572	7.801	40.755
0.573	7.812	40.754
0.574	7.818	40.757
0.574	7.830	40.754
0.574	7.836	40.755
0.574	7.837	40.754
0.574	7.837	40.757
0.575	7.846	40.754
0.576	7.857	40.755
0.576	7.864	40.755
0.576	7.872	40.756
0.576	7.875	40.757
0.577	7.880	40.757
0.577	7.880	40.758
0.577	7.882	40.757
0.577	7.886	40.756
0.577	7.885	40.757
0.577	7.886	40.757
0.577	7.888	40.755
0.577	7.897	40.759
0.577	7.901	40.759
0.578	7.910	40.759
0.578	7.915	40.758
0.578	7.919	40.758
0.579	7.921	40.758
0.579	7.921	40.760
0.578	7.921	40.757
0.579	7.922	40.758
0.579	7.925	40.758
0.580	7.931	40.756
0.581	7.944	40.758
0.581	7.957	40.759
0.582	7.959	40.760
0.583	7.966	40.759
0.583	7.972	40.759
0.584	7.988	40.759
0.586	8.011	40.762
0.587	8.027	40.759
0.588	8.044	40.758
0.590	8.057	40.761
0.590	8.069	40.762
0.591	8.076	40.761
0.591	8.074	40.758
0.591	8.077	40.763
0.590	8.080	40.762
0.590	8.081	40.760
0.591	8.083	40.760
0.591	8.090	40.759
0.591	8.094	40.761
0.591	8.103	40.762
0.592	8.106	40.763
0.592	8.118	40.760
0.593	8.126	40.761
0.593	8.130	40.764
0.593	8.130	40.761
0.593	8.134	40.764
0.594	8.142	40.762
0.594	8.150	40.763
0.595	8.159	40.761
0.596	8.174	40.763
0.596	8.179	40.765
0.597	8.192	40.762
0.600	8.227	40.762
0.601	8.246	40.763
0.602	8.252	40.764
0.603	8.272	40.764
0.604	8.294	40.762
0.606	8.312	40.763
0.606	8.316	40.763
0.607	8.325	40.763
0.608	8.340	40.763
0.609	8.362	40.764
0.611	8.384	40.765
0.612	8.397	40.762
0.613	8.415	40.764
0.614	8.441	40.764
0.615	8.458	40.764
0.615	8.459	40.763
0.615	8.459	40.764
0.616	8.466	40.764
0.616	8.467	40.764
0.616	8.474	40.763
0.617	8.484	40.764
0.617	8.491	40.765
0.618	8.507	40.764
0.619	8.526	40.765
0.620	8.533	40.764
0.620	8.534	40.763
0.619	8.539	40.766
0.620	8.542	40.763
0.620	8.542	40.761
0.620	8.545	40.763
0.620	8.546	40.766
0.620	8.549	40.765
0.620	8.553	40.765
0.621	8.554	40.766
0.621	8.556	40.768
0.621	8.559	40.765
0.621	8.567	40.766
0.622	8.569	40.765
0.622	8.573	40.767
0.622	8.582	40.767
0.623	8.590	40.765
0.623	8.597	40.768
0.624	8.605	40.765
0.624	8.609	40.768
0.624	8.617	40.767
0.625	8.620	40.766
0.625	8.625	40.765
0.625	8.630	40.766
0.626	8.641	40.766
0.626	8.643	40.762
0.626	8.646	40.766
0.627	8.660	40.765
0.629	8.692	40.764
0.630	8.708	40.763
0.632	8.721	40.764
0.632	8.728	40.766
0.632	8.731	40.766
0.632	8.740	40.768
0.633	8.750	40.765
0.633	8.759	40.764
0.633	8.765	40.766
0.633	8.765	40.767
0.633	8.771	40.765
0.634	8.777	40.766
0.634	8.782	40.765
0.635	8.789	40.765
0.635	8.794	40.763
0.635	8.796	40.766
0.636	8.802	40.766
0.637	8.813	40.767
0.638	8.826	40.765
0.638	8.839	40.767
0.639	8.850	40.764
0.639	8.854	40.765
0.639	8.862	40.762
0.640	8.865	40.763
0.640	8.874	40.764
0.641	8.884	40.764
0.641	8.887	40.762
0.642	8.895	40.762
0.642	8.899	40.766
0.643	8.908	40.766
0.643	8.922	40.764
0.644	8.932	40.763
0.645	8.946	40.762
0.645	8.957	40.763
0.646	8.960	40.765
0.646	8.964	40.763
0.647	8.977	40.764
0.648	8.996	40.764
0.649	9.011	40.765
0.649	9.018	40.765
0.650	9.025	40.765
0.651	9.041	40.764
0.651	9.047	40.763
0.652	9.057	40.764
0.653	9.069	40.763
0.653	9.073	40.761
0.654	9.082	40.764
0.654	9.089	40.762
0.656	9.103	40.759
0.657	9.129	40.763
0.659	9.151	40.761
0.660	9.166	40.764
0.661	9.180	40.761
0.662	9.193	40.760
0.663	9.213	40.763
0.664	9.239	40.760
0.665	9.252	40.764
0.665	9.260	40.764
0.665	9.265	40.762
0.665	9.269	40.763
0.665	9.275	40.761
0.666	9.279	40.760
0.666	9.279	40.760
0.665	9.276	40.759
0.666	9.280	40.761
0.666	9.284	40.760
0.666	9.287	40.760
0.667	9.292	40.762
0.667	9.301	40.764
0.668	9.312	40.761
0.670	9.329	40.763
0.672	9.360	40.761
0.675	9.418	40.760
0.676	9.434	40.759
0.676	9.436	40.761
0.676	9.438	40.762
0.676	9.440	40.761
0.676	9.448	40.759
0.677	9.452	40.760
0.677	9.458	40.761
0.677	9.459	40.759
0.677	9.462	40.756
0.677	9.469	40.759
0.677	9.472	40.758
0.678	9.475	40.758
0.678	9.483	40.759
0.679	9.488	40.763
0.679	9.497	40.759
0.679	9.500	40.756
0.680	9.508	40.761
0.680	9.509	40.759
0.680	9.521	40.759
0.681	9.527	40.762
0.681	9.532	40.758
0.681	9.534	40.758
0.681	9.534	40.759
0.682	9.538	40.757
0.682	9.546	40.758
0.683	9.549	40.757
0.683	9.551	40.758
0.683	9.553	40.759
0.684	9.558	40.760
0.684	9.563	40.758
0.684	9.566	40.759
0.686	9.572	40.758
0.686	9.578	40.755
0.686	9.578	40.760
0.686	9.580	40.758
0.686	9.583	40.757
0.687	9.587	40.757
0.687	9.595	40.759
0.688	9.602	40.757
0.688	9.607	40.758
0.688	9.618	40.758
0.689	9.631	40.758
0.689	9.636	40.758
0.689	9.640	40.755
0.690	9.643	40.756
0.691	9.644	40.758
0.691	9.649	40.759
0.691	9.655	40.755
0.691	9.656	40.759
0.691	9.660	40.756
0.692	9.668	40.756
0.693	9.683	40.756
0.693	9.693	40.752
0.693	9.702	40.756
0.694	9.707	40.755
0.694	9.717	40.757
0.695	9.724	40.756
0.696	9.738	40.755
0.697	9.753	40.756
0.698	9.769	40.756
0.699	9.786	40.755
0.700	9.806	40.756
0.701	9.815	40.755
0.701	9.827	40.755
0.702	9.839	40.758
0.703	9.856	40.755
0.704	9.874	40.756
0.704	9.880	40.756
0.705	9.889	40.755
0.705	9.896	40.756
0.705	9.900	40.757
0.706	9.909	40.756
0.706	9.916	40.755
0.707	9.933	40.755
0.707	9.943	40.756
0.708	9.949	40.753
0.708	9.956	40.754
0.709	9.958	40.755
0.709	9.972	40.754
0.710	9.982	40.755
0.711	9.987	40.753
0.712	9.989	40.755
0.712	9.998	40.754
0.713	10.009	40.755
0.714	10.015	40.755
0.714	10.025	40.754
0.714	10.031	40.752
0.715	10.038	40.753
0.715	10.049	40.754
0.717	10.070	40.751
0.718	10.089	40.754
0.719	10.103	40.751
0.719	10.117	40.754
0.721	10.123	40.755
0.721	10.141	40.753
0.722	10.157	40.755
0.723	10.167	40.753
0.723	10.168	40.752
0.722	10.168	40.752
0.723	10.172	40.753
0.723	10.180	40.754
0.724	10.182	40.753
0.724	10.191	40.753
0.725	10.199	40.752
0.725	10.198	40.754
0.725	10.204	40.754
0.725	10.209	40.752
0.726	10.214	40.753
0.726	10.217	40.753
0.727	10.223	40.752
0.727	10.236	40.751
0.728	10.256	40.750
0.729	10.261	40.755
0.730	10.274	40.751
0.731	10.288	40.751
0.731	10.299	40.752
0.732	10.306	40.753
0.733	10.314	40.751
0.734	10.327	40.749
0.735	10.339	40.750
0.735	10.359	40.748
0.736	10.368	40.750
0.736	10.366	40.753
0.736	10.376	40.748
0.736	10.376	40.750
0.736	10.380	40.749
0.737	10.386	40.749
0.737	10.386	40.751
0.737	10.386	40.747
0.737	10.388	40.751
0.737	10.389	40.748
0.738	10.386	40.751
0.738	10.394	40.749
0.738	10.409	40.747
0.739	10.417	40.752
0.739	10.421	40.750
0.739	10.425	40.752
0.740	10.433	40.749
0.740	10.438	40.750
0.740	10.440	40.748
0.741	10.450	40.746
0.742	10.460	40.751
0.743	10.479	40.748
0.744	10.487	40.749
0.744	10.502	40.749
0.744	10.509	40.747
0.744	10.510	40.749
0.745	10.518	40.747
0.746	10.535	40.747
0.747	10.547	40.747
0.748	10.561	40.747
0.748	10.570	40.747
0.749	10.577	40.746
0.749	10.583	40.748
0.750	10.592	40.745
0.750	10.598	40.747
0.751	10.608	40.747
0.752	10.620	40.745
0.752	10.632	40.748
0.752	10.639	40.747
0.753	10.644	40.746
0.754	10.657	40.747
0.755	10.668	40.746
0.755	10.680	40.745
0.756	10.689	40.744
0.756	10.693	40.745
0.756	10.702	40.745
0.757	10.710	40.744
0.758	10.722	40.746
0.759	10.737	40.745
0.761	10.755	40.746
0.763	10.791	40.747
0.764	10.803	40.747
0.764	10.812	40.745
0.765	10.819	40.745
0.765	10.825	40.744
0.765	10.828	40.746
0.765	10.833	40.743
0.766	10.840	40.745
0.766	10.841	40.746
0.767	10.855	40.746
0.767	10.865	40.743
0.767	10.873	40.745
0.767	10.879	40.743
0.768	10.881	40.744
0.768	10.886	40.744
0.768	10.888	40.743
0.768	10.889	40.744
0.768	10.889	40.741
0.768	10.883	40.744
0.768	10.889	40.743
0.768	10.893	40.743
0.768	10.893	40.745
0.768	10.893	40.743
0.768	10.893	40.742
0.768	10.895	40.741
0.768	10.897	40.743
0.768	10.901	40.743
0.768	10.902	40.742
0.769	10.910	40.742
0.770	10.921	40.742
0.771	10.934	40.742
0.772	10.949	40.740
0.773	10.961	40.743
0.773	10.972	40.741
0.774	10.980	40.742
0.775	10.987	40.741
0.775	10.994	40.741
0.775	10.992	40.740
0.775	11.004	40.743
0.775	11.008	40.742
0.775	11.008	40.741
0.775	11.010	40.740
0.775	11.009	40.742
0.775	11.009	40.741
0.775	11.010	40.740
0.775	11.010	40.740
0.775	11.010	40.740
0.775	11.011	40.739
0.775	11.011	40.739
0.775	11.013	40.736
0.775	11.023	40.739
0.776	11.034	40.738
0.777	11.048	40.741
0.778	11.057	40.738
0.778	11.068	40.737
0.779	11.082	40.736
0.779	11.083	40.736
0.780	11.093	40.740
0.780	11.099	40.738
0.781	11.106	40.737
0.781	11.111	40.738
0.782	11.118	40.738
0.782	11.122	40.735
0.783	11.129	40.738
0.783	11.133	40.735
0.784	11.132	40.734
0.784	11.133	40.737
0.785	11.151	40.734
0.785	11.166	40.735
0.786	11.169	40.736
0.786	11.174	40.735
0.787	11.182	40.735
0.787	11.188	40.735
0.787	11.194	40.738
0.787	11.199	40.735
0.788	11.204	40.736
0.788	11.208	40.737
0.789	11.213	40.733
0.789	11.218	40.736
0.789	11.228	40.732
0.790	11.232	40.734
0.790	11.237	40.731
0.790	11.242	40.734
0.791	11.247	40.734
0.791	11.255	40.733
0.792	11.263	40.732
0.793	11.279	40.732
0.793	11.286	40.731
0.794	11.292	40.735
0.794	11.299	40.729
0.795	11.304	40.728
0.795	11.308	40.733
0.795	11.316	40.730
0.796	11.328	40.732
0.796	11.340	40.731
0.797	11.350	40.731
0.798	11.361	40.730
0.798	11.365	40.731
0.799	11.375	40.729
0.799	11.382	40.730
0.801	11.395	40.729
0.801	11.402	40.730
0.801	11.407	40.729
0.801	11.412	40.729
0.802	11.412	40.728
0.802	11.426	40.731
0.802	11.438	40.731
0.803	11.441	40.731
0.803	11.447	40.729
0.804	11.450	40.729
0.804	11.451	40.730
0.804	11.461	40.730
0.805	11.469	40.727
0.806	11.477	40.728
0.806	11.497	40.729
0.807	11.511	40.726
0.807	11.515	40.724
0.807	11.517	40.726
0.808	11.519	40.726
0.808	11.524	40.727
0.809	11.536	40.725
0.809	11.546	40.726
0.810	11.554	40.723
0.812	11.560	40.725
0.813	11.583	40.724
0.814	11.597	40.724
0.814	11.615	40.725
0.816	11.633	40.724
0.817	11.646	40.722
0.817	11.658	40.724
0.818	11.668	40.723
0.818	11.673	40.723
0.819	11.672	40.723
0.819	11.681	40.722
0.820	11.694	40.723
0.820	11.700	40.721
0.820	11.709	40.724
0.821	11.720	40.721
0.823	11.740	40.722
0.827	11.786	40.722
0.830	11.826	40.722
0.831	11.843	40.722
0.831	11.851	40.719
0.832	11.864	40.725
0.832	11.868	40.719
0.832	11.873	40.721
0.832	11.881	40.721
0.832	11.890	40.722
0.833	11.902	40.719
0.833	11.914	40.721
0.834	11.921	40.717
0.834	11.929	40.718
0.835	11.944	40.720
0.835	11.943	40.717
0.835	11.954	40.721
0.836	11.964	40.720
0.837	11.971	40.720
0.837	11.980	40.719
0.838	11.990	40.718
0.839	12.000	40.718
0.839	12.012	40.721
0.840	12.012	40.716
0.840	12.026	40.718
0.841	12.037	40.718
0.842	12.051	40.718
0.842	12.065	40.719
0.843	12.073	40.715
0.844	12.079	40.716
0.844	12.086	40.718
0.845	12.097	40.714
0.845	12.104	40.716
0.845	12.112	40.716
0.846	12.117	40.716
0.846	12.128	40.717
0.847	12.135	40.712
0.846	12.138	40.715
0.847	12.144	40.715
0.847	12.146	40.713
0.848	12.153	40.716
0.849	12.158	40.714
0.849	12.155	40.713
0.850	12.162	40.712
0.850	12.181	40.712
0.851	12.187	40.712
0.852	12.191	40.714
0.853	12.200	40.715
0.855	12.227	40.710
0.858	12.263	40.712
0.859	12.279	40.715
0.859	12.281	40.712
0.859	12.280	40.711
0.859	12.301	40.710
0.860	12.321	40.712
0.861	12.337	40.710
0.862	12.355	40.707
0.863	12.369	40.713
0.863	12.382	40.709
0.864	12.390	40.708
0.865	12.411	40.711
0.866	12.427	40.710
0.867	12.442	40.713
0.869	12.457	40.708
0.870	12.482	40.706
0.870	12.499	40.710
0.871	12.511	40.709
0.872	12.516	40.708
0.871	12.518	40.707
0.871	12.523	40.707
0.872	12.526	40.708
0.872	12.522	40.707
0.872	12.534	40.706
0.873	12.538	40.707
0.873	12.544	40.706
0.873	12.554	40.707
0.874	12.561	40.708
0.875	12.567	40.706
0.875	12.573	40.706
0.875	12.576	40.706
0.876	12.578	40.706
0.877	12.591	40.707
0.878	12.617	40.708
0.879	12.623	40.707
0.879	12.635	40.706
0.880	12.647	40.709
0.881	12.661	40.704
0.881	12.669	40.705
0.882	12.671	40.705
0.882	12.674	40.706
0.882	12.671	40.703
0.882	12.690	40.703
0.883	12.702	40.703
0.884	12.711	40.703
0.884	12.726	40.703
0.885	12.736	40.702
0.885	12.744	40.704
0.886	12.751	40.701
0.886	12.756	40.702
0.887	12.757	40.703
0.887	12.765	40.703
0.887	12.782	40.701
0.888	12.791	40.703
0.888	12.801	40.703
0.889	12.813	40.700
0.891	12.834	40.702
0.893	12.860	40.699
0.894	12.876	40.701
0.895	12.885	40.702
0.895	12.891	40.700
0.895	12.894	40.701
0.896	12.904	40.702
0.897	12.923	40.700
0.897	12.927	40.702
0.897	12.927	40.702
0.897	12.927	40.699
0.897	12.927	40.698
0.897	12.930	40.699
0.897	12.938	40.699
0.898	12.939	40.703
0.899	12.959	40.703
0.899	12.963	40.700
0.899	12.963	40.699
0.899	12.963	40.698
0.898	12.962	40.697
0.898	12.962	40.699
0.899	12.963	40.696
0.899	12.975	40.699
0.899	12.968	40.698
0.899	12.973	40.698
0.900	12.988	40.698
0.901	12.992	40.696
0.901	12.994	40.695
0.900	12.993	40.698
0.900	12.993	40.696
0.901	12.999	40.695
0.901	13.000	40.695
0.901	12.998	40.697
0.901	12.999	40.696
0.902	13.022	40.694
0.902	13.028	40.695
0.903	13.037	40.695
0.904	13.050	40.697
0.905	13.054	40.695
0.905	13.062	40.693
0.906	13.072	40.695
0.906	13.083	40.694
0.907	13.094	40.696
0.908	13.106	40.696
0.909	13.129	40.694
0.911	13.148	40.694
0.912	13.160	40.692
0.913	13.171	40.693
0.914	13.194	40.693
0.916	13.212	40.693
0.916	13.217	40.693
0.916	13.216	40.692
0.917	13.216	40.695
0.917	13.232	40.693
0.917	13.237	40.693
0.917	13.243	40.692
0.918	13.251	40.692
0.918	13.257	40.692
0.918	13.258	40.691
0.918	13.259	40.691
0.918	13.260	40.691
0.919	13.265	40.691
0.920	13.281	40.692
0.921	13.303	40.693
0.921	13.310	40.694
0.921	13.316	40.691
0.922	13.323	40.689
0.923	13.334	40.691
0.923	13.347	40.692
0.924	13.359	40.691
0.925	13.375	40.692
0.926	13.381	40.691
0.926	13.374	40.690
0.926	13.377	40.692
0.925	13.388	40.691
0.926	13.386	40.689
0.925	13.386	40.689
0.926	13.386	40.689
0.926	13.389	40.689
0.926	13.391	40.690
0.926	13.386	40.690
0.926	13.395	40.689
0.927	13.403	40.689
0.927	13.409	40.691
0.927	13.415	40.689
0.927	13.413	40.690
0.927	13.414	40.689
0.927	13.413	40.688
0.927	13.415	40.689
0.927	13.416	40.688
0.928	13.409	40.686
0.928	13.426	40.688
0.929	13.437	40.687
0.929	13.441	40.687
0.929	13.450	40.686
0.930	13.452	40.686
0.930	13.453	40.685
0.930	13.455	40.687
0.930	13.459	40.685
0.930	13.458	40.685
0.931	13.456	40.688
0.931	13.470	40.688
0.931	13.477	40.685
0.932	13.479	40.686
0.932	13.481	40.686
0.932	13.481	40.686
0.932	13.481	40.682
0.932	13.481	40.685
0.932	13.485	40.684
0.932	13.476	40.682
0.932	13.482	40.684
0.932	13.488	40.686
0.932	13.489	40.686
0.932	13.491	40.684
0.932	13.491	40.682
0.932	13.493	40.683
0.932	13.490	40.686
0.932	13.494	40.683
0.932	13.500	40.683
0.932	13.501	40.682
0.933	13.509	40.683
0.933	13.516	40.681
0.934	13.524	40.683
0.935	13.532	40.682
0.936	13.540	40.683
0.936	13.549	40.681
0.936	13.551	40.683
0.936	13.562	40.683
0.937	13.569	40.681
0.938	13.586	40.682
0.939	13.599	40.680
0.939	13.602	40.679
0.939	13.604	40.682
0.939	13.604	40.680
0.939	13.604	40.680
0.940	13.606	40.684
0.939	13.607	40.681
0.939	13.604	40.680
0.939	13.597	40.677
0.939	13.610	40.679
0.940	13.611	40.679
0.940	13.612	40.682
0.940	13.611	40.680
0.941	13.619	40.681
0.941	13.628	40.679
0.942	13.641	40.677
0.942	13.648	40.679
0.943	13.643	40.676
0.943	13.654	40.678
0.943	13.665	40.678
0.943	13.672	40.676
0.944	13.679	40.678
0.945	13.684	40.679
0.945	13.690	40.681
0.945	13.692	40.677
0.945	13.692	40.681
0.945	13.690	40.675
0.945	13.684	40.675
0.946	13.702	40.680
0.947	13.716	40.677
0.947	13.727	40.677
0.948	13.736	40.675
0.948	13.751	40.678
0.949	13.758	40.676
0.950	13.767	40.674
0.950	13.780	40.671
0.951	13.783	40.676
0.951	13.791	40.674
0.951	13.797	40.678
0.951	13.805	40.675
0.952	13.810	40.672
0.952	13.813	40.673
0.952	13.817	40.674
0.952	13.825	40.676
0.953	13.833	40.673
0.953	13.838	40.671
0.954	13.836	40.671
0.954	13.850	40.674
0.954	13.855	40.672
0.955	13.862	40.672
0.955	13.863	40.674
0.955	13.863	40.672
0.955	13.863	40.673
0.955	13.865	40.670
0.956	13.869	40.671
0.956	13.881	40.671
0.957	13.885	40.672
0.957	13.882	40.670
0.957	13.901	40.670
0.958	13.911	40.672
0.958	13.915	40.672
0.959	13.919	40.669
0.959	13.927	40.672
0.960	13.941	40.669
0.960	13.943	40.669
0.960	13.937	40.668
0.960	13.952	40.668
0.961	13.963	40.669
0.962	13.976	40.666
0.962	13.984	40.669
0.963	13.987	40.669
0.963	13.994	40.669
0.964	14.002	40.665
0.964	14.014	40.667
0.965	14.021	40.666
0.967	14.037	40.664
0.967	14.052	40.666
0.968	14.062	40.665
0.969	14.070	40.666
0.969	14.075	40.669
0.969	14.085	40.667
0.970	14.093	40.668
0.971	14.102	40.667
0.971	14.110	40.663
0.971	14.109	40.663
0.972	14.124	40.665
0.972	14.128	40.664
0.972	14.138	40.665
0.974	14.150	40.664
0.975	14.162	40.662
0.975	14.175	40.666
0.976	14.185	40.664
0.977	14.191	40.662
0.977	14.185	40.662
0.977	14.201	40.664
0.977	14.203	40.664
0.977	14.207	40.663
0.977	14.209	40.666
0.978	14.216	40.659
0.979	14.232	40.662
0.979	14.240	40.663
0.979	14.253	40.662
0.981	14.268	40.662
0.981	14.276	40.663
0.982	14.276	40.660
0.982	14.279	40.662
0.981	14.290	40.660
0.981	14.294	40.662
0.982	14.296	40.658
0.982	14.307	40.658
0.983	14.324	40.659
0.983	14.328	40.661
0.983	14.327	40.660
0.983	14.317	40.658
0.984	14.336	40.658
0.985	14.345	40.660
0.985	14.351	40.659
0.985	14.350	40.661
0.985	14.354	40.659
0.985	14.355	40.660
0.985	14.358	40.656
0.985	14.358	40.657
0.985	14.356	40.659
0.986	14.376	40.658
0.986	14.379	40.658
0.986	14.380	40.656
0.986	14.385	40.656
0.987	14.392	40.659
0.988	14.397	40.658
0.988	14.402	40.657
0.988	14.404	40.656
0.988	14.406	40.658
0.988	14.411	40.659
0.988	14.417	40.658
0.988	14.420	40.655
0.989	14.427	40.656
0.989	14.431	40.655
0.990	14.437	40.657
0.991	14.443	40.656
0.991	14.451	40.653
0.992	14.457	40.658
0.992	14.455	40.656
0.993	14.475	40.657
0.993	14.488	40.657
0.993	14.493	40.654
0.993	14.496	40.654
0.993	14.497	40.655
0.994	14.502	40.654
0.995	14.514	40.653
0.995	14.521	40.651
0.996	14.517	40.655
0.996	14.521	40.652
0.997	14.537	40.652
0.998	14.545	40.652
0.998	14.559	40.654
0.998	14.568	40.654
0.998	14.574	40.655
0.999	14.579	40.656
1.000	14.587	40.652
1.000	14.597	40.652
1.001	14.608	40.652
1.002	14.611	40.653
1.003	14.611	40.653
1.003	14.632	40.653
1.004	14.638	40.649
1.004	14.644	40.652
1.004	14.648	40.651
1.005	14.655	40.650
1.006	14.664	40.650
1.006	14.668	40.652
1.007	14.678	40.651
1.009	14.708	40.650
1.010	14.719	40.650
1.010	14.725	40.650
1.010	14.730	40.650
1.010	14.733	40.651
1.010	14.741	40.650
1.011	14.752	40.650
1.012	14.764	40.650
1.012	14.761	40.651
1.013	14.790	40.650
1.014	14.804	40.648
1.015	14.810	40.648
1.015	14.828	40.647
1.016	14.839	40.653
1.016	14.844	40.650
1.017	14.849	40.649
1.017	14.855	40.650
1.017	14.847	40.649
1.017	14.852	40.650
1.017	14.863	40.650
1.017	14.865	40.648
1.017	14.868	40.649
1.018	14.868	40.648
1.018	14.874	40.648
1.018	14.880	40.648
1.018	14.886	40.647
1.019	14.891	40.648
1.019	14.882	40.648
1.020	14.904	40.646
1.020	14.917	40.647
1.021	14.928	40.649
1.021	14.931	40.647
1.021	14.935	40.648
1.021	14.938	40.649
1.021	14.941	40.649
1.022	14.946	40.647
1.022	14.950	40.649
1.022	14.954	40.645
1.022	14.943	40.649
1.022	14.959	40.648
1.023	14.967	40.646
1.023	14.968	40.644
1.024	14.976	40.646
1.025	14.980	40.645
1.025	14.985	40.643
1.025	14.988	40.646
1.025	14.978	40.648
1.025	14.994	40.645
1.025	15.001	40.644
1.026	15.003	40.647
1.026	15.011	40.645
1.026	15.015	40.642
1.026	15.018	40.643
1.026	15.025	40.642
1.027	15.028	40.645
1.027	15.023	40.643
1.028	15.030	40.644
1.028	15.040	40.643
1.028	15.045	40.643
1.028	15.051	40.645
1.029	15.051	40.645
1.029	15.055	40.644
1.029	15.058	40.644
1.029	15.060	40.643
1.029	15.059	40.643
1.029	15.052	40.643
1.029	15.067	40.644
1.029	15.070	40.643
1.029	15.074	40.645
1.030	15.077	40.643
1.030	15.080	40.640
1.031	15.084	40.641
1.031	15.088	40.641
1.032	15.092	40.641
1.032	15.093	40.641
1.032	15.093	40.641
1.033	15.121	40.641
1.034	15.135	40.643
1.034	15.141	40.642
1.035	15.146	40.641
1.035	15.152	40.642
1.035	15.149	40.640
1.036	15.150	40.640
1.036	15.155	40.640
1.037	15.171	40.640
1.038	15.177	40.642
1.038	15.180	40.640
1.038	15.207	40.640
1.039	15.215	40.638
1.040	15.220	40.640
1.040	15.224	40.640
1.041	15.235	40.639
1.042	15.245	40.639
1.042	15.236	40.638
1.042	15.239	40.640
1.042	15.258	40.640
1.043	15.269	40.640
1.044	15.290	40.639
1.044	15.294	40.638
1.044	15.296	40.639
1.045	15.302	40.638
1.045	15.307	40.638
1.045	15.306	40.637
1.045	15.298	40.639
1.044	15.316	40.639
1.044	15.320	40.640
1.045	15.321	40.639
1.045	15.321	40.639
1.046	15.320	40.637
1.046	15.320	40.638
1.046	15.320	40.638
1.045	15.323	40.637
1.045	15.317	40.636
1.046	15.320	40.638
1.046	15.335	40.637
1.046	15.341	40.636
1.046	15.349	40.636
1.047	15.356	40.634
1.047	15.359	40.637
1.047	15.362	40.636
1.047	15.367	40.636
1.048	15.368	40.636
1.049	15.370	40.633
1.050	15.393	40.636
1.050	15.404	40.637
1.051	15.422	40.638
1.052	15.435	40.636
1.054	15.442	40.637
1.054	15.449	40.636
1.055	15.452	40.634
1.054	15.454	40.634
1.055	15.456	40.633
1.055	15.462	40.636
1.055	15.461	40.634
1.055	15.463	40.633
1.055	15.481	40.632
1.056	15.483	40.632
1.057	15.487	40.633
1.057	15.491	40.631
1.057	15.492	40.632
1.057	15.496	40.630
1.057	15.488	40.630
1.057	15.504	40.632
1.058	15.507	40.633
1.058	15.513	40.632
1.058	15.515	40.632
1.058	15.518	40.633
1.058	15.523	40.631
1.059	15.527	40.630
1.059	15.531	40.632
1.059	15.534	40.631
1.060	15.540	40.631
1.060	15.542	40.630
1.060	15.546	40.630
1.060	15.547	40.628
1.060	15.552	40.630
1.060	15.551	40.628
1.060	15.552	40.630
1.061	15.551	40.628
1.060	15.548	40.630
1.060	15.539	40.623
1.061	15.556	40.628
1.062	15.562	40.627
1.062	15.568	40.629
1.062	15.578	40.630
1.062	15.580	40.629
1.063	15.587	40.625
1.063	15.588	40.628
1.063	15.589	40.629
1.064	15.579	40.627
1.064	15.588	40.627
1.063	15.602	40.626
1.064	15.611	40.625
1.065	15.621	40.626
1.066	15.634	40.629
1.067	15.643	40.627
1.067	15.648	40.627
1.068	15.655	40.625
1.068	15.662	40.627
1.068	15.674	40.627
1.069	15.686	40.627
1.070	15.691	40.624
1.070	15.686	40.622
1.071	15.709	40.626
1.071	15.714	40.626
1.072	15.725	40.626
1.073	15.737	40.624
1.073	15.748	40.623
1.074	15.741	40.622
1.073	15.740	40.622
1.073	15.755	40.626
1.073	15.759	40.622
1.073	15.764	40.626
1.073	15.766	40.622
1.074	15.771	40.622
1.074	15.772	40.624
1.074	15.777	40.626
1.074	15.787	40.624
1.075	15.792	40.621
1.075	15.797	40.621
1.076	15.801	40.623
1.076	15.807	40.621
1.076	15.810	40.622
1.077	15.817	40.623
1.077	15.825	40.624
1.077	15.833	40.623
1.078	15.846	40.621
1.079	15.854	40.619
1.080	15.857	40.620
1.080	15.883	40.616
1.082	15.892	40.621
1.082	15.896	40.620
1.082	15.898	40.619
1.082	15.898	40.618
1.082	15.901	40.618
1.083	15.904	40.618
1.083	15.906	40.619
1.084	15.895	40.615
1.083	15.903	40.616
1.083	15.914	40.616
1.083	15.918	40.618
1.084	15.923	40.617
1.084	15.930	40.619
1.085	15.941	40.619
1.086	15.950	40.617
1.086	15.959	40.617
1.086	15.962	40.615
1.087	15.966	40.618
1.087	15.968	40.614
1.087	15.971	40.614
1.087	15.962	40.613
1.088	15.987	40.617
1.088	15.995	40.615
1.089	16.002	40.613
1.088	16.005	40.617
1.089	16.012	40.614
1.089	16.003	40.614
1.089	16.014	40.615
1.090	16.031	40.612
1.090	16.037	40.613
1.091	16.043	40.613
1.091	16.046	40.613
1.092	16.052	40.615
1.093	16.053	40.613
1.093	16.062	40.614
1.093	16.066	40.615
1.094	16.076	40.613
1.095	16.082	40.611
1.095	16.089	40.614
1.096	16.097	40.612
1.096	16.102	40.612
1.096	16.101	40.612
1.096	16.104	40.612
1.096	16.110	40.611
1.096	16.120	40.615
1.097	16.127	40.610
1.099	16.135	40.612
1.099	16.164	40.611
1.100	16.177	40.611
1.100	16.186	40.610
1.100	16.188	40.611
1.100	16.191	40.610
1.100	16.192	40.610
1.101	16.197	40.609
1.101	16.200	40.607
1.102	16.205	40.610
1.102	16.198	40.610
1.101	16.195	40.605
1.101	16.212	40.610
1.102	16.220	40.609
1.102	16.223	40.607
1.102	16.227	40.607
1.102	16.231	40.607
1.102	16.235	40.608
1.103	16.241	40.607
1.102	16.246	40.605
1.103	16.249	40.608
1.103	16.256	40.607
1.104	16.247	40.607
1.105	16.262	40.607
1.105	16.265	40.608
1.105	16.272	40.605
1.105	16.275	40.606
1.106	16.280	40.605
1.106	16.275	40.603
1.107	16.299	40.605
1.108	16.310	40.604
1.108	16.320	40.606
1.108	16.329	40.606
1.109	16.340	40.602
1.110	16.348	40.604
1.111	16.349	40.605
1.111	16.353	40.604
1.111	16.356	40.604
1.112	16.357	40.605
1.112	16.364	40.604
1.113	16.368	40.604
1.113	16.371	40.604
1.114	16.387	40.601
1.115	16.394	40.604
1.115	16.399	40.601
1.116	16.406	40.602
1.116	16.412	40.600
1.116	16.402	40.603
1.116	16.410	40.600
1.116	16.419	40.601
1.117	16.421	40.600
1.117	16.429	40.601
1.117	16.435	40.602
1.118	16.443	40.602
1.118	16.444	40.603
1.119	16.455	40.600
1.121	16.481	40.599
1.123	16.492	40.598
1.123	16.514	40.601
1.123	16.516	40.598
1.123	16.516	40.599
1.124	16.521	40.599
1.124	16.524	40.600
1.124	16.533	40.597
1.125	16.542	40.599
1.126	16.557	40.600
1.127	16.561	40.600
1.127	16.566	40.600
1.127	16.574	40.599
1.127	16.583	40.595
1.129	16.586	40.597
1.130	16.606	40.596
1.130	16.614	40.596
1.130	16.624	40.596
1.130	16.630	40.598
1.131	16.637	40.597
1.131	16.628	40.597
1.131	16.644	40.597
1.131	16.648	40.598
1.132	16.650	40.595
1.132	16.654	40.598
1.133	16.660	40.597
1.133	16.670	40.594
1.133	16.675	40.596
1.133	16.678	40.599
1.133	16.682	40.594
1.133	16.686	40.596
1.133	16.687	40.595
1.133	16.691	40.593
1.133	16.697	40.596
1.133	16.701	40.592
1.133	16.703	40.593
1.133	16.708	40.592
1.133	16.711	40.592
1.133	16.713	40.594
1.134	16.707	40.594
1.134	16.715	40.595
1.136	16.730	40.593
1.135	16.736	40.593
1.136	16.752	40.592
1.136	16.765	40.592
1.137	16.772	40.593
1.138	16.783	40.592
1.138	16.787	40.590
1.139	16.787	40.590
1.139	16.784	40.593
1.139	16.811	40.592
1.140	16.820	40.590
1.141	16.826	40.592
1.142	16.829	40.593
1.142	16.833	40.591
1.142	16.835	40.589
1.142	16.839	40.588
1.142	16.840	40.590
1.143	16.842	40.589
1.143	16.846	40.588
1.144	16.848	40.590
1.144	16.852	40.591
1.144	16.852	40.591
1.145	16.857	40.588
1.145	16.863	40.589
1.146	16.871	40.592
1.146	16.881	40.589
1.146	16.880	40.588
1.147	16.878	40.592
1.147	16.897	40.589
1.148	16.903	40.589
1.149	16.907	40.590
1.149	16.913	40.589
1.149	16.917	40.588
1.151	16.923	40.588
1.151	16.931	40.589
1.152	16.941	40.589
1.152	16.946	40.586
1.152	16.956	40.586
1.153	16.967	40.589
1.155	16.980	40.587
1.155	16.997	40.587
1.155	17.008	40.589
1.156	17.021	40.587
1.156	17.031	40.586
1.158	17.044	40.586
1.158	17.043	40.587
1.158	17.038	40.589
1.159	17.068	40.586
1.159	17.080	40.587
1.159	17.090	40.587
1.160	17.100	40.586
1.160	17.105	40.585
1.160	17.111	40.586
1.160	17.119	40.584
1.161	17.126	40.586
1.161	17.120	40.584
1.161	17.121	40.586
1.161	17.139	40.585
1.161	17.139	40.586
1.161	17.142	40.584
1.162	17.141	40.586
1.162	17.147	40.585
1.162	17.148	40.584
1.162	17.149	40.584
1.162	17.153	40.585
1.162	17.153	40.586
1.162	17.153	40.584
1.162	17.155	40.584
1.162	17.161	40.583
1.162	17.167	40.585
1.163	17.172	40.583
1.163	17.175	40.582
1.163	17.177	40.583
1.164	17.187	40.583
1.165	17.186	40.585
1.166	17.204	40.585
1.168	17.250	40.582
1.168	17.261	40.581
1.168	17.264	40.584
1.168	17.264	40.583
1.168	17.268	40.582
1.168	17.272	40.585
1.169	17.274	40.583
1.169	17.280	40.581
1.170	17.282	40.582
1.170	17.285	40.582
1.171	17.289	40.580
1.172	17.295	40.582
1.171	17.302	40.580
1.172	17.304	40.581
1.172	17.308	40.583
1.172	17.310	40.581
1.173	17.314	40.580
1.173	17.307	40.579
1.174	17.312	40.579
1.174	17.334	40.582
1.174	17.338	40.578
1.175	17.342	40.579
1.175	17.342	40.578
1.175	17.346	40.579
1.176	17.346	40.581
1.176	17.353	40.579
1.177	17.356	40.576
1.176	17.344	40.577
1.176	17.364	40.577
1.177	17.375	40.577
1.178	17.384	40.579
1.179	17.392	40.576
1.179	17.401	40.578
1.180	17.409	40.576
1.181	17.419	40.578
1.182	17.434	40.579
1.183	17.450	40.576
1.184	17.462	40.579
1.184	17.465	40.575
1.184	17.468	40.575
1.185	17.471	40.575
1.184	17.470	40.577
1.183	17.472	40.573
1.183	17.475	40.574
1.184	17.483	40.573
1.185	17.486	40.576
1.185	17.469	40.574
1.185	17.491	40.577
1.184	17.499	40.574
1.185	17.505	40.575
1.185	17.507	40.573
1.185	17.505	40.574
1.185	17.512	40.573
1.185	17.517	40.576
1.185	17.527	40.571
1.186	17.534	40.573
1.186	17.536	40.572
1.186	17.537	40.570
1.186	17.538	40.570
1.186	17.538	40.573
1.187	17.547	40.572
1.188	17.558	40.571
1.188	17.577	40.573
1.189	17.587	40.570
1.190	17.592	40.575
1.190	17.580	40.569
1.190	17.591	40.570
1.190	17.600	40.571
1.190	17.600	40.571
1.190	17.602	40.569
1.190	17.601	40.571
1.189	17.601	40.569
1.189	17.599	40.570
1.189	17.599	40.569
1.189	17.595	40.569
1.190	17.581	40.570
1.190	17.601	40.570
1.190	17.603	40.568
1.190	17.607	40.568
1.192	17.634	40.571
1.193	17.653	40.566
1.193	17.664	40.565
1.194	17.671	40.568
1.194	17.676	40.565
1.194	17.682	40.567
1.194	17.686	40.570
1.194	17.688	40.565
1.195	17.700	40.567
1.196	17.708	40.569
1.196	17.712	40.569
1.196	17.716	40.569
1.196	17.717	40.564
1.196	17.723	40.566
1.196	17.728	40.563
1.196	17.714	40.562
1.196	17.732	40.563
1.196	17.741	40.562
1.198	17.748	40.562
1.199	17.754	40.564
1.199	17.759	40.564
1.200	17.765	40.566
1.200	17.768	40.565
1.200	17.774	40.565
1.201	17.773	40.564
1.202	17.781	40.562
1.203	17.792	40.563
1.203	17.805	40.562
1.204	17.820	40.564
1.205	17.826	40.562
1.205	17.842	40.561
1.206	17.854	40.562
1.207	17.865	40.559
1.208	17.874	40.561
1.210	17.880	40.559
1.211	17.906	40.560
1.212	17.919	40.562
1.212	17.929	40.561
1.213	17.938	40.561
1.213	17.943	40.561
1.213	17.945	40.559
1.214	17.953	40.559
1.214	17.957	40.559
1.214	17.953	40.559
1.215	17.952	40.559
1.215	17.981	40.559
1.216	17.989	40.561
1.216	17.996	40.559
1.216	18.002	40.562
1.216	18.014	40.559
1.217	18.029	40.558
1.218	18.036	40.559
1.219	18.043	40.557
1.220	18.047	40.556
1.220	18.051	40.557
1.220	18.053	40.561
1.220	18.052	40.556
1.219	18.053	40.558
1.219	18.055	40.556
1.220	18.068	40.558
1.221	18.081	40.557
1.221	18.091	40.557
1.221	18.095	40.557
1.223	18.100	40.555
1.223	18.127	40.554
1.224	18.140	40.554
1.224	18.151	40.556
1.224	18.160	40.556
1.225	18.168	40.556
1.225	18.176	40.554
1.226	18.183	40.556
1.227	18.190	40.556
1.228	18.200	40.556
1.228	18.212	40.555
1.229	18.213	40.553
1.229	18.222	40.552
1.231	18.232	40.552
1.231	18.237	40.553
1.232	18.249	40.554
1.233	18.262	40.554
1.234	18.275	40.553
1.234	18.283	40.552
1.235	18.275	40.553
1.236	18.311	40.550
1.235	18.323	40.555
1.236	18.333	40.550
1.237	18.351	40.552
1.237	18.370	40.552
1.239	18.384	40.551
1.239	18.391	40.551
1.240	18.400	40.549
1.240	18.400	40.551
1.241	18.400	40.553
1.242	18.426	40.552
1.242	18.435	40.549
1.242	18.444	40.550
1.243	18.451	40.550
1.243	18.460	40.549
1.243	18.468	40.550
1.244	18.476	40.547
1.244	18.477	40.547
1.244	18.491	40.547
1.244	18.498	40.546
1.245	18.506	40.550
1.245	18.513	40.548
1.246	18.519	40.549
1.246	18.525	40.549
1.247	18.530	40.548
1.247	18.534	40.546
1.247	18.536	40.551
1.247	18.527	40.549
1.248	18.537	40.545
1.249	18.549	40.545
1.249	18.561	40.548
1.249	18.567	40.546
1.248	18.565	40.545
1.248	18.567	40.547
1.249	18.567	40.545
1.249	18.571	40.546
1.250	18.579	40.544
1.251	18.596	40.546
1.251	18.615	40.543
1.252	18.617	40.545
1.252	18.622	40.547
1.252	18.625	40.545
1.252	18.629	40.544
1.252	18.631	40.543
1.252	18.634	40.543
1.252	18.637	40.542
1.253	18.625	40.545
1.252	18.632	40.544
1.253	18.647	40.542
1.254	18.650	40.541
1.254	18.655	40.542
1.254	18.654	40.544
1.254	18.659	40.542
1.254	18.664	40.544
1.255	18.670	40.542
1.255	18.675	40.544
1.255	18.678	40.543
1.255	18.674	40.544
1.256	18.670	40.541
1.256	18.689	40.542
1.256	18.691	40.540
1.256	18.691	40.542
1.256	18.695	40.541
1.258	18.700	40.539
1.258	18.701	40.540
1.258	18.708	40.542
1.258	18.710	40.542
1.259	18.717	40.540
1.259	18.726	40.539
1.261	18.740	40.542
1.261	18.757	40.542
1.262	18.755	40.541
1.262	18.759	40.541
1.262	18.763	40.541
1.262	18.765	40.539
1.262	18.761	40.540
1.263	18.755	40.542
1.263	18.778	40.540
1.263	18.782	40.541
1.264	18.786	40.540
1.264	18.792	40.540
1.264	18.804	40.540
1.265	18.814	40.540
1.266	18.823	40.539
1.266	18.823	40.538
1.267	18.821	40.538
1.267	18.852	40.538
1.268	18.860	40.539
1.269	18.867	40.539
1.269	18.872	40.537
1.269	18.880	40.538
1.269	18.882	40.538
1.269	18.884	40.538
1.270	18.889	40.536
1.270	18.872	40.538
1.270	18.885	40.538
1.270	18.895	40.537
1.270	18.896	40.537
1.270	18.894	40.538
1.270	18.894	40.536
1.270	18.895	40.537
1.270	18.895	40.537
1.270	18.895	40.537
1.270	18.895	40.536
1.270	18.895	40.536
1.270	18.879	40.536
1.270	18.879	40.535
1.270	18.896	40.538
1.270	18.897	40.535
1.270	18.895	40.534
1.270	18.896	40.534
1.270	18.896	40.534
1.270	18.896	40.535
1.270	18.887	40.534
1.270	18.896	40.536
1.270	18.896	40.535
1.270	18.904	40.533
1.270	18.909	40.533
1.270	18.909	40.535
1.270	18.913	40.536
1.271	18.919	40.535
1.271	18.932	40.534
1.272	18.936	40.534
1.273	18.925	40.533
1.274	18.948	40.533
1.273	18.956	40.534
1.273	18.959	40.534
1.274	18.966	40.534
1.274	18.970	40.531
1.274	18.971	40.533
1.274	18.974	40.533
1.274	18.975	40.530
1.274	18.961	40.532
1.275	18.970	40.532
1.275	18.991	40.533
1.275	19.006	40.532
1.276	19.016	40.533
1.276	19.021	40.532
1.276	19.027	40.531
1.276	19.031	40.530
1.277	19.040	40.530
1.278	19.060	40.530
1.280	19.066	40.531
1.281	19.096	40.531
1.281	19.102	40.530
1.282	19.104	40.532
1.282	19.112	40.529
1.282	19.125	40.529
1.283	19.134	40.532
1.284	19.137	40.531
1.284	19.139	40.531
1.284	19.127	40.528
1.284	19.150	40.530
1.285	19.153	40.529
1.285	19.158	40.529
1.285	19.170	40.529
1.286	19.174	40.527
1.286	19.182	40.530
1.287	19.192	40.529
1.287	19.197	40.529
1.288	19.200	40.528
1.288	19.208	40.529
1.289	19.214	40.530
1.289	19.215	40.527
1.289	19.216	40.524
1.289	19.219	40.528
1.290	19.222	40.528
1.292	19.228	40.529
1.293	19.237	40.526
1.294	19.243	40.524
1.295	19.230	40.525
1.295	19.237	40.526
1.295	19.254	40.528
1.295	19.263	40.526
1.295	19.269	40.524
1.295	19.275	40.526
1.295	19.282	40.526
1.294	19.290	40.524
1.294	19.299	40.526
1.295	19.304	40.525
1.296	19.291	40.523
1.296	19.317	40.526
1.297	19.324	40.528
1.297	19.334	40.523
1.298	19.339	40.525
1.298	19.341	40.526
1.298	19.345	40.523
1.299	19.353	40.522
1.300	19.362	40.523
1.301	19.364	40.523
1.300	19.382	40.521
1.302	19.399	40.523
1.302	19.418	40.522
1.302	19.431	40.522
1.303	19.434	40.520
1.303	19.434	40.520
1.303	19.439	40.521
1.303	19.443	40.522
1.303	19.444	40.520
1.303	19.425	40.520
1.303	19.452	40.521
1.304	19.466	40.519
1.304	19.470	40.520
1.305	19.470	40.521
1.304	19.470	40.522
1.305	19.477	40.518
1.306	19.482	40.522
1.306	19.489	40.521
1.306	19.501	40.522
1.306	19.523	40.519
1.307	19.531	40.520
1.307	19.535	40.520
1.307	19.541	40.520
1.307	19.542	40.520
1.307	19.544	40.520
1.309	19.553	40.520
1.310	19.559	40.519
1.308	19.568	40.518
1.308	19.552	40.515
1.309	19.576	40.518
1.311	19.590	40.518
1.312	19.603	40.514
1.312	19.607	40.518
1.314	19.607	40.515
1.315	19.610	40.515
1.315	19.622	40.518
1.317	19.648	40.517
1.318	19.661	40.519
1.318	19.671	40.514
1.319	19.679	40.519
1.319	19.691	40.517
1.320	19.705	40.513
1.322	19.715	40.515
1.322	19.736	40.518
1.324	19.752	40.514
1.324	19.764	40.515
1.325	19.772	40.515
1.326	19.761	40.513
1.325	19.787	40.513
1.327	19.798	40.513
1.326	19.808	40.514
1.327	19.820	40.513
1.328	19.827	40.512
1.328	19.836	40.511
1.327	19.840	40.513
1.329	19.848	40.513
1.329	19.852	40.510
1.330	19.854	40.510
1.329	19.881	40.512
1.331	19.885	40.511
1.331	19.894	40.512
1.331	19.898	40.511
1.332	19.910	40.512
1.332	19.923	40.512
1.333	19.934	40.510
1.333	19.943	40.510
1.333	19.949	40.511
1.333	19.958	40.511
1.335	19.965	40.509
1.335	19.975	40.507
1.336	19.987	40.508
1.337	20.003	40.513
1.337	20.008	40.512
1.337	20.013	40.510
1.338	20.026	40.508
1.338	20.026	40.506
1.340	20.030	40.508
1.340	20.062	40.505
1.341	20.070	40.508
1.341	20.079	40.508
1.342	20.090	40.508
1.342	20.098	40.506
1.344	20.104	40.506
1.343	20.107	40.505
1.344	20.117	40.507
1.345	20.114	40.505
1.344	20.117	40.505
1.345	20.119	40.503
1.345	20.129	40.505
1.348	20.151	40.504
1.349	20.161	40.505
1.349	20.163	40.505
1.348	20.164	40.503
1.348	20.166	40.504
1.349	20.161	40.505
1.349	20.155	40.507
1.349	20.181	40.505
1.349	20.191	40.508
1.349	20.205	40.508
1.349	20.219	40.509
1.350	20.228	40.512
1.351	20.243	40.517
1.353	20.263	40.514
1.353	20.284	40.516
1.355	20.274	40.522
1.355	20.304	40.522
1.357	20.320	40.525
1.359	20.325	40.531
1.359	20.329	40.529
1.359	20.335	40.534
1.360	20.347	40.535
1.360	20.372	40.535
1.362	20.402	40.537
1.362	20.401	40.541
1.363	20.419	40.543
1.364	20.447	40.544
1.366	20.464	40.548
1.365	20.479	40.548
1.367	20.494	40.551
1.368	20.507	40.551
1.369	20.524	40.558
1.370	20.545	40.559
1.371	20.557	40.560
1.372	20.540	40.563
1.373	20.566	40.567
1.373	20.571	40.569
1.373	20.575	40.573
1.375	20.581	40.571
1.375	20.583	40.574
1.375	20.587	40.573
1.375	20.592	40.579
1.375	20.593	40.579
1.374	20.597	40.582
1.372	20.607	40.582
1.372	20.602	40.582
1.373	20.638	40.582
1.374	20.657	40.587
1.376	20.663	40.583
1.377	20.667	40.585
1.380	20.677	40.587
1.380	20.689	40.587
1.380	20.705	40.588
1.381	20.692	40.589
1.381	20.723	40.589
1.381	20.735	40.590
1.382	20.743	40.589
1.385	20.761	40.589
1.385	20.769	40.591
1.386	20.780	40.592
1.386	20.789	40.593
1.387	20.800	40.590
1.387	20.797	40.593
1.386	20.808	40.594
1.386	20.840	40.592
1.387	20.850	40.594
1.390	20.863	40.593
1.391	20.875	40.591
1.391	20.886	40.594
1.393	20.898	40.594
1.392	20.911	40.593
1.392	20.926	40.594
1.394	20.936	40.595
1.396	20.977	40.591
1.398	20.990	40.593
1.400	20.998	40.593
1.401	21.009	40.593
1.400	21.018	40.592
1.401	21.019	40.593
1.402	21.021	40.589
1.404	21.030	40.593
1.404	21.017	40.593
1.405	21.026	40.592
1.406	21.054	40.592
1.406	21.057	40.590
1.407	21.059	40.591
1.406	21.061	40.589
1.406	21.064	40.590
1.406	21.067	40.590
1.407	21.069	40.589
1.408	21.070	40.589
1.407	21.070	40.587
1.409	21.069	40.588
1.410	21.071	40.586
1.410	21.074	40.585
1.410	21.077	40.587
1.411	21.081	40.585
1.411	21.082	40.584
1.411	21.082	40.583
1.411	21.082	40.582
1.411	21.077	40.583
1.412	21.065	40.584
1.413	21.089	40.583
1.413	21.090	40.581
1.413	21.090	40.583
1.413	21.089	40.580
1.413	21.089	40.580
1.412	21.090	40.577
1.413	21.092	40.580
1.414	21.093	40.579
1.414	21.074	40.578
1.414	21.087	40.577
1.414	21.099	40.576
1.415	21.101	40.576
1.416	21.104	40.572
1.417	21.104	40.573
1.416	21.105	40.572
1.417	21.106	40.572
1.416	21.109	40.572
1.417	21.096	40.568
1.418	21.097	40.568
1.419	21.118	40.564
1.420	21.120	40.564
1.420	21.118	40.563
1.420	21.118	40.563
1.420	21.118	40.564
1.420	21.118	40.562
1.421	21.120	40.557
1.421	21.123	40.559
1.421	21.104	40.559
1.420	21.132	40.553
1.420	21.136	40.553
1.421	21.138	40.553
1.420	21.138	40.551
1.420	21.139	40.549
1.421	21.139	40.549
1.422	21.140	40.548
1.421	21.143	40.545
1.422	21.143	40.546
1.423	21.143	40.542
1.424	21.145	40.544
1.424	21.148	40.538
1.424	21.151	40.540
1.425	21.152	40.540
1.425	21.154	40.537
1.427	21.154	40.535
1.428	21.155	40.537
1.427	21.155	40.536
1.429	21.133	40.536
1.430	21.154	40.533
1.430	21.160	40.533
1.430	21.162	40.533
1.431	21.167	40.531
1.433	21.166	40.531
1.434	21.166	40.530
1.433	21.167	40.528
1.433	21.167	40.529
1.434	21.168	40.526
1.434	21.168	40.522
1.435	21.148	40.520
1.435	21.160	40.521
1.436	21.174	40.520
1.436	21.175	40.521
1.436	21.174	40.513
1.436	21.175	40.515
1.437	21.178	40.513
1.438	21.179	40.511
1.440	21.159	40.507
1.440	21.181	40.506
1.441	21.182	40.508
1.440	21.185	40.504
1.440	21.182	40.507
1.440	21.182	40.505
1.441	21.183	40.503
1.442	21.184	40.501
1.442	21.183	40.505
1.442	21.169	40.498
1.441	21.183	40.500
1.441	21.187	40.496
1.442	21.187	40.493
1.442	21.188	40.492
1.443	21.187	40.494
1.443	21.187	40.489
1.443	21.189	40.489
1.444	21.191	40.486
1.444	21.190	40.487
1.444	21.172	40.485
1.445	21.198	40.486
1.445	21.201	40.484
1.445	21.201	40.482
1.445	21.199	40.481
1.444	21.196	40.479
1.444	21.200	40.478
1.446	21.200	40.477
1.446	21.203	40.477
1.446	21.191	40.478
1.447	21.186	40.477
1.448	21.207	40.477
1.449	21.209	40.474
1.449	21.212	40.471
1.449	21.211	40.471
1.450	21.216	40.471
1.451	21.216	40.469
1.451	21.219	40.467
1.453	21.222	40.467
1.454	21.227	40.466
1.454	21.223	40.461
1.454	21.205	40.461
1.455	21.229	40.460
1.455	21.236	40.459
1.456	21.234	40.459
1.456	21.234	40.458
1.456	21.234	40.457
1.457	21.234	40.454
1.458	21.223	40.454
1.457	21.215	40.450
1.457	21.238	40.451
1.457	21.239	40.450
1.460	21.243	40.448
1.460	21.240	40.443
1.460	21.240	40.441
1.461	21.241	40.445
1.461	21.243	40.443
1.463	21.244	40.443
1.464	21.228	40.439
1.465	21.231	40.440
1.465	21.232	40.439
1.464	21.251	40.436
1.463	21.254	40.433
1.463	21.252	40.433
1.464	21.252	40.432
1.464	21.254	40.429
1.465	21.254	40.431
1.465	21.247	40.431
1.464	21.236	40.430
1.465	21.262	40.428
1.465	21.265	40.429
1.464	21.267	40.425
1.462	21.266	40.422
1.464	21.268	40.424
1.465	21.267	40.422
1.465	21.267	40.423
1.467	21.268	40.419
1.472	21.246	40.419
1.471	21.267	40.420
1.471	21.270	40.416
1.471	21.270	40.417
1.471	21.271	40.417
1.470	21.267	40.413
1.471	21.268	40.413
1.473	21.268	40.410
1.473	21.268	40.408
1.475	21.258	40.406
1.475	21.250	40.405
1.475	21.271	40.405
1.473	21.270	40.405
1.474	21.271	40.403
1.476	21.269	40.400
1.477	21.270	40.400
1.478	21.272	40.397
1.479	21.274	40.395
1.480	21.274	40.393
1.480	21.274	40.396
1.481	21.269	40.392
1.481	21.250	40.392
1.481	21.274	40.388
1.481	21.278	40.388
1.481	21.270	40.389
1.482	21.270	40.386
1.483	21.271	40.384
1.483	21.270	40.387
1.484	21.266	40.384
1.482	21.247	40.381
1.482	21.272	40.381
1.483	21.271	40.380
1.485	21.271	40.378
1.483	21.271	40.377
1.486	21.269	40.376
1.486	21.270	40.375
1.486	21.269	40.375
1.486	21.272	40.373
1.487	21.270	40.373
1.487	21.270	40.371
1.489	21.270	40.372
1.491	21.271	40.371
1.488	21.272	40.371
1.488	21.274	40.369
1.488	21.273	40.368
1.491	21.270	40.366
1.491	21.270	40.365
1.492	21.263	40.367
1.492	21.247	40.362
1.493	21.270	40.366
1.493	21.270	40.361
1.493	21.272	40.357
1.494	21.270	40.361
1.495	21.269	40.360
1.496	21.269	40.357
1.496	21.272	40.357
1.497	21.272	40.351
1.497	21.255	40.351
1.496	21.258	40.349
1.495	21.274	40.350
1.496	21.274	40.350
1.497	21.270	40.349
1.497	21.268	40.347
1.496	21.271	40.346
1.497	21.269	40.345
1.497	21.270	40.343
1.498	21.270	40.341
1.497	21.269	40.341
1.497	21.262	40.338
1.497	21.246	40.339
1.497	21.270	40.339
1.497	21.271	40.335
1.495	21.271	40.337
1.496	21.269	40.333
1.497	21.269	40.336
1.497	21.270	40.330
1.497	21.268	40.332
1.496	21.247	40.332
1.496	21.260	40.331
1.496	21.270	40.330
1.497	21.272	40.327
1.497	21.268	40.326
1.497	21.268	40.325
1.497	21.268	40.325
1.497	21.268	40.327
1.497	21.273	40.326
1.497	21.270	40.323
1.496	21.270	40.321
1.497	21.269	40.320
1.497	21.269	40.320
1.498	21.271	40.320
1.497	21.269	40.319
1.497	21.272	40.319
1.496	21.271	40.319
1.496	21.272	40.317
1.497	21.262	40.316
1.496	21.249	40.316
1.496	21.270	40.315
1.497	21.270	40.315
1.496	21.271	40.314
1.497	21.268	40.312
1.496	21.268	40.310
1.497	21.268	40.311
1.496	21.269	40.309
1.496	21.267	40.308
1.496	21.247	40.307
1.497	21.267	40.306
1.496	21.270	40.305
1.497	21.270	40.304
1.496	21.266	40.306
1.496	21.268	40.301
1.496	21.268	40.301
1.497	21.268	40.298
1.496	21.269	40.299
1.496	21.258	40.297
1.496	21.251	40.296
1.497	21.272	40.296
1.496	21.271	40.293
