1.503	21.275	40.008
1.504	21.255	40.009
1.504	21.266	40.013
1.504	21.276	40.014
1.504	21.276	40.015
1.504	21.277	40.021
1.503	21.275	40.025
1.503	21.275	40.025
1.503	21.275	40.026
1.503	21.275	40.038
1.503	21.274	40.040
1.503	21.274	40.041
1.504	21.275	40.047
1.504	21.274	40.052
1.504	21.272	40.055
1.503	21.275	40.058
1.504	21.275	40.061
1.504	21.274	40.063
1.504	21.275	40.064
1.504	21.276	40.068
1.504	21.255	40.075
1.504	21.262	40.074
1.504	21.277	40.076
1.504	21.276	40.083
1.503	21.277	40.087
1.503	21.274	40.089
1.503	21.276	40.093
1.503	21.275	40.098
1.503	21.274	40.100
1.503	21.275	40.104
1.503	21.274	40.110
1.503	21.254	40.112
1.503	21.265	40.112
1.503	21.276	40.117
1.503	21.276	40.119
1.503	21.275	40.119
1.503	21.275	40.123
1.503	21.275	40.126
1.503	21.274	40.129
1.503	21.259	40.134
1.503	21.257	40.140
1.504	21.276	40.142
1.504	21.276	40.146
1.503	21.277	40.148
1.503	21.276	40.153
1.503	21.285	40.158
1.503	21.275	40.160
1.503	21.274	40.164
1.504	21.275	40.167
1.503	21.276	40.167
1.503	21.271	40.171
1.503	21.252	40.176
1.503	21.276	40.180
1.503	21.276	40.188
1.503	21.276	40.186
1.503	21.275	40.191
1.503	21.276	40.194
1.503	21.276	40.199
1.503	21.276	40.205
1.503	21.275	40.208
1.503	21.252	40.210
1.503	21.269	40.215
1.503	21.276	40.217
1.503	21.276	40.219
1.504	21.274	40.220
1.503	21.274	40.225
1.503	21.274	40.228
1.503	21.274	40.230
1.503	21.256	40.235
1.503	21.261	40.237
1.503	21.277	40.237
1.503	21.275	40.244
1.503	21.277	40.244
1.503	21.275	40.250
1.503	21.275	40.257
1.503	21.274	40.258
1.503	21.274	40.264
1.502	21.275	40.264
1.503	21.275	40.267
1.503	21.253	40.271
1.503	21.265	40.272
1.503	21.276	40.275
1.503	21.275	40.279
1.503	21.275	40.279
1.503	21.273	40.284
1.502	21.275	40.284
1.503	21.274	40.287
1.503	21.257	40.291
1.503	21.257	40.296
1.503	21.276	40.297
1.502	21.276	40.302
1.503	21.277	40.305
1.503	21.275	40.306
1.503	21.274	40.308
1.503	21.275	40.312
1.503	21.275	40.312
1.503	21.275	40.319
1.503	21.275	40.319
1.503	21.252	40.320
1.503	21.268	40.321
1.503	21.276	40.324
1.503	21.275	40.325
1.503	21.276	40.325
1.503	21.275	40.327
1.503	21.274	40.331
1.503	21.275	40.332
1.503	21.275	40.335
1.503	21.272	40.336
1.503	21.251	40.339
1.502	21.275	40.339
1.502	21.276	40.343
1.503	21.274	40.342
1.502	21.275	40.345
1.503	21.274	40.349
1.503	21.274	40.352
1.503	21.275	40.351
1.503	21.252	40.355
1.502	21.270	40.358
1.502	21.277	40.358
1.503	21.276	40.363
1.503	21.277	40.362
1.503	21.276	40.364
1.502	21.275	40.364
1.503	21.275	40.369
1.503	21.275	40.371
1.503	21.276	40.369
1.503	21.276	40.371
1.503	21.251	40.372
1.503	21.272	40.375
1.503	21.276	40.375
1.502	21.275	40.375
1.503	21.275	40.377
1.502	21.274	40.376
1.503	21.274	40.378
1.503	21.275	40.379
1.502	21.257	40.382
1.502	21.260	40.382
1.502	21.277	40.381
1.502	21.277	40.385
1.503	21.277	40.383
1.502	21.275	40.385
1.502	21.274	40.387
1.503	21.274	40.387
1.502	21.276	40.386
1.502	21.272	40.391
1.502	21.251	40.389
1.502	21.275	40.391
1.503	21.277	40.395
1.503	21.276	40.395
1.502	21.273	40.396
1.502	21.276	40.398
1.502	21.275	40.396
1.503	21.275	40.399
1.503	21.276	40.398
1.503	21.273	40.404
1.502	21.274	40.405
1.502	21.274	40.405
1.502	21.274	40.399
1.502	21.273	40.403
1.502	21.274	40.407
1.502	21.274	40.408
1.502	21.274	40.406
1.503	21.275	40.406
1.502	21.274	40.409
1.502	21.252	40.406
1.502	21.273	40.408
1.502	21.276	40.410
1.502	21.275	40.413
1.502	21.276	40.416
1.502	21.277	40.415
1.502	21.275	40.414
1.503	21.276	40.418
1.502	21.275	40.415
1.502	21.275	40.417
1.502	21.269	40.417
1.502	21.251	40.415
1.502	21.276	40.417
1.502	21.277	40.418
1.502	21.274	40.420
1.502	21.275	40.423
1.502	21.275	40.420
1.502	21.275	40.420
1.502	21.273	40.418
1.501	21.252	40.420
1.502	21.273	40.423
1.502	21.276	40.421
1.502	21.276	40.422
1.501	21.276	40.423
1.500	21.276	40.424
1.500	21.277	40.423
1.500	21.276	40.424
1.500	21.275	40.424
1.499	21.264	40.423
1.499	21.255	40.425
1.499	21.277	40.426
1.498	21.277	40.425
1.498	21.277	40.424
1.497	21.274	40.423
1.497	21.276	40.425
1.499	21.276	40.426
1.499	21.276	40.428
1.499	21.275	40.427
1.498	21.253	40.426
1.498	21.274	40.429
1.497	21.277	40.429
1.498	21.277	40.430
1.497	21.278	40.428
1.497	21.276	40.429
1.497	21.276	40.427
1.497	21.277	40.428
1.497	21.277	40.428
1.497	21.270	40.429
1.497	21.252	40.430
1.497	21.277	40.430
1.497	21.277	40.429
1.497	21.277	40.430
1.497	21.278	40.431
1.497	21.281	40.430
1.497	21.276	40.430
1.496	21.277	40.430
1.497	21.276	40.429
1.496	21.276	40.431
1.496	21.277	40.429
1.496	21.253	40.431
1.496	21.274	40.434
1.495	21.277	40.431
1.494	21.276	40.432
1.493	21.276	40.431
1.493	21.276	40.431
1.492	21.276	40.431
1.492	21.276	40.430
1.491	21.252	40.432
1.491	21.272	40.431
1.490	21.277	40.432
1.489	21.277	40.431
1.488	21.277	40.431
1.488	21.276	40.431
1.487	21.276	40.432
1.487	21.275	40.430
1.486	21.275	40.432
1.485	21.267	40.433
1.484	21.254	40.430
1.482	21.277	40.432
1.482	21.277	40.431
1.481	21.276	40.432
1.481	21.273	40.429
1.481	21.275	40.433
1.482	21.275	40.431
1.481	21.275	40.431
1.481	21.277	40.432
1.481	21.275	40.431
1.480	21.275	40.429
1.480	21.276	40.431
1.480	21.275	40.431
1.478	21.275	40.430
1.478	21.275	40.430
1.479	21.275	40.430
1.478	21.274	40.431
1.478	21.274	40.430
1.478	21.267	40.428
1.478	21.253	40.430
1.478	21.277	40.431
1.478	21.276	40.430
1.477	21.276	40.430
1.477	21.276	40.429
1.477	21.280	40.430
1.476	21.275	40.429
1.476	21.275	40.429
1.476	21.274	40.427
1.476	21.274	40.427
1.476	21.269	40.429
1.476	21.251	40.429
1.475	21.275	40.429
1.475	21.277	40.427
1.475	21.274	40.428
1.474	21.273	40.429
1.474	21.272	40.428
1.475	21.270	40.427
1.474	21.269	40.425
1.474	21.245	40.428
1.474	21.268	40.427
1.474	21.268	40.427
1.473	21.267	40.427
1.474	21.269	40.425
1.473	21.267	40.425
1.473	21.265	40.427
1.472	21.266	40.426
1.473	21.265	40.426
1.472	21.246	40.426
1.472	21.256	40.426
1.472	21.266	40.425
1.472	21.268	40.425
1.472	21.268	40.422
1.472	21.266	40.424
1.472	21.269	40.425
1.472	21.265	40.424
1.471	21.264	40.422
1.471	21.262	40.420
1.471	21.260	40.423
1.470	21.256	40.422
1.470	21.256	40.421
1.469	21.255	40.423
1.469	21.258	40.421
1.469	21.254	40.420
1.469	21.252	40.422
1.468	21.252	40.419
1.467	21.252	40.421
1.467	21.240	40.417
1.468	21.232	40.418
1.468	21.252	40.418
1.467	21.252	40.418
1.467	21.249	40.418
1.465	21.246	40.419
1.465	21.244	40.414
1.465	21.245	40.417
1.465	21.243	40.415
1.465	21.241	40.416
1.465	21.241	40.413
1.465	21.241	40.413
1.464	21.220	40.410
1.464	21.230	40.414
1.464	21.242	40.415
1.465	21.240	40.412
1.464	21.240	40.413
1.464	21.239	40.410
1.464	21.239	40.410
1.463	21.237	40.411
1.463	21.238	40.411
1.463	21.214	40.410
1.463	21.232	40.408
1.462	21.235	40.409
1.463	21.235	40.408
1.462	21.231	40.412
1.463	21.231	40.406
1.462	21.231	40.407
1.462	21.230	40.409
1.461	21.208	40.404
1.461	21.223	40.405
1.461	21.229	40.404
1.461	21.229	40.404
1.461	21.230	40.402
1.460	21.227	40.405
1.460	21.226	40.403
1.460	21.226	40.400
1.459	21.225	40.402
1.459	21.224	40.401
1.459	21.223	40.400
1.459	21.222	40.399
1.458	21.221	40.400
1.458	21.222	40.398
1.458	21.218	40.400
1.456	21.216	40.398
1.456	21.213	40.396
1.455	21.211	40.397
1.455	21.212	40.400
1.454	21.189	40.396
1.455	21.200	40.395
1.454	21.210	40.393
1.453	21.208	40.394
1.453	21.209	40.394
1.453	21.206	40.395
1.453	21.208	40.395
1.452	21.204	40.391
1.451	21.204	40.393
1.451	21.202	40.392
1.450	21.200	40.393
1.450	21.194	40.389
1.449	21.172	40.389
1.449	21.194	40.388
1.448	21.194	40.393
1.447	21.192	40.387
1.447	21.191	40.388
1.447	21.191	40.387
1.446	21.189	40.389
1.446	21.188	40.388
1.446	21.175	40.386
1.446	21.170	40.385
1.446	21.189	40.386
1.446	21.190	40.384
1.446	21.187	40.385
1.446	21.187	40.383
1.445	21.186	40.385
1.445	21.186	40.381
1.445	21.182	40.382
1.445	21.164	40.383
1.445	21.187	40.383
1.445	21.187	40.382
1.444	21.186	40.381
1.444	21.185	40.380
1.444	21.180	40.380
1.443	21.180	40.380
1.443	21.179	40.377
1.443	21.180	40.380
1.443	21.179	40.377
1.441	21.178	40.377
1.441	21.176	40.376
1.441	21.175	40.375
1.440	21.175	40.377
1.440	21.170	40.377
1.440	21.169	40.377
1.439	21.168	40.376
1.439	21.167	40.377
1.439	21.165	40.375
1.439	21.144	40.376
1.439	21.166	40.376
1.438	21.166	40.377
1.438	21.166	40.375
1.438	21.165	40.374
1.438	21.163	40.373
1.438	21.164	40.375
1.438	21.163	40.375
1.438	21.160	40.373
1.437	21.158	40.373
1.437	21.155	40.372
1.436	21.153	40.370
1.435	21.129	40.369
1.434	21.152	40.371
1.434	21.148	40.370
1.434	21.149	40.372
1.433	21.145	40.367
1.431	21.145	40.369
1.431	21.144	40.369
1.431	21.143	40.368
1.430	21.118	40.366
1.430	21.132	40.365
1.428	21.130	40.365
1.427	21.129	40.363
1.427	21.124	40.362
1.427	21.122	40.366
1.426	21.121	40.364
1.426	21.122	40.364
1.426	21.102	40.363
1.426	21.109	40.362
1.426	21.120	40.362
1.425	21.119	40.363
1.425	21.120	40.363
1.425	21.115	40.360
1.424	21.112	40.359
1.423	21.110	40.359
1.424	21.109	40.356
1.424	21.107	40.357
1.424	21.086	40.359
1.424	21.108	40.356
1.423	21.108	40.359
1.424	21.108	40.357
1.422	21.106	40.355
1.423	21.105	40.355
1.421	21.102	40.351
1.421	21.099	40.352
1.421	21.095	40.353
1.420	21.074	40.350
1.420	21.085	40.352
1.420	21.094	40.348
1.420	21.092	40.348
1.419	21.091	40.347
1.419	21.087	40.350
1.419	21.085	40.348
1.418	21.088	40.346
1.418	21.084	40.350
1.418	21.084	40.348
1.418	21.084	40.345
1.418	21.083	40.341
1.416	21.079	40.342
1.415	21.051	40.343
1.415	21.072	40.342
1.415	21.069	40.343
1.414	21.066	40.340
1.414	21.063	40.341
1.414	21.060	40.342
1.413	21.044	40.341
1.413	21.037	40.338
1.412	21.050	40.340
1.411	21.046	40.340
1.411	21.045	40.338
1.410	21.044	40.336
1.410	21.041	40.336
1.410	21.039	40.337
1.410	21.037	40.336
1.410	21.033	40.333
1.409	21.009	40.336
1.409	21.020	40.333
1.409	21.030	40.333
1.408	21.029	40.335
1.408	21.026	40.332
1.408	21.022	40.331
1.409	21.021	40.332
1.408	21.019	40.331
1.407	21.017	40.328
1.406	21.012	40.329
1.406	21.011	40.327
1.406	21.010	40.329
1.406	21.008	40.327
1.406	21.003	40.328
1.406	21.004	40.327
1.405	21.002	40.328
1.406	20.998	40.325
1.405	20.994	40.326
1.405	20.992	40.327
1.404	20.970	40.325
1.404	20.977	40.323
1.403	20.981	40.324
1.403	20.971	40.324
1.402	20.967	40.323
1.401	20.953	40.324
1.401	20.938	40.324
1.400	20.930	40.322
1.400	20.917	40.322
1.399	20.904	40.320
1.399	20.898	40.321
1.398	20.895	40.320
1.398	20.892	40.319
1.397	20.859	40.322
1.397	20.873	40.320
1.396	20.862	40.319
1.395	20.853	40.318
1.395	20.848	40.317
1.394	20.841	40.317
1.394	20.806	40.313
1.393	20.801	40.317
1.392	20.795	40.317
1.391	20.784	40.315
1.391	20.778	40.314
1.390	20.761	40.314
1.390	20.749	40.314
1.389	20.738	40.314
1.388	20.729	40.309
1.388	20.723	40.311
1.387	20.694	40.311
1.386	20.700	40.312
1.385	20.679	40.308
1.385	20.669	40.309
1.384	20.668	40.304
1.384	20.665	40.306
1.383	20.654	40.311
1.383	20.643	40.303
1.382	20.633	40.303
1.381	20.616	40.304
1.381	20.600	40.300
1.381	20.583	40.305
1.380	20.601	40.300
1.380	20.596	40.299
1.380	20.588	40.300
1.380	20.582	40.302
1.378	20.578	40.297
1.378	20.570	40.299
1.378	20.565	40.299
1.377	20.540	40.295
1.377	20.558	40.295
1.377	20.559	40.296
1.377	20.555	40.295
1.376	20.550	40.298
1.376	20.541	40.292
1.376	20.528	40.293
1.376	20.520	40.294
1.376	20.515	40.291
1.375	20.507	40.293
1.374	20.503	40.291
1.374	20.497	40.291
1.373	20.495	40.291
1.373	20.473	40.291
1.372	20.487	40.290
1.373	20.483	40.286
1.373	20.480	40.286
1.372	20.475	40.286
1.372	20.471	40.285
1.371	20.445	40.284
1.372	20.449	40.284
1.371	20.446	40.284
1.370	20.435	40.281
1.369	20.426	40.285
1.368	20.407	40.281
1.367	20.392	40.282
1.367	20.360	40.281
1.365	20.347	40.282
1.364	20.335	40.279
1.364	20.313	40.282
1.364	20.332	40.281
1.363	20.327	40.278
1.363	20.325	40.276
1.362	20.318	40.276
1.362	20.302	40.276
1.360	20.288	40.273
1.359	20.265	40.276
1.359	20.253	40.274
1.358	20.234	40.274
1.357	20.226	40.275
1.356	20.215	40.273
1.355	20.208	40.272
1.355	20.198	40.271
1.355	20.190	40.272
1.355	20.185	40.272
1.354	20.181	40.271
1.354	20.174	40.271
1.353	20.163	40.270
1.352	20.128	40.270
1.351	20.132	40.270
1.350	20.120	40.270
1.349	20.099	40.271
1.349	20.082	40.268
1.347	20.069	40.269
1.346	20.053	40.268
1.346	20.045	40.266
1.345	20.040	40.267
1.345	20.034	40.268
1.345	20.032	40.266
1.345	20.028	40.266
1.345	20.019	40.265
1.344	20.001	40.265
1.344	20.006	40.265
1.344	20.000	40.267
1.343	19.992	40.265
1.343	19.985	40.263
1.342	19.976	40.260
1.341	19.940	40.260
1.340	19.947	40.257
1.340	19.941	40.261
1.339	19.933	40.260
1.338	19.926	40.257
1.339	19.916	40.256
1.338	19.917	40.258
1.337	19.889	40.258
1.336	19.882	40.259
1.335	19.873	40.256
1.335	19.861	40.256
1.334	19.853	40.256
1.333	19.823	40.257
1.332	19.829	40.256
1.331	19.819	40.257
1.331	19.806	40.252
1.331	19.796	40.253
1.330	19.785	40.254
1.329	19.779	40.251
1.329	19.770	40.252
1.328	19.763	40.250
1.328	19.754	40.252
1.328	19.750	40.249
1.328	19.745	40.248
1.327	19.745	40.247
1.327	19.737	40.249
1.327	19.728	40.245
1.326	19.719	40.246
1.326	19.712	40.247
1.325	19.692	40.245
1.325	19.708	40.245
1.324	19.696	40.247
1.323	19.682	40.246
1.323	19.675	40.245
1.323	19.667	40.244
1.322	19.652	40.245
1.322	19.641	40.245
1.321	19.638	40.243
1.320	19.629	40.242
1.320	19.619	40.241
1.320	19.612	40.245
1.319	19.605	40.242
1.318	19.591	40.240
1.318	19.584	40.240
1.316	19.566	40.240
1.315	19.559	40.238
1.315	19.551	40.238
1.315	19.542	40.237
1.314	19.511	40.236
1.312	19.508	40.235
1.313	19.506	40.233
1.312	19.499	40.234
1.312	19.484	40.235
1.311	19.478	40.235
1.311	19.468	40.233
1.310	19.458	40.233
1.310	19.452	40.232
1.309	19.446	40.231
1.309	19.436	40.231
1.308	19.418	40.233
1.308	19.414	40.230
1.308	19.424	40.231
1.308	19.421	40.230
1.307	19.419	40.228
1.307	19.413	40.229
1.306	19.409	40.229
1.306	19.404	40.227
1.306	19.383	40.229
1.306	19.396	40.228
1.306	19.391	40.228
1.305	19.385	40.227
1.305	19.367	40.228
1.303	19.355	40.227
1.303	19.348	40.227
1.302	19.342	40.226
1.302	19.333	40.225
1.301	19.316	40.227
1.301	19.307	40.224
1.301	19.316	40.226
1.300	19.300	40.223
1.299	19.294	40.223
1.299	19.287	40.221
1.299	19.285	40.224
1.298	19.277	40.221
1.298	19.265	40.221
1.297	19.251	40.223
1.296	19.239	40.221
1.295	19.230	40.221
1.294	19.213	40.221
1.293	19.203	40.220
1.294	19.196	40.220
1.293	19.193	40.221
1.292	19.176	40.219
1.291	19.159	40.219
1.289	19.138	40.219
1.288	19.118	40.218
1.288	19.110	40.218
1.287	19.084	40.216
1.287	19.090	40.216
1.287	19.092	40.219
1.287	19.090	40.217
1.287	19.089	40.217
1.287	19.082	40.216
1.286	19.080	40.216
1.286	19.077	40.215
1.286	19.053	40.214
1.285	19.060	40.213
1.286	19.061	40.216
1.285	19.052	40.213
1.284	19.047	40.211
1.283	19.033	40.215
1.282	19.022	40.213
1.282	19.007	40.213
1.282	18.994	40.212
1.281	18.989	40.212
1.281	18.970	40.207
1.281	18.982	40.211
1.280	18.980	40.211
1.280	18.972	40.211
1.279	18.964	40.208
1.279	18.963	40.210
1.279	18.958	40.207
1.279	18.949	40.209
1.279	18.945	40.209
1.278	18.929	40.203
1.278	18.937	40.205
1.278	18.945	40.206
1.278	18.945	40.206
1.278	18.942	40.206
1.277	18.930	40.204
1.277	18.922	40.204
1.275	18.915	40.201
1.276	18.913	40.203
1.275	18.911	40.203
1.275	18.905	40.201
1.274	18.896	40.203
1.274	18.893	40.198
1.274	18.892	40.199
1.274	18.888	40.199
1.273	18.885	40.199
1.273	18.881	40.196
1.273	18.875	40.197
1.272	18.860	40.195
1.271	18.855	40.198
1.271	18.846	40.196
1.271	18.819	40.192
1.270	18.829	40.194
1.270	18.826	40.194
1.270	18.823	40.193
1.269	18.814	40.194
1.268	18.801	40.193
1.267	18.776	40.193
1.266	18.763	40.192
1.266	18.735	40.187
1.265	18.740	40.189
1.264	18.728	40.192
1.263	18.707	40.188
1.261	18.687	40.186
1.260	18.663	40.188
1.259	18.654	40.185
1.259	18.647	40.188
1.258	18.640	40.183
1.258	18.622	40.183
1.257	18.596	40.184
1.255	18.582	40.182
1.254	18.561	40.181
1.253	18.553	40.182
1.253	18.542	40.179
1.253	18.537	40.181
1.252	18.533	40.180
1.251	18.516	40.181
1.249	18.496	40.177
1.249	18.467	40.179
1.249	18.482	40.178
1.248	18.477	40.177
1.247	18.469	40.178
1.246	18.458	40.176
1.246	18.446	40.175
1.245	18.435	40.176
1.244	18.422	40.175
1.243	18.401	40.177
1.241	18.379	40.176
1.240	18.357	40.172
1.240	18.345	40.172
1.239	18.335	40.172
1.239	18.329	40.173
1.239	18.323	40.173
1.239	18.323	40.171
1.238	18.312	40.171
1.238	18.304	40.170
1.237	18.299	40.170
1.237	18.296	40.169
1.236	18.284	40.168
1.236	18.263	40.169
1.235	18.274	40.168
1.235	18.264	40.169
1.234	18.253	40.167
1.234	18.249	40.169
1.234	18.240	40.166
1.233	18.234	40.166
1.233	18.229	40.168
1.232	18.199	40.170
1.232	18.211	40.165
1.232	18.209	40.165
1.231	18.198	40.167
1.231	18.188	40.163
1.231	18.180	40.166
1.230	18.176	40.164
1.229	18.167	40.163
1.228	18.162	40.163
1.228	18.154	40.163
1.227	18.133	40.161
1.225	18.113	40.164
1.224	18.097	40.163
1.224	18.082	40.161
1.223	18.066	40.159
1.222	18.050	40.160
1.221	18.039	40.160
1.221	18.031	40.158
1.220	18.025	40.161
1.220	17.995	40.157
1.218	17.994	40.158
1.218	17.990	40.158
1.218	17.987	40.158
1.218	17.985	40.156
1.217	17.978	40.155
1.216	17.966	40.157
1.215	17.950	40.154
1.214	17.927	40.152
1.213	17.903	40.151
1.211	17.898	40.153
1.211	17.884	40.154
1.210	17.873	40.151
1.210	17.868	40.151
1.210	17.860	40.150
1.209	17.854	40.152
1.209	17.849	40.149
1.209	17.844	40.153
1.208	17.836	40.149
1.208	17.818	40.150
1.208	17.827	40.147
1.207	17.826	40.148
1.207	17.820	40.149
1.207	17.811	40.147
1.206	17.799	40.145
1.206	17.784	40.145
1.204	17.777	40.144
1.204	17.773	40.145
1.204	17.757	40.146
1.204	17.755	40.145
1.203	17.761	40.143
1.203	17.749	40.143
1.202	17.738	40.142
1.201	17.725	40.142
1.201	17.724	40.143
1.201	17.717	40.143
1.199	17.706	40.139
1.199	17.691	40.138
1.198	17.671	40.137
1.197	17.655	40.140
1.196	17.630	40.141
1.195	17.608	40.140
1.195	17.616	40.137
1.194	17.606	40.138
1.193	17.589	40.138
1.192	17.565	40.134
1.192	17.554	40.136
1.192	17.538	40.136
1.191	17.537	40.137
1.190	17.545	40.134
1.189	17.542	40.132
1.189	17.534	40.132
1.188	17.517	40.134
1.186	17.509	40.133
1.186	17.497	40.134
1.185	17.486	40.135
1.184	17.469	40.131
1.182	17.435	40.133
1.182	17.416	40.135
1.181	17.405	40.132
1.181	17.396	40.131
1.180	17.392	40.130
1.180	17.388	40.130
1.179	17.383	40.132
1.180	17.381	40.130
1.179	17.371	40.129
1.178	17.352	40.129
1.178	17.341	40.128
1.177	17.348	40.127
1.177	17.346	40.130
1.177	17.343	40.127
1.176	17.334	40.128
1.175	17.319	40.127
1.174	17.290	40.125
1.173	17.273	40.124
1.173	17.271	40.124
1.172	17.248	40.126
1.172	17.258	40.124
1.172	17.255	40.124
1.171	17.248	40.125
1.171	17.236	40.126
1.170	17.224	40.126
1.169	17.206	40.123
1.168	17.184	40.125
1.166	17.174	40.121
1.166	17.169	40.121
1.166	17.163	40.123
1.166	17.154	40.121
1.165	17.145	40.120
1.165	17.141	40.120
1.165	17.139	40.119
1.165	17.134	40.119
1.165	17.126	40.121
1.164	17.117	40.120
1.163	17.107	40.121
1.162	17.094	40.122
1.162	17.085	40.122
1.161	17.081	40.119
1.160	17.072	40.118
1.160	17.070	40.120
1.160	17.064	40.116
1.159	17.053	40.117
1.158	17.044	40.116
1.158	17.041	40.118
1.158	17.042	40.114
1.157	17.021	40.119
1.156	17.020	40.116
1.155	16.997	40.114
1.153	16.977	40.115
1.153	16.956	40.115
1.152	16.943	40.114
1.151	16.938	40.117
1.152	16.928	40.115
1.151	16.919	40.115
1.149	16.896	40.116
1.149	16.897	40.115
1.149	16.896	40.115
1.149	16.888	40.116
1.149	16.883	40.116
1.149	16.882	40.113
1.149	16.880	40.115
1.149	16.879	40.113
1.148	16.870	40.113
1.148	16.867	40.113
1.148	16.847	40.114
1.148	16.865	40.115
1.148	16.863	40.115
1.147	16.852	40.113
1.146	16.847	40.110
1.146	16.839	40.113
1.145	16.825	40.111
1.145	16.819	40.112
1.143	16.808	40.112
1.142	16.788	40.113
1.141	16.772	40.111
1.140	16.763	40.110
1.140	16.756	40.110
1.140	16.748	40.111
1.140	16.738	40.109
1.139	16.723	40.111
1.138	16.715	40.113
1.137	16.710	40.110
1.137	16.702	40.111
1.136	16.681	40.106
1.136	16.685	40.107
1.136	16.680	40.109
1.135	16.675	40.112
1.134	16.666	40.108
1.134	16.655	40.108
1.134	16.646	40.109
1.133	16.640	40.109
1.132	16.637	40.106
1.131	16.619	40.107
1.130	16.605	40.107
1.130	16.590	40.107
1.129	16.584	40.104
1.129	16.584	40.105
1.129	16.583	40.104
1.128	16.578	40.108
1.127	16.571	40.108
1.127	16.564	40.105
1.127	16.560	40.107
1.126	16.532	40.104
1.124	16.525	40.104
1.124	16.513	40.106
1.123	16.492	40.107
1.122	16.481	40.106
1.121	16.467	40.103
1.120	16.455	40.105
1.120	16.449	40.105
1.120	16.443	40.103
1.118	16.430	40.102
1.118	16.410	40.103
1.118	16.421	40.105
1.118	16.418	40.102
1.118	16.410	40.103
1.117	16.403	40.103
1.117	16.394	40.104
1.117	16.393	40.100
1.116	16.386	40.104
1.115	16.376	40.099
1.115	16.354	40.099
1.115	16.357	40.100
1.114	16.357	40.100
1.114	16.352	40.101
1.113	16.345	40.098
1.112	16.334	40.100
1.112	16.326	40.099
1.111	16.310	40.099
1.111	16.299	40.100
1.110	16.290	40.101
1.110	16.274	40.097
1.109	16.282	40.098
1.109	16.275	40.099
1.109	16.271	40.100
1.107	16.257	40.100
1.106	16.249	40.098
1.105	16.230	40.099
1.103	16.195	40.096
1.102	16.174	40.100
1.100	16.159	40.096
1.100	16.151	40.096
1.100	16.144	40.099
1.100	16.138	40.097
1.099	16.138	40.095
1.099	16.135	40.094
1.099	16.135	40.095
1.099	16.126	40.097
1.096	16.090	40.096
1.094	16.057	40.095
1.094	16.046	40.094
1.093	16.048	40.091
1.091	16.023	40.093
1.091	16.010	40.092
1.090	15.994	40.093
1.090	15.977	40.095
1.089	15.969	40.092
1.088	15.958	40.095
1.087	15.942	40.094
1.086	15.915	40.090
1.086	15.911	40.091
1.085	15.906	40.086
1.084	15.894	40.089
1.083	15.883	40.092
1.082	15.867	40.092
1.081	15.851	40.093
1.080	15.840	40.091
1.080	15.828	40.092
1.079	15.802	40.089
1.078	15.794	40.089
1.078	15.794	40.091
1.077	15.783	40.091
1.075	15.758	40.090
1.074	15.737	40.089
1.073	15.720	40.087
1.072	15.707	40.091
1.071	15.698	40.090
1.071	15.690	40.086
1.070	15.662	40.085
1.069	15.658	40.090
1.068	15.649	40.083
1.066	15.634	40.089
1.066	15.623	40.086
1.065	15.613	40.087
1.065	15.613	40.087
1.066	15.613	40.085
1.065	15.613	40.086
1.065	15.600	40.089
1.065	15.576	40.082
1.063	15.580	40.085
1.063	15.564	40.083
1.062	15.560	40.087
1.062	15.554	40.085
1.062	15.551	40.083
1.061	15.535	40.084
1.059	15.515	40.082
1.059	15.503	40.085
1.058	15.498	40.084
1.058	15.487	40.082
1.057	15.467	40.083
1.057	15.472	40.081
1.056	15.464	40.082
1.055	15.448	40.082
1.055	15.439	40.079
1.054	15.430	40.082
1.053	15.402	40.080
1.052	15.383	40.080
1.051	15.359	40.078
1.049	15.358	40.079
1.048	15.336	40.079
1.046	15.320	40.082
1.046	15.307	40.079
1.046	15.298	40.080
1.045	15.290	40.079
1.044	15.283	40.078
1.044	15.271	40.078
1.044	15.248	40.078
1.043	15.244	40.080
1.042	15.236	40.079
1.041	15.227	40.076
1.040	15.220	40.081
1.039	15.212	40.077
1.039	15.206	40.076
1.037	15.178	40.079
1.036	15.152	40.076
1.035	15.128	40.075
1.033	15.097	40.078
1.033	15.096	40.074
1.032	15.085	40.075
1.031	15.081	40.073
1.032	15.082	40.073
1.032	15.078	40.073
1.032	15.077	40.073
1.032	15.077	40.073
1.032	15.076	40.073
1.031	15.052	40.074
1.028	15.018	40.072
1.027	15.016	40.072
1.026	14.997	40.071
1.025	14.981	40.070
1.025	14.966	40.074
1.023	14.955	40.071
1.022	14.934	40.072
1.022	14.929	40.073
1.021	14.914	40.072
1.020	14.895	40.073
1.020	14.869	40.072
1.020	14.866	40.072
1.020	14.874	40.070
1.019	14.870	40.071
1.019	14.865	40.070
1.018	14.859	40.069
1.018	14.856	40.070
1.017	14.848	40.071
1.017	14.836	40.067
1.016	14.820	40.071
1.016	14.818	40.066
1.015	14.810	40.069
1.015	14.807	40.068
1.015	14.797	40.065
1.014	14.790	40.067
1.014	14.783	40.066
1.014	14.781	40.065
1.014	14.781	40.065
1.014	14.778	40.065
1.013	14.771	40.066
1.013	14.769	40.066
1.013	14.766	40.066
1.013	14.763	40.065
1.013	14.762	40.066
1.013	14.760	40.064
1.012	14.752	40.063
1.012	14.747	40.064
1.011	14.740	40.065
1.011	14.725	40.064
1.011	14.734	40.064
1.010	14.734	40.064
1.010	14.732	40.063
1.010	14.732	40.063
1.010	14.728	40.063
1.010	14.730	40.062
1.010	14.731	40.062
1.010	14.731	40.061
1.010	14.722	40.063
1.010	14.720	40.062
1.010	14.732	40.063
1.010	14.731	40.062
1.009	14.711	40.061
1.008	14.697	40.060
1.008	14.689	40.060
1.006	14.677	40.063
1.005	14.663	40.063
1.005	14.650	40.061
1.004	14.643	40.060
1.003	14.617	40.061
1.003	14.610	40.060
1.002	14.613	40.062
1.002	14.613	40.060
1.002	14.608	40.058
1.002	14.602	40.060
1.002	14.608	40.059
1.002	14.598	40.060
1.000	14.582	40.060
0.999	14.565	40.059
1.000	14.563	40.058
1.000	14.560	40.056
0.999	14.549	40.056
1.000	14.558	40.058
0.999	14.554	40.058
0.999	14.551	40.057
0.999	14.543	40.057
0.998	14.538	40.058
0.998	14.518	40.058
0.997	14.524	40.059
0.997	14.523	40.058
0.996	14.512	40.058
0.996	14.503	40.057
0.995	14.490	40.057
0.994	14.479	40.057
0.993	14.472	40.057
0.993	14.460	40.059
0.992	14.446	40.055
0.991	14.429	40.058
0.991	14.433	40.057
0.990	14.427	40.055
0.990	14.417	40.055
0.990	14.405	40.054
0.989	14.395	40.056
0.988	14.386	40.056
0.988	14.372	40.055
0.987	14.362	40.055
0.986	14.342	40.053
0.986	14.343	40.054
0.985	14.331	40.055
0.983	14.305	40.055
0.983	14.293	40.056
0.982	14.284	40.054
0.981	14.277	40.058
0.981	14.270	40.055
0.980	14.265	40.053
0.979	14.250	40.056
0.978	14.233	40.053
0.979	14.241	40.051
0.978	14.231	40.055
0.977	14.216	40.052
0.976	14.196	40.054
0.976	14.186	40.055
0.975	14.179	40.052
0.974	14.164	40.053
0.974	14.160	40.051
0.974	14.159	40.053
0.974	14.157	40.052
0.974	14.153	40.052
0.973	14.134	40.049
0.972	14.132	40.052
0.972	14.125	40.052
0.972	14.123	40.052
0.971	14.113	40.051
0.971	14.109	40.049
0.971	14.101	40.054
0.971	14.099	40.050
0.970	14.092	40.053
0.970	14.087	40.051
0.969	14.082	40.052
0.968	14.074	40.050
0.968	14.058	40.049
0.967	14.050	40.051
0.967	14.045	40.050
0.966	14.040	40.050
0.965	14.021	40.048
0.965	14.017	40.050
0.965	14.012	40.050
0.964	14.001	40.047
0.964	13.996	40.045
0.962	13.976	40.050
0.961	13.956	40.049
0.961	13.949	40.051
0.960	13.937	40.046
0.959	13.920	40.047
0.958	13.893	40.045
0.957	13.887	40.048
0.956	13.870	40.048
0.954	13.856	40.048
0.954	13.838	40.048
0.953	13.829	40.046
0.952	13.815	40.049
0.951	13.797	40.045
0.949	13.776	40.046
0.948	13.743	40.047
0.947	13.733	40.049
0.946	13.724	40.047
0.946	13.717	40.047
0.946	13.706	40.047
0.945	13.696	40.048
0.944	13.688	40.047
0.944	13.684	40.047
0.943	13.677	40.042
0.943	13.671	40.046
0.942	13.649	40.044
0.942	13.652	40.045
0.941	13.645	40.044
0.941	13.637	40.045
0.941	13.637	40.044
0.941	13.637	40.044
0.941	13.632	40.044
0.941	13.623	40.044
0.940	13.615	40.044
0.940	13.611	40.042
0.940	13.609	40.042
0.940	13.606	40.043
0.939	13.603	40.045
0.938	13.597	40.045
0.938	13.586	40.044
0.937	13.574	40.043
0.937	13.565	40.044
0.937	13.562	40.044
0.937	13.558	40.042
0.937	13.550	40.039
0.936	13.559	40.041
0.936	13.555	40.042
0.936	13.550	40.043
0.936	13.544	40.041
0.936	13.537	40.044
0.935	13.530	40.043
0.935	13.525	40.040
0.935	13.525	40.042
0.935	13.513	40.037
0.935	13.519	40.038
0.934	13.519	40.039
0.934	13.513	40.040
0.933	13.507	40.039
0.933	13.499	40.041
0.932	13.491	40.039
0.932	13.479	40.039
0.931	13.467	40.041
0.930	13.460	40.041
0.930	13.450	40.039
0.930	13.461	40.039
0.931	13.461	40.039
0.931	13.461	40.039
0.931	13.461	40.040
0.931	13.460	40.038
0.931	13.461	40.039
0.931	13.460	40.036
0.931	13.461	40.039
0.931	13.450	40.037
0.931	13.455	40.037
0.931	13.462	40.038
0.931	13.461	40.036
0.931	13.461	40.037
0.931	13.460	40.036
0.931	13.460	40.038
0.931	13.461	40.036
0.931	13.461	40.037
0.931	13.460	40.035
0.931	13.458	40.036
0.930	13.455	40.038
0.930	13.452	40.034
0.930	13.446	40.037
0.930	13.440	40.034
0.929	13.432	40.037
0.928	13.425	40.033
0.928	13.416	40.033
0.927	13.405	40.034
0.927	13.388	40.034
0.926	13.392	40.034
0.926	13.395	40.034
0.926	13.391	40.030
0.926	13.383	40.034
0.925	13.372	40.034
0.925	13.364	40.032
0.924	13.354	40.034
0.923	13.348	40.031
0.923	13.337	40.031
0.922	13.333	40.034
0.922	13.323	40.029
0.922	13.332	40.031
0.922	13.332	40.030
0.921	13.325	40.032
0.920	13.311	40.033
0.919	13.290	40.030
0.918	13.269	40.030
0.917	13.259	40.028
0.917	13.252	40.026
0.916	13.237	40.027
0.916	13.244	40.027
0.916	13.239	40.026
0.915	13.232	40.027
0.915	13.222	40.027
0.914	13.220	40.026
0.914	13.214	40.029
0.913	13.208	40.027
0.913	13.200	40.027
0.913	13.191	40.029
0.912	13.196	40.026
0.912	13.188	40.028
0.912	13.181	40.027
0.911	13.177	40.025
0.911	13.175	40.025
0.911	13.174	40.022
0.911	13.174	40.023
0.911	13.174	40.025
0.911	13.164	40.023
0.911	13.167	40.025
0.911	13.171	40.022
0.911	13.171	40.025
0.911	13.170	40.026
0.911	13.169	40.024
0.911	13.169	40.022
0.911	13.169	40.022
0.911	13.168	40.021
0.911	13.162	40.024
0.911	13.158	40.022
0.911	13.168	40.021
0.911	13.168	40.021
0.911	13.166	40.018
0.911	13.166	40.020
0.911	13.162	40.020
0.911	13.159	40.020
0.911	13.157	40.020
0.911	13.151	40.020
0.910	13.148	40.019
0.910	13.145	40.021
0.910	13.134	40.020
0.910	13.145	40.020
0.910	13.146	40.018
0.910	13.144	40.018
0.910	13.142	40.018
0.910	13.140	40.019
0.909	13.139	40.017
0.909	13.137	40.019
0.909	13.135	40.016
0.909	13.121	40.018
0.909	13.126	40.016
0.909	13.123	40.017
0.909	13.123	40.016
0.909	13.121	40.016
0.909	13.120	40.014
0.909	13.120	40.014
0.909	13.118	40.014
0.909	13.111	40.014
0.908	13.104	40.017
0.908	13.110	40.012
0.908	13.110	40.014
0.908	13.111	40.013
0.908	13.110	40.012
0.908	13.110	40.010
0.908	13.110	40.013
0.908	13.109	40.011
0.907	13.104	40.011
0.907	13.101	40.011
0.907	13.092	40.012
0.906	13.083	40.010
0.906	13.069	40.011
0.906	13.063	40.011
0.905	13.056	40.011
0.905	13.049	40.009
0.904	13.047	40.010
0.904	13.040	40.009
0.903	13.032	40.009
0.903	13.022	40.011
0.902	13.025	40.010
0.902	13.023	40.011
0.901	13.017	40.009
0.901	13.006	40.009
0.901	12.996	40.009
0.899	12.981	40.008
0.899	12.965	40.008
0.898	12.954	40.008
0.897	12.939	40.006
0.897	12.939	40.008
0.897	12.936	40.007
0.896	12.926	40.009
0.896	12.919	40.006
0.895	12.909	40.006
0.895	12.905	40.007
0.895	12.891	40.004
0.894	12.889	40.007
0.894	12.887	40.006
0.894	12.887	40.004
0.894	12.881	40.002
0.894	12.878	40.003
0.894	12.887	40.003
0.894	12.884	40.006
0.893	12.878	40.003
0.893	12.874	40.002
0.893	12.870	40.002
0.892	12.864	40.005
0.892	12.849	40.001
0.891	12.844	40.002
0.891	12.851	40.002
0.890	12.841	40.001
0.888	12.819	40.001
0.887	12.796	40.001
0.886	12.781	40.002
0.886	12.779	40.002
0.885	12.770	40.000
0.884	12.754	39.998
0.884	12.744	39.999
0.883	12.740	39.997
0.883	12.732	39.999
0.882	12.724	40.000
0.882	12.722	39.997
0.882	12.717	39.998
0.882	12.711	39.997
0.882	12.701	39.996
0.882	12.695	39.997
0.881	12.689	39.993
0.881	12.676	39.994
0.881	12.684	39.993
0.881	12.683	39.995
0.881	12.675	39.995
0.880	12.668	39.993
0.880	12.659	39.994
0.880	12.659	39.995
0.879	12.658	39.994
0.879	12.650	39.993
0.877	12.616	39.991
0.876	12.603	39.992
0.875	12.588	39.992
0.874	12.574	39.993
0.874	12.567	39.992
0.873	12.558	39.991
0.872	12.541	39.993
0.871	12.534	39.987
0.870	12.523	39.988
0.870	12.510	39.991
0.869	12.499	39.992
0.869	12.479	39.984
0.868	12.476	39.988
0.868	12.476	39.988
0.867	12.474	39.988
0.867	12.464	39.987
0.867	12.452	39.986
0.866	12.439	39.986
0.865	12.433	39.986
0.865	12.423	39.984
0.865	12.427	39.984
0.865	12.429	39.984
0.863	12.416	39.980
0.863	12.415	39.986
0.863	12.415	39.983
0.862	12.400	39.982
0.862	12.390	39.983
0.861	12.390	39.983
0.861	12.387	39.982
0.861	12.380	39.983
0.860	12.373	39.984
0.860	12.366	39.980
0.859	12.350	39.981
0.858	12.332	39.983
0.858	12.327	39.981
0.858	12.318	39.976
0.857	12.311	39.981
0.857	12.305	39.980
0.857	12.292	39.980
0.857	12.294	39.979
0.856	12.292	39.977
0.856	12.287	39.980
0.856	12.282	39.978
0.856	12.280	39.975
0.855	12.279	39.978
0.855	12.276	39.981
0.855	12.275	39.977
0.855	12.274	39.978
0.855	12.266	39.977
0.856	12.276	39.976
0.856	12.277	39.973
0.855	12.276	39.976
0.855	12.276	39.975
0.856	12.275	39.976
0.856	12.275	39.972
0.856	12.274	39.975
0.855	12.271	39.976
0.855	12.268	39.972
0.855	12.267	39.974
0.855	12.253	39.973
0.855	12.260	39.972
0.855	12.262	39.972
0.854	12.256	39.970
0.854	12.250	39.970
0.854	12.248	39.971
0.854	12.244	39.969
0.854	12.243	39.971
0.854	12.232	39.970
0.854	12.244	39.968
0.854	12.244	39.968
0.854	12.244	39.968
0.854	12.244	39.968
0.854	12.244	39.968
0.854	12.243	39.965
0.854	12.242	39.967
0.854	12.241	39.968
0.852	12.205	39.966
0.851	12.191	39.967
0.851	12.190	39.966
0.851	12.189	39.966
0.851	12.189	39.966
0.850	12.187	39.964
0.850	12.183	39.966
0.849	12.165	39.965
0.848	12.159	39.964
0.848	12.156	39.964
0.847	12.137	39.967
0.846	12.128	39.964
0.846	12.118	39.964
0.845	12.104	39.965
0.845	12.097	39.964
0.844	12.088	39.962
0.844	12.083	39.961
0.843	12.076	39.962
0.843	12.072	39.961
0.842	12.059	39.962
0.842	12.048	39.962
0.842	12.052	39.961
0.842	12.049	39.961
0.842	12.048	39.962
0.841	12.038	39.961
0.841	12.036	39.961
0.841	12.033	39.958
0.841	12.029	39.961
0.840	12.024	39.960
0.840	12.017	39.958
0.840	12.012	39.957
0.839	11.998	39.960
0.839	12.000	39.960
0.839	12.001	39.958
0.839	11.999	39.958
0.839	11.998	39.958
0.839	11.996	39.955
0.839	11.995	39.957
0.839	11.990	39.958
0.839	11.987	39.958
0.839	11.994	39.958
0.839	11.993	39.956
0.839	11.995	39.955
0.839	11.993	39.956
0.839	11.995	39.955
0.839	11.992	39.955
0.839	11.989	39.954
0.838	11.987	39.955
0.838	11.983	39.955
0.838	11.982	39.954
0.837	11.979	39.955
0.837	11.979	39.954
0.838	11.979	39.952
0.837	11.976	39.953
0.837	11.974	39.954
0.836	11.969	39.953
0.836	11.968	39.955
0.836	11.963	39.954
0.835	11.951	39.951
0.834	11.947	39.955
0.834	11.937	39.952
0.833	11.926	39.952
0.832	11.917	39.952
0.831	11.901	39.951
0.831	11.898	39.953
0.830	11.888	39.949
0.829	11.872	39.952
0.829	11.859	39.947
0.829	11.865	39.952
0.828	11.858	39.948
0.828	11.853	39.950
0.827	11.847	39.947
0.826	11.825	39.950
0.825	11.805	39.947
0.823	11.778	39.947
0.821	11.746	39.951
0.820	11.740	39.949
0.820	11.739	39.949
0.821	11.736	39.947
0.820	11.719	39.947
0.820	11.722	39.948
0.819	11.718	39.947
0.819	11.706	39.947
0.818	11.691	39.945
0.817	11.671	39.947
0.816	11.660	39.946
0.815	11.638	39.944
0.815	11.633	39.943
0.814	11.622	39.945
0.812	11.602	39.946
0.812	11.584	39.942
0.810	11.560	39.942
0.809	11.546	39.943
0.807	11.523	39.942
0.806	11.514	39.945
0.806	11.512	39.945
0.806	11.511	39.941
0.805	11.492	39.942
0.805	11.478	39.943
0.804	11.478	39.941
0.804	11.472	39.939
0.804	11.464	39.941
0.804	11.462	39.940
0.804	11.454	39.941
0.803	11.452	39.939
0.803	11.442	39.938
0.802	11.439	39.940
0.802	11.446	39.938
0.802	11.446	39.943
0.802	11.447	39.939
0.802	11.445	39.937
0.802	11.440	39.940
0.801	11.438	39.937
0.801	11.434	39.938
0.801	11.426	39.935
0.801	11.416	39.938
0.801	11.426	39.937
0.801	11.422	39.936
0.800	11.418	39.937
0.800	11.409	39.935
0.800	11.401	39.936
0.799	11.400	39.934
0.799	11.390	39.937
0.798	11.384	39.935
0.798	11.381	39.934
0.797	11.374	39.933
0.797	11.367	39.936
0.796	11.353	39.930
0.796	11.358	39.934
0.797	11.358	39.934
0.796	11.353	39.935
0.796	11.353	39.933
0.796	11.353	39.932
0.796	11.344	39.932
0.796	11.331	39.930
0.795	11.328	39.929
0.795	11.326	39.929
0.794	11.315	39.931
0.794	11.307	39.929
0.794	11.305	39.929
0.794	11.304	39.930
0.793	11.301	39.932
0.793	11.300	39.929
0.793	11.291	39.929
0.792	11.282	39.930
0.792	11.279	39.929
0.791	11.272	39.929
0.791	11.268	39.931
0.791	11.261	39.926
0.790	11.255	39.927
0.790	11.247	39.928
0.790	11.243	39.926
0.790	11.242	39.926
0.789	11.228	39.928
0.789	11.224	39.929
0.788	11.214	39.927
0.787	11.198	39.926
0.786	11.179	39.926
0.784	11.161	39.925
0.784	11.146	39.928
0.783	11.138	39.926
0.783	11.132	39.924
0.782	11.126	39.925
0.782	11.122	39.926
0.782	11.110	39.927
0.781	11.108	39.924
0.781	11.103	39.925
0.780	11.096	39.926
0.779	11.093	39.921
0.779	11.086	39.927
0.778	11.076	39.923
0.777	11.065	39.924
0.777	11.060	39.922
0.777	11.056	39.924
0.777	11.050	39.922
0.776	11.034	39.924
0.776	11.033	39.925
0.775	11.028	39.921
0.775	11.020	39.921
0.774	11.011	39.925
0.774	11.013	39.923
0.774	11.002	39.923
0.773	10.995	39.922
0.773	10.991	39.922
0.773	10.987	39.923
0.773	10.987	39.923
0.773	10.988	39.921
0.772	10.985	39.920
0.772	10.974	39.923
0.772	10.964	39.919
0.771	10.955	39.922
0.770	10.939	39.921
0.769	10.932	39.921
0.769	10.935	39.919
0.769	10.933	39.919
0.769	10.934	39.919
0.770	10.931	39.919
0.769	10.925	39.920
0.769	10.918	39.917
0.768	10.909	39.915
0.767	10.902	39.918
0.767	10.889	39.919
0.766	10.890	39.916
0.765	10.876	39.919
0.765	10.859	39.918
0.764	10.844	39.919
0.764	10.829	39.916
0.763	10.820	39.918
0.763	10.815	39.917
0.763	10.815	39.916
0.763	10.815	39.916
0.763	10.812	39.918
0.763	10.803	39.919
0.762	10.803	39.916
0.761	10.787	39.919
0.760	10.771	39.918
0.760	10.767	39.916
0.760	10.767	39.916
0.760	10.765	39.917
0.760	10.757	39.917
0.759	10.746	39.918
0.758	10.726	39.916
0.756	10.707	39.915
0.755	10.687	39.917
0.755	10.688	39.917
0.755	10.682	39.918
0.755	10.677	39.915
0.754	10.672	39.914
0.754	10.667	39.916
0.753	10.657	39.916
0.752	10.650	39.914
0.752	10.645	39.916
0.752	10.639	39.913
0.752	10.626	39.914
0.751	10.625	39.914
0.751	10.620	39.915
0.750	10.613	39.913
0.749	10.600	39.913
0.748	10.585	39.914
0.748	10.571	39.914
0.747	10.569	39.912
0.747	10.567	39.912
0.747	10.567	39.914
0.747	10.568	39.914
0.747	10.567	39.912
0.747	10.562	39.914
0.746	10.554	39.913
0.745	10.544	39.912
0.745	10.535	39.915
0.744	10.526	39.912
0.743	10.519	39.912
0.743	10.510	39.911
0.742	10.505	39.913
0.742	10.499	39.912
0.741	10.489	39.911
0.741	10.480	39.912
0.740	10.465	39.910
0.740	10.456	39.910
0.739	10.441	39.913
0.739	10.439	39.911
0.738	10.436	39.910
0.738	10.428	39.909
0.737	10.422	39.912
0.737	10.415	39.911
0.737	10.408	39.911
0.736	10.398	39.911
0.736	10.388	39.910
0.735	10.380	39.911
0.735	10.375	39.910
0.735	10.368	39.913
0.734	10.364	39.908
0.734	10.352	39.912
0.734	10.357	39.909
0.734	10.353	39.910
0.733	10.344	39.909
0.732	10.336	39.909
0.732	10.329	39.909
0.731	10.315	39.909
0.731	10.307	39.911
0.731	10.305	39.910
0.730	10.302	39.909
0.730	10.301	39.908
0.730	10.293	39.909
0.730	10.291	39.908
0.730	10.284	39.907
0.728	10.268	39.907
0.727	10.248	39.909
0.726	10.219	39.908
0.724	10.209	39.909
0.723	10.187	39.909
0.723	10.182	39.907
0.723	10.182	39.906
0.723	10.181	39.907
0.722	10.181	39.906
0.722	10.174	39.909
0.722	10.168	39.908
0.721	10.149	39.907
0.721	10.144	39.908
0.721	10.145	39.907
0.721	10.143	39.906
0.721	10.143	39.906
0.721	10.143	39.904
0.721	10.143	39.907
0.720	10.143	39.904
0.720	10.144	39.904
0.720	10.144	39.905
0.719	10.134	39.906
0.719	10.132	39.905
0.717	10.110	39.905
0.716	10.096	39.907
0.716	10.097	39.905
0.716	10.096	39.905
0.716	10.095	39.905
0.716	10.085	39.904
0.715	10.074	39.906
0.714	10.065	39.906
0.714	10.062	39.905
0.714	10.060	39.904
0.714	10.060	39.905
0.714	10.059	39.906
0.714	10.059	39.905
0.714	10.059	39.906
0.714	10.056	39.905
0.714	10.052	39.905
0.714	10.048	39.904
0.713	10.042	39.905
0.713	10.046	39.904
0.713	10.046	39.906
0.713	10.042	39.907
0.713	10.037	39.906
0.712	10.031	39.904
0.711	10.019	39.902
0.710	10.010	39.905
0.710	9.999	39.905
0.709	9.991	39.905
0.709	9.987	39.905
0.708	9.979	39.906
0.708	9.970	39.905
0.707	9.960	39.904
0.707	9.955	39.904
0.707	9.953	39.905
0.707	9.951	39.906
0.707	9.949	39.905
0.707	9.945	39.906
0.707	9.940	39.905
0.707	9.948	39.905
0.707	9.949	39.905
0.707	9.948	39.907
0.707	9.947	39.904
0.707	9.938	39.903
0.706	9.927	39.906
0.706	9.918	39.904
0.705	9.910	39.904
0.705	9.895	39.906
0.705	9.895	39.905
0.704	9.888	39.905
0.704	9.887	39.905
0.704	9.886	39.904
0.704	9.883	39.904
0.704	9.882	39.905
0.704	9.882	39.906
0.704	9.883	39.906
0.704	9.880	39.905
0.704	9.876	39.908
0.704	9.875	39.906
0.703	9.873	39.906
0.703	9.869	39.906
0.703	9.871	39.907
0.703	9.866	39.906
0.703	9.861	39.906
0.702	9.851	39.906
0.702	9.850	39.906
0.702	9.840	39.906
0.701	9.835	39.907
0.701	9.835	39.906
0.701	9.829	39.905
0.701	9.828	39.906
0.701	9.821	39.905
0.700	9.819	39.906
0.700	9.817	39.905
0.700	9.818	39.905
0.700	9.814	39.904
0.699	9.811	39.907
0.699	9.802	39.905
0.699	9.799	39.905
0.699	9.793	39.906
0.698	9.792	39.904
0.698	9.788	39.906
0.698	9.784	39.906
0.697	9.780	39.905
0.697	9.778	39.907
0.698	9.770	39.907
0.697	9.767	39.908
0.697	9.766	39.907
0.696	9.763	39.907
0.695	9.756	39.906
0.695	9.751	39.905
0.694	9.741	39.905
0.694	9.740	39.907
0.694	9.736	39.904
0.694	9.733	39.904
0.694	9.729	39.908
0.694	9.730	39.907
0.693	9.724	39.907
0.693	9.724	39.906
0.693	9.719	39.907
0.693	9.719	39.905
0.692	9.717	39.907
0.692	9.710	39.906
0.691	9.698	39.904
0.690	9.688	39.907
0.690	9.684	39.906
0.690	9.683	39.906
0.690	9.683	39.907
0.690	9.685	39.908
0.690	9.684	39.908
0.690	9.680	39.906
0.689	9.668	39.906
0.689	9.664	39.905
0.689	9.660	39.907
0.689	9.656	39.906
0.689	9.661	39.907
0.688	9.658	39.907
0.688	9.656	39.906
0.688	9.652	39.906
0.688	9.646	39.907
0.687	9.644	39.907
0.687	9.634	39.907
0.687	9.631	39.905
0.686	9.628	39.905
0.685	9.607	39.906
0.684	9.595	39.906
0.684	9.595	39.905
0.684	9.595	39.905
0.684	9.593	39.907
0.684	9.592	39.906
0.684	9.591	39.906
0.684	9.591	39.905
0.684	9.589	39.905
0.684	9.584	39.906
0.684	9.593	39.907
0.684	9.591	39.907
0.684	9.585	39.906
0.683	9.583	39.907
0.683	9.581	39.906
0.683	9.575	39.906
0.682	9.570	39.905
0.682	9.564	39.907
0.681	9.551	39.908
0.681	9.540	39.907
0.680	9.536	39.907
0.679	9.532	39.908
0.679	9.523	39.907
0.678	9.500	39.906
0.676	9.474	39.906
0.676	9.457	39.906
0.675	9.443	39.907
0.674	9.434	39.906
0.673	9.424	39.905
0.673	9.422	39.905
0.672	9.417	39.906
0.672	9.412	39.907
0.672	9.401	39.906
0.671	9.384	39.908
0.670	9.368	39.905
0.670	9.356	39.906
0.669	9.344	39.906
0.669	9.332	39.905
0.668	9.326	39.906
0.668	9.326	39.907
0.668	9.322	39.905
0.667	9.316	39.905
0.666	9.310	39.905
0.666	9.302	39.905
0.665	9.291	39.904
0.664	9.284	39.904
0.664	9.276	39.904
0.663	9.265	39.907
0.662	9.255	39.906
0.661	9.241	39.905
0.660	9.229	39.904
0.660	9.226	39.905
0.659	9.216	39.904
0.659	9.197	39.904
0.658	9.192	39.904
0.658	9.192	39.905
0.658	9.191	39.905
0.658	9.191	39.906
0.658	9.192	39.906
0.658	9.189	39.906
0.658	9.188	39.904
0.657	9.182	39.904
0.657	9.176	39.906
0.656	9.170	39.905
0.656	9.167	39.904
0.656	9.164	39.903
0.655	9.155	39.907
0.655	9.154	39.905
0.654	9.150	39.905
0.654	9.148	39.905
0.654	9.144	39.905
0.654	9.139	39.906
0.653	9.128	39.904
0.653	9.112	39.905
0.652	9.102	39.905
0.652	9.094	39.905
0.651	9.088	39.905
0.651	9.082	39.905
0.650	9.070	39.903
0.650	9.062	39.903
0.649	9.054	39.904
0.649	9.043	39.904
0.649	9.033	39.904
0.648	9.033	39.903
0.648	9.032	39.906
0.649	9.024	39.903
0.649	9.031	39.904
0.649	9.030	39.905
0.649	9.027	39.904
0.649	9.026	39.905
0.649	9.021	39.903
0.648	9.017	39.903
0.648	9.017	39.902
0.648	9.016	39.903
0.648	9.012	39.904
0.647	9.003	39.903
0.647	8.992	39.904
0.646	8.984	39.903
0.646	8.980	39.902
0.645	8.971	39.902
0.645	8.965	39.903
0.645	8.963	39.903
0.645	8.960	39.901
0.644	8.959	39.903
0.644	8.952	39.904
0.644	8.952	39.901
0.644	8.949	39.900
0.644	8.948	39.900
0.643	8.940	39.903
0.642	8.929	39.904
0.642	8.921	39.903
0.641	8.912	39.902
0.641	8.901	39.901
0.640	8.896	39.905
0.640	8.890	39.902
0.640	8.884	39.901
0.639	8.881	39.904
0.638	8.872	39.903
0.637	8.862	39.903
0.637	8.853	39.901
0.636	8.843	39.902
0.636	8.838	39.901
0.636	8.829	39.901
0.636	8.826	39.902
0.635	8.821	39.900
0.635	8.815	39.902
0.635	8.814	39.901
0.635	8.816	39.902
0.635	8.814	39.901
0.635	8.814	39.902
0.635	8.806	39.899
0.631	8.769	39.899
0.628	8.720	39.899
0.627	8.704	39.899
0.627	8.705	39.902
0.627	8.705	39.902
0.627	8.704	39.902
0.626	8.699	39.900
0.626	8.692	39.900
0.626	8.688	39.902
0.625	8.679	39.901
0.625	8.668	39.899
0.623	8.653	39.897
0.621	8.623	39.900
0.620	8.606	39.899
0.620	8.599	39.902
0.620	8.594	39.897
0.620	8.586	39.898
0.620	8.581	39.896
0.619	8.576	39.897
0.619	8.573	39.899
0.620	8.570	39.898
0.620	8.568	39.894
0.619	8.559	39.899
0.619	8.557	39.897
0.619	8.556	39.899
0.618	8.554	39.898
0.618	8.550	39.900
0.618	8.542	39.897
0.617	8.537	39.896
0.617	8.525	39.895
0.616	8.512	39.897
0.616	8.504	39.895
0.615	8.486	39.896
0.613	8.473	39.897
0.613	8.467	39.897
0.612	8.459	39.894
0.612	8.456	39.898
0.611	8.451	39.894
0.611	8.441	39.895
0.610	8.425	39.895
0.609	8.409	39.895
0.609	8.404	39.895
0.609	8.400	39.894
0.608	8.395	39.897
0.607	8.382	39.893
0.607	8.368	39.894
0.607	8.363	39.896
0.607	8.363	39.895
0.607	8.363	39.895
0.607	8.362	39.892
0.607	8.362	39.893
0.607	8.363	39.895
0.607	8.362	39.892
0.606	8.360	39.893
0.606	8.356	39.891
0.606	8.352	39.893
0.606	8.353	39.894
0.606	8.353	39.891
0.606	8.352	39.891
0.606	8.350	39.891
0.606	8.352	39.891
0.606	8.353	39.892
0.606	8.353	39.893
0.606	8.353	39.890
0.606	8.352	39.894
0.606	8.353	39.890
0.606	8.351	39.893
0.606	8.343	39.896
0.604	8.321	39.889
0.604	8.322	39.894
0.604	8.324	39.893
0.604	8.325	39.889
0.603	8.318	39.890
0.602	8.302	39.892
0.602	8.295	39.891
0.601	8.289	39.893
0.601	8.285	39.892
0.600	8.275	39.888
0.599	8.252	39.887
0.597	8.240	39.888
0.596	8.222	39.888
0.595	8.212	39.889
0.594	8.192	39.889
0.593	8.176	39.888
0.592	8.156	39.890
0.591	8.149	39.889
0.591	8.141	39.889
0.590	8.123	39.887
0.589	8.118	39.889
0.589	8.105	39.889
0.588	8.088	39.889
0.588	8.081	39.889
0.588	8.081	39.889
0.587	8.066	39.887
0.586	8.044	39.887
0.586	8.043	39.889
0.586	8.042	39.888
0.586	8.037	39.885
0.585	8.034	39.886
0.585	8.025	39.887
0.583	8.008	39.887
0.582	7.985	39.886
0.581	7.969	39.889
0.580	7.959	39.889
0.579	7.950	39.886
0.579	7.947	39.887
0.578	7.932	39.885
0.578	7.927	39.888
0.578	7.928	39.885
0.578	7.924	39.889
0.577	7.921	39.887
0.577	7.910	39.883
0.576	7.899	39.884
0.576	7.895	39.887
0.575	7.886	39.886
0.575	7.876	39.885
0.574	7.864	39.886
0.574	7.867	39.885
0.574	7.868	39.881
0.574	7.868	39.885
0.574	7.868	39.886
0.574	7.867	39.886
0.574	7.867	39.884
0.574	7.868	39.885
0.574	7.868	39.887
0.573	7.854	39.883
0.570	7.811	39.883
0.569	7.793	39.884
0.568	7.785	39.882
0.568	7.783	39.880
0.567	7.771	39.885
0.566	7.756	39.882
0.565	7.746	39.883
0.565	7.740	39.881
0.564	7.731	39.880
0.562	7.707	39.882
0.561	7.682	39.883
0.561	7.676	39.884
0.560	7.668	39.883
0.560	7.666	39.882
0.559	7.650	39.884
0.558	7.626	39.879
0.558	7.621	39.881
0.558	7.621	39.881
0.558	7.619	39.879
0.558	7.617	39.877
0.558	7.617	39.879
0.558	7.617	39.883
0.558	7.617	39.879
0.558	7.617	39.882
0.558	7.617	39.882
0.558	7.613	39.879
0.558	7.605	39.880
0.557	7.595	39.881
0.557	7.593	39.879
0.555	7.574	39.878
0.555	7.568	39.878
0.555	7.565	39.881
0.555	7.564	39.879
0.555	7.564	39.880
0.555	7.559	39.880
0.554	7.554	39.877
0.554	7.544	39.879
0.553	7.539	39.877
0.553	7.533	39.875
0.553	7.532	39.875
0.553	7.532	39.879
0.552	7.526	39.878
0.552	7.515	39.876
0.550	7.497	39.877
0.549	7.478	39.876
0.549	7.470	39.879
0.548	7.460	39.878
0.548	7.455	39.876
0.547	7.447	39.875
0.547	7.440	39.876
0.546	7.422	39.877
0.545	7.411	39.875
0.545	7.407	39.877
0.545	7.406	39.874
0.545	7.405	39.877
0.545	7.405	39.875
0.545	7.405	39.876
0.545	7.406	39.871
0.544	7.399	39.874
0.543	7.382	39.874
0.541	7.352	39.874
0.539	7.335	39.873
0.538	7.324	39.872
0.538	7.323	39.874
0.538	7.319	39.874
0.537	7.312	39.872
0.537	7.305	39.874
0.536	7.296	39.874
0.536	7.287	39.872
0.535	7.274	39.871
0.534	7.263	39.873
0.534	7.248	39.871
0.533	7.239	39.871
0.532	7.230	39.871
0.532	7.221	39.873
0.531	7.214	39.871
0.531	7.211	39.869
0.531	7.212	39.870
0.531	7.203	39.871
0.530	7.184	39.870
0.529	7.175	39.873
0.529	7.169	39.870
0.529	7.167	39.872
0.529	7.167	39.869
0.529	7.166	39.871
0.529	7.162	39.870
0.529	7.153	39.867
0.528	7.143	39.868
0.527	7.136	39.867
0.527	7.130	39.870
0.526	7.120	39.864
0.525	7.107	39.869
0.525	7.100	39.867
0.524	7.094	39.867
0.524	7.091	39.864
0.524	7.080	39.867
0.523	7.076	39.866
0.523	7.066	39.865
0.523	7.059	39.868
0.522	7.057	39.867
0.522	7.056	39.865
0.522	7.056	39.864
0.522	7.055	39.864
0.522	7.051	39.864
0.522	7.045	39.866
0.521	7.035	39.862
0.521	7.032	39.864
0.520	7.027	39.863
0.519	7.014	39.862
0.517	6.993	39.862
0.516	6.967	39.862
0.515	6.953	39.862
0.514	6.939	39.861
0.514	6.934	39.863
0.514	6.934	39.858
0.513	6.922	39.861
0.512	6.912	39.860
0.512	6.907	39.863
0.511	6.899	39.862
0.511	6.894	39.859
0.511	6.891	39.859
0.511	6.886	39.858
0.510	6.879	39.860
0.509	6.871	39.858
0.508	6.860	39.861
0.508	6.860	39.860
0.508	6.860	39.860
0.508	6.857	39.860
0.507	6.843	39.858
0.507	6.836	39.857
0.506	6.825	39.857
0.505	6.814	39.859
0.504	6.799	39.855
0.503	6.785	39.856
0.503	6.774	39.857
0.502	6.769	39.857
0.502	6.762	39.856
0.501	6.750	39.857
0.501	6.738	39.856
0.501	6.735	39.855
0.501	6.733	39.856
0.501	6.731	39.855
0.501	6.731	39.856
0.500	6.719	39.858
0.499	6.687	39.855
0.498	6.677	39.854
0.498	6.674	39.855
0.497	6.666	39.856
0.496	6.653	39.855
0.496	6.647	39.854
0.496	6.643	39.856
0.495	6.641	39.852
0.495	6.637	39.852
0.495	6.628	39.854
0.494	6.621	39.852
0.494	6.616	39.852
0.493	6.603	39.852
0.493	6.594	39.853
0.492	6.591	39.853
0.492	6.581	39.851
0.491	6.575	39.851
0.491	6.570	39.853
0.491	6.567	39.849
0.490	6.560	39.850
0.490	6.553	39.852
0.490	6.544	39.849
0.490	6.538	39.852
0.489	6.533	39.847
0.488	6.525	39.849
0.488	6.511	39.849
0.487	6.506	39.850
0.487	6.496	39.851
0.487	6.494	39.848
0.486	6.493	39.846
0.486	6.481	39.846
0.485	6.470	39.849
0.485	6.470	39.848
0.485	6.470	39.846
0.485	6.470	39.849
0.485	6.470	39.846
0.485	6.470	39.848
0.484	6.463	39.844
0.484	6.458	39.844
0.484	6.454	39.845
0.483	6.447	39.845
0.483	6.440	39.846
0.482	6.427	39.843
0.481	6.420	39.846
0.480	6.409	39.845
0.480	6.401	39.843
0.479	6.386	39.842
0.479	6.376	39.840
0.478	6.371	39.843
0.477	6.369	39.841
0.477	6.361	39.844
0.476	6.350	39.841
0.475	6.341	39.843
0.475	6.335	39.839
0.474	6.327	39.840
0.474	6.323	39.838
0.474	6.313	39.840
0.473	6.307	39.840
0.473	6.301	39.841
0.473	6.296	39.840
0.472	6.291	39.839
0.472	6.287	39.838
0.472	6.285	39.841
0.472	6.275	39.837
0.472	6.263	39.840
0.471	6.257	39.838
0.471	6.250	39.835
0.471	6.248	39.835
0.470	6.233	39.834
0.469	6.226	39.833
0.469	6.222	39.832
0.468	6.216	39.833
0.468	6.211	39.834
0.467	6.201	39.835
0.467	6.194	39.834
0.466	6.184	39.834
0.466	6.174	39.832
0.465	6.164	39.833
0.464	6.154	39.834
0.464	6.146	39.832
0.464	6.140	39.830
0.463	6.135	39.830
0.463	6.126	39.831
0.462	6.111	39.829
0.462	6.104	39.830
0.462	6.104	39.830
0.461	6.096	39.829
0.461	6.091	39.831
0.460	6.085	39.827
0.460	6.079	39.827
0.459	6.070	39.830
0.459	6.062	39.828
0.459	6.054	39.827
0.458	6.042	39.829
0.458	6.039	39.829
0.457	6.034	39.826
0.457	6.027	39.827
0.456	6.018	39.826
0.456	6.016	39.827
0.456	6.008	39.828
0.456	6.006	39.824
0.456	6.006	39.825
0.456	5.997	39.825
0.455	5.982	39.827
0.454	5.971	39.826
0.453	5.969	39.825
0.453	5.969	39.825
0.453	5.969	39.825
0.453	5.967	39.822
0.453	5.964	39.826
0.452	5.959	39.822
0.452	5.957	39.821
0.452	5.957	39.822
0.452	5.957	39.823
0.452	5.955	39.820
0.451	5.949	39.820
0.451	5.945	39.817
0.450	5.945	39.817
0.450	5.941	39.816
0.449	5.936	39.821
0.449	5.933	39.818
0.448	5.924	39.818
0.447	5.918	39.819
0.446	5.910	39.818
0.445	5.908	39.819
0.445	5.908	39.818
0.445	5.908	39.817
0.445	5.906	39.816
0.445	5.903	39.819
0.444	5.898	39.816
0.444	5.896	39.816
0.443	5.895	39.816
0.443	5.889	39.814
0.442	5.884	39.817
0.442	5.884	39.817
0.441	5.883	39.815
0.441	5.881	39.814
0.441	5.880	39.813
0.441	5.880	39.816
0.441	5.880	39.814
0.441	5.877	39.816
0.441	5.874	39.817
0.440	5.872	39.814
0.439	5.868	39.813
0.439	5.866	39.812
0.439	5.865	39.812
0.438	5.862	39.813
0.438	5.861	39.814
0.438	5.859	39.811
0.437	5.859	39.812
0.436	5.858	39.813
0.436	5.858	39.809
0.436	5.856	39.813
0.436	5.855	39.812
0.436	5.855	39.812
0.436	5.853	39.809
0.436	5.853	39.811
0.435	5.851	39.808
0.435	5.848	39.808
0.434	5.847	39.809
0.434	5.847	39.807
0.434	5.845	39.809
0.433	5.844	39.810
0.433	5.841	39.807
0.432	5.837	39.809
0.432	5.835	39.808
0.431	5.835	39.808
0.431	5.834	39.806
0.431	5.833	39.810
0.430	5.831	39.804
0.430	5.830	39.806
0.430	5.830	39.807
0.430	5.829	39.807
0.430	5.829	39.805
0.429	5.827	39.806
0.429	5.825	39.806
0.429	5.825	39.806
0.429	5.826	39.804
0.429	5.824	39.804
0.429	5.823	39.807
0.428	5.823	39.805
0.428	5.822	39.803
0.428	5.822	39.806
0.427	5.821	39.805
0.427	5.821	39.804
0.427	5.821	39.803
0.426	5.818	39.805
0.426	5.816	39.803
0.426	5.816	39.805
0.426	5.815	39.804
0.426	5.815	39.804
0.426	5.814	39.803
0.426	5.814	39.803
0.425	5.811	39.805
0.425	5.811	39.802
0.424	5.811	39.801
0.424	5.811	39.804
0.424	5.811	39.804
0.423	5.810	39.803
0.423	5.809	39.802
0.422	5.806	39.803
0.422	5.804	39.800
0.422	5.803	39.801
0.421	5.802	39.801
0.421	5.800	39.801
0.421	5.801	39.802
0.421	5.801	39.800
0.421	5.801	39.802
0.421	5.801	39.801
0.421	5.801	39.801
0.421	5.801	39.801
0.420	5.798	39.802
0.419	5.798	39.801
0.419	5.798	39.801
0.418	5.796	39.800
0.417	5.794	39.801
0.417	5.792	39.801
0.416	5.789	39.801
0.415	5.786	39.801
0.415	5.786	39.801
0.414	5.786	39.799
0.414	5.784	39.800
0.413	5.781	39.800
0.413	5.781	39.800
0.413	5.780	39.800
0.412	5.778	39.800
0.412	5.777	39.798
0.412	5.775	39.799
0.412	5.774	39.798
0.412	5.774	39.800
0.412	5.774	39.800
0.411	5.772	39.799
0.411	5.771	39.799
0.410	5.769	39.798
0.409	5.768	39.799
0.409	5.768	39.798
0.408	5.767	39.797
0.408	5.765	39.798
0.407	5.763	39.796
0.407	5.762	39.798
0.407	5.762	39.801
0.407	5.762	39.798
0.405	5.756	39.795
0.404	5.753	39.796
0.404	5.751	39.799
0.403	5.750	39.797
0.403	5.750	39.796
0.402	5.750	39.797
0.402	5.748	39.797
0.401	5.747	39.797
0.401	5.747	39.797
0.401	5.746	39.794
0.400	5.744	39.796
0.399	5.741	39.795
0.399	5.738	39.796
0.397	5.737	39.798
0.397	5.736	39.795
0.396	5.735	39.795
0.396	5.734	39.794
0.396	5.733	39.796
0.396	5.731	39.796
0.396	5.730	39.798
0.396	5.730	39.797
0.395	5.729	39.796
0.395	5.728	39.795
0.394	5.725	39.796
0.393	5.723	39.796
0.392	5.723	39.797
0.392	5.723	39.797
0.392	5.721	39.797
0.391	5.720	39.797
0.391	5.717	39.793
0.390	5.715	39.798
0.389	5.713	39.797
0.388	5.713	39.795
0.388	5.712	39.794
0.387	5.711	39.794
0.387	5.709	39.797
0.386	5.708	39.795
0.386	5.706	39.794
0.386	5.704	39.795
0.385	5.704	39.795
0.385	5.704	39.793
0.385	5.702	39.795
0.384	5.701	39.795
0.384	5.701	39.793
0.384	5.700	39.794
0.384	5.700	39.796
0.384	5.698	39.797
0.383	5.695	39.794
0.382	5.692	39.794
0.382	5.689	39.796
0.381	5.688	39.795
0.381	5.688	39.795
0.381	5.687	39.796
0.380	5.685	39.795
0.380	5.683	39.791
0.379	5.682	39.793
0.379	5.682	39.794
0.379	5.683	39.794
0.379	5.682	39.794
0.379	5.681	39.795
0.379	5.682	39.794
0.378	5.683	39.793
0.378	5.682	39.791
0.377	5.682	39.791
0.376	5.682	39.793
0.375	5.682	39.795
0.374	5.682	39.796
0.373	5.681	39.794
0.372	5.684	39.793
0.372	5.683	39.792
0.371	5.682	39.795
0.371	5.682	39.796
0.370	5.682	39.791
0.370	5.683	39.793
0.369	5.682	39.792
0.368	5.682	39.793
0.367	5.682	39.790
0.367	5.682	39.792
0.366	5.682	39.793
0.366	5.682	39.793
0.366	5.682	39.792
0.365	5.683	39.791
0.365	5.682	39.791
0.364	5.683	39.792
0.362	5.682	39.793
0.362	5.683	39.792
0.362	5.682	39.792
0.362	5.682	39.792
0.361	5.682	39.793
0.360	5.682	39.794
0.359	5.682	39.792
0.358	5.683	39.788
0.358	5.682	39.791
0.358	5.682	39.792
0.356	5.682	39.793
0.356	5.682	39.795
0.356	5.682	39.793
0.355	5.684	39.790
0.355	5.682	39.793
0.354	5.683	39.790
0.354	5.683	39.791
0.353	5.682	39.791
0.353	5.682	39.793
0.352	5.682	39.794
0.350	5.682	39.792
0.349	5.682	39.794
0.349	5.682	39.791
0.349	5.682	39.792
0.349	5.681	39.795
0.348	5.682	39.793
0.348	5.682	39.786
0.347	5.681	39.791
0.347	5.681	39.792
0.346	5.682	39.794
0.345	5.682	39.791
0.344	5.681	39.791
0.343	5.682	39.790
0.342	5.682	39.792
0.342	5.681	39.792
0.342	5.683	39.794
0.342	5.682	39.790
0.342	5.682	39.790
0.342	5.682	39.792
0.342	5.682	39.791
0.342	5.682	39.791
0.342	5.682	39.792
0.342	5.682	39.789
0.342	5.682	39.792
0.342	5.682	39.790
0.342	5.682	39.788
0.342	5.682	39.789
0.342	5.682	39.792
0.342	5.682	39.792
0.342	5.682	39.789
0.342	5.682	39.793
0.342	5.683	39.788
0.342	5.682	39.791
0.342	5.682	39.790
0.342	5.683	39.790
0.342	5.682	39.789
0.342	5.683	39.791
0.342	5.682	39.789
0.342	5.682	39.790
0.342	5.682	39.789
0.342	5.682	39.790
0.342	5.681	39.789
0.342	5.683	39.789
