0.550	15.593	6.067
0.550	15.593	6.079
@
0.552	15.593	6.088
0.552	15.593	6.092
@
0.558	15.592	6.165
0.558	15.592	6.171
@
0.568	15.594	6.299
0.568	15.594	6.311
@
0.571	15.592	6.346
0.571	15.592	6.352
@
0.579	15.593	6.433
0.579	15.593	6.445
@
0.582	15.590	6.473
0.582	15.590	6.480
@
0.588	15.590	6.542
0.588	15.590	6.555
@
0.597	15.591	6.653
0.597	15.591	6.661
0.597	15.591	6.666
@
0.614	15.587	6.887
0.614	15.587	6.894
@
0.617	15.588	6.919
0.617	15.588	6.921
@
0.623	15.588	6.995
0.623	15.588	7.003
@
0.630	15.589	7.074
0.630	15.589	7.085
@
0.631	15.588	7.092
0.631	15.588	7.097
@
0.645	15.586	7.282
0.645	15.586	7.288
@
0.664	15.586	7.507
0.664	15.586	7.515
@
0.666	15.585	7.528
0.666	15.585	7.532
@
0.669	15.583	7.568
0.669	15.583	7.574
@
0.670	15.584	7.585
0.670	15.584	7.589
@
0.678	15.582	7.690
0.678	15.582	7.700
@
0.681	15.584	7.729
0.681	15.584	7.739
@
0.684	15.583	7.760
0.684	15.583	7.773
@
0.691	15.583	7.845
0.691	15.583	7.849
0.691	15.583	7.850
@
0.698	15.582	7.933
0.698	15.582	7.943
@
0.706	15.580	8.022
0.706	15.580	8.032
@
0.709	15.581	8.071
0.709	15.581	8.081
@
0.712	15.582	8.118
0.712	15.582	8.126
@
0.716	15.579	8.176
0.716	15.579	8.179
@
0.723	15.581	8.252
0.723	15.581	8.260
@
0.732	15.580	8.361
0.732	15.580	8.362
@
0.745	15.575	8.510
0.745	15.575	8.529
@
0.747	15.578	8.556
0.747	15.578	8.559
@
0.751	15.577	8.614
0.751	15.577	8.618
@
0.763	15.574	8.765
0.763	15.574	8.774
@
0.767	15.575	8.807
0.767	15.575	8.813
@
0.769	15.574	8.836
0.769	15.574	8.838
0.769	15.574	8.841
@
0.771	15.575	8.861
0.771	15.575	8.868
@
0.776	15.574	8.923
0.776	15.574	8.931
@
0.780	15.573	8.972
0.780	15.573	8.980
@
0.782	15.574	9.008
0.782	15.574	9.014
@
0.790	15.573	9.108
0.790	15.573	9.113
@
0.802	15.573	9.253
0.802	15.573	9.260
@
0.804	15.570	9.277
0.804	15.570	9.277
@
0.804	15.573	9.266
0.804	15.573	9.277
@
0.806	15.572	9.294
0.806	15.572	9.300
@
0.809	15.570	9.328
0.809	15.570	9.340
@
0.810	15.571	9.351
0.810	15.571	9.359
@
0.817	15.569	9.439
0.817	15.569	9.452
@
0.820	15.570	9.485
0.820	15.570	9.491
@
0.827	15.570	9.583
0.827	15.570	9.587
@
0.839	15.568	9.717
0.839	15.568	9.723
@
0.845	15.568	9.788
0.845	15.568	9.801
@
0.861	15.567	10.007
0.861	15.567	10.008
0.861	15.567	10.014
@
0.884	15.565	10.277
0.884	15.565	10.291
@
0.891	15.565	10.375
0.891	15.565	10.376
@
0.895	15.565	10.434
0.895	15.565	10.443
@
0.905	15.565	10.555
0.905	15.565	10.558
0.905	15.565	10.559
@
0.911	15.564	10.621
0.911	15.564	10.632
@
0.913	15.562	10.645
0.913	15.562	10.649
@
0.917	15.563	10.696
0.917	15.563	10.706
@
0.938	15.562	10.976
0.938	15.562	10.984
@
0.951	15.561	11.125
0.951	15.561	11.129
@
0.964	15.559	11.299
0.964	15.559	11.307
0.964	15.559	11.312
@
0.981	15.559	11.515
0.981	15.559	11.516
@
1.016	15.557	11.951
1.016	15.557	11.959
@
1.017	15.557	11.963
1.017	15.557	11.969
1.017	15.557	11.977
@
1.062	15.552	12.524
1.062	15.552	12.537
@
1.079	15.554	12.746
1.079	15.554	12.754
@
1.099	15.553	12.986
1.099	15.553	13.000
@
1.100	15.552	13.007
1.100	15.552	13.015
1.100	15.552	13.025
@
1.106	15.552	13.082
1.106	15.552	13.091
1.106	15.552	13.100
@
1.117	15.548	13.207
1.117	15.548	13.227
@
1.133	15.552	13.405
1.133	15.552	13.416
@
1.136	15.547	13.446
1.136	15.547	13.455
@
1.136	15.548	13.436
1.136	15.548	13.441
@
1.140	15.546	13.489
1.140	15.546	13.504
@
1.145	15.545	13.561
1.145	15.545	13.562
@
1.146	15.545	13.559
1.146	15.545	13.583
@
1.146	15.547	13.562
1.146	15.547	13.578
1.146	15.547	13.582
@
1.146	15.548	13.570
1.146	15.548	13.588
@
1.180	15.544	14.001
1.180	15.544	14.005
@
1.204	15.542	14.293
1.204	15.542	14.293
@
1.213	15.540	14.404
1.213	15.540	14.419
@
1.218	15.540	14.477
1.218	15.540	14.479
@
1.219	15.541	14.490
1.219	15.541	14.493
@
1.222	15.539	14.520
1.222	15.539	14.529
@
1.246	15.538	14.818
1.246	15.538	14.831
@
1.261	15.535	15.001
1.261	15.535	15.010
@
1.273	15.533	15.161
1.273	15.533	15.164
@
1.282	15.533	15.264
1.282	15.533	15.275
@
1.285	15.529	15.308
1.285	15.529	15.318
@
1.287	15.531	15.333
1.287	15.531	15.343
@
1.293	15.529	15.393
1.293	15.529	15.411
@
1.293	15.530	15.401
1.293	15.530	15.407
@
1.294	15.529	15.423
1.294	15.529	15.433
@
1.299	15.527	15.479
1.299	15.527	15.489
@
1.307	15.526	15.581
1.307	15.526	15.586
1.307	15.526	15.588
@
1.319	15.526	15.711
1.319	15.526	15.715
1.319	15.526	15.720
@
1.320	15.526	15.728
1.320	15.526	15.739
@
1.322	15.524	15.756
1.322	15.524	15.760
@
1.322	15.525	15.761
1.322	15.525	15.770
@
1.324	15.524	15.784
1.324	15.524	15.795
@
1.327	15.523	15.820
1.327	15.523	15.826
@
1.333	15.521	15.896
1.333	15.521	15.900
@
1.336	15.521	15.920
1.336	15.521	15.924
1.336	15.521	15.930
@
1.339	15.518	15.971
1.339	15.518	15.972
@
1.340	15.518	15.965
1.340	15.518	15.979
@
1.340	15.519	15.969
1.340	15.519	15.974
@
1.340	15.520	15.968
1.340	15.520	15.970
@
1.346	15.518	16.053
1.346	15.518	16.057
@
1.347	15.517	16.056
1.347	15.517	16.065
@
1.348	15.519	16.070
1.348	15.519	16.078
@
1.349	15.514	16.076
1.349	15.514	16.083
@
1.354	15.515	16.147
1.354	15.515	16.150
@
1.357	15.514	16.185
1.357	15.514	16.191
@
1.358	15.512	16.190
1.358	15.512	16.198
@
1.359	15.512	16.214
1.359	15.512	16.219
@
1.359	15.514	16.204
1.359	15.514	16.211
@
1.360	15.512	16.234
1.360	15.512	16.238
@
1.363	15.510	16.272
1.363	15.510	16.273
@
1.364	15.511	16.272
1.364	15.511	16.278
@
1.366	15.510	16.300
1.366	15.510	16.303
1.366	15.510	16.306
@
1.367	15.507	16.308
1.367	15.507	16.310
@
1.371	15.508	16.357
1.371	15.508	16.361
@
1.372	15.508	16.366
1.372	15.508	16.367
@
1.376	15.506	16.418
1.376	15.506	16.423
@
1.377	15.506	16.423
1.377	15.506	16.428
1.377	15.506	16.431
1.377	15.506	16.432
@
1.392	15.502	16.585
1.392	15.502	16.615
@
1.393	15.502	16.622
1.393	15.502	16.632
@
1.394	15.502	16.626
1.394	15.502	16.627
@
1.395	15.498	16.629
1.395	15.498	16.646
@
1.395	15.500	16.633
1.395	15.500	16.651
@
1.396	15.499	16.655
1.396	15.499	16.659
1.396	15.499	16.661
@
1.400	15.497	16.704
1.400	15.497	16.714
@
1.405	15.497	16.765
1.405	15.497	16.772
@
1.410	15.496	16.826
1.410	15.496	16.832
1.410	15.496	16.837
@
1.414	15.496	16.860
1.414	15.496	16.874
@
1.415	15.493	16.884
1.415	15.493	16.894
@
1.416	15.494	16.901
1.416	15.494	16.904
@
1.424	15.491	16.973
1.424	15.491	16.976
@
1.430	15.488	17.053
1.430	15.488	17.074
@
1.433	15.488	17.103
1.433	15.488	17.106
@
1.436	15.484	17.151
1.436	15.484	17.163
@
1.436	15.486	17.145
1.436	15.486	17.148
1.436	15.486	17.158
@
1.449	15.481	17.317
1.449	15.481	17.319
@
1.450	15.483	17.322
1.450	15.483	17.334
@
1.468	15.476	17.540
1.468	15.476	17.543
@
1.471	15.476	17.576
1.471	15.476	17.590
@
1.471	15.477	17.564
1.471	15.477	17.577
@
1.472	15.476	17.598
1.472	15.476	17.605
@
1.474	15.474	17.621
1.474	15.474	17.633
@
1.485	15.470	17.756
1.485	15.470	17.761
1.485	15.470	17.765
@
1.507	15.466	18.030
1.507	15.466	18.034
1.507	15.466	18.037
@
1.519	15.465	18.173
1.519	15.465	18.182
@
1.525	15.461	18.233
1.525	15.461	18.237
1.525	15.461	18.239
@
1.538	15.459	18.406
1.538	15.459	18.414
@
1.545	15.453	18.490
1.545	15.453	18.501
@
1.548	15.453	18.542
1.548	15.453	18.544
@
1.554	15.451	18.636
1.554	15.451	18.644
@
1.557	15.451	18.643
1.557	15.451	18.651
@
1.559	15.450	18.679
1.559	15.450	18.689
@
1.560	15.449	18.692
1.560	15.449	18.705
@
1.561	15.448	18.701
1.561	15.448	18.701
1.561	15.448	18.710
1.561	15.448	18.713
1.561	15.448	18.716
@
1.566	15.449	18.748
1.566	15.449	18.759
@
1.573	15.445	18.866
1.573	15.445	18.872
@
1.578	15.444	18.891
1.578	15.444	18.907
@
1.579	15.442	18.929
1.579	15.442	18.936
@
1.580	15.444	18.944
1.580	15.444	18.948
@
1.583	15.441	18.965
1.583	15.441	18.988
1.583	15.441	18.995
@
1.584	15.439	19.005
1.584	15.439	19.020
@
1.596	15.438	19.148
1.596	15.438	19.157
@
1.598	15.436	19.171
1.598	15.436	19.171
1.598	15.436	19.175
@
1.602	15.437	19.215
1.602	15.437	19.225
@
1.604	15.435	19.231
1.604	15.435	19.237
1.604	15.435	19.246
@
1.614	15.433	19.367
1.614	15.433	19.377
@
1.618	15.430	19.422
1.618	15.430	19.443
@
1.621	15.431	19.470
1.621	15.431	19.479
@
1.634	15.427	19.604
1.634	15.427	19.620
@
1.648	15.426	19.804
1.648	15.426	19.811
@
1.654	15.424	19.863
1.654	15.424	19.879
@
1.654	15.425	19.871
1.654	15.425	19.878
1.654	15.425	19.885
@
1.654	15.426	19.879
1.654	15.426	19.880
@
1.655	15.424	19.894
1.655	15.424	19.896
@
1.656	15.424	19.885
1.656	15.424	19.895
@
1.658	15.423	19.905
1.658	15.423	19.934
@
1.659	15.424	19.926
1.659	15.424	19.944
@
1.661	15.422	19.948
1.661	15.422	19.958
@
1.666	15.422	20.044
1.666	15.422	20.053
@
1.667	15.422	20.047
1.667	15.422	20.058
@
1.671	15.420	20.079
1.671	15.420	20.103
@
1.680	15.417	20.186
1.680	15.417	20.207
@
1.695	15.417	20.383
1.695	15.417	20.394
1.695	15.417	20.398
@
1.696	15.418	20.422
1.696	15.418	20.429
@
1.697	15.418	20.432
1.697	15.418	20.446
@
1.699	15.415	20.457
1.699	15.415	20.476
@
1.702	15.414	20.498
1.702	15.414	20.507
@
1.703	15.414	20.503
1.703	15.414	20.522
@
1.708	15.411	20.563
1.708	15.411	20.563
1.708	15.411	20.569
@
1.710	15.412	20.581
1.710	15.412	20.586
@
1.713	15.410	20.613
1.713	15.410	20.625
@
1.716	15.412	20.652
1.716	15.412	20.656
@
1.719	15.410	20.693
1.719	15.410	20.705
@
1.723	15.410	20.738
1.723	15.410	20.738
@
1.724	15.409	20.733
1.724	15.409	20.756
@
1.726	15.409	20.767
1.726	15.409	20.773
@
1.727	15.407	20.772
1.727	15.407	20.793
@
1.728	15.406	20.801
1.728	15.406	20.805
1.728	15.406	20.805
@
1.730	15.404	20.840
1.730	15.404	20.846
@
1.730	15.405	20.814
1.730	15.405	20.820
@
1.731	15.402	20.834
1.731	15.402	20.857
1.731	15.402	20.862
@
1.731	15.403	20.853
1.731	15.403	20.858
@
1.731	15.404	20.830
1.731	15.404	20.855
@
1.731	15.405	20.846
1.731	15.405	20.854
@
1.732	15.401	20.858
1.732	15.401	20.863
@
1.732	15.402	20.852
1.732	15.402	20.860
1.732	15.402	20.886
@
1.733	15.400	20.889
1.733	15.400	20.898
@
1.737	15.398	20.946
1.737	15.398	20.961
@
1.738	15.397	20.969
1.738	15.397	20.972
@
1.739	15.397	20.964
1.739	15.397	20.969
1.739	15.397	20.972
@
1.749	15.392	21.031
1.749	15.392	21.045
@
1.752	15.392	21.049
1.752	15.392	21.050
1.752	15.392	21.052
@
1.754	15.389	21.043
1.754	15.389	21.045
