		
		
		
@
7.106	15.654	0.637
7.106	15.654	0.637
@
7.898	15.660	0.698
7.898	15.660	0.699
@
7.922	15.659	0.700
7.922	15.659	0.700
@
8.044	15.659	0.711
8.044	15.659	0.711
8.044	15.659	0.711
@
8.196	15.661	0.723
8.196	15.661	0.723
@
8.200	15.660	0.723
8.200	15.660	0.723
@
8.887	15.663	0.778
8.887	15.663	0.779
@
10.728	15.672	0.924
10.728	15.672	0.924
@
10.730	15.672	0.923
10.730	15.672	0.924
@
10.742	15.674	0.924
10.742	15.674	0.925
@
12.183	15.680	1.040
12.183	15.680	1.041
@
12.261	15.682	1.046
12.261	15.682	1.046
@
12.263	15.682	1.046
12.263	15.682	1.046
@
12.264	15.682	1.046
12.264	15.682	1.046
@
13.211	15.687	1.121
13.211	15.687	1.121
@
14.470	15.696	1.221
14.470	15.696	1.221
@
15.283	15.702	1.286
15.283	15.702	1.286
@
17.175	15.636	1.440
17.175	15.636	1.441
@
17.832	15.634	1.494
17.832	15.634	1.495
@
19.031	15.647	1.585
19.031	15.647	1.585
@
19.885	15.656	1.654
19.885	15.656	1.655
