		
		
		
@
6.220	20.398	0.554
6.220	20.398	0.554
@
8.264	20.396	0.713
8.264	20.396	0.713
@
8.310	20.395	0.716
8.310	20.395	0.716
@
10.666	20.388	0.900
10.666	20.388	0.901
@
11.729	20.385	0.982
11.729	20.385	0.983
@
11.964	20.383	1.001
11.964	20.383	1.001
@
13.098	20.383	1.089
13.098	20.383	1.089
@
14.007	20.381	1.161
14.007	20.381	1.161
@
14.007	20.382	1.161
14.007	20.382	1.161
@
14.008	20.382	1.161
14.008	20.382	1.161
@
14.426	20.385	1.193
14.426	20.385	1.194
@
14.429	20.382	1.193
14.429	20.382	1.193
@
14.445	20.383	1.194
14.445	20.383	1.194
@
14.771	20.383	1.221
14.771	20.383	1.221
14.771	20.383	1.221
@
19.606	20.362	1.602
19.606	20.362	1.603
