0.555	20.393	6.186
0.555	20.393	6.188
@
0.598	20.392	6.723
0.598	20.392	6.729
0.598	20.392	6.740
@
0.600	20.393	6.759
0.600	20.393	6.764
0.600	20.393	6.770
@
0.600	20.395	6.772
0.600	20.395	6.775
@
0.622	20.399	7.042
0.622	20.399	7.052
@
0.663	20.393	7.565
0.663	20.393	7.572
@
0.664	20.393	7.581
0.664	20.393	7.591
@
0.686	20.394	7.858
0.686	20.394	7.879
@
0.693	20.392	7.959
0.693	20.392	7.966
@
0.693	20.393	7.958
0.693	20.393	7.968
@
0.702	20.393	8.073
0.702	20.393	8.081
@
0.705	20.394	8.118
0.705	20.394	8.123
@
0.728	20.393	8.401
0.728	20.393	8.410
@
0.740	20.391	8.556
0.740	20.391	8.557
@
0.794	20.390	9.261
0.794	20.390	9.265
@
0.797	20.390	9.290
0.797	20.390	9.300
@
0.821	20.390	9.588
0.821	20.390	9.616
@
0.821	20.391	9.596
0.821	20.391	9.597
@
0.821	20.393	9.606
0.821	20.393	9.607
@
0.835	20.391	9.778
0.835	20.391	9.781
0.835	20.391	9.785
0.835	20.391	9.786
@
0.835	20.392	9.774
0.835	20.392	9.782
0.835	20.392	9.783
0.835	20.392	9.784
0.835	20.392	9.786
0.835	20.392	9.790
@
0.867	20.391	10.181
0.867	20.391	10.186
@
0.870	20.391	10.221
0.870	20.391	10.229
0.870	20.391	10.235
0.870	20.391	10.240
@
0.871	20.389	10.245
0.871	20.389	10.250
@
0.874	20.393	10.279
0.874	20.393	10.291
@
0.875	20.393	10.291
0.875	20.393	10.303
@
0.897	20.392	10.566
0.897	20.392	10.573
@
0.905	20.390	10.672
0.905	20.390	10.687
@
0.907	20.391	10.704
0.907	20.391	10.706
@
0.907	20.393	10.709
0.907	20.393	10.714
@
0.926	20.394	10.941
0.926	20.394	10.947
0.926	20.394	10.952
@
0.929	20.390	10.983
0.929	20.390	10.994
@
0.932	20.390	11.035
0.932	20.390	11.038
@
0.932	20.393	11.022
0.932	20.393	11.029
@
0.969	20.389	11.511
0.969	20.389	11.519
@
0.970	20.388	11.516
0.970	20.388	11.519
@
0.970	20.389	11.520
0.970	20.389	11.520
0.970	20.389	11.522
@
0.970	20.393	11.510
0.970	20.393	11.520
@
0.973	20.391	11.554
0.973	20.391	11.558
@
0.977	20.390	11.598
0.977	20.390	11.605
0.977	20.390	11.609
@
0.980	20.390	11.646
0.980	20.390	11.649
@
0.981	20.389	11.657
0.981	20.389	11.663
@
0.993	20.389	11.809
0.993	20.389	11.815
@
0.996	20.389	11.848
0.996	20.389	11.853
@
0.998	20.389	11.871
0.998	20.389	11.880
@
1.005	20.390	11.957
1.005	20.390	11.970
@
1.007	20.389	11.986
1.007	20.389	11.988
@
1.017	20.390	12.124
1.017	20.390	12.129
@
1.036	20.389	12.354
1.036	20.389	12.365
@
1.039	20.388	12.400
1.039	20.388	12.411
@
1.044	20.389	12.470
1.044	20.389	12.480
@
1.051	20.391	12.563
1.051	20.391	12.568
@
1.055	20.391	12.623
1.055	20.391	12.628
@
1.062	20.388	12.695
1.062	20.388	12.710
@
1.063	20.388	12.714
1.063	20.388	12.721
@
1.073	20.389	12.839
1.073	20.389	12.855
@
1.082	20.392	12.948
1.082	20.392	12.955
@
1.085	20.391	13.003
1.085	20.391	13.019
@
1.087	20.391	13.030
1.087	20.391	13.035
@
1.088	20.389	13.047
1.088	20.389	13.048
1.088	20.389	13.049
@
1.088	20.390	13.036
1.088	20.390	13.044
@
1.089	20.388	13.057
1.089	20.388	13.058
@
1.091	20.388	13.079
1.091	20.388	13.089
@
1.091	20.389	13.074
1.091	20.389	13.086
@
1.093	20.389	13.110
1.093	20.389	13.113
@
1.097	20.388	13.147
1.097	20.388	13.150
1.097	20.388	13.159
@
1.103	20.387	13.220
1.103	20.387	13.222
@
1.105	20.388	13.234
1.105	20.388	13.250
@
1.106	20.388	13.256
1.106	20.388	13.259
@
1.110	20.389	13.315
1.110	20.389	13.318
1.110	20.389	13.321
@
1.121	20.390	13.452
1.121	20.390	13.459
@
1.124	20.389	13.501
1.124	20.389	13.503
1.124	20.389	13.510
1.124	20.389	13.513
@
1.139	20.390	13.677
1.139	20.390	13.682
@
1.144	20.389	13.744
1.144	20.389	13.753
@
1.146	20.389	13.782
1.146	20.389	13.790
@
1.147	20.391	13.786
1.147	20.391	13.791
@
1.148	20.389	13.806
1.148	20.389	13.811
@
1.149	20.391	13.815
1.149	20.391	13.818
@
1.150	20.394	13.824
1.150	20.394	13.831
@
1.151	20.390	13.852
1.151	20.390	13.855
@
1.154	20.394	13.879
1.154	20.394	13.888
@
1.155	20.390	13.898
1.155	20.390	13.904
@
1.155	20.391	13.897
1.155	20.391	13.903
@
1.156	20.391	13.918
1.156	20.391	13.922
@
1.156	20.393	13.904
1.156	20.393	13.926
@
1.157	20.391	13.928
1.157	20.391	13.931
@
1.159	20.392	13.953
1.159	20.392	13.955
1.159	20.392	13.955
@
1.162	20.390	13.995
1.162	20.390	14.001
@
1.162	20.392	14.002
1.162	20.392	14.006
@
1.164	20.395	14.012
1.164	20.395	14.019
@
1.167	20.393	14.053
1.167	20.393	14.060
@
1.168	20.396	14.056
1.168	20.396	14.061
@
1.169	20.392	14.069
1.169	20.392	14.075
1.169	20.392	14.076
@
1.170	20.394	14.082
1.170	20.394	14.085
@
1.175	20.392	14.148
1.175	20.392	14.154
@
1.176	20.392	14.165
1.176	20.392	14.171
@
1.179	20.394	14.183
1.179	20.394	14.188
1.179	20.394	14.194
@
1.181	20.391	14.223
1.181	20.391	14.233
@
1.182	20.391	14.239
1.182	20.391	14.249
@
1.192	20.388	14.377
1.192	20.388	14.384
@
1.193	20.390	14.389
1.193	20.390	14.403
@
1.195	20.388	14.429
1.195	20.388	14.437
@
1.207	20.388	14.556
1.207	20.388	14.561
1.207	20.388	14.564
@
1.207	20.390	14.563
1.207	20.390	14.574
@
1.210	20.387	14.610
1.210	20.387	14.612
1.210	20.387	14.615
@
1.211	20.388	14.620
1.211	20.388	14.624
@
1.213	20.385	14.644
1.213	20.385	14.648
@
1.213	20.386	14.644
1.213	20.386	14.644
1.213	20.386	14.646
1.213	20.386	14.648
1.213	20.386	14.656
@
1.213	20.388	14.636
1.213	20.388	14.648
@
1.222	20.384	14.762
1.222	20.384	14.774
@
1.227	20.383	14.837
1.227	20.383	14.838
@
1.227	20.384	14.832
1.227	20.384	14.844
1.227	20.384	14.848
@
1.228	20.384	14.856
1.228	20.384	14.856
@
1.228	20.385	14.857
1.228	20.385	14.861
@
1.229	20.385	14.856
1.229	20.385	14.864
@
1.232	20.383	14.890
1.232	20.383	14.903
1.232	20.383	14.905
1.232	20.383	14.910
1.232	20.383	14.918
@
1.239	20.380	15.000
1.239	20.380	15.002
@
1.240	20.381	15.002
1.240	20.381	15.005
@
1.244	20.380	15.031
1.244	20.380	15.031
@
1.246	20.380	15.059
1.246	20.380	15.072
@
1.252	20.380	15.139
1.252	20.380	15.148
@
1.254	20.377	15.173
1.254	20.377	15.174
@
1.255	20.379	15.181
1.255	20.379	15.186
@
1.258	20.377	15.229
1.258	20.377	15.244
@
1.258	20.378	15.222
1.258	20.378	15.222
1.258	20.378	15.224
@
1.259	20.379	15.248
1.259	20.379	15.259
@
1.261	20.377	15.270
1.261	20.377	15.273
@
1.262	20.375	15.288
1.262	20.375	15.292
@
1.262	20.376	15.283
1.262	20.376	15.293
@
1.263	20.374	15.312
1.263	20.374	15.314
1.263	20.374	15.315
@
1.263	20.378	15.286
1.263	20.378	15.288
1.263	20.378	15.307
1.263	20.378	15.309
@
1.264	20.375	15.308
1.264	20.375	15.317
@
1.265	20.374	15.327
1.265	20.374	15.331
@
1.265	20.376	15.332
1.265	20.376	15.336
@
1.268	20.374	15.371
1.268	20.374	15.375
1.268	20.374	15.377
@
1.269	20.374	15.380
1.269	20.374	15.383
@
1.270	20.373	15.384
1.270	20.373	15.388
1.270	20.373	15.392
@
1.281	20.373	15.515
1.281	20.373	15.519
@
1.286	20.372	15.578
1.286	20.372	15.583
@
1.287	20.372	15.588
1.287	20.372	15.596
@
1.287	20.373	15.590
1.287	20.373	15.598
1.287	20.373	15.601
@
1.288	20.372	15.614
1.288	20.372	15.618
@
1.288	20.373	15.607
1.288	20.373	15.610
@
1.288	20.374	15.609
1.288	20.374	15.611
@
1.295	20.373	15.694
1.295	20.373	15.698
1.295	20.373	15.704
1.295	20.373	15.710
@
1.298	20.372	15.739
1.298	20.372	15.752
@
1.300	20.374	15.764
1.300	20.374	15.774
1.300	20.374	15.784
@
1.302	20.371	15.794
1.302	20.371	15.808
@
1.302	20.373	15.796
1.302	20.373	15.802
@
1.306	20.371	15.847
1.306	20.371	15.856
@
1.310	20.370	15.906
1.310	20.370	15.907
@
1.320	20.371	15.989
1.320	20.371	16.001
@
1.325	20.372	16.059
1.325	20.372	16.072
@
1.328	20.371	16.100
1.328	20.371	16.106
1.328	20.371	16.113
@
1.330	20.371	16.124
1.330	20.371	16.127
@
1.332	20.370	16.150
1.332	20.370	16.169
1.332	20.370	16.172
@
1.333	20.371	16.178
1.333	20.371	16.185
@
1.335	20.371	16.202
1.335	20.371	16.209
@
1.336	20.371	16.221
1.336	20.371	16.226
@
1.337	20.371	16.225
1.337	20.371	16.232
@
1.337	20.373	16.235
1.337	20.373	16.242
@
1.339	20.369	16.270
1.339	20.369	16.272
@
1.341	20.370	16.271
1.341	20.370	16.285
@
1.342	20.370	16.297
1.342	20.370	16.312
@
1.343	20.371	16.320
1.343	20.371	16.326
@
1.344	20.371	16.322
1.344	20.371	16.335
@
1.349	20.369	16.373
1.349	20.369	16.384
@
1.353	20.371	16.413
1.353	20.371	16.418
@
1.355	20.370	16.440
1.355	20.370	16.444
@
1.357	20.370	16.463
1.357	20.370	16.467
@
1.359	20.370	16.478
1.359	20.370	16.498
@
1.360	20.371	16.505
1.360	20.371	16.512
@
1.376	20.368	16.716
1.376	20.368	16.724
@
1.381	20.369	16.798
1.381	20.369	16.804
@
1.387	20.369	16.847
1.387	20.369	16.848
@
1.391	20.369	16.879
1.391	20.369	16.907
@
1.393	20.368	16.909
1.393	20.368	16.919
@
1.394	20.367	16.921
1.394	20.367	16.930
1.394	20.367	16.931
@
1.394	20.368	16.931
1.394	20.368	16.937
@
1.399	20.367	16.988
1.399	20.367	16.993
@
1.401	20.367	17.014
1.401	20.367	17.026
@
1.407	20.367	17.098
1.407	20.367	17.114
@
1.411	20.366	17.163
1.411	20.366	17.173
@
1.414	20.368	17.200
1.414	20.368	17.212
@
1.419	20.368	17.270
1.419	20.368	17.279
@
1.420	20.367	17.283
1.420	20.367	17.294
@
1.423	20.368	17.302
1.423	20.368	17.305
1.423	20.368	17.309
@
1.424	20.368	17.307
1.424	20.368	17.334
@
1.436	20.367	17.456
1.436	20.367	17.471
@
1.437	20.366	17.482
1.437	20.366	17.487
@
1.441	20.366	17.529
1.441	20.366	17.542
@
1.457	20.366	17.757
1.457	20.366	17.761
@
1.458	20.366	17.761
1.458	20.366	17.763
1.458	20.366	17.763
1.458	20.366	17.763
@
1.459	20.366	17.759
1.459	20.366	17.766
@
1.461	20.365	17.786
1.461	20.365	17.786
@
1.466	20.366	17.850
1.466	20.366	17.857
1.466	20.366	17.862
@
1.467	20.365	17.868
1.467	20.365	17.871
@
1.470	20.366	17.901
1.470	20.366	17.905
1.470	20.366	17.908
@
1.472	20.366	17.923
1.472	20.366	17.932
1.472	20.366	17.941
@
1.475	20.367	17.939
1.475	20.367	17.967
@
1.476	20.365	17.978
1.476	20.365	18.001
@
1.479	20.367	18.022
1.479	20.367	18.035
@
1.480	20.367	18.042
1.480	20.367	18.044
@
1.484	20.367	18.097
1.484	20.367	18.101
@
1.486	20.364	18.140
1.486	20.364	18.149
@
1.493	20.368	18.201
1.493	20.368	18.216
@
1.504	20.365	18.331
1.504	20.365	18.342
@
1.509	20.365	18.396
1.509	20.365	18.417
@
1.513	20.367	18.455
1.513	20.367	18.457
1.513	20.367	18.462
@
1.514	20.365	18.474
1.514	20.365	18.479
1.514	20.365	18.482
@
1.515	20.366	18.496
1.515	20.366	18.511
1.515	20.366	18.516
@
1.519	20.365	18.526
1.519	20.365	18.563
@
1.520	20.365	18.558
1.520	20.365	18.579
@
1.520	20.366	18.566
1.520	20.366	18.567
1.520	20.366	18.571
1.520	20.366	18.586
@
1.524	20.365	18.627
1.524	20.365	18.637
@
1.528	20.366	18.679
1.528	20.366	18.684
@
1.529	20.364	18.683
1.529	20.364	18.688
@
1.531	20.365	18.694
1.531	20.365	18.701
1.531	20.365	18.706
@
1.535	20.365	18.745
1.535	20.365	18.752
@
1.536	20.366	18.757
1.536	20.366	18.765
@
1.538	20.367	18.783
1.538	20.367	18.787
1.538	20.367	18.799
@
1.547	20.366	18.884
1.547	20.366	18.890
@
1.547	20.367	18.889
1.547	20.367	18.900
@
1.548	20.366	18.917
1.548	20.366	18.921
@
1.552	20.367	18.965
1.552	20.367	18.984
@
1.554	20.365	19.010
1.554	20.365	19.022
@
1.555	20.367	19.015
1.555	20.367	19.019
@
1.556	20.365	19.043
1.556	20.365	19.049
1.556	20.365	19.050
1.556	20.365	19.052
@
1.556	20.366	19.050
1.556	20.366	19.054
@
1.556	20.367	19.049
1.556	20.367	19.049
@
1.557	20.366	19.055
1.557	20.366	19.063
@
1.560	20.365	19.100
1.560	20.365	19.103
@
1.561	20.366	19.120
1.561	20.366	19.125
1.561	20.366	19.131
@
1.565	20.367	19.137
1.565	20.367	19.156
1.565	20.367	19.160
@
1.566	20.366	19.163
1.566	20.366	19.163
1.566	20.366	19.164
1.566	20.366	19.174
@
1.568	20.365	19.189
1.568	20.365	19.196
@
1.569	20.368	19.200
1.569	20.368	19.214
@
1.572	20.366	19.237
1.572	20.366	19.239
1.572	20.366	19.244
@
1.580	20.367	19.330
1.580	20.367	19.345
@
1.582	20.366	19.360
1.582	20.366	19.369
@
1.585	20.365	19.402
1.585	20.365	19.427
@
1.586	20.365	19.434
1.586	20.365	19.443
@
1.586	20.366	19.431
1.586	20.366	19.435
@
1.587	20.365	19.451
1.587	20.365	19.463
@
1.591	20.366	19.504
1.591	20.366	19.506
1.591	20.366	19.521
@
1.592	20.364	19.518
1.592	20.364	19.531
@
1.602	20.365	19.618
1.602	20.365	19.634
@
1.602	20.367	19.617
1.602	20.367	19.618
@
1.603	20.365	19.641
1.603	20.365	19.646
@
1.608	20.366	19.675
1.608	20.366	19.684
@
1.609	20.366	19.707
1.609	20.366	19.712
@
1.611	20.366	19.742
1.611	20.366	19.751
@
1.614	20.365	19.779
1.614	20.365	19.784
@
1.617	20.367	19.792
1.617	20.367	19.797
@
1.618	20.365	19.806
1.618	20.365	19.812
@
1.622	20.365	19.875
1.622	20.365	19.880
1.622	20.365	19.890
@
1.624	20.365	19.929
1.624	20.365	19.937
@
1.626	20.368	19.930
1.626	20.368	19.938
@
1.630	20.366	20.002
1.630	20.366	20.005
@
1.636	20.366	20.090
1.636	20.366	20.093
@
1.639	20.367	20.110
1.639	20.367	20.117
@
1.644	20.367	20.178
1.644	20.367	20.185
@
1.648	20.366	20.219
1.648	20.366	20.227
1.648	20.366	20.231
@
1.649	20.365	20.239
1.649	20.365	20.242
@
1.654	20.365	20.300
1.654	20.365	20.303
@
1.655	20.365	20.302
1.655	20.365	20.306
@
1.656	20.368	20.309
1.656	20.368	20.310
@
1.657	20.367	20.337
1.657	20.367	20.347
@
1.658	20.365	20.340
1.658	20.365	20.349
1.658	20.365	20.353
@
1.659	20.367	20.362
1.659	20.367	20.396
@
1.660	20.367	20.393
1.660	20.367	20.407
@
1.662	20.367	20.409
1.662	20.367	20.439
@
1.663	20.367	20.450
1.663	20.367	20.455
@
1.664	20.366	20.455
1.664	20.366	20.467
1.664	20.366	20.470
1.664	20.366	20.474
1.664	20.366	20.478
@
1.674	20.365	20.564
1.674	20.365	20.569
1.674	20.365	20.570
@
1.676	20.365	20.579
1.676	20.365	20.584
@
1.678	20.365	20.612
1.678	20.365	20.622
@
1.682	20.366	20.659
1.682	20.366	20.664
1.682	20.366	20.681
@
1.689	20.367	20.753
1.689	20.367	20.761
@
1.691	20.366	20.788
1.691	20.366	20.806
1.691	20.366	20.813
@
1.691	20.367	20.778
1.691	20.367	20.781
@
1.694	20.365	20.825
1.694	20.365	20.844
@
1.694	20.366	20.837
1.694	20.366	20.857
@
1.697	20.365	20.886
1.697	20.365	20.897
@
1.700	20.367	20.926
1.700	20.367	20.935
@
1.701	20.366	20.940
1.701	20.366	20.965
1.701	20.366	20.974
@
1.703	20.365	20.982
1.703	20.365	20.988
@
1.708	20.365	21.022
1.708	20.365	21.025
@
1.710	20.365	21.003
1.710	20.365	21.015
@
1.713	20.366	21.043
1.713	20.366	21.045
