		
		
		
@
9.582	25.245	0.801
9.582	25.245	0.801
@
9.646	25.245	0.806
9.646	25.245	0.807
@
11.968	25.256	0.984
11.968	25.256	0.984
@
13.078	25.262	1.069
13.078	25.262	1.069
@
13.081	25.262	1.069
13.081	25.262	1.069
@
13.086	25.262	1.069
13.086	25.262	1.069
@
13.843	25.263	1.128
13.843	25.263	1.128
@
15.498	25.269	1.255
15.498	25.269	1.255
@
15.710	25.270	1.274
15.710	25.270	1.274
@
15.714	25.271	1.274
15.714	25.271	1.274
@
15.881	25.273	1.285
15.881	25.273	1.286
@
15.898	25.271	1.287
15.898	25.271	1.288
@
16.267	25.275	1.317
16.267	25.275	1.317
@
16.272	25.274	1.317
16.272	25.274	1.317
@
16.278	25.274	1.317
16.278	25.274	1.317
@
16.422	25.278	1.329
16.422	25.278	1.331
@
16.701	25.284	1.353
16.701	25.284	1.353
@
17.328	25.296	1.400
17.328	25.296	1.400
17.328	25.296	1.401
@
17.346	25.297	1.401
17.346	25.297	1.401
@
17.346	25.298	1.401
17.346	25.298	1.401
17.346	25.298	1.401
@
18.074	25.310	1.457
18.074	25.310	1.458
@
19.782	25.335	1.587
19.782	25.335	1.589
@
20.213	25.345	1.621
20.213	25.345	1.623
