		
		
		
@
0.525	25.210	5.950
0.525	25.210	5.955
@
0.529	25.213	5.994
0.529	25.213	6.003
@
0.561	25.218	6.421
0.561	25.218	6.433
@
0.567	25.219	6.494
0.567	25.219	6.506
@
0.577	25.220	6.635
0.577	25.220	6.641
@
0.582	25.221	6.692
0.582	25.221	6.709
@
0.586	25.221	6.767
0.586	25.221	6.770
@
0.586	25.222	6.763
0.586	25.222	6.773
@
0.598	25.223	6.916
0.598	25.223	6.919
0.598	25.223	6.921
0.598	25.223	6.925
@
0.616	25.226	7.151
0.616	25.226	7.165
@
0.629	25.227	7.330
0.629	25.227	7.332
@
0.673	25.232	7.893
0.673	25.232	7.905
@
0.680	25.233	7.976
0.680	25.233	7.988
@
0.689	25.234	8.096
0.689	25.234	8.107
0.689	25.234	8.112
@
0.698	25.237	8.225
0.698	25.237	8.236
@
0.701	25.237	8.258
0.701	25.237	8.262
0.701	25.237	8.264
@
0.701	25.238	8.261
0.701	25.238	8.264
@
0.719	25.237	8.486
0.719	25.237	8.493
@
0.725	25.239	8.573
0.725	25.239	8.586
@
0.736	25.242	8.713
0.736	25.242	8.728
@
0.749	25.240	8.886
0.749	25.240	8.890
@
0.757	25.243	8.991
0.757	25.243	8.997
@
0.758	25.244	9.010
0.758	25.244	9.016
@
0.790	25.246	9.424
0.790	25.246	9.438
@
0.795	25.245	9.489
0.795	25.245	9.495
@
0.800	25.245	9.566
0.800	25.245	9.570
@
0.801	25.245	9.582
0.801	25.245	9.582
@
0.801	25.246	9.573
0.801	25.246	9.582
@
0.813	25.244	9.723
0.813	25.244	9.729
@
0.814	25.245	9.732
0.814	25.245	9.740
@
0.816	25.248	9.763
0.816	25.248	9.769
@
0.825	25.246	9.878
0.825	25.246	9.886
@
0.840	25.248	10.086
0.840	25.248	10.096
@
0.884	25.250	10.651
0.884	25.250	10.661
@
0.895	25.251	10.805
0.895	25.251	10.812
@
0.916	25.253	11.092
0.916	25.253	11.097
@
0.958	25.254	11.628
0.958	25.254	11.642
@
0.962	25.255	11.679
0.962	25.255	11.692
@
0.984	25.256	11.968
0.984	25.256	11.968
0.984	25.256	11.975
@
0.991	25.258	12.049
0.991	25.258	12.062
@
1.004	25.258	12.225
1.004	25.258	12.231
@
1.048	25.261	12.804
1.048	25.261	12.812
@
1.069	25.261	13.077
1.069	25.261	13.082
@
1.069	25.262	13.078
1.069	25.262	13.078
1.069	25.262	13.081
1.069	25.262	13.081
1.069	25.262	13.086
1.069	25.262	13.086
@
1.069	25.263	13.070
1.069	25.263	13.071
1.069	25.263	13.085
1.069	25.263	13.086
@
1.128	25.263	13.843
1.128	25.263	13.843
@
1.138	25.264	13.988
1.138	25.264	13.989
1.138	25.264	13.998
@
1.138	25.265	13.989
1.138	25.265	13.992
@
1.138	25.266	13.963
1.138	25.266	13.986
@
1.143	25.266	14.052
1.143	25.266	14.072
@
1.173	25.268	14.433
1.173	25.268	14.450
@
1.199	25.266	14.771
1.199	25.266	14.778
@
1.212	25.269	14.934
1.212	25.269	14.946
1.212	25.269	14.949
@
1.212	25.270	14.941
1.212	25.270	14.957
@
1.224	25.267	15.084
1.224	25.267	15.088
@
1.225	25.268	15.100
1.225	25.268	15.105
@
1.233	25.268	15.207
1.233	25.268	15.214
@
1.235	25.266	15.214
1.235	25.266	15.225
@
1.235	25.268	15.220
1.235	25.268	15.225
@
1.235	25.270	15.223
1.235	25.270	15.226
@
1.236	25.268	15.213
1.236	25.268	15.227
1.236	25.268	15.235
@
1.236	25.269	15.214
1.236	25.269	15.218
1.236	25.269	15.222
1.236	25.269	15.225
@
1.238	25.269	15.246
1.238	25.269	15.265
@
1.240	25.269	15.293
1.240	25.269	15.300
@
1.245	25.268	15.370
1.245	25.268	15.371
1.245	25.268	15.372
1.245	25.268	15.373
1.245	25.268	15.376
@
1.245	25.269	15.372
1.245	25.269	15.377
1.245	25.269	15.381
@
1.255	25.268	15.493
1.255	25.268	15.515
@
1.255	25.269	15.485
1.255	25.269	15.498
1.255	25.269	15.498
1.255	25.269	15.502
@
1.273	25.270	15.688
1.273	25.270	15.698
1.273	25.270	15.712
@
1.274	25.270	15.710
1.274	25.270	15.710
@
1.274	25.271	15.706
1.274	25.271	15.708
1.274	25.271	15.714
1.274	25.271	15.714
1.274	25.271	15.731
1.274	25.271	15.735
@
1.275	25.272	15.742
1.275	25.272	15.752
@
1.285	25.271	15.867
1.285	25.271	15.878
@
1.286	25.270	15.872
1.286	25.270	15.894
@
1.286	25.271	15.869
1.286	25.271	15.871
@
1.286	25.272	15.875
1.286	25.272	15.879
1.286	25.272	15.887
@
1.286	25.273	15.880
1.286	25.273	15.881
1.286	25.273	15.893
@
1.287	25.271	15.898
1.287	25.271	15.906
@
1.291	25.272	15.944
1.291	25.272	15.953
1.291	25.272	15.961
@
1.293	25.271	15.970
1.293	25.271	15.971
1.293	25.271	15.973
1.293	25.271	15.978
@
1.302	25.272	16.067
1.302	25.272	16.068
@
1.306	25.272	16.129
1.306	25.272	16.145
@
1.307	25.274	16.136
1.307	25.274	16.154
@
1.310	25.273	16.184
1.310	25.273	16.189
@
1.316	25.272	16.250
1.316	25.272	16.268
@
1.317	25.273	16.252
1.317	25.273	16.271
@
1.317	25.274	16.268
1.317	25.274	16.272
1.317	25.274	16.272
1.317	25.274	16.275
1.317	25.274	16.278
1.317	25.274	16.278
1.317	25.274	16.284
@
1.317	25.275	16.267
1.317	25.275	16.267
1.317	25.275	16.272
1.317	25.275	16.274
1.317	25.275	16.279
@
1.329	25.277	16.419
1.329	25.277	16.429
1.329	25.277	16.431
@
1.329	25.278	16.422
1.329	25.278	16.426
@
1.331	25.278	16.422
1.331	25.278	16.443
@
1.332	25.280	16.464
1.332	25.280	16.467
@
1.332	25.281	16.455
1.332	25.281	16.465
@
1.335	25.279	16.492
1.335	25.279	16.497
@
1.336	25.280	16.506
1.336	25.280	16.507
1.336	25.280	16.519
@
1.337	25.280	16.528
1.337	25.280	16.546
@
1.340	25.281	16.556
1.340	25.281	16.563
@
1.341	25.284	16.562
1.341	25.284	16.577
@
1.348	25.284	16.654
1.348	25.284	16.658
@
1.353	25.284	16.701
1.353	25.284	16.701
@
1.354	25.285	16.714
1.354	25.285	16.723
@
1.360	25.286	16.809
1.360	25.286	16.821
@
1.365	25.287	16.880
1.365	25.287	16.883
@
1.369	25.287	16.932
1.369	25.287	16.937
@
1.372	25.289	16.956
1.372	25.289	16.957
@
1.373	25.289	16.978
1.373	25.289	16.985
1.373	25.289	16.991
@
1.382	25.291	17.095
1.382	25.291	17.103
@
1.387	25.290	17.151
1.387	25.290	17.157
1.387	25.290	17.168
@
1.390	25.293	17.188
1.390	25.293	17.200
@
1.392	25.294	17.224
1.392	25.294	17.233
@
1.394	25.294	17.249
1.394	25.294	17.254
@
1.400	25.296	17.321
1.400	25.296	17.328
1.400	25.296	17.328
1.400	25.296	17.332
@
1.401	25.296	17.328
1.401	25.296	17.342
1.401	25.296	17.345
1.401	25.296	17.356
@
1.401	25.297	17.346
1.401	25.297	17.346
1.401	25.297	17.348
@
1.401	25.298	17.344
1.401	25.298	17.346
1.401	25.298	17.346
1.401	25.298	17.346
1.401	25.298	17.349
1.401	25.298	17.352
1.401	25.298	17.367
@
1.413	25.298	17.496
1.413	25.298	17.502
@
1.419	25.301	17.559
1.419	25.301	17.566
@
1.430	25.304	17.720
1.430	25.304	17.731
@
1.438	25.305	17.811
1.438	25.305	17.819
@
1.440	25.305	17.834
1.440	25.305	17.838
1.440	25.305	17.846
@
1.441	25.306	17.864
1.441	25.306	17.868
@
1.450	25.309	17.981
1.450	25.309	17.988
1.450	25.309	17.994
@
1.457	25.310	18.051
1.457	25.310	18.074
@
1.457	25.312	18.078
1.457	25.312	18.084
@
1.458	25.310	18.074
1.458	25.310	18.081
@
1.458	25.312	18.071
1.458	25.312	18.075
1.458	25.312	18.079
@
1.468	25.315	18.194
1.468	25.315	18.213
@
1.472	25.313	18.267
1.472	25.313	18.284
@
1.477	25.315	18.325
1.477	25.315	18.329
@
1.488	25.316	18.460
1.488	25.316	18.468
@
1.505	25.319	18.689
1.505	25.319	18.709
@
1.506	25.316	18.694
1.506	25.316	18.695
@
1.506	25.317	18.690
1.506	25.317	18.700
1.506	25.317	18.715
@
1.506	25.318	18.706
1.506	25.318	18.711
1.506	25.318	18.713
@
1.506	25.320	18.722
1.506	25.320	18.729
1.506	25.320	18.731
@
1.507	25.320	18.708
1.507	25.320	18.718
@
1.526	25.324	18.959
1.526	25.324	18.961
1.526	25.324	18.964
@
1.526	25.325	18.960
1.526	25.325	18.966
@
1.526	25.326	18.944
1.526	25.326	18.959
1.526	25.326	18.961
1.526	25.326	18.970
1.526	25.326	18.973
1.526	25.326	18.984
@
1.536	25.327	19.092
1.536	25.327	19.098
1.536	25.327	19.100
@
1.537	25.326	19.105
1.537	25.326	19.113
1.537	25.326	19.117
@
1.538	25.327	19.138
1.538	25.327	19.141
@
1.566	25.332	19.489
1.566	25.332	19.507
@
1.572	25.334	19.568
1.572	25.334	19.582
@
1.574	25.334	19.595
1.574	25.334	19.613
@
1.583	25.336	19.709
1.583	25.336	19.724
1.583	25.336	19.727
@
1.589	25.335	19.782
1.589	25.335	19.801
@
1.590	25.337	19.803
1.590	25.337	19.807
1.590	25.337	19.812
@
1.592	25.337	19.817
1.592	25.337	19.844
@
1.592	25.338	19.835
1.592	25.338	19.848
1.592	25.338	19.849
@
1.596	25.338	19.871
1.596	25.338	19.874
@
1.597	25.339	19.880
1.597	25.339	19.889
@
1.597	25.340	19.884
1.597	25.340	19.892
@
1.598	25.340	19.909
1.598	25.340	19.911
@
1.601	25.340	19.925
1.601	25.340	19.929
1.601	25.340	19.932
@
1.611	25.345	20.080
1.611	25.345	20.091
@
1.621	25.345	20.207
1.621	25.345	20.213
@
1.623	25.345	20.213
1.623	25.345	20.239
@
1.633	25.349	20.346
1.633	25.349	20.354
@
1.636	25.349	20.400
1.636	25.349	20.407
@
1.643	25.348	20.496
1.643	25.348	20.513
@
1.643	25.349	20.490
1.643	25.349	20.503
@
1.647	25.348	20.553
1.647	25.348	20.562
@
1.647	25.350	20.557
1.647	25.350	20.560
@
1.649	25.350	20.558
1.649	25.350	20.585
@
1.667	25.349	20.801
1.667	25.349	20.809
@
1.670	25.347	20.858
1.670	25.347	20.866
