		
		
@
0.537	25.178	6.058
0.537	25.178	6.072
@
0.541	25.177	6.116
0.541	25.177	6.118
@
0.558	25.179	6.336
0.558	25.179	6.340
@
0.562	25.178	6.379
0.562	25.178	6.384
@
0.576	25.177	6.574
0.576	25.177	6.581
@
0.580	25.177	6.627
0.580	25.177	6.633
@
0.581	25.178	6.637
0.581	25.178	6.647
@
0.634	25.176	7.334
0.634	25.176	7.335
@
0.636	25.175	7.353
0.636	25.175	7.365
@
0.639	25.175	7.403
0.639	25.175	7.407
@
0.650	25.176	7.542
0.650	25.176	7.546
0.650	25.176	7.555
@
0.652	25.173	7.569
0.652	25.173	7.580
@
0.659	25.176	7.662
0.659	25.176	7.666
@
0.669	25.175	7.779
0.669	25.175	7.788
@
0.673	25.176	7.836
0.673	25.176	7.846
@
0.681	25.175	7.955
0.681	25.175	7.959
@
0.682	25.175	7.965
0.682	25.175	7.969
@
0.692	25.174	8.081
0.692	25.174	8.087
@
0.703	25.173	8.246
0.703	25.173	8.252
@
0.703	25.175	8.244
0.703	25.175	8.246
0.703	25.175	8.250
@
0.714	25.173	8.370
0.714	25.173	8.382
@
0.721	25.173	8.472
0.721	25.173	8.474
@
0.724	25.172	8.508
0.724	25.172	8.508
0.724	25.172	8.509
@
0.732	25.172	8.608
0.732	25.172	8.618
@
0.735	25.172	8.654
0.735	25.172	8.661
0.735	25.172	8.663
@
0.738	25.171	8.704
0.738	25.171	8.708
0.738	25.171	8.711
@
0.757	25.169	8.948
0.757	25.169	8.955
@
0.771	25.169	9.131
0.771	25.169	9.131
@
0.782	25.168	9.266
0.782	25.168	9.273
@
0.815	25.166	9.693
0.815	25.166	9.705
0.815	25.166	9.705
0.815	25.166	9.705
0.815	25.166	9.706
@
0.815	25.167	9.706
0.815	25.167	9.716
@
0.822	25.165	9.803
0.822	25.165	9.807
@
0.842	25.162	10.042
0.842	25.162	10.046
@
0.856	25.162	10.252
0.856	25.162	10.258
@
0.858	25.160	10.289
0.858	25.160	10.293
@
0.858	25.161	10.277
0.858	25.161	10.296
0.858	25.161	10.297
0.858	25.161	10.299
@
0.858	25.162	10.287
0.858	25.162	10.292
0.858	25.162	10.292
0.858	25.162	10.295
@
0.858	25.163	10.280
0.858	25.163	10.299
@
0.859	25.158	10.291
0.859	25.158	10.301
@
0.859	25.161	10.291
0.859	25.161	10.294
0.859	25.161	10.296
@
0.883	25.157	10.585
0.883	25.157	10.586
@
0.885	25.158	10.607
0.885	25.158	10.615
@
0.889	25.158	10.675
0.889	25.158	10.681
@
0.907	25.153	10.913
0.907	25.153	10.917
@
0.907	25.154	10.912
0.907	25.154	10.913
@
0.925	25.156	11.144
0.925	25.156	11.154
@
0.928	25.155	11.190
0.928	25.155	11.192
@
0.934	25.155	11.267
0.934	25.155	11.276
@
0.954	25.153	11.522
0.954	25.153	11.532
@
0.964	25.153	11.662
0.964	25.153	11.668
@
0.974	25.152	11.762
0.974	25.152	11.773
@
0.979	25.153	11.840
0.979	25.153	11.853
@
0.998	25.149	12.083
0.998	25.149	12.084
@
1.003	25.151	12.171
1.003	25.151	12.174
@
1.025	25.149	12.439
1.025	25.149	12.448
@
1.036	25.151	12.605
1.036	25.151	12.620
@
1.065	25.149	12.980
1.065	25.149	12.988
@
1.068	25.146	13.021
1.068	25.146	13.025
@
1.100	25.144	13.424
1.100	25.144	13.428
@
1.127	25.146	13.778
1.127	25.146	13.788
@
1.130	25.145	13.829
1.130	25.145	13.840
@
1.132	25.145	13.852
1.132	25.145	13.861
@
1.133	25.145	13.865
1.133	25.145	13.875
@
1.137	25.143	13.926
1.137	25.143	13.928
@
1.140	25.144	13.958
1.140	25.144	13.966
1.140	25.144	13.972
1.140	25.144	13.978
@
1.182	25.143	14.518
1.182	25.143	14.523
@
1.197	25.143	14.698
1.197	25.143	14.702
1.197	25.143	14.709
@
1.204	25.143	14.807
1.204	25.143	14.812
@
1.210	25.143	14.878
1.210	25.143	14.887
@
1.232	25.141	15.162
1.232	25.141	15.167
@
1.239	25.141	15.258
1.239	25.141	15.274
@
1.243	25.140	15.304
1.243	25.140	15.320
@
1.244	25.139	15.324
1.244	25.139	15.327
@
1.266	25.140	15.609
1.266	25.140	15.614
@
1.273	25.140	15.698
1.273	25.140	15.706
@
1.275	25.141	15.715
1.275	25.141	15.738
@
1.277	25.142	15.753
1.277	25.142	15.762
@
1.282	25.139	15.829
1.282	25.139	15.833
@
1.294	25.139	15.958
1.294	25.139	15.967
@
1.311	25.139	16.190
1.311	25.139	16.204
@
1.314	25.138	16.243
1.314	25.138	16.260
@
1.316	25.139	16.268
1.316	25.139	16.277
1.316	25.139	16.283
@
1.317	25.140	16.287
1.317	25.140	16.288
@
1.345	25.139	16.634
1.345	25.139	16.636
@
1.349	25.137	16.675
1.349	25.137	16.680
@
1.353	25.138	16.735
1.353	25.138	16.741
@
1.354	25.136	16.748
1.354	25.136	16.766
@
1.357	25.139	16.802
1.357	25.139	16.810
@
1.364	25.138	16.845
1.364	25.138	16.872
@
1.370	25.138	16.929
1.370	25.138	16.947
@
1.381	25.137	17.084
1.381	25.137	17.102
@
1.388	25.137	17.197
1.388	25.137	17.201
@
1.399	25.137	17.322
1.399	25.137	17.324
@
1.407	25.135	17.406
1.407	25.135	17.409
1.407	25.135	17.415
@
1.409	25.137	17.455
1.409	25.137	17.466
@
1.412	25.136	17.481
1.412	25.136	17.487
@
1.415	25.135	17.543
1.415	25.135	17.550
@
1.419	25.137	17.592
1.419	25.137	17.596
1.419	25.137	17.602
@
1.420	25.136	17.601
1.420	25.136	17.607
@
1.435	25.136	17.795
1.435	25.136	17.806
@
1.440	25.136	17.864
1.440	25.136	17.867
@
1.449	25.137	17.969
1.449	25.137	17.977
@
1.450	25.136	17.984
1.450	25.136	17.998
@
1.456	25.136	18.073
1.456	25.136	18.087
@
1.465	25.134	18.206
1.465	25.134	18.215
@
1.470	25.136	18.252
1.470	25.136	18.261
1.470	25.136	18.269
@
1.488	25.134	18.481
1.488	25.134	18.492
@
1.493	25.137	18.578
1.493	25.137	18.589
@
1.498	25.135	18.654
1.498	25.135	18.665
@
1.513	25.137	18.828
1.513	25.137	18.835
@
1.515	25.135	18.852
1.515	25.135	18.852
@
1.519	25.136	18.900
1.519	25.136	18.913
@
1.524	25.133	18.958
1.524	25.133	18.968
@
1.525	25.136	18.989
1.525	25.136	19.011
@
1.526	25.135	19.018
1.526	25.135	19.031
@
1.531	25.136	19.102
1.531	25.136	19.105
1.531	25.136	19.110
@
1.538	25.137	19.175
1.538	25.137	19.180
@
1.550	25.136	19.302
1.550	25.136	19.317
@
1.565	25.135	19.510
1.565	25.135	19.556
@
1.577	25.135	19.673
1.577	25.135	19.675
@
1.591	25.135	19.868
1.591	25.135	19.879
@
1.608	25.134	20.105
1.608	25.134	20.107
@
1.613	25.135	20.162
1.613	25.135	20.172
@
1.617	25.136	20.207
1.617	25.136	20.223
@
1.621	25.134	20.264
1.621	25.134	20.274
@
1.626	25.137	20.333
1.626	25.137	20.340
@
1.630	25.134	20.417
1.630	25.134	20.425
@
1.662	25.132	20.789
1.662	25.132	20.805
@
1.663	25.134	20.835
1.663	25.134	20.854
