		
		
@
0.531	29.997	6.137
0.531	29.997	6.144
@
0.536	29.998	6.209
0.536	29.998	6.213
@
0.536	30.000	6.201
0.536	30.000	6.213
@
0.539	30.000	6.248
0.539	30.000	6.250
0.539	30.000	6.250
@
0.540	30.000	6.252
0.540	30.000	6.262
@
0.546	30.002	6.350
0.546	30.002	6.359
@
0.553	30.002	6.424
0.553	30.002	6.431
@
0.556	30.003	6.463
0.556	30.003	6.470
@
0.557	30.000	6.474
0.557	30.000	6.482
@
0.557	30.001	6.482
0.557	30.001	6.482
@
0.557	30.003	6.480
0.557	30.003	6.482
@
0.560	30.001	6.512
0.560	30.001	6.521
@
0.561	30.004	6.526
0.561	30.004	6.530
@
0.562	30.002	6.541
0.562	30.002	6.553
@
0.563	30.002	6.564
0.563	30.002	6.569
0.563	30.002	6.580
@
0.565	30.003	6.604
0.565	30.003	6.608
@
0.567	30.003	6.628
0.567	30.003	6.633
@
0.581	30.005	6.817
0.581	30.005	6.821
@
0.590	30.006	6.930
0.590	30.006	6.936
@
0.600	30.005	7.064
0.600	30.005	7.068
@
0.601	30.007	7.082
0.601	30.007	7.091
@
0.614	30.007	7.265
0.614	30.007	7.275
@
0.620	30.009	7.338
0.620	30.009	7.340
@
0.628	30.010	7.431
0.628	30.010	7.441
@
0.635	30.011	7.544
0.635	30.011	7.552
@
0.641	30.009	7.618
0.641	30.009	7.620
@
0.647	30.008	7.707
0.647	30.008	7.710
@
0.648	30.009	7.714
0.648	30.009	7.717
@
0.649	30.010	7.720
0.649	30.010	7.730
@
0.650	30.009	7.735
0.650	30.009	7.743
@
0.651	30.010	7.751
0.651	30.010	7.752
@
0.652	30.009	7.756
0.652	30.009	7.764
@
0.654	30.009	7.779
0.654	30.009	7.781
0.654	30.009	7.782
0.654	30.009	7.788
@
0.657	30.010	7.812
0.657	30.010	7.813
@
0.658	30.012	7.820
0.658	30.012	7.823
0.658	30.012	7.825
@
0.658	30.013	7.822
0.658	30.013	7.825
0.658	30.013	7.826
@
0.659	30.011	7.836
0.659	30.011	7.843
0.659	30.011	7.846
@
0.659	30.012	7.838
0.659	30.012	7.849
@
0.660	30.011	7.849
0.660	30.011	7.850
@
0.664	30.011	7.917
0.664	30.011	7.925
@
0.666	30.012	7.942
0.666	30.012	7.947
@
0.667	30.013	7.959
0.667	30.013	7.963
@
0.668	30.013	7.971
0.668	30.013	7.971
@
0.670	30.012	7.999
0.670	30.012	8.006
@
0.672	30.012	8.033
0.672	30.012	8.042
@
0.672	30.013	8.030
0.672	30.013	8.034
0.672	30.013	8.039
@
0.673	30.012	8.044
0.673	30.012	8.044
@
0.676	30.012	8.080
0.676	30.012	8.081
0.676	30.012	8.081
0.676	30.012	8.082
@
0.676	30.013	8.081
0.676	30.013	8.081
0.676	30.013	8.089
@
0.677	30.012	8.098
0.677	30.012	8.106
@
0.678	30.012	8.113
0.678	30.012	8.122
@
0.681	30.014	8.158
0.681	30.014	8.159
@
0.687	30.014	8.220
0.687	30.014	8.231
@
0.688	30.014	8.238
0.688	30.014	8.240
@
0.693	30.014	8.289
0.693	30.014	8.292
0.693	30.014	8.293
@
0.694	30.014	8.301
0.694	30.014	8.311
0.694	30.014	8.313
@
0.694	30.015	8.312
0.694	30.015	8.313
@
0.695	30.012	8.316
0.695	30.012	8.318
0.695	30.012	8.320
@
0.695	30.014	8.324
0.695	30.014	8.325
@
0.696	30.013	8.327
0.696	30.013	8.328
@
0.696	30.014	8.335
0.696	30.014	8.337
@
0.697	30.014	8.344
0.697	30.014	8.349
@
0.698	30.014	8.350
0.698	30.014	8.362
0.698	30.014	8.362
@
0.698	30.015	8.356
0.698	30.015	8.361
@
0.699	30.013	8.371
0.699	30.013	8.375
@
0.699	30.014	8.374
0.699	30.014	8.379
@
0.700	30.013	8.393
0.700	30.013	8.399
@
0.700	30.015	8.386
0.700	30.015	8.388
@
0.701	30.013	8.414
0.701	30.013	8.421
@
0.702	30.014	8.442
0.702	30.014	8.447
@
0.702	30.015	8.433
0.702	30.015	8.436
@
0.703	30.014	8.451
0.703	30.014	8.458
@
0.705	30.014	8.472
0.705	30.014	8.472
0.705	30.014	8.472
@
0.707	30.013	8.495
0.707	30.013	8.504
@
0.709	30.014	8.533
0.709	30.014	8.537
@
0.709	30.015	8.530
0.709	30.015	8.533
@
0.713	30.014	8.578
0.713	30.014	8.582
@
0.713	30.015	8.573
0.713	30.015	8.580
@
0.714	30.014	8.592
0.714	30.014	8.602
@
0.714	30.015	8.594
0.714	30.015	8.599
0.714	30.015	8.604
0.714	30.015	8.606
@
0.714	30.017	8.585
0.714	30.017	8.606
@
0.715	30.014	8.611
0.715	30.014	8.613
@
0.717	30.013	8.634
0.717	30.013	8.638
@
0.718	30.015	8.642
0.718	30.015	8.647
@
0.719	30.015	8.655
0.719	30.015	8.655
@
0.719	30.016	8.655
0.719	30.016	8.658
0.719	30.016	8.660
@
0.720	30.015	8.673
0.720	30.015	8.674
@
0.720	30.016	8.665
0.720	30.016	8.667
0.720	30.016	8.676
@
0.723	30.014	8.704
0.723	30.014	8.708
@
0.723	30.015	8.704
0.723	30.015	8.706
@
0.723	30.016	8.704
0.723	30.016	8.705
@
0.725	30.016	8.725
0.725	30.016	8.733
@
0.725	30.017	8.729
0.725	30.017	8.732
@
0.727	30.015	8.757
0.727	30.015	8.769
@
0.732	30.015	8.822
0.732	30.015	8.828
@
0.732	30.016	8.813
0.732	30.016	8.814
@
0.732	30.017	8.813
0.732	30.017	8.816
0.732	30.017	8.826
@
0.733	30.015	8.830
0.733	30.015	8.832
@
0.734	30.016	8.850
0.734	30.016	8.850
0.734	30.016	8.854
@
0.734	30.017	8.838
0.734	30.017	8.843
0.734	30.017	8.854
0.734	30.017	8.857
@
0.735	30.017	8.873
0.735	30.017	8.875
0.735	30.017	8.878
@
0.736	30.017	8.887
0.736	30.017	8.888
0.736	30.017	8.891
@
0.737	30.016	8.897
0.737	30.016	8.907
@
0.737	30.017	8.894
0.737	30.017	8.907
@
0.737	30.018	8.894
0.737	30.018	8.903
@
0.738	30.017	8.911
0.738	30.017	8.914
0.738	30.017	8.916
@
0.739	30.017	8.936
0.739	30.017	8.945
@
0.739	30.018	8.935
0.739	30.018	8.936
0.739	30.018	8.936
@
0.741	30.017	8.966
0.741	30.017	8.968
@
0.742	30.017	8.973
0.742	30.017	8.978
@
0.743	30.018	8.984
0.743	30.018	8.996
@
0.744	30.018	9.001
0.744	30.018	9.015
@
0.746	30.019	9.030
0.746	30.019	9.038
@
0.750	30.019	9.083
0.750	30.019	9.085
@
0.752	30.020	9.109
0.752	30.020	9.118
@
0.756	30.020	9.155
0.756	30.020	9.158
0.756	30.020	9.164
@
0.759	30.019	9.190
0.759	30.019	9.192
@
0.762	30.019	9.227
0.762	30.019	9.233
@
0.763	30.019	9.245
0.763	30.019	9.250
@
0.765	30.021	9.271
0.765	30.021	9.272
@
0.766	30.020	9.281
0.766	30.020	9.285
@
0.766	30.022	9.271
0.766	30.022	9.282
@
0.767	30.019	9.294
0.767	30.019	9.300
@
0.768	30.021	9.302
0.768	30.021	9.316
@
0.768	30.022	9.302
0.768	30.022	9.312
@
0.769	30.021	9.324
0.769	30.021	9.328
@
0.771	30.021	9.359
0.771	30.021	9.364
@
0.773	30.023	9.399
0.773	30.023	9.406
@
0.778	30.024	9.460
0.778	30.024	9.466
@
0.784	30.024	9.538
0.784	30.024	9.542
@
0.786	30.024	9.558
0.786	30.024	9.558
0.786	30.024	9.565
@
0.787	30.024	9.570
0.787	30.024	9.570
0.787	30.024	9.577
0.787	30.024	9.580
@
0.787	30.026	9.573
0.787	30.026	9.583
@
0.788	30.024	9.585
0.788	30.024	9.595
@
0.794	30.024	9.653
0.794	30.024	9.659
0.794	30.024	9.664
@
0.797	30.025	9.696
0.797	30.025	9.706
@
0.797	30.026	9.702
0.797	30.026	9.707
@
0.798	30.024	9.708
0.798	30.024	9.712
0.798	30.024	9.717
@
0.799	30.023	9.715
0.799	30.023	9.717
@
0.800	30.025	9.723
0.800	30.025	9.741
@
0.800	30.027	9.731
0.800	30.027	9.739
@
0.801	30.025	9.744
0.801	30.025	9.746
@
0.802	30.027	9.753
0.802	30.027	9.765
0.802	30.027	9.766
@
0.804	30.026	9.792
0.804	30.026	9.801
@
0.804	30.028	9.778
0.804	30.028	9.784
@
0.805	30.026	9.803
0.805	30.026	9.812
@
0.807	30.027	9.835
0.807	30.027	9.843
@
0.808	30.027	9.856
0.808	30.027	9.870
@
0.809	30.028	9.873
0.809	30.028	9.882
@
0.811	30.028	9.893
0.811	30.028	9.910
@
0.812	30.027	9.915
0.812	30.027	9.924
@
0.816	30.029	9.973
0.816	30.029	9.973
@
0.824	30.028	10.062
0.824	30.028	10.062
0.824	30.028	10.065
0.824	30.028	10.066
@
0.825	30.028	10.068
0.825	30.028	10.071
@
0.826	30.030	10.078
0.826	30.030	10.085
@
0.829	30.031	10.129
0.829	30.031	10.134
@
0.830	30.030	10.143
0.830	30.030	10.144
@
0.832	30.031	10.161
0.832	30.031	10.172
@
0.832	30.032	10.168
0.832	30.032	10.171
@
0.833	30.032	10.169
0.833	30.032	10.174
0.833	30.032	10.174
0.833	30.032	10.176
@
0.834	30.032	10.181
0.834	30.032	10.184
@
0.835	30.031	10.188
0.835	30.031	10.202
@
0.835	30.033	10.197
0.835	30.033	10.200
0.835	30.033	10.200
0.835	30.033	10.201
@
0.835	30.034	10.194
0.835	30.034	10.201
@
0.837	30.032	10.218
0.837	30.032	10.229
@
0.838	30.033	10.237
0.838	30.033	10.250
@
0.840	30.032	10.266
0.840	30.032	10.269
@
0.841	30.034	10.289
0.841	30.034	10.296
@
0.845	30.035	10.352
0.845	30.035	10.354
@
0.847	30.034	10.371
0.847	30.034	10.377
@
0.851	30.035	10.436
0.851	30.035	10.441
@
0.851	30.036	10.425
0.851	30.036	10.431
@
0.859	30.036	10.527
0.859	30.036	10.534
@
0.861	30.037	10.550
0.861	30.037	10.553
@
0.869	30.037	10.645
0.869	30.037	10.646
@
0.871	30.036	10.669
0.871	30.036	10.680
@
0.871	30.040	10.680
0.871	30.040	10.681
@
0.872	30.036	10.681
0.872	30.036	10.681
@
0.872	30.037	10.681
0.872	30.037	10.681
0.872	30.037	10.685
@
0.873	30.038	10.699
0.873	30.038	10.704
0.873	30.038	10.709
@
0.877	30.038	10.757
0.877	30.038	10.761
@
0.877	30.040	10.754
0.877	30.040	10.761
@
0.880	30.039	10.795
0.880	30.039	10.799
@
0.880	30.040	10.803
0.880	30.040	10.803
0.880	30.040	10.803
@
0.882	30.041	10.832
0.882	30.041	10.839
@
0.888	30.041	10.919
0.888	30.041	10.919
@
0.891	30.044	10.960
0.891	30.044	10.962
@
0.892	30.045	10.974
0.892	30.045	10.982
@
0.900	30.042	11.082
0.900	30.042	11.084
@
0.901	30.045	11.096
0.901	30.045	11.103
@
0.905	30.045	11.136
0.905	30.045	11.136
0.905	30.045	11.137
@
0.906	30.045	11.143
0.906	30.045	11.151
@
0.907	30.045	11.162
0.907	30.045	11.167
@
0.907	30.047	11.164
0.907	30.047	11.172
@
0.909	30.047	11.186
0.909	30.047	11.188
0.909	30.047	11.193
0.909	30.047	11.194
0.909	30.047	11.199
@
0.911	30.047	11.227
0.911	30.047	11.231
@
0.911	30.048	11.218
0.911	30.048	11.222
@
0.916	30.048	11.289
0.916	30.048	11.296
@
0.917	30.047	11.304
0.917	30.047	11.307
@
0.920	30.048	11.350
0.920	30.048	11.357
0.920	30.048	11.365
@
0.927	30.049	11.439
0.927	30.049	11.440
@
0.929	30.049	11.459
0.929	30.049	11.463
@
0.930	30.050	11.468
0.930	30.050	11.474
@
0.932	30.050	11.511
0.932	30.050	11.521
@
0.936	30.050	11.550
0.936	30.050	11.556
0.936	30.050	11.560
@
0.938	30.049	11.569
0.938	30.049	11.572
0.938	30.049	11.573
@
0.939	30.049	11.572
0.939	30.049	11.582
@
0.939	30.051	11.573
0.939	30.051	11.583
0.939	30.051	11.586
@
0.940	30.050	11.593
0.940	30.050	11.598
0.940	30.050	11.600
0.940	30.050	11.601
@
0.941	30.048	11.607
0.941	30.048	11.612
0.941	30.048	11.620
@
0.943	30.050	11.646
0.943	30.050	11.660
@
0.943	30.051	11.644
0.943	30.051	11.646
0.943	30.051	11.647
@
0.944	30.050	11.659
0.944	30.050	11.663
@
0.945	30.052	11.661
0.945	30.052	11.678
0.945	30.052	11.682
@
0.946	30.053	11.686
0.946	30.053	11.692
0.946	30.053	11.694
@
0.947	30.050	11.694
0.947	30.050	11.709
@
0.948	30.053	11.719
0.948	30.053	11.720
0.948	30.053	11.722
@
0.949	30.053	11.723
0.949	30.053	11.727
@
0.953	30.052	11.777
0.953	30.052	11.791
0.953	30.052	11.797
@
0.953	30.053	11.780
0.953	30.053	11.780
@
0.955	30.053	11.816
0.955	30.053	11.816
@
0.958	30.053	11.857
0.958	30.053	11.859
@
0.959	30.053	11.871
0.959	30.053	11.876
@
0.970	30.054	12.000
0.970	30.054	12.011
@
0.972	30.053	12.024
0.972	30.053	12.030
@
0.975	30.053	12.065
0.975	30.053	12.073
@
0.976	30.053	12.078
0.976	30.053	12.084
@
0.978	30.054	12.098
0.978	30.054	12.111
@
0.979	30.056	12.126
0.979	30.056	12.140
@
0.990	30.053	12.278
0.990	30.053	12.282
@
0.995	30.055	12.331
0.995	30.055	12.341
@
0.995	30.057	12.344
0.995	30.057	12.346
0.995	30.057	12.347
@
1.000	30.057	12.412
1.000	30.057	12.415
1.000	30.057	12.420
@
1.001	30.058	12.423
1.001	30.058	12.427
@
1.002	30.058	12.439
1.002	30.058	12.439
@
1.004	30.057	12.463
1.004	30.057	12.474
@
1.006	30.058	12.489
1.006	30.058	12.499
@
1.008	30.060	12.522
1.008	30.060	12.528
@
1.010	30.058	12.546
1.010	30.058	12.554
@
1.017	30.060	12.635
1.017	30.060	12.644
1.017	30.060	12.652
@
1.020	30.060	12.670
1.020	30.060	12.672
@
1.026	30.060	12.754
1.026	30.060	12.769
@
1.028	30.060	12.800
1.028	30.060	12.811
@
1.028	30.061	12.781
1.028	30.061	12.806
@
1.030	30.061	12.824
1.030	30.061	12.835
@
1.036	30.061	12.887
1.036	30.061	12.895
@
1.043	30.062	12.980
1.043	30.062	12.997
@
1.055	30.061	13.152
1.055	30.061	13.153
@
1.055	30.063	13.149
1.055	30.063	13.158
@
1.057	30.064	13.164
1.057	30.064	13.171
@
1.058	30.065	13.190
1.058	30.065	13.204
@
1.063	30.066	13.245
1.063	30.066	13.251
@
1.071	30.067	13.346
1.071	30.067	13.356
@
1.074	30.066	13.394
1.074	30.066	13.403
@
1.077	30.069	13.416
1.077	30.069	13.427
@
1.079	30.068	13.447
1.079	30.068	13.459
@
1.083	30.070	13.513
1.083	30.070	13.525
@
1.091	30.072	13.612
1.091	30.072	13.616
@
1.094	30.070	13.656
1.094	30.070	13.670
@
1.096	30.072	13.687
1.096	30.072	13.692
@
1.111	30.075	13.879
1.111	30.075	13.879
@
1.112	30.075	13.894
1.112	30.075	13.899
@
1.113	30.076	13.904
1.113	30.076	13.908
@
1.114	30.076	13.910
1.114	30.076	13.920
1.114	30.076	13.924
@
1.115	30.076	13.928
1.115	30.076	13.953
@
1.115	30.077	13.939
1.115	30.077	13.946
@
1.120	30.078	14.001
1.120	30.078	14.012
@
1.121	30.077	14.025
1.121	30.077	14.038
@
1.127	30.080	14.099
1.127	30.080	14.108
@
1.130	30.080	14.142
1.130	30.080	14.152
@
1.134	30.081	14.190
1.134	30.081	14.191
@
1.137	30.081	14.235
1.137	30.081	14.247
@
1.141	30.085	14.290
1.141	30.085	14.294
@
1.142	30.082	14.296
1.142	30.082	14.302
@
1.143	30.081	14.316
1.143	30.081	14.329
@
1.147	30.084	14.364
1.147	30.084	14.370
@
1.150	30.082	14.409
1.150	30.082	14.417
@
1.153	30.086	14.449
1.153	30.086	14.458
@
1.159	30.084	14.531
1.159	30.084	14.534
@
1.181	30.087	14.815
1.181	30.087	14.828
@
1.189	30.087	14.929
1.189	30.087	14.932
@
1.189	30.088	14.928
1.189	30.088	14.932
@
1.189	30.089	14.930
1.189	30.089	14.930
@
1.189	30.090	14.933
1.189	30.090	14.947
@
1.190	30.087	14.955
1.190	30.087	14.963
@
1.190	30.088	14.954
1.190	30.088	14.955
@
1.190	30.089	14.951
1.190	30.089	14.960
@
1.209	30.087	15.207
1.209	30.087	15.215
@
1.213	30.087	15.240
1.213	30.087	15.256
@
1.218	30.089	15.310
1.218	30.089	15.320
@
1.221	30.086	15.364
1.221	30.086	15.369
@
1.221	30.089	15.356
1.221	30.089	15.359
@
1.222	30.088	15.364
1.222	30.088	15.365
@
1.223	30.088	15.372
1.223	30.088	15.383
@
1.225	30.086	15.393
1.225	30.086	15.397
@
1.229	30.085	15.449
1.229	30.085	15.463
@
1.231	30.086	15.471
1.231	30.086	15.483
@
1.236	30.087	15.546
1.236	30.087	15.551
@
1.238	30.085	15.581
1.238	30.085	15.588
@
1.240	30.086	15.616
1.240	30.086	15.620
@
1.244	30.086	15.652
1.244	30.086	15.672
@
1.247	30.087	15.686
1.247	30.087	15.688
@
1.248	30.085	15.685
1.248	30.085	15.695
1.248	30.085	15.704
1.248	30.085	15.710
@
1.248	30.086	15.687
1.248	30.086	15.691
1.248	30.086	15.705
1.248	30.086	15.707
1.248	30.086	15.708
@
1.248	30.089	15.703
1.248	30.089	15.703
@
1.249	30.086	15.710
1.249	30.086	15.713
1.249	30.086	15.718
@
1.250	30.085	15.718
1.250	30.085	15.722
@
1.250	30.086	15.714
1.250	30.086	15.731
@
1.253	30.084	15.756
1.253	30.084	15.771
@
1.253	30.085	15.781
1.253	30.085	15.784
@
1.254	30.087	15.781
1.254	30.087	15.784
@
1.255	30.083	15.789
1.255	30.083	15.802
@
1.255	30.085	15.783
1.255	30.085	15.784
1.255	30.085	15.801
@
1.255	30.086	15.798
1.255	30.086	15.804
@
1.256	30.084	15.797
1.256	30.084	15.808
1.256	30.084	15.817
@
1.256	30.086	15.801
1.256	30.086	15.813
@
1.257	30.087	15.818
1.257	30.087	15.825
@
1.271	30.084	15.993
1.271	30.084	16.012
@
1.272	30.086	16.025
1.272	30.086	16.039
@
1.274	30.084	16.042
1.274	30.084	16.056
@
1.274	30.085	16.042
1.274	30.085	16.064
@
1.282	30.084	16.143
1.282	30.084	16.150
1.282	30.084	16.152
@
1.283	30.085	16.144
1.283	30.085	16.151
1.283	30.085	16.154
@
1.285	30.083	16.173
1.285	30.083	16.183
@
1.285	30.085	16.164
1.285	30.085	16.166
1.285	30.085	16.171
1.285	30.085	16.173
@
1.286	30.082	16.183
1.286	30.082	16.196
1.286	30.082	16.199
@
1.286	30.083	16.187
1.286	30.083	16.190
@
1.286	30.084	16.188
1.286	30.084	16.199
@
1.286	30.085	16.182
1.286	30.085	16.192
@
1.287	30.084	16.211
1.287	30.084	16.212
@
1.290	30.083	16.244
1.290	30.083	16.246
@
1.292	30.083	16.262
1.292	30.083	16.265
@
1.293	30.082	16.279
1.293	30.082	16.281
@
1.293	30.083	16.285
1.293	30.083	16.286
@
1.297	30.082	16.341
1.297	30.082	16.344
@
1.297	30.083	16.332
1.297	30.083	16.336
1.297	30.083	16.339
@
1.298	30.081	16.346
1.298	30.081	16.350
@
1.298	30.083	16.345
1.298	30.083	16.345
1.298	30.083	16.353
@
1.300	30.081	16.375
1.300	30.081	16.382
@
1.300	30.082	16.372
1.300	30.082	16.380
@
1.302	30.083	16.396
1.302	30.083	16.403
@
1.307	30.085	16.458
1.307	30.085	16.467
@
1.308	30.082	16.478
1.308	30.082	16.479
@
1.310	30.082	16.489
1.310	30.082	16.495
1.310	30.082	16.497
@
1.310	30.083	16.492
1.310	30.083	16.501
1.310	30.083	16.504
@
1.311	30.080	16.510
1.311	30.080	16.523
@
1.313	30.083	16.541
1.313	30.083	16.542
@
1.314	30.083	16.545
1.314	30.083	16.546
1.314	30.083	16.551
1.314	30.083	16.552
1.314	30.083	16.553
@
1.314	30.084	16.534
1.314	30.084	16.558
@
1.315	30.082	16.567
1.315	30.082	16.571
1.315	30.082	16.577
@
1.317	30.084	16.580
1.317	30.084	16.587
@
1.318	30.082	16.598
1.318	30.082	16.606
@
1.319	30.084	16.611
1.319	30.084	16.618
@
1.320	30.083	16.634
1.320	30.083	16.638
@
1.320	30.084	16.632
1.320	30.084	16.633
@
1.321	30.083	16.640
1.321	30.083	16.647
1.321	30.083	16.650
@
1.324	30.085	16.674
1.324	30.085	16.675
1.324	30.085	16.678
1.324	30.085	16.682
@
1.324	30.086	16.675
1.324	30.086	16.677
@
1.325	30.086	16.693
1.325	30.086	16.696
1.325	30.086	16.699
@
1.327	30.085	16.696
1.327	30.085	16.701
1.327	30.085	16.723
@
1.327	30.086	16.719
1.327	30.086	16.724
@
1.328	30.087	16.722
1.328	30.087	16.727
@
1.328	30.088	16.733
1.328	30.088	16.736
1.328	30.088	16.736
@
1.329	30.087	16.739
1.329	30.087	16.744
@
1.329	30.088	16.746
1.329	30.088	16.748
@
1.330	30.090	16.740
1.330	30.090	16.760
1.330	30.090	16.766
@
1.331	30.091	16.768
1.331	30.091	16.769
@
1.333	30.092	16.789
1.333	30.092	16.800
1.333	30.092	16.808
1.333	30.092	16.810
1.333	30.092	16.811
1.333	30.092	16.812
@
1.337	30.092	16.846
1.337	30.092	16.857
@
1.340	30.093	16.891
1.340	30.093	16.898
@
1.341	30.093	16.907
1.341	30.093	16.914
1.341	30.093	16.919
@
1.343	30.093	16.933
1.343	30.093	16.937
@
1.349	30.097	16.981
1.349	30.097	17.004
1.349	30.097	17.007
@
1.353	30.097	17.030
1.353	30.097	17.045
1.353	30.097	17.054
@
1.354	30.100	17.064
1.354	30.100	17.069
@
1.355	30.099	17.076
1.355	30.099	17.091
@
1.355	30.100	17.072
1.355	30.100	17.099
@
1.357	30.101	17.101
1.357	30.101	17.102
@
1.358	30.100	17.104
1.358	30.100	17.120
@
1.359	30.101	17.142
1.359	30.101	17.148
@
1.363	30.104	17.192
1.363	30.104	17.194
@
1.364	30.105	17.194
1.364	30.105	17.214
@
1.364	30.107	17.218
1.364	30.107	17.224
@
1.365	30.106	17.221
1.365	30.106	17.224
@
1.365	30.107	17.221
1.365	30.107	17.236
@
1.368	30.109	17.261
1.368	30.109	17.271
@
1.369	30.109	17.276
1.369	30.109	17.286
@
1.371	30.112	17.297
1.371	30.112	17.315
@
1.372	30.112	17.322
1.372	30.112	17.328
@
1.373	30.113	17.346
1.373	30.113	17.349
@
1.375	30.113	17.357
1.375	30.113	17.358
@
1.375	30.114	17.361
1.375	30.114	17.361
@
1.375	30.115	17.363
1.375	30.115	17.366
@
1.377	30.115	17.385
1.377	30.115	17.393
@
1.379	30.115	17.407
1.379	30.115	17.412
@
1.380	30.118	17.417
1.380	30.118	17.423
@
1.382	30.119	17.447
1.382	30.119	17.460
@
1.385	30.120	17.479
1.385	30.120	17.489
@
1.387	30.121	17.517
1.387	30.121	17.519
@
1.390	30.122	17.550
1.390	30.122	17.554
@
1.390	30.125	17.554
1.390	30.125	17.558
@
1.391	30.126	17.562
1.391	30.126	17.568
@
1.392	30.127	17.580
1.392	30.127	17.589
@
1.396	30.128	17.628
1.396	30.128	17.639
1.396	30.128	17.650
@
1.400	30.130	17.671
1.400	30.130	17.686
@
1.400	30.133	17.688
1.400	30.133	17.701
@
1.407	30.133	17.766
1.407	30.133	17.769
@
1.409	30.138	17.804
1.409	30.138	17.808
@
1.411	30.141	17.838
1.411	30.141	17.849
@
1.418	30.141	17.902
1.418	30.141	17.909
@
1.420	30.144	17.952
1.420	30.144	17.958
@
1.424	30.146	17.996
1.424	30.146	18.004
@
1.425	30.148	18.025
1.425	30.148	18.030
@
1.426	30.148	18.018
1.426	30.148	18.024
@
1.429	30.148	18.058
1.429	30.148	18.065
@
1.435	30.153	18.158
1.435	30.153	18.164
@
1.435	30.155	18.162
1.435	30.155	18.171
@
1.439	30.156	18.179
1.439	30.156	18.182
@
1.443	30.157	18.244
1.443	30.157	18.248
@
1.448	30.161	18.311
1.448	30.161	18.315
@
1.457	30.169	18.443
1.457	30.169	18.446
@
1.461	30.171	18.485
1.461	30.171	18.490
@
1.461	30.172	18.480
1.461	30.172	18.500
1.461	30.172	18.506
@
1.461	30.173	18.486
1.461	30.173	18.494
@
1.465	30.176	18.540
1.465	30.176	18.546
@
1.465	30.180	18.555
1.465	30.180	18.566
@
1.469	30.181	18.615
1.469	30.181	18.624
@
1.470	30.183	18.612
1.470	30.183	18.624
1.470	30.183	18.636
1.470	30.183	18.640
@
1.475	30.188	18.688
1.475	30.188	18.697
@
1.477	30.189	18.709
1.477	30.189	18.724
@
1.480	30.193	18.750
1.480	30.193	18.754
@
1.481	30.195	18.756
1.481	30.195	18.762
1.481	30.195	18.780
@
1.484	30.199	18.802
1.484	30.199	18.812
@
1.492	30.204	18.884
1.492	30.204	18.909
@
1.494	30.205	18.932
1.494	30.205	18.945
@
1.496	30.205	18.931
1.496	30.205	18.934
@
1.496	30.209	18.947
1.496	30.209	18.958
@
1.497	30.210	18.958
1.497	30.210	18.962
1.497	30.210	18.966
@
1.498	30.212	18.982
1.498	30.212	18.982
1.498	30.212	18.987
@
1.498	30.214	18.977
1.498	30.214	18.980
1.498	30.214	18.981
1.498	30.214	18.990
1.498	30.214	18.991
@
1.499	30.216	18.994
1.499	30.216	19.006
@
1.502	30.218	19.028
1.502	30.218	19.033
@
1.513	30.228	19.170
1.513	30.228	19.186
@
1.521	30.235	19.294
1.521	30.235	19.300
1.521	30.235	19.308
@
1.522	30.236	19.301
1.522	30.236	19.301
1.522	30.236	19.310
@
1.526	30.238	19.361
1.526	30.238	19.367
@
1.532	30.241	19.444
1.532	30.241	19.446
@
1.537	30.244	19.499
1.537	30.244	19.529
@
1.542	30.251	19.585
1.542	30.251	19.603
@
1.544	30.250	19.617
1.544	30.250	19.622
@
1.549	30.254	19.649
1.549	30.254	19.688
@
1.554	30.258	19.737
1.554	30.258	19.743
@
1.555	30.257	19.751
1.555	30.257	19.766
@
1.555	30.258	19.753
1.555	30.258	19.763
@
1.557	30.262	19.768
1.557	30.262	19.782
@
1.558	30.260	19.788
1.558	30.260	19.790
@
1.559	30.262	19.797
1.559	30.262	19.803
@
1.561	30.263	19.832
1.561	30.263	19.849
@
1.564	30.264	19.879
1.564	30.264	19.883
@
1.564	30.265	19.873
1.564	30.265	19.885
@
1.565	30.268	19.897
1.565	30.268	19.903
@
1.569	30.274	19.948
1.569	30.274	19.952
@
1.570	30.272	19.958
1.570	30.272	19.966
@
1.576	30.275	20.048
1.576	30.275	20.058
@
1.578	30.275	20.056
1.578	30.275	20.081
@
1.578	30.276	20.070
1.578	30.276	20.075
@
1.580	30.279	20.094
1.580	30.279	20.105
@
1.580	30.280	20.088
1.580	30.280	20.105
@
1.580	30.281	20.097
1.580	30.281	20.105
@
1.580	30.282	20.084
1.580	30.282	20.107
@
1.590	30.283	20.232
1.590	30.283	20.241
@
1.598	30.286	20.337
1.598	30.286	20.343
@
1.600	30.289	20.357
1.600	30.289	20.359
@
1.604	30.290	20.423
1.604	30.290	20.428
@
1.611	30.293	20.515
1.611	30.293	20.531
@
1.614	30.294	20.561
1.614	30.294	20.563
1.614	30.294	20.567
@
1.616	30.297	20.562
1.616	30.297	20.582
@
1.622	30.300	20.661
1.622	30.300	20.674
@
1.624	30.300	20.679
1.624	30.300	20.685
@
1.624	30.301	20.679
1.624	30.301	20.685
@
1.624	30.304	20.703
1.624	30.304	20.705
@
1.624	30.305	20.705
1.624	30.305	20.721
@
1.626	30.305	20.704
1.626	30.305	20.706
@
1.627	30.305	20.709
1.627	30.305	20.722
@
1.628	30.310	20.737
1.628	30.310	20.740
@
1.630	30.310	20.776
1.630	30.310	20.780
1.630	30.310	20.782
@
1.631	30.313	20.782
1.631	30.313	20.792
@
1.632	30.313	20.795
1.632	30.313	20.800
@
1.634	30.316	20.832
1.634	30.316	20.842
@
1.635	30.319	20.850
1.635	30.319	20.855
@
1.641	30.325	20.935
1.641	30.325	20.956
