0.380	1.299	5.681
0.380	1.299	5.681
0.380	1.299	5.681
0.380	1.299	5.681
@
0.380	1.300	5.681
0.380	1.300	5.681
0.380	1.300	5.682
@
0.380	1.301	5.680
0.380	1.301	5.681
0.380	1.301	5.682
0.380	1.301	5.682
@
0.380	1.302	5.680
0.380	1.302	5.682
@
0.380	1.303	5.680
0.380	1.303	5.681
0.380	1.303	5.681
0.380	1.303	5.681
0.380	1.303	5.682
@
0.380	1.304	5.680
0.380	1.304	5.681
0.380	1.304	5.681
0.380	1.304	5.681
0.380	1.304	5.681
0.380	1.304	5.681
0.380	1.304	5.681
0.380	1.304	5.681
0.380	1.304	5.681
0.380	1.304	5.681
0.380	1.304	5.682
@
0.380	1.305	5.681
0.380	1.305	5.681
0.380	1.305	5.681
0.380	1.305	5.681
0.380	1.305	5.681
0.380	1.305	5.681
0.380	1.305	5.681
0.380	1.305	5.682
@
0.380	1.306	5.680
0.380	1.306	5.680
0.380	1.306	5.680
0.380	1.306	5.681
0.380	1.306	5.681
0.380	1.306	5.681
0.380	1.306	5.681
@
0.380	1.307	5.680
0.380	1.307	5.681
0.380	1.307	5.681
0.380	1.307	5.681
0.380	1.307	5.681
0.380	1.307	5.681
@
0.380	1.309	5.681
0.380	1.309	5.681
0.380	1.309	5.681
@
0.380	1.310	5.680
0.380	1.310	5.681
0.380	1.310	5.681
0.380	1.310	5.681
0.380	1.310	5.681
0.380	1.310	5.682
0.380	1.310	5.682
0.380	1.310	5.682
0.380	1.310	5.682
@
0.380	1.311	5.680
0.380	1.311	5.680
0.380	1.311	5.681
0.380	1.311	5.681
0.380	1.311	5.681
0.380	1.311	5.681
@
0.380	1.312	5.680
0.380	1.312	5.681
0.380	1.312	5.681
0.380	1.312	5.681
0.380	1.312	5.681
0.380	1.312	5.681
0.380	1.312	5.681
@
0.380	1.313	5.680
0.380	1.313	5.681
0.380	1.313	5.681
0.380	1.313	5.681
0.380	1.313	5.681
0.380	1.313	5.681
0.380	1.313	5.681
0.380	1.313	5.681
@
0.380	1.314	5.680
0.380	1.314	5.681
0.380	1.314	5.681
0.380	1.314	5.681
0.380	1.314	5.681
0.380	1.314	5.682
@
0.380	1.315	5.681
0.380	1.315	5.681
@
0.380	1.316	5.681
0.380	1.316	5.681
0.380	1.316	5.681
0.380	1.316	5.681
0.380	1.316	5.681
0.380	1.316	5.682
0.380	1.316	5.682
@
0.380	1.317	5.681
0.380	1.317	5.681
0.380	1.317	5.681
0.380	1.317	5.681
0.380	1.317	5.681
0.380	1.317	5.682
@
0.380	1.318	5.680
0.380	1.318	5.680
0.380	1.318	5.680
0.380	1.318	5.681
0.380	1.318	5.681
0.380	1.318	5.681
0.380	1.318	5.681
0.380	1.318	5.681
@
0.380	1.319	5.681
0.380	1.319	5.681
0.380	1.319	5.681
@
0.380	1.320	5.681
0.380	1.320	5.681
0.380	1.320	5.681
0.380	1.320	5.681
0.380	1.320	5.681
0.380	1.320	5.682
0.380	1.320	5.682
@
0.380	1.321	5.680
0.380	1.321	5.681
0.380	1.321	5.681
0.380	1.321	5.681
@
0.380	1.322	5.680
0.380	1.322	5.680
0.380	1.322	5.681
0.380	1.322	5.681
0.380	1.322	5.681
@
0.380	1.323	5.680
0.380	1.323	5.680
0.380	1.323	5.681
@
0.380	1.324	5.681
0.380	1.324	5.681
0.380	1.324	5.681
0.380	1.324	5.681
0.380	1.324	5.681
0.380	1.324	5.681
@
0.380	1.325	5.680
0.380	1.325	5.681
0.380	1.325	5.681
0.380	1.325	5.681
0.380	1.325	5.681
0.380	1.325	5.681
0.380	1.325	5.681
0.380	1.325	5.682
@
0.380	1.326	5.681
0.380	1.326	5.681
0.380	1.326	5.681
0.380	1.326	5.681
0.380	1.326	5.681
0.380	1.326	5.682
@
0.380	1.327	5.680
0.380	1.327	5.680
0.380	1.327	5.681
0.380	1.327	5.681
0.380	1.327	5.681
0.380	1.327	5.681
0.380	1.327	5.681
0.380	1.327	5.681
@
0.380	1.328	5.680
0.380	1.328	5.681
0.380	1.328	5.681
0.380	1.328	5.681
0.380	1.328	5.682
@
0.380	1.329	5.681
0.380	1.329	5.681
0.380	1.329	5.681
@
0.380	1.330	5.681
0.380	1.330	5.681
@
0.380	1.331	5.680
0.380	1.331	5.681
@
0.380	1.332	5.680
0.380	1.332	5.681
@
0.384	1.297	5.682
0.384	1.297	5.682
@
0.384	1.298	5.681
0.384	1.298	5.682
@
0.389	1.296	5.680
0.389	1.296	5.681
0.389	1.296	5.681
@
0.390	1.295	5.681
0.390	1.295	5.682
@
0.392	1.291	5.681
0.392	1.291	5.682
@
0.392	1.292	5.681
0.392	1.292	5.682
@
0.393	1.293	5.681
0.393	1.293	5.681
0.393	1.293	5.681
0.393	1.293	5.682
0.393	1.293	5.682
@
0.393	1.295	5.681
0.393	1.295	5.682
@
0.393	1.296	5.681
0.393	1.296	5.681
0.393	1.296	5.682
0.393	1.296	5.682
@
0.394	1.291	5.681
0.394	1.291	5.682
0.394	1.291	5.682
@
0.397	1.289	5.682
0.397	1.289	5.683
@
0.408	1.283	5.680
0.408	1.283	5.680
@
0.408	1.284	5.681
0.408	1.284	5.681
@
0.413	1.279	5.680
0.413	1.279	5.681
0.413	1.279	5.681
@
0.413	1.280	5.680
0.413	1.280	5.680
0.413	1.280	5.680
0.413	1.280	5.681
0.413	1.280	5.681
@
0.413	1.281	5.680
0.413	1.281	5.680
0.413	1.281	5.681
@
0.413	1.283	5.680
0.413	1.283	5.681
@
0.432	1.271	5.708
0.432	1.271	5.709
@
0.473	1.262	5.805
0.473	1.262	5.807
@
0.478	1.259	5.815
0.478	1.259	5.818
@
0.479	1.258	5.820
0.479	1.258	5.822
@
0.484	1.257	5.835
0.484	1.257	5.835
@
0.497	1.254	5.884
0.497	1.254	5.886
@
0.497	1.255	5.884
0.497	1.255	5.884
0.497	1.255	5.885
@
0.502	1.251	5.915
0.502	1.251	5.920
@
0.502	1.252	5.909
0.502	1.252	5.916
@
0.502	1.253	5.912
0.502	1.253	5.914
0.502	1.253	5.918
@
0.510	1.251	5.966
0.510	1.251	5.969
@
0.511	1.250	5.977
0.511	1.250	5.990
@
0.519	1.246	6.091
0.519	1.246	6.093
@
0.519	1.247	6.091
0.519	1.247	6.104
@
0.527	1.243	6.212
0.527	1.243	6.214
@
0.527	1.244	6.203
0.527	1.244	6.214
0.527	1.244	6.216
@
0.528	1.242	6.213
0.528	1.242	6.221
@
0.528	1.243	6.213
0.528	1.243	6.213
@
0.531	1.243	6.257
0.531	1.243	6.260
@
0.534	1.241	6.323
0.534	1.241	6.323
@
0.535	1.240	6.322
0.535	1.240	6.330
@
0.535	1.241	6.318
0.535	1.241	6.322
@
0.535	1.242	6.323
0.535	1.242	6.323
@
0.535	1.244	6.322
0.535	1.244	6.323
@
0.536	1.238	6.352
0.536	1.238	6.355
@
0.546	1.234	6.453
0.546	1.234	6.458
0.546	1.234	6.461
0.546	1.234	6.470
@
0.546	1.236	6.460
0.546	1.236	6.461
0.546	1.236	6.469
@
0.547	1.235	6.474
0.547	1.235	6.479
@
0.549	1.233	6.491
0.549	1.233	6.495
0.549	1.233	6.500
@
0.550	1.233	6.506
0.550	1.233	6.516
@
0.553	1.228	6.542
0.553	1.228	6.555
@
0.553	1.229	6.549
0.553	1.229	6.555
@
0.556	1.227	6.593
0.556	1.227	6.599
@
0.563	1.223	6.677
0.563	1.223	6.689
@
0.569	1.221	6.775
0.569	1.221	6.782
0.569	1.221	6.784
@
0.569	1.222	6.779
0.569	1.222	6.796
@
0.578	1.216	6.898
0.578	1.216	6.908
@
0.578	1.217	6.901
0.578	1.217	6.911
@
0.581	1.215	6.938
0.581	1.215	6.946
@
0.587	1.208	7.019
0.587	1.208	7.025
@
0.590	1.210	7.049
0.590	1.210	7.055
@
0.591	1.212	7.060
0.591	1.212	7.072
@
0.598	1.207	7.151
0.598	1.207	7.153
@
0.598	1.209	7.149
0.598	1.209	7.163
@
0.601	1.207	7.202
0.601	1.207	7.214
@
0.602	1.203	7.227
0.602	1.203	7.227
@
0.602	1.208	7.218
0.602	1.208	7.233
@
0.609	1.200	7.318
0.609	1.200	7.321
0.609	1.200	7.326
@
0.612	1.199	7.349
0.612	1.199	7.351
@
0.613	1.199	7.356
0.613	1.199	7.360
@
0.613	1.200	7.353
0.613	1.200	7.358
@
0.621	1.197	7.458
0.621	1.197	7.471
@
0.622	1.195	7.470
0.622	1.195	7.470
0.622	1.195	7.481
@
0.622	1.197	7.467
0.622	1.197	7.477
@
0.628	1.192	7.556
0.628	1.192	7.567
@
0.636	1.187	7.671
0.636	1.187	7.675
@
0.636	1.189	7.669
0.636	1.189	7.670
@
0.636	1.191	7.672
0.636	1.191	7.672
0.636	1.191	7.678
@
0.649	1.187	7.833
0.649	1.187	7.838
@
0.651	1.183	7.861
0.651	1.183	7.865
0.651	1.183	7.871
@
0.654	1.178	7.901
0.654	1.178	7.903
0.654	1.178	7.907
@
0.659	1.171	7.964
0.659	1.171	7.971
@
0.659	1.174	7.960
0.659	1.174	7.965
0.659	1.174	7.967
@
0.662	1.166	8.013
0.662	1.166	8.013
0.662	1.166	8.016
@
0.662	1.167	8.017
0.662	1.167	8.019
0.662	1.167	8.020
@
0.662	1.168	8.009
0.662	1.168	8.016
@
0.662	1.172	8.008
0.662	1.172	8.009
@
0.663	1.164	8.024
0.663	1.164	8.030
0.663	1.164	8.045
@
0.663	1.167	8.015
0.663	1.167	8.016
0.663	1.167	8.016
@
0.663	1.170	8.011
0.663	1.170	8.016
@
0.663	1.171	8.016
0.663	1.171	8.016
0.663	1.171	8.016
0.663	1.171	8.017
@
0.684	1.159	8.316
0.684	1.159	8.319
@
0.686	1.158	8.335
0.686	1.158	8.337
@
0.707	1.153	8.631
0.707	1.153	8.642
@
0.719	1.148	8.777
0.719	1.148	8.777
0.719	1.148	8.778
0.719	1.148	8.778
0.719	1.148	8.782
@
0.719	1.150	8.769
0.719	1.150	8.777
@
0.719	1.151	8.777
0.719	1.151	8.778
@
0.720	1.148	8.784
0.720	1.148	8.784
@
0.722	1.148	8.810
0.722	1.148	8.818
@
0.723	1.146	8.825
0.723	1.146	8.826
0.723	1.146	8.843
@
0.730	1.138	8.932
0.730	1.138	8.938
@
0.730	1.139	8.923
0.730	1.139	8.930
0.730	1.139	8.931
@
0.731	1.140	8.930
0.731	1.140	8.930
@
0.731	1.141	8.923
0.731	1.141	8.929
0.731	1.141	8.929
0.731	1.141	8.930
0.731	1.141	8.930
@
0.731	1.142	8.930
0.731	1.142	8.931
@
0.731	1.143	8.930
0.731	1.143	8.931
@
0.731	1.144	8.928
0.731	1.144	8.928
0.731	1.144	8.930
0.731	1.144	8.930
0.731	1.144	8.930
0.731	1.144	8.930
0.731	1.144	8.930
@
0.743	1.137	9.110
0.743	1.137	9.121
@
0.751	1.131	9.216
0.751	1.131	9.227
@
0.756	1.129	9.273
0.756	1.129	9.274
@
0.765	1.125	9.389
0.765	1.125	9.399
@
0.791	1.110	9.731
0.791	1.110	9.737
0.791	1.110	9.741
0.791	1.110	9.749
@
0.806	1.104	9.931
0.806	1.104	9.935
0.806	1.104	9.937
@
0.807	1.099	9.951
0.807	1.099	9.954
@
0.807	1.102	9.947
0.807	1.102	9.948
0.807	1.102	9.958
@
0.807	1.103	9.949
0.807	1.103	9.949
0.807	1.103	9.952
0.807	1.103	9.966
@
0.808	1.100	9.973
0.808	1.100	9.976
0.808	1.100	9.986
@
0.813	1.096	10.034
0.813	1.096	10.040
0.813	1.096	10.046
@
0.819	1.093	10.118
0.819	1.093	10.120
@
0.824	1.093	10.173
0.824	1.093	10.178
@
0.825	1.093	10.181
0.825	1.093	10.182
@
0.840	1.084	10.388
0.840	1.084	10.393
@
0.842	1.085	10.431
0.842	1.085	10.437
@
0.843	1.083	10.445
0.843	1.083	10.448
@
0.847	1.079	10.489
0.847	1.079	10.504
@
0.853	1.080	10.561
0.853	1.080	10.571
@
0.856	1.071	10.600
0.856	1.071	10.607
@
0.856	1.073	10.605
0.856	1.073	10.608
@
0.856	1.075	10.604
0.856	1.075	10.605
@
0.857	1.074	10.598
0.857	1.074	10.612
@
0.857	1.076	10.605
0.857	1.076	10.606
0.857	1.076	10.621
@
0.857	1.078	10.604
0.857	1.078	10.604
@
0.857	1.079	10.604
0.857	1.079	10.604
0.857	1.079	10.605
@
0.863	1.070	10.703
0.863	1.070	10.706
@
0.867	1.067	10.744
0.867	1.067	10.759
@
0.874	1.066	10.856
0.874	1.066	10.865
@
0.886	1.063	11.006
0.886	1.063	11.007
@
0.886	1.064	11.003
0.886	1.064	11.027
@
0.886	1.066	10.999
0.886	1.066	11.006
@
0.886	1.067	11.007
0.886	1.067	11.007
@
0.889	1.058	11.060
0.889	1.058	11.069
@
0.892	1.060	11.092
0.892	1.060	11.096
@
0.893	1.058	11.105
0.893	1.058	11.108
@
0.897	1.056	11.147
0.897	1.056	11.154
0.897	1.056	11.162
@
0.908	1.052	11.312
0.908	1.052	11.322
@
0.911	1.056	11.355
0.911	1.056	11.356
@
0.913	1.053	11.378
0.913	1.053	11.391
@
0.915	1.051	11.401
0.915	1.051	11.409
@
0.916	1.051	11.420
0.916	1.051	11.426
@
0.928	1.049	11.566
0.928	1.049	11.573
@
0.941	1.048	11.752
0.941	1.048	11.755
@
0.945	1.049	11.807
0.945	1.049	11.813
@
0.946	1.050	11.812
0.946	1.050	11.816
@
0.947	1.049	11.816
0.947	1.049	11.836
0.947	1.049	11.841
@
0.953	1.049	11.910
0.953	1.049	11.913
0.953	1.049	11.914
@
0.954	1.051	11.919
0.954	1.051	11.924
@
0.955	1.050	11.927
0.955	1.050	11.933
0.955	1.050	11.943
@
0.964	1.052	12.048
0.964	1.052	12.053
@
0.981	1.058	12.272
0.981	1.058	12.279
0.981	1.058	12.280
@
0.983	1.062	12.307
0.983	1.062	12.316
@
0.987	1.064	12.365
0.987	1.064	12.378
@
1.011	1.104	12.710
1.011	1.104	12.712
@
1.068	1.148	13.432
1.068	1.148	13.438
@
1.069	1.145	13.440
1.069	1.145	13.449
@
1.069	1.146	13.444
1.069	1.146	13.454
@
1.071	1.146	13.470
1.071	1.146	13.472
1.071	1.146	13.479
@
1.072	1.144	13.479
1.072	1.144	13.498
1.072	1.144	13.499
@
1.076	1.139	13.544
1.076	1.139	13.558
@
1.077	1.138	13.554
1.077	1.138	13.554
1.077	1.138	13.563
1.077	1.138	13.565
1.077	1.138	13.574
@
1.086	1.136	13.681
1.086	1.136	13.684
1.086	1.136	13.684
@
1.087	1.131	13.691
1.087	1.131	13.703
@
1.091	1.129	13.754
1.091	1.129	13.759
@
1.097	1.123	13.834
1.097	1.123	13.840
@
1.098	1.124	13.854
1.098	1.124	13.855
@
1.100	1.120	13.868
1.100	1.120	13.874
1.100	1.120	13.877
@
1.101	1.117	13.885
1.101	1.117	13.891
@
1.102	1.116	13.893
1.102	1.116	13.913
@
1.104	1.116	13.926
1.104	1.116	13.939
@
1.107	1.110	13.972
1.107	1.110	13.984
@
1.123	1.104	14.187
1.123	1.104	14.192
@
1.124	1.104	14.206
1.124	1.104	14.215
@
1.133	1.098	14.329
1.133	1.098	14.334
@
1.134	1.099	14.343
1.134	1.099	14.351
@
1.138	1.095	14.393
1.138	1.095	14.394
@
1.139	1.094	14.393
1.139	1.094	14.404
@
1.140	1.095	14.429
1.140	1.095	14.433
@
1.141	1.093	14.433
1.141	1.093	14.441
1.141	1.093	14.441
@
1.141	1.094	14.441
1.141	1.094	14.441
1.141	1.094	14.441
@
1.141	1.095	14.441
1.141	1.095	14.441
@
1.153	1.088	14.603
1.153	1.088	14.610
1.153	1.088	14.621
@
1.166	1.082	14.762
1.166	1.082	14.768
@
1.166	1.084	14.767
1.166	1.084	14.769
1.166	1.084	14.775
@
1.166	1.085	14.769
1.166	1.085	14.769
@
1.166	1.086	14.765
1.166	1.086	14.766
@
1.168	1.082	14.801
1.168	1.082	14.805
@
1.169	1.077	14.800
1.169	1.077	14.832
@
1.174	1.080	14.871
1.174	1.080	14.872
@
1.184	1.073	15.024
1.184	1.073	15.024
@
1.197	1.064	15.186
1.197	1.064	15.201
@
1.199	1.061	15.216
1.199	1.061	15.225
@
1.199	1.065	15.219
1.199	1.065	15.222
@
1.212	1.055	15.384
1.212	1.055	15.386
1.212	1.055	15.387
@
1.214	1.052	15.420
1.214	1.052	15.421
@
1.215	1.053	15.439
1.215	1.053	15.441
@
1.216	1.052	15.445
1.216	1.052	15.448
1.216	1.052	15.454
@
1.219	1.051	15.487
1.219	1.051	15.488
@
1.224	1.045	15.546
1.224	1.045	15.551
@
1.231	1.048	15.637
1.231	1.048	15.642
@
1.235	1.045	15.697
1.235	1.045	15.705
@
1.237	1.043	15.717
1.237	1.043	15.721
@
1.238	1.046	15.733
1.238	1.046	15.738
@
1.240	1.042	15.759
1.240	1.042	15.771
@
1.244	1.041	15.818
1.244	1.041	15.823
@
1.249	1.040	15.884
1.249	1.040	15.886
@
1.250	1.038	15.890
1.250	1.038	15.894
@
1.250	1.039	15.897
1.250	1.039	15.902
@
1.251	1.038	15.906
1.251	1.038	15.906
@
1.258	1.039	15.991
1.258	1.039	16.015
@
1.263	1.038	16.067
1.263	1.038	16.070
1.263	1.038	16.075
@
1.266	1.038	16.101
1.266	1.038	16.113
@
1.288	1.041	16.384
1.288	1.041	16.391
@
1.291	1.042	16.437
1.291	1.042	16.443
@
1.294	1.045	16.470
1.294	1.045	16.479
@
1.299	1.048	16.537
1.299	1.048	16.543
@
1.301	1.047	16.562
1.301	1.047	16.564
@
1.301	1.048	16.561
1.301	1.048	16.562
1.301	1.048	16.562
1.301	1.048	16.562
1.301	1.048	16.563
@
1.301	1.050	16.548
1.301	1.050	16.563
1.301	1.050	16.565
@
1.302	1.052	16.570
1.302	1.052	16.578
@
1.303	1.052	16.592
1.303	1.052	16.594
@
1.306	1.056	16.631
1.306	1.056	16.635
@
1.312	1.065	16.703
1.312	1.065	16.724
@
1.314	1.073	16.738
1.314	1.073	16.746
@
1.315	1.077	16.756
1.315	1.077	16.760
@
1.318	1.082	16.785
1.318	1.082	16.790
@
1.320	1.088	16.815
1.320	1.088	16.819
1.320	1.088	16.821
1.320	1.088	16.821
@
1.321	1.091	16.828
1.321	1.091	16.831
@
1.322	1.093	16.836
1.322	1.093	16.838
1.322	1.093	16.845
@
1.324	1.091	16.852
1.324	1.091	16.878
@
1.324	1.095	16.867
1.324	1.095	16.882
@
1.325	1.092	16.887
1.325	1.092	16.892
@
1.327	1.092	16.907
1.327	1.092	16.916
@
1.328	1.091	16.909
1.328	1.091	16.919
1.328	1.091	16.923
@
1.328	1.094	16.915
1.328	1.094	16.930
@
1.329	1.092	16.926
1.329	1.092	16.931
@
1.331	1.089	16.950
1.331	1.089	16.960
1.331	1.089	16.962
@
1.331	1.091	16.956
1.331	1.091	16.957
@
1.332	1.085	16.975
1.332	1.085	16.976
1.332	1.085	16.976
@
1.332	1.086	16.968
1.332	1.086	16.968
@
1.332	1.087	16.950
1.332	1.087	16.973
1.332	1.087	16.973
@
1.332	1.090	16.965
1.332	1.090	16.969
@
1.335	1.082	17.006
1.335	1.082	17.008
@
1.336	1.082	17.017
1.336	1.082	17.027
@
1.337	1.085	17.036
1.337	1.085	17.042
@
1.345	1.080	17.150
1.345	1.080	17.164
@
1.347	1.079	17.180
1.347	1.079	17.192
@
1.349	1.081	17.209
1.349	1.081	17.223
@
1.354	1.074	17.285
1.354	1.074	17.292
@
1.362	1.072	17.369
1.362	1.072	17.382
@
1.367	1.067	17.468
1.367	1.067	17.470
@
1.372	1.063	17.530
1.372	1.063	17.536
@
1.372	1.064	17.539
1.372	1.064	17.545
@
1.376	1.062	17.595
1.376	1.062	17.603
@
1.377	1.063	17.604
1.377	1.063	17.606
@
1.385	1.059	17.720
1.385	1.059	17.728
@
1.387	1.054	17.757
1.387	1.054	17.761
@
1.387	1.057	17.758
1.387	1.057	17.758
@
1.387	1.058	17.738
1.387	1.058	17.756
@
1.392	1.055	17.810
1.392	1.055	17.813
@
1.409	1.050	18.032
1.409	1.050	18.033
@
1.409	1.051	18.030
1.409	1.051	18.033
1.409	1.051	18.036
@
1.415	1.044	18.131
1.415	1.044	18.136
1.415	1.044	18.140
1.415	1.044	18.140
1.415	1.044	18.143
@
1.415	1.047	18.140
1.415	1.047	18.142
@
1.423	1.039	18.237
1.423	1.039	18.240
@
1.425	1.040	18.256
1.425	1.040	18.270
@
1.430	1.039	18.308
1.430	1.039	18.314
@
1.430	1.040	18.311
1.430	1.040	18.312
@
1.431	1.034	18.307
1.431	1.034	18.325
@
1.431	1.035	18.334
1.431	1.035	18.337
@
1.431	1.036	18.319
1.431	1.036	18.323
1.431	1.036	18.326
@
1.432	1.034	18.333
1.432	1.034	18.335
1.432	1.034	18.339
@
1.433	1.035	18.357
1.433	1.035	18.361
@
1.467	1.014	18.823
1.467	1.014	18.826
@
1.470	1.003	18.873
1.470	1.003	18.879
@
1.470	1.005	18.863
1.470	1.005	18.873
1.470	1.005	18.874
1.470	1.005	18.875
1.470	1.005	18.876
@
1.470	1.007	18.873
1.470	1.007	18.873
1.470	1.007	18.875
@
1.470	1.008	18.862
1.470	1.008	18.872
1.470	1.008	18.873
1.470	1.008	18.874
@
1.470	1.009	18.873
1.470	1.009	18.874
@
1.470	1.010	18.858
1.470	1.010	18.868
@
1.472	0.999	18.907
1.472	0.999	18.913
@
1.473	0.998	18.919
1.473	0.998	18.923
@
1.475	0.999	18.926
1.475	0.999	18.943
@
1.476	0.995	18.974
1.476	0.995	18.981
@
1.482	0.990	19.063
1.482	0.990	19.091
@
1.482	0.992	19.075
1.482	0.992	19.077
@
1.491	0.986	19.169
1.491	0.986	19.174
1.491	0.986	19.178
@
1.492	0.985	19.196
1.492	0.985	19.203
@
1.493	0.981	19.203
1.493	0.981	19.206
@
1.493	0.984	19.201
1.493	0.984	19.202
@
1.494	0.981	19.214
1.494	0.981	19.225
@
1.497	0.980	19.243
1.497	0.980	19.249
@
1.502	0.970	19.332
1.502	0.970	19.336
@
1.502	0.971	19.301
1.502	0.971	19.337
@
1.503	0.972	19.330
1.503	0.972	19.342
@
1.504	0.966	19.349
1.504	0.966	19.355
@
1.504	0.967	19.348
1.504	0.967	19.351
@
1.504	0.968	19.347
1.504	0.968	19.348
@
1.505	0.964	19.360
1.505	0.964	19.392
@
1.507	0.960	19.399
1.507	0.960	19.412
@
1.509	0.956	19.434
1.509	0.956	19.435
1.509	0.956	19.435
1.509	0.956	19.439
@
1.509	0.957	19.434
1.509	0.957	19.437
@
1.509	0.958	19.409
1.509	0.958	19.422
1.509	0.958	19.434
@
1.510	0.950	19.458
1.510	0.950	19.470
@
1.513	0.947	19.511
1.513	0.947	19.519
@
1.514	0.948	19.523
1.514	0.948	19.545
@
1.515	0.946	19.543
1.515	0.946	19.547
1.515	0.946	19.549
@
1.516	0.947	19.556
1.516	0.947	19.564
@
1.519	0.942	19.581
1.519	0.942	19.594
@
1.520	0.938	19.600
1.520	0.938	19.606
@
1.520	0.940	19.598
1.520	0.940	19.604
@
1.521	0.939	19.589
1.521	0.939	19.610
@
1.522	0.934	19.617
1.522	0.934	19.626
@
1.525	0.930	19.649
1.525	0.930	19.666
@
1.528	0.930	19.694
1.528	0.930	19.698
@
1.529	0.927	19.714
1.529	0.927	19.718
@
1.532	0.923	19.770
1.532	0.923	19.774
@
1.536	0.920	19.813
1.536	0.920	19.818
@
1.537	0.911	19.821
1.537	0.911	19.847
1.537	0.911	19.849
@
1.537	0.914	19.829
1.537	0.914	19.844
@
1.538	0.909	19.852
1.538	0.909	19.858
1.538	0.909	19.864
@
1.539	0.907	19.852
1.539	0.907	19.861
@
1.543	0.901	19.910
1.543	0.901	19.934
1.543	0.901	19.935
@
1.543	0.903	19.915
1.543	0.903	19.933
@
1.544	0.894	19.964
1.544	0.894	19.975
@
1.544	0.896	19.955
1.544	0.896	19.978
@
1.544	0.897	19.945
1.544	0.897	19.950
@
1.545	0.897	19.969
1.545	0.897	19.981
@
1.547	0.892	20.004
1.547	0.892	20.007
@
1.548	0.891	20.011
1.548	0.891	20.020
@
1.549	0.892	20.028
1.549	0.892	20.031
@
1.555	0.885	20.104
1.555	0.885	20.105
@
1.555	0.886	20.093
1.555	0.886	20.099
@
1.556	0.881	20.118
1.556	0.881	20.124
@
1.565	0.877	20.223
1.565	0.877	20.227
@
1.566	0.874	20.240
1.566	0.874	20.256
@
1.569	0.871	20.289
1.569	0.871	20.300
@
1.570	0.866	20.308
1.570	0.866	20.312
@
1.570	0.870	20.301
1.570	0.870	20.312
@
1.571	0.867	20.312
1.571	0.867	20.325
@
1.572	0.865	20.335
1.572	0.865	20.337
@
1.573	0.862	20.345
1.573	0.862	20.357
@
1.573	0.863	20.339
1.573	0.863	20.345
@
1.574	0.859	20.379
1.574	0.859	20.387
@
1.574	0.860	20.373
1.574	0.860	20.389
@
1.577	0.856	20.411
1.577	0.856	20.416
@
1.578	0.852	20.444
1.578	0.852	20.447
@
1.579	0.850	20.476
1.579	0.850	20.481
1.579	0.850	20.481
@
1.582	0.849	20.496
1.582	0.849	20.501
@
1.584	0.845	20.527
1.584	0.845	20.534
@
1.585	0.843	20.544
1.585	0.843	20.554
1.585	0.843	20.559
@
1.590	0.840	20.603
1.590	0.840	20.616
@
1.592	0.838	20.627
1.592	0.838	20.633
@
1.593	0.835	20.643
1.593	0.835	20.648
1.593	0.835	20.650
1.593	0.835	20.652
@
1.593	0.836	20.649
1.593	0.836	20.654
@
1.595	0.831	20.669
1.595	0.831	20.692
@
1.596	0.832	20.686
1.596	0.832	20.705
@
1.597	0.831	20.705
1.597	0.831	20.709
1.597	0.831	20.728
@
1.597	0.833	20.715
1.597	0.833	20.723
@
1.607	0.821	20.871
1.607	0.821	20.885
@
1.607	0.827	20.846
1.607	0.827	20.866
@
1.608	0.821	20.880
1.608	0.821	20.905
@
1.616	0.821	20.972
1.616	0.821	20.985
@
1.619	0.820	21.006
1.619	0.820	21.008
@
1.620	0.819	21.008
1.620	0.819	21.014
@
1.622	0.818	21.003
1.622	0.818	21.024
@
1.623	0.815	21.015
1.623	0.815	21.037
@
1.623	0.819	21.033
1.623	0.819	21.034
@
1.623	0.821	21.021
1.623	0.821	21.026
@
1.625	0.814	21.043
1.625	0.814	21.044
@
1.627	0.809	21.054
1.627	0.809	21.057
@
1.628	0.804	21.066
1.628	0.804	21.066
@
1.631	0.803	21.056
1.631	0.803	21.059
@
1.631	0.805	21.075
1.631	0.805	21.076
@
1.634	0.800	21.086
1.634	0.800	21.090
@
1.635	0.798	21.088
1.635	0.798	21.097
@
1.636	0.795	21.100
1.636	0.795	21.102
@
1.643	0.788	21.122
1.643	0.788	21.122
1.643	0.788	21.124
@
1.643	0.789	21.113
1.643	0.789	21.129
@
1.644	0.786	21.133
1.644	0.786	21.142
@
1.644	0.788	21.128
1.644	0.788	21.133
@
1.644	0.792	21.111
1.644	0.792	21.114
@
1.645	0.790	21.112
1.645	0.790	21.116
@
1.646	0.788	21.118
1.646	0.788	21.138
@
1.649	0.787	21.152
1.649	0.787	21.152
@
1.655	0.783	21.161
1.655	0.783	21.164
@
1.655	0.785	21.139
1.655	0.785	21.167
@
1.660	0.782	21.167
1.660	0.782	21.174
@
1.660	0.784	21.174
1.660	0.784	21.175
@
1.680	0.786	21.226
1.680	0.786	21.228
@
1.684	0.790	21.237
1.684	0.790	21.239
@
1.719	0.815	21.272
1.719	0.815	21.272
@
1.723	0.821	21.272
1.723	0.821	21.273
@
1.730	0.837	21.273
1.730	0.837	21.275
@
1.731	0.832	21.272
1.731	0.832	21.276
@
1.731	0.833	21.273
1.731	0.833	21.274
