5.680	1.280	0.413
5.680	1.280	0.413
5.680	1.280	0.413
5.680	1.280	0.414
@
5.680	1.281	0.412
5.680	1.281	0.413
5.680	1.281	0.413
5.680	1.281	0.418
@
5.680	1.283	0.408
5.680	1.283	0.408
5.680	1.283	0.413
@
5.680	1.284	0.402
5.680	1.284	0.403
@
5.680	1.285	0.404
5.680	1.285	0.406
5.680	1.285	0.407
@
5.680	1.289	0.401
5.680	1.289	0.405
@
5.680	1.296	0.380
5.680	1.296	0.389
@
5.680	1.306	0.380
5.680	1.306	0.380
5.680	1.306	0.380
@
5.680	1.311	0.380
5.680	1.311	0.380
@
5.680	1.318	0.380
5.680	1.318	0.380
5.680	1.318	0.380
@
5.680	1.322	0.380
5.680	1.322	0.380
@
5.680	1.323	0.380
5.680	1.323	0.380
@
5.680	1.327	0.380
5.680	1.327	0.380
@
5.681	1.275	0.419
5.681	1.275	0.422
@
5.681	1.276	0.417
5.681	1.276	0.421
@
5.681	1.279	0.413
5.681	1.279	0.413
5.681	1.279	0.419
@
5.681	1.280	0.413
5.681	1.280	0.413
@
5.681	1.281	0.407
5.681	1.281	0.408
5.681	1.281	0.413
@
5.681	1.282	0.409
5.681	1.282	0.410
@
5.681	1.283	0.412
5.681	1.283	0.413
@
5.681	1.284	0.407
5.681	1.284	0.408
5.681	1.284	0.408
5.681	1.284	0.413
@
5.681	1.288	0.401
5.681	1.288	0.403
5.681	1.288	0.408
@
5.681	1.291	0.392
5.681	1.291	0.393
5.681	1.291	0.394
@
5.681	1.292	0.392
5.681	1.292	0.394
@
5.681	1.293	0.391
5.681	1.293	0.393
5.681	1.293	0.393
5.681	1.293	0.393
5.681	1.293	0.394
5.681	1.293	0.395
@
5.681	1.295	0.383
5.681	1.295	0.389
5.681	1.295	0.390
5.681	1.295	0.392
5.681	1.295	0.393
@
5.681	1.296	0.388
5.681	1.296	0.389
5.681	1.296	0.389
5.681	1.296	0.393
5.681	1.296	0.393
@
5.681	1.297	0.382
5.681	1.297	0.393
@
5.681	1.298	0.384
5.681	1.298	0.388
5.681	1.298	0.389
@
5.681	1.299	0.380
5.681	1.299	0.380
5.681	1.299	0.380
5.681	1.299	0.380
5.681	1.299	0.388
@
5.681	1.300	0.380
5.681	1.300	0.380
@
5.681	1.301	0.380
5.681	1.301	0.382
@
5.681	1.303	0.380
5.681	1.303	0.380
5.681	1.303	0.380
@
5.681	1.304	0.380
5.681	1.304	0.380
5.681	1.304	0.380
5.681	1.304	0.380
5.681	1.304	0.380
5.681	1.304	0.380
5.681	1.304	0.380
5.681	1.304	0.380
5.681	1.304	0.380
@
5.681	1.305	0.380
5.681	1.305	0.380
5.681	1.305	0.380
5.681	1.305	0.380
5.681	1.305	0.380
5.681	1.305	0.380
5.681	1.305	0.380
@
5.681	1.306	0.380
5.681	1.306	0.380
5.681	1.306	0.380
5.681	1.306	0.380
@
5.681	1.307	0.380
5.681	1.307	0.380
5.681	1.307	0.380
5.681	1.307	0.380
5.681	1.307	0.380
@
5.681	1.309	0.380
5.681	1.309	0.380
5.681	1.309	0.380
@
5.681	1.310	0.380
5.681	1.310	0.380
5.681	1.310	0.380
5.681	1.310	0.380
@
5.681	1.311	0.380
5.681	1.311	0.380
5.681	1.311	0.380
5.681	1.311	0.380
@
5.681	1.312	0.380
5.681	1.312	0.380
5.681	1.312	0.380
5.681	1.312	0.380
5.681	1.312	0.380
5.681	1.312	0.380
@
5.681	1.313	0.380
5.681	1.313	0.380
5.681	1.313	0.380
5.681	1.313	0.380
5.681	1.313	0.380
5.681	1.313	0.380
5.681	1.313	0.380
@
5.681	1.314	0.380
5.681	1.314	0.380
5.681	1.314	0.380
5.681	1.314	0.380
@
5.681	1.315	0.380
5.681	1.315	0.380
@
5.681	1.316	0.380
5.681	1.316	0.380
5.681	1.316	0.380
5.681	1.316	0.380
5.681	1.316	0.380
@
5.681	1.317	0.380
5.681	1.317	0.380
5.681	1.317	0.380
5.681	1.317	0.380
5.681	1.317	0.380
@
5.681	1.318	0.380
5.681	1.318	0.380
5.681	1.318	0.380
5.681	1.318	0.380
5.681	1.318	0.380
@
5.681	1.319	0.380
5.681	1.319	0.380
5.681	1.319	0.380
@
5.681	1.320	0.380
5.681	1.320	0.380
5.681	1.320	0.380
5.681	1.320	0.380
5.681	1.320	0.380
@
5.681	1.321	0.380
5.681	1.321	0.380
5.681	1.321	0.380
@
5.681	1.322	0.380
5.681	1.322	0.380
5.681	1.322	0.380
@
5.681	1.324	0.380
5.681	1.324	0.380
5.681	1.324	0.380
5.681	1.324	0.380
5.681	1.324	0.380
5.681	1.324	0.380
@
5.681	1.325	0.380
5.681	1.325	0.380
5.681	1.325	0.380
5.681	1.325	0.380
5.681	1.325	0.380
5.681	1.325	0.380
@
5.681	1.326	0.380
5.681	1.326	0.380
5.681	1.326	0.380
5.681	1.326	0.380
5.681	1.326	0.380
@
5.681	1.327	0.380
5.681	1.327	0.380
5.681	1.327	0.380
5.681	1.327	0.380
5.681	1.327	0.380
5.681	1.327	0.380
@
5.681	1.328	0.380
5.681	1.328	0.380
5.681	1.328	0.380
@
5.681	1.329	0.380
5.681	1.329	0.380
5.681	1.329	0.380
@
5.681	1.330	0.380
5.681	1.330	0.380
@
5.682	1.277	0.413
5.682	1.277	0.423
@
5.682	1.288	0.396
5.682	1.288	0.399
@
5.682	1.291	0.390
5.682	1.291	0.392
5.682	1.291	0.394
5.682	1.291	0.394
@
5.682	1.293	0.393
5.682	1.293	0.393
@
5.682	1.295	0.390
5.682	1.295	0.393
@
5.682	1.296	0.393
5.682	1.296	0.393
@
5.682	1.297	0.384
5.682	1.297	0.384
5.682	1.297	0.387
5.682	1.297	0.392
@
5.682	1.298	0.381
5.682	1.298	0.384
@
5.682	1.300	0.380
5.682	1.300	0.384
@
5.682	1.301	0.380
5.682	1.301	0.380
@
5.682	1.310	0.380
5.682	1.310	0.380
5.682	1.310	0.380
5.682	1.310	0.380
@
5.682	1.316	0.380
5.682	1.316	0.380
@
5.682	1.320	0.380
5.682	1.320	0.380
@
5.835	1.257	0.484
5.835	1.257	0.484
@
5.872	1.258	0.494
5.872	1.258	0.495
@
5.884	1.255	0.497
5.884	1.255	0.497
@
6.213	1.243	0.528
6.213	1.243	0.528
@
6.323	1.241	0.534
6.323	1.241	0.534
@
6.323	1.242	0.535
6.323	1.242	0.535
@
6.421	1.235	0.542
6.421	1.235	0.543
@
7.227	1.203	0.602
7.227	1.203	0.602
@
7.470	1.195	0.622
7.470	1.195	0.622
@
7.672	1.191	0.636
7.672	1.191	0.636
@
8.013	1.166	0.662
8.013	1.166	0.662
@
8.016	1.167	0.663
8.016	1.167	0.663
@
8.016	1.168	0.662
8.016	1.168	0.663
@
8.016	1.171	0.663
8.016	1.171	0.663
8.016	1.171	0.663
@
8.030	1.164	0.662
8.030	1.164	0.663
@
8.777	1.148	0.719
8.777	1.148	0.719
@
8.778	1.148	0.719
8.778	1.148	0.719
@
8.784	1.148	0.720
8.784	1.148	0.720
@
8.928	1.144	0.731
8.928	1.144	0.731
@
8.929	1.141	0.730
8.929	1.141	0.731
8.929	1.141	0.731
@
8.930	1.140	0.731
8.930	1.140	0.731
@
8.930	1.141	0.731
8.930	1.141	0.731
@
8.930	1.144	0.731
8.930	1.144	0.731
8.930	1.144	0.731
8.930	1.144	0.731
8.930	1.144	0.731
@
9.949	1.103	0.807
9.949	1.103	0.807
@
10.604	1.078	0.857
10.604	1.078	0.857
@
10.604	1.079	0.857
10.604	1.079	0.857
@
10.605	1.076	0.856
10.605	1.076	0.857
@
11.003	1.064	0.885
11.003	1.064	0.886
@
11.007	1.067	0.886
11.007	1.067	0.886
@
13.554	1.138	1.077
13.554	1.138	1.077
@
13.684	1.136	1.086
13.684	1.136	1.086
@
14.441	1.093	1.141
14.441	1.093	1.141
@
14.441	1.094	1.141
14.441	1.094	1.141
14.441	1.094	1.141
@
14.441	1.095	1.141
14.441	1.095	1.141
@
14.769	1.085	1.166
14.769	1.085	1.166
@
15.024	1.073	1.184
15.024	1.073	1.184
@
15.906	1.038	1.251
15.906	1.038	1.251
@
16.562	1.048	1.301
16.562	1.048	1.301
16.562	1.048	1.301
@
16.821	1.088	1.320
16.821	1.088	1.320
@
16.968	1.086	1.332
16.968	1.086	1.332
@
16.973	1.087	1.332
16.973	1.087	1.332
@
16.976	1.085	1.332
16.976	1.085	1.332
@
17.755	1.056	1.387
17.755	1.056	1.389
@
17.758	1.057	1.387
17.758	1.057	1.387
@
18.140	1.044	1.415
18.140	1.044	1.415
@
18.873	1.007	1.470
18.873	1.007	1.470
@
18.873	1.008	1.470
18.873	1.008	1.471
@
19.435	0.956	1.509
19.435	0.956	1.509
@
19.479	0.949	1.511
19.479	0.949	1.512
@
20.481	0.850	1.579
20.481	0.850	1.579
@
21.057	0.809	1.627
21.057	0.809	1.628
@
21.066	0.804	1.628
21.066	0.804	1.628
@
21.090	0.798	1.636
21.090	0.798	1.640
@
21.122	0.788	1.643
21.122	0.788	1.643
@
21.151	0.784	1.648
21.151	0.784	1.649
@
21.152	0.787	1.649
21.152	0.787	1.649
@
21.155	0.783	1.652
21.155	0.783	1.653
@
21.268	0.793	1.698
21.268	0.793	1.701
@
21.268	0.795	1.701
21.268	0.795	1.702
@
21.270	0.796	1.700
21.270	0.796	1.702
@
21.272	0.815	1.719
21.272	0.815	1.719
@
21.273	0.800	1.708
21.273	0.800	1.711
