0.372	10.239	5.681
0.372	10.239	5.682
@
0.375	10.236	5.682
0.375	10.236	5.682
@
0.375	10.237	5.681
0.375	10.237	5.682
@
0.377	10.236	5.682
0.377	10.236	5.682
@
0.379	10.234	5.681
0.379	10.234	5.682
@
0.380	10.233	5.682
0.380	10.233	5.682
@
0.381	10.233	5.682
0.381	10.233	5.682
0.381	10.233	5.682
0.381	10.233	5.682
@
0.382	10.232	5.681
0.382	10.232	5.682
@
0.383	10.232	5.681
0.383	10.232	5.682
@
0.386	10.232	5.682
0.386	10.232	5.683
@
0.388	10.229	5.681
0.388	10.229	5.682
@
0.388	10.230	5.682
0.388	10.230	5.682
@
0.388	10.231	5.681
0.388	10.231	5.681
@
0.388	10.232	5.682
0.388	10.232	5.683
@
0.393	10.228	5.682
0.393	10.228	5.682
@
0.393	10.231	5.681
0.393	10.231	5.681
0.393	10.231	5.682
@
0.393	10.232	5.682
0.393	10.232	5.682
@
0.407	10.234	5.680
0.407	10.234	5.681
@
0.408	10.233	5.681
0.408	10.233	5.682
@
0.409	10.233	5.680
0.409	10.233	5.681
@
0.415	10.237	5.681
0.415	10.237	5.681
@
0.416	10.235	5.681
0.416	10.235	5.682
@
0.418	10.238	5.688
0.418	10.238	5.688
@
0.418	10.239	5.687
0.418	10.239	5.688
@
0.421	10.240	5.698
0.421	10.240	5.700
@
0.428	10.245	5.713
0.428	10.245	5.713
0.428	10.245	5.713
@
0.432	10.245	5.723
0.432	10.245	5.724
@
0.432	10.249	5.725
0.432	10.249	5.725
@
0.433	10.249	5.725
0.433	10.249	5.727
@
0.433	10.250	5.726
0.433	10.250	5.727
@
0.436	10.254	5.736
0.436	10.254	5.737
@
0.443	10.253	5.750
0.443	10.253	5.750
@
0.443	10.256	5.750
0.443	10.256	5.750
0.443	10.256	5.750
0.443	10.256	5.750
@
0.445	10.257	5.754
0.445	10.257	5.754
@
0.445	10.258	5.753
0.445	10.258	5.753
0.445	10.258	5.754
@
0.445	10.259	5.754
0.445	10.259	5.755
0.445	10.259	5.756
@
0.446	10.260	5.756
0.446	10.260	5.756
@
0.446	10.262	5.758
0.446	10.262	5.761
@
0.448	10.263	5.763
0.448	10.263	5.764
@
0.449	10.264	5.765
0.449	10.264	5.765
0.449	10.264	5.767
@
0.453	10.269	5.774
0.453	10.269	5.776
@
0.454	10.269	5.777
0.454	10.269	5.781
@
0.459	10.275	5.788
0.459	10.275	5.790
@
0.460	10.275	5.794
0.460	10.275	5.794
@
0.462	10.276	5.797
0.462	10.276	5.798
@
0.462	10.277	5.798
0.462	10.277	5.798
@
0.462	10.278	5.798
0.462	10.278	5.799
@
0.466	10.281	5.809
0.466	10.281	5.810
@
0.468	10.286	5.812
0.468	10.286	5.814
@
0.469	10.284	5.818
0.469	10.284	5.819
@
0.474	10.288	5.831
0.474	10.288	5.831
@
0.474	10.290	5.831
0.474	10.290	5.831
0.474	10.290	5.832
0.474	10.290	5.833
@
0.478	10.294	5.846
0.478	10.294	5.847
@
0.483	10.299	5.859
0.483	10.299	5.861
@
0.493	10.303	5.906
0.493	10.303	5.908
0.493	10.303	5.908
@
0.493	10.305	5.908
0.493	10.305	5.908
@
0.493	10.306	5.908
0.493	10.306	5.908
@
0.496	10.309	5.927
0.496	10.309	5.931
@
0.505	10.311	6.027
0.505	10.311	6.030
@
0.507	10.312	6.057
0.507	10.312	6.057
@
0.507	10.313	6.057
0.507	10.313	6.065
@
0.511	10.316	6.116
0.511	10.316	6.119
0.511	10.316	6.125
@
0.511	10.317	6.122
0.511	10.317	6.124
@
0.512	10.319	6.128
0.512	10.319	6.128
@
0.513	10.318	6.140
0.513	10.318	6.142
@
0.514	10.319	6.153
0.514	10.319	6.163
@
0.515	10.323	6.169
0.515	10.323	6.177
@
0.520	10.324	6.227
0.520	10.324	6.238
@
0.523	10.329	6.275
0.523	10.329	6.285
@
0.524	10.328	6.294
0.524	10.328	6.300
@
0.524	10.330	6.300
0.524	10.330	6.305
@
0.537	10.335	6.466
0.537	10.335	6.474
@
0.537	10.336	6.461
0.537	10.336	6.469
@
0.552	10.344	6.666
0.552	10.344	6.677
@
0.553	10.344	6.679
0.553	10.344	6.683
@
0.557	10.345	6.735
0.557	10.345	6.744
0.557	10.345	6.750
@
0.562	10.347	6.811
0.562	10.347	6.820
@
0.562	10.348	6.821
0.562	10.348	6.822
@
0.562	10.350	6.820
0.562	10.350	6.824
@
0.566	10.351	6.874
0.566	10.351	6.880
@
0.566	10.354	6.877
0.566	10.354	6.878
0.566	10.354	6.883
@
0.567	10.355	6.896
0.567	10.355	6.903
@
0.568	10.356	6.911
0.568	10.356	6.912
0.568	10.356	6.918
@
0.571	10.359	6.961
0.571	10.359	6.963
@
0.575	10.359	7.007
0.575	10.359	7.017
@
0.582	10.366	7.097
0.582	10.366	7.104
@
0.592	10.365	7.214
0.592	10.365	7.230
@
0.592	10.366	7.222
0.592	10.366	7.224
@
0.639	10.382	7.865
0.639	10.382	7.883
@
0.643	10.385	7.927
0.643	10.385	7.933
@
0.645	10.385	7.959
0.645	10.385	7.962
@
0.661	10.389	8.165
0.661	10.389	8.169
@
0.675	10.392	8.353
0.675	10.392	8.357
@
0.684	10.395	8.472
0.684	10.395	8.473
@
0.686	10.394	8.497
0.686	10.394	8.507
0.686	10.394	8.508
@
0.687	10.396	8.523
0.687	10.396	8.537
@
0.703	10.402	8.743
0.703	10.402	8.747
@
0.707	10.402	8.813
0.707	10.402	8.819
@
0.738	10.407	9.252
0.738	10.407	9.257
@
0.738	10.408	9.253
0.738	10.408	9.261
0.738	10.408	9.265
@
0.738	10.409	9.253
0.738	10.409	9.254
@
0.764	10.416	9.595
0.764	10.416	9.605
@
0.765	10.416	9.624
0.765	10.416	9.640
@
0.766	10.418	9.633
0.766	10.418	9.640
@
0.775	10.420	9.762
0.775	10.420	9.766
@
0.780	10.422	9.818
0.780	10.422	9.827
0.780	10.422	9.844
@
0.780	10.423	9.824
0.780	10.423	9.828
0.780	10.423	9.831
@
0.793	10.425	10.022
0.793	10.425	10.034
0.793	10.425	10.035
@
0.793	10.426	10.034
0.793	10.426	10.034
@
0.793	10.427	10.030
0.793	10.427	10.035
@
0.793	10.428	10.025
0.793	10.428	10.036
0.793	10.428	10.037
@
0.793	10.429	10.034
0.793	10.429	10.036
@
0.799	10.431	10.120
0.799	10.431	10.121
@
0.808	10.431	10.223
0.808	10.431	10.226
@
0.808	10.432	10.218
0.808	10.432	10.225
0.808	10.432	10.227
0.808	10.432	10.229
@
0.825	10.438	10.454
0.825	10.438	10.461
@
0.840	10.439	10.651
0.840	10.439	10.673
@
0.840	10.442	10.676
0.840	10.442	10.682
@
0.841	10.440	10.691
0.841	10.440	10.700
@
0.841	10.441	10.662
0.841	10.441	10.671
@
0.844	10.443	10.730
0.844	10.443	10.736
@
0.858	10.445	10.901
0.858	10.445	10.913
@
0.860	10.446	10.931
0.860	10.446	10.944
@
0.872	10.446	11.107
0.872	10.446	11.108
@
0.908	10.454	11.613
0.908	10.454	11.624
@
0.922	10.461	11.793
0.922	10.461	11.805
@
0.928	10.462	11.892
0.928	10.462	11.900
0.928	10.462	11.902
@
0.940	10.464	12.061
0.940	10.464	12.068
@
0.941	10.465	12.073
0.941	10.465	12.085
@
0.972	10.474	12.510
0.972	10.474	12.522
@
0.974	10.474	12.537
0.974	10.474	12.549
@
0.981	10.477	12.634
0.981	10.477	12.648
@
1.007	10.479	12.980
1.007	10.479	12.994
1.007	10.479	13.012
@
1.008	10.480	13.023
1.008	10.480	13.027
@
1.010	10.482	13.042
1.010	10.482	13.055
@
1.038	10.486	13.440
1.038	10.486	13.444
1.038	10.486	13.446
@
1.039	10.485	13.448
1.039	10.485	13.452
@
1.040	10.488	13.462
1.040	10.488	13.469
@
1.042	10.488	13.492
1.042	10.488	13.513
1.042	10.488	13.521
@
1.046	10.490	13.561
1.046	10.490	13.579
@
1.054	10.488	13.657
1.054	10.488	13.660
@
1.054	10.491	13.665
1.054	10.491	13.676
@
1.055	10.491	13.652
1.055	10.491	13.669
@
1.069	10.492	13.859
1.069	10.492	13.910
@
1.070	10.492	13.865
1.070	10.492	13.914
@
1.070	10.493	13.904
1.070	10.493	13.914
@
1.072	10.495	13.897
1.072	10.495	13.924
@
1.074	10.493	13.940
1.074	10.493	13.977
@
1.088	10.501	14.135
1.088	10.501	14.145
@
1.102	10.499	14.337
1.102	10.499	14.355
@
1.104	10.501	14.380
1.104	10.501	14.383
1.104	10.501	14.388
@
1.108	10.502	14.439
1.108	10.502	14.440
@
1.134	10.512	14.787
1.134	10.512	14.801
@
1.139	10.514	14.853
1.139	10.514	14.860
@
1.140	10.514	14.872
1.140	10.514	14.878
@
1.140	10.515	14.863
1.140	10.515	14.885
@
1.144	10.515	14.939
1.144	10.515	14.941
@
1.146	10.517	14.957
1.146	10.517	14.966
@
1.149	10.518	15.002
1.149	10.518	15.003
@
1.166	10.520	15.224
1.166	10.520	15.237
@
1.186	10.524	15.498
1.186	10.524	15.507
@
1.187	10.524	15.522
1.187	10.524	15.527
@
1.193	10.527	15.603
1.193	10.527	15.613
@
1.199	10.526	15.686
1.199	10.526	15.692
@
1.207	10.527	15.796
1.207	10.527	15.815
@
1.207	10.530	15.802
1.207	10.530	15.822
@
1.221	10.531	15.985
1.221	10.531	15.990
1.221	10.531	15.997
@
1.233	10.535	16.162
1.233	10.535	16.174
@
1.235	10.536	16.189
1.235	10.536	16.198
@
1.236	10.534	16.199
1.236	10.534	16.203
@
1.236	10.535	16.199
1.236	10.535	16.201
1.236	10.535	16.232
@
1.236	10.536	16.207
1.236	10.536	16.223
@
1.238	10.536	16.255
1.238	10.536	16.260
@
1.238	10.537	16.248
1.238	10.537	16.248
@
1.243	10.537	16.335
1.243	10.537	16.337
@
1.243	10.538	16.313
1.243	10.538	16.322
1.243	10.538	16.324
1.243	10.538	16.327
1.243	10.538	16.340
@
1.251	10.541	16.406
1.251	10.541	16.411
1.251	10.541	16.413
1.251	10.541	16.419
@
1.271	10.543	16.687
1.271	10.543	16.699
@
1.284	10.546	16.850
1.284	10.546	16.865
@
1.286	10.548	16.867
1.286	10.548	16.895
@
1.295	10.549	16.992
1.295	10.549	17.016
@
1.320	10.553	17.361
1.320	10.553	17.380
@
1.333	10.555	17.543
1.333	10.555	17.574
@
1.341	10.555	17.645
1.341	10.555	17.701
@
1.353	10.556	17.813
1.353	10.556	17.847
1.353	10.556	17.847
@
1.353	10.559	17.847
1.353	10.559	17.850
@
1.359	10.558	17.933
1.359	10.558	17.945
@
1.362	10.560	17.965
1.362	10.560	17.967
@
1.364	10.561	18.018
1.364	10.561	18.028
@
1.364	10.562	18.019
1.364	10.562	18.030
@
1.373	10.562	18.130
1.373	10.562	18.144
@
1.374	10.563	18.160
1.374	10.563	18.165
1.374	10.563	18.168
@
1.374	10.564	18.140
1.374	10.564	18.149
@
1.378	10.563	18.228
1.378	10.563	18.230
@
1.378	10.565	18.215
1.378	10.565	18.226
1.378	10.565	18.230
@
1.391	10.567	18.379
1.391	10.567	18.398
@
1.395	10.568	18.457
1.395	10.568	18.469
@
1.396	10.569	18.470
1.396	10.569	18.477
@
1.397	10.570	18.481
1.397	10.570	18.502
@
1.406	10.568	18.620
1.406	10.568	18.640
@
1.406	10.570	18.645
1.406	10.570	18.647
@
1.406	10.571	18.653
1.406	10.571	18.656
@
1.415	10.574	18.746
1.415	10.574	18.750
@
1.432	10.577	18.989
1.432	10.577	18.998
@
1.435	10.577	19.038
1.435	10.577	19.068
@
1.461	10.577	19.343
1.461	10.577	19.379
@
1.461	10.579	19.339
1.461	10.579	19.350
@
1.469	10.580	19.452
1.469	10.580	19.456
@
1.474	10.580	19.557
1.474	10.580	19.590
@
1.474	10.582	19.544
1.474	10.582	19.560
@
1.482	10.582	19.538
1.482	10.582	19.683
@
1.496	10.587	19.912
1.496	10.587	19.927
@
1.498	10.586	19.957
1.498	10.586	19.966
@
1.499	10.587	19.973
1.499	10.587	19.978
@
1.499	10.588	19.993
1.499	10.588	20.003
@
1.500	10.587	19.985
1.500	10.587	20.007
1.500	10.587	20.016
@
1.510	10.589	20.118
1.510	10.589	20.145
@
1.513	10.589	20.153
1.513	10.589	20.162
@
1.515	10.588	20.180
1.515	10.588	20.181
@
1.519	10.589	20.238
1.519	10.589	20.255
@
1.525	10.591	20.315
1.525	10.591	20.316
@
1.528	10.592	20.396
1.528	10.592	20.421
@
1.532	10.593	20.474
1.532	10.593	20.478
@
1.542	10.594	20.570
1.542	10.594	20.584
@
1.543	10.594	20.593
1.543	10.594	20.594
@
1.551	10.600	20.712
1.551	10.600	20.731
@
1.559	10.601	20.820
1.559	10.601	20.868
@
1.560	10.600	20.869
1.560	10.600	20.876
1.560	10.600	20.890
@
1.561	10.601	20.886
1.561	10.601	20.892
@
1.570	10.603	21.014
1.570	10.603	21.016
@
1.572	10.604	21.018
1.572	10.604	21.020
@
1.573	10.603	21.013
1.573	10.603	21.021
@
1.588	10.608	21.106
1.588	10.608	21.106
@
1.590	10.608	21.113
1.590	10.608	21.113
@
1.594	10.609	21.126
1.594	10.609	21.130
@
1.597	10.610	21.142
1.597	10.610	21.143
@
1.605	10.612	21.155
1.605	10.612	21.158
@
1.610	10.612	21.166
1.610	10.612	21.172
@
1.618	10.613	21.194
1.618	10.613	21.195
@
1.619	10.613	21.193
1.619	10.613	21.194
@
1.620	10.615	21.196
1.620	10.615	21.197
1.620	10.615	21.199
@
1.622	10.614	21.204
1.622	10.614	21.204
@
1.628	10.615	21.222
1.628	10.615	21.225
@
1.633	10.616	21.239
1.633	10.616	21.239
@
1.637	10.617	21.240
1.637	10.617	21.242
@
1.638	10.619	21.245
1.638	10.619	21.252
@
1.639	10.618	21.247
1.639	10.618	21.248
1.639	10.618	21.249
@
1.640	10.618	21.248
1.640	10.618	21.252
1.640	10.618	21.253
@
1.644	10.619	21.260
1.644	10.619	21.263
@
1.645	10.620	21.265
1.645	10.620	21.266
@
1.646	10.620	21.267
1.646	10.620	21.269
@
1.650	10.620	21.247
1.650	10.620	21.270
@
1.655	10.621	21.249
1.655	10.621	21.262
@
1.662	10.624	21.270
1.662	10.624	21.271
1.662	10.624	21.271
1.662	10.624	21.272
@
1.663	10.625	21.271
1.663	10.625	21.273
@
1.674	10.628	21.270
1.674	10.628	21.271
@
1.675	10.628	21.247
1.675	10.628	21.270
@
1.676	10.632	21.266
1.676	10.632	21.270
@
1.677	10.627	21.268
1.677	10.627	21.270
1.677	10.627	21.270
@
1.677	10.629	21.247
1.677	10.629	21.269
1.677	10.629	21.269
1.677	10.629	21.270
1.677	10.629	21.272
@
1.677	10.630	21.265
1.677	10.630	21.266
1.677	10.630	21.267
1.677	10.630	21.267
1.677	10.630	21.267
1.677	10.630	21.268
1.677	10.630	21.268
1.677	10.630	21.268
1.677	10.630	21.270
1.677	10.630	21.271
1.677	10.630	21.271
@
1.677	10.631	21.265
1.677	10.631	21.268
1.677	10.631	21.268
1.677	10.631	21.270
1.677	10.631	21.270
1.677	10.631	21.272
@
1.677	10.632	21.245
1.677	10.632	21.266
@
1.677	10.633	21.265
1.677	10.633	21.268
@
1.677	10.634	21.266
1.677	10.634	21.268
