5.681	15.524	0.404
5.681	15.524	0.405
5.681	15.524	0.409
@
5.681	15.525	0.402
5.681	15.525	0.403
5.681	15.525	0.406
5.681	15.525	0.408
5.681	15.525	0.409
5.681	15.525	0.409
5.681	15.525	0.410
@
5.681	15.530	0.390
5.681	15.530	0.390
@
5.681	15.533	0.378
5.681	15.533	0.381
@
5.681	15.535	0.373
5.681	15.535	0.378
@
5.681	15.539	0.367
5.681	15.539	0.369
@
5.681	15.542	0.367
5.681	15.542	0.367
@
5.681	15.543	0.367
5.681	15.543	0.367
@
5.681	15.544	0.367
5.681	15.544	0.367
@
5.682	15.525	0.401
5.682	15.525	0.410
@
5.682	15.526	0.393
5.682	15.526	0.395
5.682	15.526	0.398
5.682	15.526	0.410
@
5.682	15.527	0.389
5.682	15.527	0.394
5.682	15.527	0.396
5.682	15.527	0.397
@
5.682	15.528	0.390
5.682	15.528	0.390
5.682	15.528	0.391
5.682	15.528	0.392
5.682	15.528	0.394
5.682	15.528	0.396
@
5.682	15.529	0.388
5.682	15.529	0.390
5.682	15.529	0.390
5.682	15.529	0.391
5.682	15.529	0.394
@
5.682	15.530	0.381
5.682	15.530	0.383
5.682	15.530	0.385
5.682	15.530	0.388
@
5.682	15.531	0.382
5.682	15.531	0.386
5.682	15.531	0.389
@
5.682	15.532	0.380
5.682	15.532	0.382
5.682	15.532	0.383
@
5.682	15.533	0.375
5.682	15.533	0.379
5.682	15.533	0.379
@
5.682	15.534	0.374
5.682	15.534	0.375
@
5.682	15.535	0.373
5.682	15.535	0.373
5.682	15.535	0.376
@
5.682	15.536	0.371
5.682	15.536	0.372
5.682	15.536	0.373
@
5.682	15.537	0.368
5.682	15.537	0.371
5.682	15.537	0.372
@
5.682	15.538	0.369
5.682	15.538	0.370
5.682	15.538	0.370
@
5.682	15.539	0.369
5.682	15.539	0.369
@
5.682	15.542	0.367
5.682	15.542	0.367
@
5.683	15.526	0.399
5.683	15.526	0.400
@
5.683	15.527	0.394
5.683	15.527	0.398
@
5.683	15.528	0.390
5.683	15.528	0.398
@
5.683	15.530	0.387
5.683	15.530	0.394
@
5.683	15.534	0.374
5.683	15.534	0.376
@
5.713	15.524	0.421
5.713	15.524	0.422
@
5.718	15.523	0.423
5.718	15.523	0.423
@
5.719	15.523	0.423
5.719	15.523	0.423
@
5.722	15.525	0.424
5.722	15.525	0.424
@
5.737	15.524	0.430
5.737	15.524	0.431
@
5.747	15.523	0.434
5.747	15.523	0.434
@
5.777	15.528	0.447
5.777	15.528	0.447
@
5.781	15.528	0.447
5.781	15.528	0.448
@
5.784	15.528	0.449
5.784	15.528	0.449
@
5.786	15.526	0.450
5.786	15.526	0.450
@
5.786	15.528	0.450
5.786	15.528	0.450
@
5.805	15.527	0.458
5.805	15.527	0.458
@
5.814	15.528	0.461
5.814	15.528	0.461
@
5.847	15.529	0.471
5.847	15.529	0.472
@
5.859	15.531	0.474
5.859	15.531	0.475
@
6.189	15.539	0.508
6.189	15.539	0.508
6.189	15.539	0.508
@
7.922	15.568	0.632
7.922	15.568	0.632
@
11.867	15.605	0.910
11.867	15.605	0.910
@
12.287	15.607	0.939
12.287	15.607	0.940
@
12.890	15.612	0.981
12.890	15.612	0.981
@
13.204	15.615	1.002
13.204	15.615	1.002
@
13.208	15.615	1.002
13.208	15.615	1.002
@
13.428	15.618	1.018
13.428	15.618	1.018
@
13.455	15.618	1.020
13.455	15.618	1.020
@
13.599	15.619	1.029
13.599	15.619	1.030
@
13.875	15.622	1.049
13.875	15.622	1.049
@
15.442	15.633	1.158
15.442	15.633	1.158
@
15.823	15.638	1.184
15.823	15.638	1.185
@
16.382	15.640	1.225
16.382	15.640	1.225
@
16.675	15.642	1.244
16.675	15.642	1.244
@
17.484	15.646	1.301
17.484	15.646	1.302
@
17.761	15.648	1.320
17.761	15.648	1.322
@
18.391	15.649	1.364
18.391	15.649	1.365
@
19.360	15.602	1.429
19.360	15.602	1.429
19.360	15.602	1.429
@
19.910	15.601	1.465
19.910	15.601	1.465
@
19.910	15.602	1.465
19.910	15.602	1.465
@
21.077	15.613	1.551
21.077	15.613	1.552
@
21.155	15.619	1.572
21.155	15.619	1.572
@
21.267	15.628	1.645
21.267	15.628	1.645
21.267	15.628	1.646
@
21.267	15.629	1.645
21.267	15.629	1.645
@
21.268	15.628	1.644
21.268	15.628	1.644
21.268	15.628	1.646
@
21.269	15.624	1.620
21.269	15.624	1.627
21.269	15.624	1.644
@
21.269	15.625	1.619
21.269	15.625	1.625
21.269	15.625	1.625
@
21.269	15.626	1.629
21.269	15.626	1.645
@
21.269	15.627	1.626
21.269	15.627	1.644
21.269	15.627	1.645
21.269	15.627	1.645
21.269	15.627	1.645
@
21.269	15.628	1.644
21.269	15.628	1.644
@
21.270	15.623	1.627
21.270	15.623	1.633
@
21.270	15.626	1.634
21.270	15.626	1.642
21.270	15.626	1.643
@
21.270	15.627	1.631
21.270	15.627	1.644
21.270	15.627	1.645
21.270	15.627	1.645
@
21.270	15.629	1.635
21.270	15.629	1.645
@
21.271	15.625	1.617
21.271	15.625	1.623
21.271	15.625	1.631
@
21.271	15.626	1.630
21.271	15.626	1.640
21.271	15.626	1.641
@
21.273	15.625	1.617
21.273	15.625	1.631
