13.403	25.219	0.977
13.403	25.219	0.977
13.403	25.219	0.977
@
13.403	25.220	0.977
13.403	25.220	0.977
13.403	25.220	0.977
13.403	25.220	0.977
@
13.403	25.221	0.977
13.403	25.221	0.977
13.403	25.221	0.977
@
13.403	25.222	0.977
13.403	25.222	0.977
@
13.404	25.219	0.977
13.404	25.219	0.977
13.404	25.219	0.977
13.404	25.219	0.977
@
13.405	25.222	0.977
13.405	25.222	0.977
13.405	25.222	0.977
@
13.406	25.222	0.977
13.406	25.222	0.977
@
13.407	25.217	0.977
13.407	25.217	0.977
13.407	25.217	0.977
@
13.407	25.218	0.977
13.407	25.218	0.977
@
13.407	25.219	0.977
13.407	25.219	0.977
@
13.407	25.222	0.977
13.407	25.222	0.977
@
13.408	25.220	0.977
13.408	25.220	0.977
@
13.409	25.218	0.977
13.409	25.218	0.977
@
13.410	25.219	0.977
13.410	25.219	0.977
13.410	25.219	0.977
@
13.411	25.212	0.977
13.411	25.212	0.977
@
13.411	25.217	0.977
13.411	25.217	0.977
@
13.411	25.219	0.977
13.411	25.219	0.977
@
13.411	25.220	0.977
13.411	25.220	0.977
@
13.411	25.221	0.977
13.411	25.221	0.977
13.411	25.221	0.977
@
13.412	25.220	0.977
13.412	25.220	0.977
@
13.413	25.220	0.977
13.413	25.220	0.977
@
13.414	25.218	0.977
13.414	25.218	0.977
@
13.415	25.220	0.977
13.415	25.220	0.977
@
13.416	25.209	0.977
13.416	25.209	0.977
@
13.416	25.210	0.977
13.416	25.210	0.977
@
13.416	25.211	0.976
13.416	25.211	0.976
13.416	25.211	0.977
13.416	25.211	0.977
13.416	25.211	0.977
13.416	25.211	0.977
@
13.416	25.212	0.977
13.416	25.212	0.977
13.416	25.212	0.977
13.416	25.212	0.977
13.416	25.212	0.977
13.416	25.212	0.977
13.416	25.212	0.977
13.416	25.212	0.977
13.416	25.212	0.977
13.416	25.212	0.977
13.416	25.212	0.977
@
13.416	25.213	0.976
13.416	25.213	0.977
13.416	25.213	0.977
13.416	25.213	0.977
13.416	25.213	0.977
13.416	25.213	0.977
13.416	25.213	0.977
13.416	25.213	0.977
13.416	25.213	0.977
13.416	25.213	0.977
13.416	25.213	0.977
13.416	25.213	0.977
13.416	25.213	0.977
13.416	25.213	0.977
13.416	25.213	0.977
13.416	25.213	0.977
13.416	25.213	0.977
@
13.416	25.214	0.977
13.416	25.214	0.977
13.416	25.214	0.977
13.416	25.214	0.977
13.416	25.214	0.977
13.416	25.214	0.977
13.416	25.214	0.977
13.416	25.214	0.977
13.416	25.214	0.977
13.416	25.214	0.977
@
13.416	25.215	0.977
13.416	25.215	0.977
13.416	25.215	0.977
13.416	25.215	0.977
13.416	25.215	0.977
13.416	25.215	0.977
13.416	25.215	0.977
13.416	25.215	0.977
13.416	25.215	0.977
13.416	25.215	0.977
13.416	25.215	0.977
13.416	25.215	0.977
13.416	25.215	0.977
13.416	25.215	0.977
13.416	25.215	0.977
@
13.416	25.216	0.977
13.416	25.216	0.977
13.416	25.216	0.977
13.416	25.216	0.977
13.416	25.216	0.977
13.416	25.216	0.977
13.416	25.216	0.977
13.416	25.216	0.977
13.416	25.216	0.977
13.416	25.216	0.977
13.416	25.216	0.977
13.416	25.216	0.977
13.416	25.216	0.977
13.416	25.216	0.977
13.416	25.216	0.977
13.416	25.216	0.977
13.416	25.216	0.977
13.416	25.216	0.977
13.416	25.216	0.977
13.416	25.216	0.977
13.416	25.216	0.977
@
13.416	25.217	0.977
13.416	25.217	0.977
13.416	25.217	0.977
13.416	25.217	0.977
13.416	25.217	0.977
13.416	25.217	0.977
13.416	25.217	0.977
13.416	25.217	0.977
13.416	25.217	0.977
13.416	25.217	0.977
13.416	25.217	0.977
13.416	25.217	0.977
13.416	25.217	0.977
13.416	25.217	0.977
13.416	25.217	0.977
13.416	25.217	0.977
13.416	25.217	0.977
13.416	25.217	0.977
13.416	25.217	0.977
13.416	25.217	0.977
13.416	25.217	0.977
13.416	25.217	0.977
13.416	25.217	0.977
13.416	25.217	0.977
13.416	25.217	0.977
13.416	25.217	0.977
13.416	25.217	0.977
13.416	25.217	0.977
13.416	25.217	0.977
13.416	25.217	0.977
13.416	25.217	0.977
13.416	25.217	0.977
13.416	25.217	0.977
13.416	25.217	0.977
13.416	25.217	0.977
13.416	25.217	0.977
13.416	25.217	0.977
13.416	25.217	0.977
13.416	25.217	0.977
13.416	25.217	0.977
13.416	25.217	0.977
@
13.416	25.218	0.977
13.416	25.218	0.977
13.416	25.218	0.977
13.416	25.218	0.977
13.416	25.218	0.977
13.416	25.218	0.977
13.416	25.218	0.977
13.416	25.218	0.977
13.416	25.218	0.977
13.416	25.218	0.977
13.416	25.218	0.977
13.416	25.218	0.977
13.416	25.218	0.977
13.416	25.218	0.977
13.416	25.218	0.977
13.416	25.218	0.977
13.416	25.218	0.977
13.416	25.218	0.977
13.416	25.218	0.977
13.416	25.218	0.977
13.416	25.218	0.977
13.416	25.218	0.977
13.416	25.218	0.977
13.416	25.218	0.977
13.416	25.218	0.977
13.416	25.218	0.977
13.416	25.218	0.977
13.416	25.218	0.977
13.416	25.218	0.977
13.416	25.218	0.977
13.416	25.218	0.977
13.416	25.218	0.977
13.416	25.218	0.977
13.416	25.218	0.977
13.416	25.218	0.977
13.416	25.218	0.977
13.416	25.218	0.977
13.416	25.218	0.977
13.416	25.218	0.977
13.416	25.218	0.977
13.416	25.218	0.977
13.416	25.218	0.977
13.416	25.218	0.977
13.416	25.218	0.977
13.416	25.218	0.977
13.416	25.218	0.977
13.416	25.218	0.977
13.416	25.218	0.977
13.416	25.218	0.977
13.416	25.218	0.977
13.416	25.218	0.977
13.416	25.218	0.977
13.416	25.218	0.977
13.416	25.218	0.977
13.416	25.218	0.977
13.416	25.218	0.977
13.416	25.218	0.977
13.416	25.218	0.977
13.416	25.218	0.977
13.416	25.218	0.977
13.416	25.218	0.977
13.416	25.218	0.977
13.416	25.218	0.977
13.416	25.218	0.977
13.416	25.218	0.977
13.416	25.218	0.977
13.416	25.218	0.977
13.416	25.218	0.977
13.416	25.218	0.977
13.416	25.218	0.977
13.416	25.218	0.977
13.416	25.218	0.977
13.416	25.218	0.977
13.416	25.218	0.977
13.416	25.218	0.977
13.416	25.218	0.977
13.416	25.218	0.977
13.416	25.218	0.977
13.416	25.218	0.977
13.416	25.218	0.977
13.416	25.218	0.977
13.416	25.218	0.977
@
13.416	25.219	0.977
13.416	25.219	0.977
13.416	25.219	0.977
13.416	25.219	0.977
13.416	25.219	0.977
13.416	25.219	0.977
13.416	25.219	0.977
13.416	25.219	0.977
13.416	25.219	0.977
13.416	25.219	0.977
13.416	25.219	0.977
13.416	25.219	0.977
13.416	25.219	0.977
13.416	25.219	0.977
13.416	25.219	0.977
13.416	25.219	0.977
13.416	25.219	0.977
13.416	25.219	0.977
13.416	25.219	0.977
13.416	25.219	0.977
13.416	25.219	0.977
13.416	25.219	0.977
13.416	25.219	0.977
13.416	25.219	0.977
13.416	25.219	0.977
13.416	25.219	0.977
13.416	25.219	0.977
13.416	25.219	0.977
13.416	25.219	0.977
13.416	25.219	0.977
13.416	25.219	0.977
13.416	25.219	0.977
13.416	25.219	0.977
13.416	25.219	0.977
13.416	25.219	0.977
13.416	25.219	0.977
13.416	25.219	0.977
13.416	25.219	0.977
13.416	25.219	0.977
13.416	25.219	0.977
13.416	25.219	0.977
13.416	25.219	0.977
13.416	25.219	0.977
13.416	25.219	0.977
13.416	25.219	0.977
13.416	25.219	0.977
13.416	25.219	0.977
13.416	25.219	0.977
13.416	25.219	0.977
13.416	25.219	0.977
13.416	25.219	0.977
13.416	25.219	0.977
13.416	25.219	0.977
13.416	25.219	0.977
13.416	25.219	0.977
13.416	25.219	0.977
13.416	25.219	0.977
13.416	25.219	0.977
13.416	25.219	0.977
13.416	25.219	0.977
13.416	25.219	0.977
13.416	25.219	0.977
13.416	25.219	0.977
13.416	25.219	0.977
13.416	25.219	0.977
13.416	25.219	0.977
13.416	25.219	0.977
13.416	25.219	0.977
13.416	25.219	0.977
13.416	25.219	0.977
13.416	25.219	0.977
13.416	25.219	0.977
13.416	25.219	0.977
13.416	25.219	0.977
13.416	25.219	0.977
13.416	25.219	0.977
13.416	25.219	0.977
13.416	25.219	0.977
13.416	25.219	0.977
13.416	25.219	0.977
13.416	25.219	0.977
13.416	25.219	0.977
13.416	25.219	0.977
13.416	25.219	0.977
13.416	25.219	0.977
13.416	25.219	0.977
13.416	25.219	0.977
13.416	25.219	0.977
@
13.416	25.220	0.977
13.416	25.220	0.977
13.416	25.220	0.977
13.416	25.220	0.977
13.416	25.220	0.977
13.416	25.220	0.977
13.416	25.220	0.977
13.416	25.220	0.977
13.416	25.220	0.977
13.416	25.220	0.977
13.416	25.220	0.977
13.416	25.220	0.977
13.416	25.220	0.977
13.416	25.220	0.977
13.416	25.220	0.977
13.416	25.220	0.977
13.416	25.220	0.977
13.416	25.220	0.977
13.416	25.220	0.977
13.416	25.220	0.977
13.416	25.220	0.977
13.416	25.220	0.977
13.416	25.220	0.977
13.416	25.220	0.977
13.416	25.220	0.977
13.416	25.220	0.977
13.416	25.220	0.977
13.416	25.220	0.977
13.416	25.220	0.977
13.416	25.220	0.977
13.416	25.220	0.977
13.416	25.220	0.977
13.416	25.220	0.977
13.416	25.220	0.977
13.416	25.220	0.977
13.416	25.220	0.977
13.416	25.220	0.977
13.416	25.220	0.977
13.416	25.220	0.977
13.416	25.220	0.977
13.416	25.220	0.977
13.416	25.220	0.977
13.416	25.220	0.977
13.416	25.220	0.977
13.416	25.220	0.977
13.416	25.220	0.977
13.416	25.220	0.977
13.416	25.220	0.977
13.416	25.220	0.977
13.416	25.220	0.977
13.416	25.220	0.977
13.416	25.220	0.977
13.416	25.220	0.977
13.416	25.220	0.977
13.416	25.220	0.977
13.416	25.220	0.977
13.416	25.220	0.977
13.416	25.220	0.977
13.416	25.220	0.977
13.416	25.220	0.977
13.416	25.220	0.977
13.416	25.220	0.977
13.416	25.220	0.977
13.416	25.220	0.977
13.416	25.220	0.977
13.416	25.220	0.977
13.416	25.220	0.977
13.416	25.220	0.977
13.416	25.220	0.977
13.416	25.220	0.977
13.416	25.220	0.977
13.416	25.220	0.977
13.416	25.220	0.977
13.416	25.220	0.977
13.416	25.220	0.977
13.416	25.220	0.977
13.416	25.220	0.977
13.416	25.220	0.977
13.416	25.220	0.977
13.416	25.220	0.977
13.416	25.220	0.977
13.416	25.220	0.977
13.416	25.220	0.977
@
13.416	25.221	0.977
13.416	25.221	0.977
13.416	25.221	0.977
13.416	25.221	0.977
13.416	25.221	0.977
13.416	25.221	0.977
13.416	25.221	0.977
13.416	25.221	0.977
13.416	25.221	0.977
13.416	25.221	0.977
13.416	25.221	0.977
13.416	25.221	0.977
13.416	25.221	0.977
13.416	25.221	0.977
13.416	25.221	0.977
13.416	25.221	0.977
13.416	25.221	0.977
13.416	25.221	0.977
13.416	25.221	0.977
13.416	25.221	0.977
13.416	25.221	0.977
13.416	25.221	0.977
13.416	25.221	0.977
13.416	25.221	0.977
13.416	25.221	0.977
13.416	25.221	0.977
13.416	25.221	0.977
13.416	25.221	0.977
13.416	25.221	0.977
13.416	25.221	0.977
13.416	25.221	0.977
13.416	25.221	0.977
13.416	25.221	0.977
13.416	25.221	0.977
13.416	25.221	0.977
13.416	25.221	0.977
13.416	25.221	0.977
13.416	25.221	0.977
13.416	25.221	0.977
13.416	25.221	0.977
13.416	25.221	0.977
13.416	25.221	0.977
13.416	25.221	0.977
13.416	25.221	0.977
13.416	25.221	0.977
13.416	25.221	0.977
13.416	25.221	0.977
13.416	25.221	0.977
13.416	25.221	0.977
13.416	25.221	0.977
13.416	25.221	0.977
@
13.416	25.222	0.977
13.416	25.222	0.977
13.416	25.222	0.977
13.416	25.222	0.977
13.416	25.222	0.977
13.416	25.222	0.977
13.416	25.222	0.977
13.416	25.222	0.977
13.416	25.222	0.977
13.416	25.222	0.977
13.416	25.222	0.977
13.416	25.222	0.977
13.416	25.222	0.977
13.416	25.222	0.977
13.416	25.222	0.977
13.416	25.222	0.977
13.416	25.222	0.977
13.416	25.222	0.977
13.416	25.222	0.977
13.416	25.222	0.977
13.416	25.222	0.977
13.416	25.222	0.977
13.416	25.222	0.977
13.416	25.222	0.977
13.416	25.222	0.977
13.416	25.222	0.977
13.416	25.222	0.977
13.416	25.222	0.977
13.416	25.222	0.977
13.416	25.222	0.977
13.416	25.222	0.977
13.416	25.222	0.977
13.416	25.222	0.977
13.416	25.222	0.977
13.416	25.222	0.977
13.416	25.222	0.977
@
13.416	25.223	0.977
13.416	25.223	0.977
13.416	25.223	0.977
13.416	25.223	0.977
13.416	25.223	0.977
13.416	25.223	0.977
13.416	25.223	0.977
13.416	25.223	0.977
13.416	25.223	0.977
@
13.416	25.224	0.977
13.416	25.224	0.977
13.416	25.224	0.977
13.416	25.224	0.977
13.416	25.224	0.977
13.416	25.224	0.977
13.416	25.224	0.977
@
13.417	25.213	0.977
13.417	25.213	0.977
@
13.417	25.214	0.977
13.417	25.214	0.977
13.417	25.214	0.977
@
13.417	25.216	0.977
13.417	25.216	0.977
@
13.417	25.217	0.977
13.417	25.217	0.977
13.417	25.217	0.977
@
13.417	25.218	0.977
13.417	25.218	0.977
13.417	25.218	0.977
13.417	25.218	0.977
13.417	25.218	0.977
13.417	25.218	0.977
13.417	25.218	0.977
@
13.417	25.219	0.977
13.417	25.219	0.977
13.417	25.219	0.977
13.417	25.219	0.977
13.417	25.219	0.977
@
13.417	25.220	0.977
13.417	25.220	0.977
13.417	25.220	0.977
13.417	25.220	0.977
13.417	25.220	0.977
13.417	25.220	0.977
@
13.417	25.221	0.977
13.417	25.221	0.977
13.417	25.221	0.977
13.417	25.221	0.977
13.417	25.221	0.977
13.417	25.221	0.977
13.417	25.221	0.977
@
13.417	25.222	0.977
13.417	25.222	0.977
13.417	25.222	0.977
13.417	25.222	0.977
13.417	25.222	0.977
@
13.417	25.223	0.977
13.417	25.223	0.977
@
13.418	25.214	0.977
13.418	25.214	0.977
@
13.418	25.220	0.977
13.418	25.220	0.977
13.418	25.220	0.977
@
13.418	25.221	0.977
13.418	25.221	0.977
@
13.550	25.223	0.985
13.550	25.223	0.986
@
13.647	25.223	0.992
13.647	25.223	0.992
@
13.806	25.221	1.002
13.806	25.221	1.002
@
13.866	25.223	1.006
13.866	25.223	1.006
@
13.953	25.222	1.012
13.953	25.222	1.012
@
14.270	25.214	1.033
14.270	25.214	1.033
@
14.359	25.214	1.039
14.359	25.214	1.039
@
14.587	25.223	1.054
14.587	25.223	1.055
@
14.807	25.219	1.069
14.807	25.219	1.070
@
14.832	25.221	1.071
14.832	25.221	1.072
@
14.858	25.220	1.072
14.858	25.220	1.073
@
14.905	25.222	1.076
14.905	25.222	1.076
@
14.918	25.223	1.077
14.918	25.223	1.077
@
14.954	25.224	1.078
14.954	25.224	1.079
@
14.991	25.221	1.082
14.991	25.221	1.082
@
15.332	25.221	1.104
15.332	25.221	1.104
@
15.906	25.217	1.143
15.906	25.217	1.143
@
16.419	25.253	1.179
16.419	25.253	1.179
@
17.419	25.282	1.249
17.419	25.282	1.249
@
17.761	25.202	1.269
17.761	25.202	1.271
@
17.864	25.292	1.278
17.864	25.292	1.278
@
18.057	25.198	1.290
18.057	25.198	1.291
@
18.945	25.325	1.350
18.945	25.325	1.350
18.945	25.325	1.351
18.945	25.325	1.352
@
19.607	25.352	1.394
19.607	25.352	1.395
@
19.610	25.355	1.395
19.610	25.355	1.395
@
19.711	25.180	1.401
19.711	25.180	1.402
@
19.816	25.178	1.407
19.816	25.178	1.408
@
19.885	25.177	1.410
19.885	25.177	1.411
@
20.203	25.369	1.435
20.203	25.369	1.435
@
21.116	25.400	1.509
21.116	25.400	1.509
@
21.122	25.403	1.510
21.122	25.403	1.513
@
21.155	25.408	1.520
21.155	25.408	1.529
@
21.189	25.170	1.530
21.189	25.170	1.535
@
21.208	25.169	1.537
21.208	25.169	1.537
@
21.237	25.169	1.545
21.237	25.169	1.546
@
21.240	25.169	1.547
21.240	25.169	1.548
21.240	25.169	1.549
@
21.242	25.415	1.553
21.242	25.415	1.561
@
21.251	25.415	1.555
21.251	25.415	1.556
@
21.261	25.169	1.555
21.261	25.169	1.556
@
21.264	25.416	1.560
21.264	25.416	1.560
@
21.265	25.415	1.560
21.265	25.415	1.561
@
21.265	25.416	1.559
21.265	25.416	1.561
@
21.268	25.235	1.589
21.268	25.235	1.590
@
21.270	25.233	1.589
21.270	25.233	1.590
@
21.271	25.292	1.592
21.271	25.292	1.592
@
21.271	25.317	1.591
21.271	25.317	1.591
@
21.271	25.395	1.591
21.271	25.395	1.592
@
21.271	25.407	1.591
21.271	25.407	1.592
@
21.271	25.408	1.591
21.271	25.408	1.591
21.271	25.408	1.591
@
21.271	25.409	1.591
21.271	25.409	1.591
@
21.271	25.413	1.591
21.271	25.413	1.591
@
21.271	25.414	1.568
21.271	25.414	1.591
@
21.271	25.415	1.562
21.271	25.415	1.564
21.271	25.415	1.565
21.271	25.415	1.590
21.271	25.415	1.591
@
21.271	25.416	1.562
21.271	25.416	1.563
21.271	25.416	1.591
@
21.272	25.176	1.562
21.272	25.176	1.592
@
21.272	25.183	1.566
21.272	25.183	1.592
@
21.272	25.199	1.572
21.272	25.199	1.572
@
21.272	25.205	1.579
21.272	25.205	1.592
@
21.272	25.215	1.585
21.272	25.215	1.586
@
21.272	25.220	1.589
21.272	25.220	1.590
@
21.272	25.225	1.589
21.272	25.225	1.590
@
21.272	25.374	1.591
21.272	25.374	1.592
@
21.272	25.390	1.591
21.272	25.390	1.591
@
21.272	25.395	1.591
21.272	25.395	1.591
@
21.272	25.402	1.591
21.272	25.402	1.591
@
21.272	25.404	1.591
21.272	25.404	1.591
@
21.272	25.405	1.591
21.272	25.405	1.591
@
21.272	25.409	1.591
21.272	25.409	1.592
21.272	25.409	1.592
@
21.272	25.410	1.591
21.272	25.410	1.591
@
21.272	25.412	1.591
21.272	25.412	1.591
@
21.272	25.413	1.591
21.272	25.413	1.591
21.272	25.413	1.591
@
21.272	25.414	1.589
21.272	25.414	1.591
21.272	25.414	1.592
@
21.272	25.415	1.567
21.272	25.415	1.589
21.272	25.415	1.591
21.272	25.415	1.591
@
21.272	25.416	1.562
21.272	25.416	1.568
21.272	25.416	1.570
21.272	25.416	1.571
21.272	25.416	1.580
21.272	25.416	1.583
21.272	25.416	1.590
@
21.272	25.417	1.565
21.272	25.417	1.568
21.272	25.417	1.583
@
21.273	25.093	1.592
21.273	25.093	1.592
@
21.273	25.172	1.561
21.273	25.172	1.561
@
21.273	25.179	1.565
21.273	25.179	1.566
@
21.273	25.187	1.570
21.273	25.187	1.570
@
21.273	25.190	1.570
21.273	25.190	1.570
21.273	25.190	1.571
@
21.273	25.397	1.592
21.273	25.397	1.592
@
21.273	25.403	1.591
21.273	25.403	1.591
@
21.273	25.413	1.591
21.273	25.413	1.591
@
21.273	25.414	1.581
21.273	25.414	1.587
21.273	25.414	1.591
@
21.273	25.415	1.566
21.273	25.415	1.585
21.273	25.415	1.587
21.273	25.415	1.590
21.273	25.415	1.591
21.273	25.415	1.591
@
21.273	25.416	1.571
21.273	25.416	1.583
21.273	25.416	1.586
21.273	25.416	1.591
@
21.274	25.195	1.572
21.274	25.195	1.592
@
21.274	25.211	1.584
21.274	25.211	1.584
@
21.274	25.411	1.591
21.274	25.411	1.591
@
21.274	25.414	1.588
21.274	25.414	1.591
21.274	25.414	1.591
@
21.274	25.416	1.571
21.274	25.416	1.572
21.274	25.416	1.587
21.274	25.416	1.587
21.274	25.416	1.591
@
21.274	25.417	1.586
21.274	25.417	1.587
@
21.275	25.197	1.572
21.275	25.197	1.572
@
21.275	25.412	1.591
21.275	25.412	1.591
@
21.275	25.415	1.584
21.275	25.415	1.590
