5.681	30.086	0.352
5.681	30.086	0.352
@
5.682	30.086	0.352
5.682	30.086	0.352
5.682	30.086	0.352
5.682	30.086	0.352
@
5.682	30.087	0.352
5.682	30.087	0.352
5.682	30.087	0.352
5.682	30.087	0.352
5.682	30.087	0.352
5.682	30.087	0.352
5.682	30.087	0.352
5.682	30.087	0.352
@
5.682	30.088	0.352
5.682	30.088	0.352
5.682	30.088	0.352
@
5.682	30.089	0.352
5.682	30.089	0.352
5.682	30.089	0.352
5.682	30.089	0.352
@
5.682	30.090	0.352
5.682	30.090	0.352
5.682	30.090	0.352
5.682	30.090	0.352
5.682	30.090	0.356
5.682	30.090	0.358
@
5.682	30.091	0.352
5.682	30.091	0.361
5.682	30.091	0.366
@
5.682	30.092	0.352
5.682	30.092	0.352
5.682	30.092	0.357
5.682	30.092	0.358
5.682	30.092	0.359
5.682	30.092	0.368
5.682	30.092	0.371
@
5.682	30.093	0.361
5.682	30.093	0.366
5.682	30.093	0.367
5.682	30.093	0.369
5.682	30.093	0.371
@
5.682	30.094	0.361
5.682	30.094	0.369
5.682	30.094	0.375
5.682	30.094	0.378
@
5.682	30.095	0.362
5.682	30.095	0.379
5.682	30.095	0.388
@
5.682	30.096	0.376
5.682	30.096	0.378
5.682	30.096	0.380
5.682	30.096	0.383
@
5.682	30.097	0.377
5.682	30.097	0.378
5.682	30.097	0.380
5.682	30.097	0.382
5.682	30.097	0.382
5.682	30.097	0.383
5.682	30.097	0.386
@
5.682	30.098	0.389
5.682	30.098	0.390
@
5.682	30.099	0.383
5.682	30.099	0.388
@
5.683	30.086	0.352
5.683	30.086	0.352
5.683	30.086	0.352
@
5.683	30.087	0.352
5.683	30.087	0.352
@
5.683	30.090	0.352
5.683	30.090	0.352
5.683	30.090	0.355
@
5.683	30.091	0.354
5.683	30.091	0.355
5.683	30.091	0.360
@
5.683	30.092	0.364
5.683	30.092	0.365
@
5.683	30.093	0.366
5.683	30.093	0.369
5.683	30.093	0.370
5.683	30.093	0.373
5.683	30.093	0.374
5.683	30.093	0.375
@
5.683	30.094	0.365
5.683	30.094	0.371
5.683	30.094	0.375
5.683	30.094	0.375
@
5.683	30.095	0.372
5.683	30.095	0.374
5.683	30.095	0.375
@
5.683	30.096	0.375
5.683	30.096	0.375
5.683	30.096	0.376
5.683	30.096	0.376
5.683	30.096	0.379
5.683	30.096	0.380
5.683	30.096	0.381
5.683	30.096	0.384
5.683	30.096	0.387
5.683	30.096	0.389
@
5.683	30.097	0.381
5.683	30.097	0.382
5.683	30.097	0.388
@
5.683	30.098	0.385
5.683	30.098	0.390
@
5.688	30.098	0.392
5.688	30.098	0.393
@
5.713	30.099	0.401
5.713	30.099	0.401
@
5.713	30.100	0.401
5.713	30.100	0.401
@
5.737	30.100	0.409
5.737	30.100	0.410
@
5.737	30.102	0.410
5.737	30.102	0.411
@
5.747	30.102	0.414
5.747	30.102	0.414
@
5.762	30.104	0.419
5.762	30.104	0.420
@
5.783	30.103	0.426
5.783	30.103	0.427
@
5.798	30.105	0.433
5.798	30.105	0.433
@
5.835	30.104	0.445
5.835	30.104	0.445
5.835	30.104	0.445
@
5.887	30.108	0.457
5.887	30.108	0.457
@
5.936	30.107	0.464
5.936	30.107	0.464
@
6.226	30.106	0.484
6.226	30.106	0.484
@
8.960	30.099	0.664
8.960	30.099	0.664
@
9.192	30.098	0.679
9.192	30.098	0.680
@
10.966	30.101	0.796
10.966	30.101	0.796
@
11.072	30.101	0.803
11.072	30.101	0.803
@
12.451	30.109	0.895
12.451	30.109	0.895
@
15.210	30.149	1.077
15.210	30.149	1.077
@
15.615	30.163	1.105
15.615	30.163	1.105
@
17.128	30.222	1.208
17.128	30.222	1.208
@
17.566	30.237	1.237
17.566	30.237	1.237
@
17.590	30.240	1.240
17.590	30.240	1.241
@
17.764	30.247	1.250
17.764	30.247	1.251
@
19.415	30.293	1.358
19.415	30.293	1.358
@
19.850	30.301	1.385
19.850	30.301	1.386
@
21.130	30.317	1.487
21.130	30.317	1.487
@
21.179	30.310	1.502
21.179	30.310	1.502
@
21.183	30.313	1.504
21.183	30.313	1.504
@
21.186	30.311	1.504
21.186	30.311	1.505
@
21.204	30.310	1.513
21.204	30.310	1.513
@
21.219	30.305	1.516
21.219	30.305	1.517
@
21.228	30.302	1.519
21.228	30.302	1.519
@
21.240	30.295	1.524
21.240	30.295	1.525
@
21.242	30.292	1.524
21.242	30.292	1.525
@
21.266	30.270	1.532
21.266	30.270	1.533
@
21.266	30.273	1.532
21.266	30.273	1.533
@
21.270	30.277	1.533
21.270	30.277	1.533
@
21.272	30.225	1.542
21.272	30.225	1.543
