5.681	30.072	0.353
5.681	30.072	0.353
5.681	30.072	0.353
@
5.682	30.059	0.387
5.682	30.059	0.388
@
5.682	30.060	0.379
5.682	30.060	0.380
5.682	30.060	0.382
5.682	30.060	0.383
5.682	30.060	0.385
5.682	30.060	0.390
@
5.682	30.061	0.368
5.682	30.061	0.372
5.682	30.061	0.373
5.682	30.061	0.377
5.682	30.061	0.383
5.682	30.061	0.383
5.682	30.061	0.384
5.682	30.061	0.384
5.682	30.061	0.384
5.682	30.061	0.385
5.682	30.061	0.388
@
5.682	30.063	0.367
5.682	30.063	0.367
5.682	30.063	0.370
5.682	30.063	0.370
@
5.682	30.064	0.365
5.682	30.064	0.367
5.682	30.064	0.369
@
5.682	30.065	0.357
5.682	30.065	0.361
5.682	30.065	0.365
5.682	30.065	0.366
@
5.682	30.066	0.356
5.682	30.066	0.359
5.682	30.066	0.360
5.682	30.066	0.363
5.682	30.066	0.366
@
5.682	30.067	0.353
5.682	30.067	0.353
5.682	30.067	0.353
5.682	30.067	0.357
5.682	30.067	0.358
5.682	30.067	0.360
5.682	30.067	0.365
@
5.682	30.068	0.353
5.682	30.068	0.354
5.682	30.068	0.355
5.682	30.068	0.357
@
5.682	30.069	0.353
5.682	30.069	0.353
5.682	30.069	0.353
5.682	30.069	0.353
5.682	30.069	0.353
5.682	30.069	0.353
5.682	30.069	0.354
5.682	30.069	0.355
@
5.682	30.070	0.353
5.682	30.070	0.353
5.682	30.070	0.353
5.682	30.070	0.353
5.682	30.070	0.353
5.682	30.070	0.353
5.682	30.070	0.353
5.682	30.070	0.354
@
5.682	30.072	0.353
5.682	30.072	0.353
@
5.683	30.058	0.383
5.683	30.058	0.394
@
5.683	30.060	0.376
5.683	30.060	0.382
5.683	30.060	0.383
5.683	30.060	0.384
@
5.683	30.061	0.374
5.683	30.061	0.382
5.683	30.061	0.384
@
5.683	30.062	0.369
5.683	30.062	0.375
5.683	30.062	0.382
5.683	30.062	0.392
@
5.683	30.063	0.366
5.683	30.063	0.371
5.683	30.063	0.374
5.683	30.063	0.375
@
5.683	30.064	0.365
5.683	30.064	0.366
5.683	30.064	0.367
5.683	30.064	0.368
5.683	30.064	0.368
@
5.683	30.066	0.361
5.683	30.066	0.365
5.683	30.066	0.365
5.683	30.066	0.365
@
5.683	30.067	0.354
5.683	30.067	0.354
5.683	30.067	0.361
5.683	30.067	0.362
5.683	30.067	0.364
@
5.683	30.069	0.353
5.683	30.069	0.353
5.683	30.069	0.353
5.683	30.069	0.354
@
5.683	30.071	0.353
5.683	30.071	0.353
5.683	30.071	0.353
5.683	30.071	0.353
@
5.683	30.072	0.353
5.683	30.072	0.353
@
5.683	30.073	0.353
5.683	30.073	0.353
@
5.714	30.056	0.405
5.714	30.056	0.405
@
5.737	30.055	0.412
5.737	30.055	0.413
@
5.835	30.050	0.448
5.835	30.050	0.449
@
13.116	29.979	0.943
13.116	29.979	0.943
@
15.108	30.080	1.073
15.108	30.080	1.073
@
15.108	30.097	1.073
15.108	30.097	1.073
@
15.108	30.098	1.073
15.108	30.098	1.074
@
15.108	30.100	1.073
15.108	30.100	1.074
@
15.109	30.068	1.073
15.109	30.068	1.073
@
15.109	30.079	1.073
15.109	30.079	1.073
@
15.109	30.089	1.073
15.109	30.089	1.074
@
15.110	30.075	1.073
15.110	30.075	1.074
@
15.112	30.093	1.073
15.112	30.093	1.074
@
15.112	30.100	1.074
15.112	30.100	1.074
@
15.117	30.086	1.073
15.117	30.086	1.073
@
15.118	30.098	1.073
15.118	30.098	1.074
@
15.119	30.044	1.074
15.119	30.044	1.074
@
15.120	29.969	1.074
15.120	29.969	1.074
15.120	29.969	1.075
@
15.120	29.970	1.074
15.120	29.970	1.075
15.120	29.970	1.075
@
15.120	30.060	1.073
15.120	30.060	1.073
@
15.120	30.074	1.073
15.120	30.074	1.073
15.120	30.074	1.073
@
15.121	29.968	1.074
15.121	29.968	1.074
15.121	29.968	1.074
@
15.121	29.970	1.074
15.121	29.970	1.075
@
15.121	29.972	1.074
15.121	29.972	1.074
15.121	29.972	1.074
@
15.121	29.973	1.074
15.121	29.973	1.075
@
15.121	30.001	1.074
15.121	30.001	1.074
@
15.121	30.058	1.073
15.121	30.058	1.074
@
15.121	30.060	1.073
15.121	30.060	1.073
15.121	30.060	1.073
@
15.121	30.061	1.073
15.121	30.061	1.074
@
15.121	30.062	1.073
15.121	30.062	1.073
@
15.121	30.063	1.073
15.121	30.063	1.073
@
15.121	30.066	1.073
15.121	30.066	1.074
15.121	30.066	1.074
@
15.121	30.074	1.073
15.121	30.074	1.073
15.121	30.074	1.074
@
15.121	30.096	1.073
15.121	30.096	1.074
@
15.121	30.097	1.074
15.121	30.097	1.074
@
15.121	30.098	1.073
15.121	30.098	1.073
15.121	30.098	1.074
@
15.121	30.100	1.073
15.121	30.100	1.073
15.121	30.100	1.074
15.121	30.100	1.074
15.121	30.100	1.074
15.121	30.100	1.074
15.121	30.100	1.074
@
15.121	30.101	1.073
15.121	30.101	1.073
15.121	30.101	1.073
15.121	30.101	1.073
15.121	30.101	1.074
15.121	30.101	1.074
@
15.121	30.102	1.073
15.121	30.102	1.074
15.121	30.102	1.074
15.121	30.102	1.074
15.121	30.102	1.074
@
15.121	30.104	1.074
15.121	30.104	1.074
@
15.122	29.969	1.074
15.122	29.969	1.074
15.122	29.969	1.076
@
15.122	29.970	1.074
15.122	29.970	1.075
15.122	29.970	1.075
@
15.122	30.061	1.073
15.122	30.061	1.073
15.122	30.061	1.073
@
15.122	30.062	1.073
15.122	30.062	1.074
@
15.122	30.063	1.073
15.122	30.063	1.073
15.122	30.063	1.074
@
15.122	30.065	1.073
15.122	30.065	1.073
15.122	30.065	1.073
15.122	30.065	1.073
@
15.122	30.066	1.073
15.122	30.066	1.073
15.122	30.066	1.073
15.122	30.066	1.074
@
15.122	30.067	1.073
15.122	30.067	1.073
@
15.122	30.070	1.073
15.122	30.070	1.073
@
15.122	30.071	1.073
15.122	30.071	1.074
@
15.122	30.074	1.073
15.122	30.074	1.074
@
15.122	30.076	1.073
15.122	30.076	1.073
@
15.122	30.078	1.073
15.122	30.078	1.074
15.122	30.078	1.074
@
15.122	30.079	1.073
15.122	30.079	1.073
15.122	30.079	1.073
@
15.122	30.080	1.073
15.122	30.080	1.073
15.122	30.080	1.074
@
15.122	30.081	1.073
15.122	30.081	1.073
15.122	30.081	1.073
15.122	30.081	1.073
15.122	30.081	1.073
15.122	30.081	1.074
15.122	30.081	1.074
@
15.122	30.082	1.073
15.122	30.082	1.073
@
15.122	30.083	1.073
15.122	30.083	1.073
15.122	30.083	1.073
15.122	30.083	1.074
15.122	30.083	1.074
@
15.122	30.085	1.073
15.122	30.085	1.074
@
15.122	30.087	1.073
15.122	30.087	1.073
15.122	30.087	1.074
@
15.122	30.088	1.073
15.122	30.088	1.073
15.122	30.088	1.073
15.122	30.088	1.073
15.122	30.088	1.073
15.122	30.088	1.073
15.122	30.088	1.074
15.122	30.088	1.074
15.122	30.088	1.074
@
15.122	30.089	1.073
15.122	30.089	1.073
@
15.122	30.090	1.073
15.122	30.090	1.074
15.122	30.090	1.074
@
15.122	30.091	1.073
15.122	30.091	1.073
15.122	30.091	1.074
@
15.122	30.092	1.073
15.122	30.092	1.073
@
15.122	30.093	1.073
15.122	30.093	1.073
15.122	30.093	1.074
@
15.122	30.094	1.073
15.122	30.094	1.073
15.122	30.094	1.074
15.122	30.094	1.074
15.122	30.094	1.074
15.122	30.094	1.074
15.122	30.094	1.074
@
15.122	30.095	1.073
15.122	30.095	1.073
15.122	30.095	1.074
@
15.122	30.096	1.073
15.122	30.096	1.073
15.122	30.096	1.073
15.122	30.096	1.074
15.122	30.096	1.074
15.122	30.096	1.074
15.122	30.096	1.074
@
15.122	30.097	1.073
15.122	30.097	1.073
15.122	30.097	1.073
15.122	30.097	1.073
15.122	30.097	1.074
15.122	30.097	1.074
15.122	30.097	1.074
@
15.122	30.098	1.073
15.122	30.098	1.073
15.122	30.098	1.074
15.122	30.098	1.074
15.122	30.098	1.074
15.122	30.098	1.074
15.122	30.098	1.074
@
15.122	30.099	1.073
15.122	30.099	1.073
15.122	30.099	1.073
15.122	30.099	1.073
15.122	30.099	1.074
15.122	30.099	1.074
15.122	30.099	1.074
15.122	30.099	1.074
15.122	30.099	1.074
@
15.122	30.100	1.073
15.122	30.100	1.073
15.122	30.100	1.073
15.122	30.100	1.073
15.122	30.100	1.073
15.122	30.100	1.073
15.122	30.100	1.073
15.122	30.100	1.073
15.122	30.100	1.073
15.122	30.100	1.074
15.122	30.100	1.074
15.122	30.100	1.074
15.122	30.100	1.074
@
15.122	30.101	1.073
15.122	30.101	1.073
15.122	30.101	1.073
15.122	30.101	1.073
15.122	30.101	1.073
15.122	30.101	1.073
15.122	30.101	1.073
15.122	30.101	1.073
15.122	30.101	1.073
15.122	30.101	1.073
15.122	30.101	1.074
15.122	30.101	1.074
15.122	30.101	1.074
15.122	30.101	1.074
15.122	30.101	1.074
15.122	30.101	1.074
15.122	30.101	1.074
@
15.122	30.102	1.073
15.122	30.102	1.073
15.122	30.102	1.073
15.122	30.102	1.073
15.122	30.102	1.074
15.122	30.102	1.074
15.122	30.102	1.074
15.122	30.102	1.074
15.122	30.102	1.074
@
15.122	30.103	1.073
15.122	30.103	1.073
15.122	30.103	1.074
@
15.123	30.059	1.073
15.123	30.059	1.073
@
15.123	30.060	1.073
15.123	30.060	1.073
@
15.123	30.062	1.073
15.123	30.062	1.073
@
15.123	30.063	1.073
15.123	30.063	1.074
@
15.123	30.065	1.073
15.123	30.065	1.073
@
15.123	30.067	1.073
15.123	30.067	1.073
15.123	30.067	1.073
15.123	30.067	1.073
@
15.123	30.068	1.073
15.123	30.068	1.073
15.123	30.068	1.073
@
15.123	30.069	1.073
15.123	30.069	1.073
@
15.123	30.070	1.073
15.123	30.070	1.073
15.123	30.070	1.073
@
15.123	30.071	1.073
15.123	30.071	1.073
@
15.123	30.072	1.073
15.123	30.072	1.073
15.123	30.072	1.073
15.123	30.072	1.074
@
15.123	30.074	1.073
15.123	30.074	1.073
15.123	30.074	1.073
15.123	30.074	1.074
15.123	30.074	1.074
@
15.123	30.075	1.073
15.123	30.075	1.073
15.123	30.075	1.074
@
15.123	30.076	1.073
15.123	30.076	1.073
@
15.123	30.077	1.073
15.123	30.077	1.073
15.123	30.077	1.074
15.123	30.077	1.074
@
15.123	30.078	1.073
15.123	30.078	1.073
15.123	30.078	1.073
15.123	30.078	1.074
@
15.123	30.079	1.073
15.123	30.079	1.073
15.123	30.079	1.073
@
15.123	30.080	1.073
15.123	30.080	1.073
@
15.123	30.081	1.073
15.123	30.081	1.073
15.123	30.081	1.073
15.123	30.081	1.073
15.123	30.081	1.073
15.123	30.081	1.074
@
15.123	30.082	1.073
15.123	30.082	1.073
15.123	30.082	1.073
15.123	30.082	1.073
@
15.123	30.083	1.073
15.123	30.083	1.073
15.123	30.083	1.074
@
15.123	30.084	1.073
15.123	30.084	1.073
15.123	30.084	1.073
@
15.123	30.085	1.073
15.123	30.085	1.074
@
15.123	30.086	1.073
15.123	30.086	1.073
15.123	30.086	1.074
@
15.123	30.087	1.073
15.123	30.087	1.073
15.123	30.087	1.073
15.123	30.087	1.073
@
15.123	30.089	1.073
15.123	30.089	1.073
@
15.123	30.090	1.073
15.123	30.090	1.073
15.123	30.090	1.074
@
15.123	30.091	1.073
15.123	30.091	1.073
15.123	30.091	1.073
15.123	30.091	1.073
15.123	30.091	1.073
15.123	30.091	1.074
@
15.123	30.092	1.073
15.123	30.092	1.073
15.123	30.092	1.073
15.123	30.092	1.074
@
15.123	30.093	1.073
15.123	30.093	1.073
15.123	30.093	1.073
15.123	30.093	1.073
15.123	30.093	1.073
15.123	30.093	1.073
15.123	30.093	1.074
15.123	30.093	1.074
15.123	30.093	1.074
@
15.123	30.095	1.073
15.123	30.095	1.073
15.123	30.095	1.073
15.123	30.095	1.073
15.123	30.095	1.074
@
15.123	30.096	1.073
15.123	30.096	1.073
15.123	30.096	1.073
@
15.123	30.097	1.073
15.123	30.097	1.073
15.123	30.097	1.073
15.123	30.097	1.074
@
15.123	30.098	1.073
15.123	30.098	1.073
15.123	30.098	1.073
15.123	30.098	1.073
15.123	30.098	1.074
15.123	30.098	1.074
@
15.123	30.099	1.073
15.123	30.099	1.073
15.123	30.099	1.073
15.123	30.099	1.073
15.123	30.099	1.073
15.123	30.099	1.074
15.123	30.099	1.074
15.123	30.099	1.074
@
15.123	30.100	1.073
15.123	30.100	1.073
15.123	30.100	1.073
15.123	30.100	1.073
15.123	30.100	1.073
15.123	30.100	1.074
15.123	30.100	1.074
15.123	30.100	1.074
15.123	30.100	1.074
15.123	30.100	1.074
15.123	30.100	1.074
15.123	30.100	1.074
@
15.123	30.101	1.073
15.123	30.101	1.073
15.123	30.101	1.073
15.123	30.101	1.073
15.123	30.101	1.073
15.123	30.101	1.073
15.123	30.101	1.074
@
15.123	30.102	1.073
15.123	30.102	1.073
15.123	30.102	1.073
15.123	30.102	1.073
15.123	30.102	1.073
15.123	30.102	1.074
15.123	30.102	1.074
15.123	30.102	1.074
@
15.124	30.057	1.073
15.124	30.057	1.073
@
15.124	30.058	1.073
15.124	30.058	1.073
15.124	30.058	1.073
@
15.124	30.059	1.073
15.124	30.059	1.073
15.124	30.059	1.073
15.124	30.059	1.073
15.124	30.059	1.073
15.124	30.059	1.073
@
15.124	30.060	1.073
15.124	30.060	1.073
@
15.124	30.061	1.073
15.124	30.061	1.073
@
15.124	30.063	1.073
15.124	30.063	1.073
@
15.124	30.064	1.073
15.124	30.064	1.073
@
15.124	30.067	1.073
15.124	30.067	1.073
@
15.124	30.068	1.073
15.124	30.068	1.073
15.124	30.068	1.073
15.124	30.068	1.073
@
15.124	30.069	1.073
15.124	30.069	1.073
15.124	30.069	1.073
15.124	30.069	1.073
15.124	30.069	1.073
@
15.124	30.070	1.073
15.124	30.070	1.073
@
15.124	30.071	1.073
15.124	30.071	1.073
15.124	30.071	1.073
15.124	30.071	1.073
15.124	30.071	1.073
@
15.124	30.072	1.073
15.124	30.072	1.073
@
15.124	30.073	1.073
15.124	30.073	1.073
@
15.124	30.074	1.073
15.124	30.074	1.073
@
15.124	30.075	1.073
15.124	30.075	1.073
@
15.124	30.076	1.073
15.124	30.076	1.073
15.124	30.076	1.073
15.124	30.076	1.073
15.124	30.076	1.073
15.124	30.076	1.073
15.124	30.076	1.073
15.124	30.076	1.073
@
15.124	30.077	1.073
15.124	30.077	1.073
15.124	30.077	1.073
15.124	30.077	1.073
@
15.124	30.078	1.073
15.124	30.078	1.073
15.124	30.078	1.073
15.124	30.078	1.073
@
15.124	30.080	1.073
15.124	30.080	1.073
@
15.124	30.083	1.073
15.124	30.083	1.073
15.124	30.083	1.073
15.124	30.083	1.073
15.124	30.083	1.073
15.124	30.083	1.073
@
15.124	30.084	1.073
15.124	30.084	1.073
15.124	30.084	1.073
@
15.124	30.086	1.073
15.124	30.086	1.073
15.124	30.086	1.073
15.124	30.086	1.073
15.124	30.086	1.074
@
15.124	30.087	1.073
15.124	30.087	1.073
@
15.124	30.088	1.073
15.124	30.088	1.073
@
15.124	30.090	1.073
15.124	30.090	1.073
15.124	30.090	1.073
15.124	30.090	1.074
@
15.124	30.091	1.073
15.124	30.091	1.073
15.124	30.091	1.073
15.124	30.091	1.073
@
15.124	30.093	1.073
15.124	30.093	1.073
15.124	30.093	1.073
@
15.124	30.094	1.073
15.124	30.094	1.073
15.124	30.094	1.073
@
15.124	30.096	1.073
15.124	30.096	1.074
@
15.124	30.097	1.073
15.124	30.097	1.074
@
15.124	30.100	1.073
15.124	30.100	1.073
15.124	30.100	1.073
15.124	30.100	1.073
15.124	30.100	1.074
@
15.124	30.101	1.073
15.124	30.101	1.073
15.124	30.101	1.073
@
15.125	30.061	1.073
15.125	30.061	1.073
@
15.125	30.062	1.073
15.125	30.062	1.073
@
15.125	30.066	1.073
15.125	30.066	1.073
@
15.125	30.067	1.073
15.125	30.067	1.073
@
15.125	30.072	1.073
15.125	30.072	1.073
15.125	30.072	1.073
@
15.125	30.074	1.073
15.125	30.074	1.073
15.125	30.074	1.073
15.125	30.074	1.073
@
15.125	30.077	1.073
15.125	30.077	1.073
@
15.125	30.082	1.073
15.125	30.082	1.073
@
15.479	30.052	1.096
15.479	30.052	1.096
@
15.531	30.050	1.099
15.531	30.050	1.099
15.531	30.050	1.100
@
16.048	30.025	1.134
16.048	30.025	1.134
@
16.370	30.010	1.157
16.370	30.010	1.158
@
16.589	29.997	1.171
16.589	29.997	1.172
@
17.082	29.968	1.204
17.082	29.968	1.204
@
17.087	29.968	1.204
17.087	29.968	1.204
@
18.738	29.898	1.312
18.738	29.898	1.313
@
21.167	29.858	1.493
21.167	29.858	1.494
@
21.240	29.854	1.517
21.240	29.854	1.517
@
21.248	29.856	1.520
21.248	29.856	1.522
@
21.265	29.853	1.529
21.265	29.853	1.560
@
21.272	29.852	1.560
21.272	29.852	1.560
@
21.273	29.851	1.532
21.273	29.851	1.549
21.273	29.851	1.560
21.273	29.851	1.560
@
21.273	29.852	1.531
21.273	29.852	1.542
21.273	29.852	1.560
21.273	29.852	1.560
@
21.273	29.853	1.554
21.273	29.853	1.560
21.273	29.853	1.560
@
21.273	29.854	1.530
21.273	29.854	1.533
21.273	29.854	1.535
21.273	29.854	1.535
21.273	29.854	1.540
21.273	29.854	1.557
@
21.273	29.855	1.536
21.273	29.855	1.536
@
21.274	29.850	1.554
21.274	29.850	1.560
21.274	29.850	1.560
@
21.274	29.852	1.540
21.274	29.852	1.556
21.274	29.852	1.560
@
21.274	29.853	1.553
21.274	29.853	1.553
21.274	29.853	1.556
21.274	29.853	1.560
21.274	29.853	1.560
21.274	29.853	1.560
@
21.274	29.854	1.531
21.274	29.854	1.545
21.274	29.854	1.560
@
21.275	29.851	1.560
21.275	29.851	1.560
@
21.275	29.852	1.560
21.275	29.852	1.560
@
21.275	29.853	1.545
21.275	29.853	1.559
21.275	29.853	1.560
21.275	29.853	1.560
@
21.275	29.854	1.552
21.275	29.854	1.553
21.275	29.854	1.555
21.275	29.854	1.556
@
21.275	29.855	1.546
21.275	29.855	1.560
@
21.276	29.852	1.543
21.276	29.852	1.548
21.276	29.852	1.559
@
21.276	29.853	1.537
21.276	29.853	1.539
21.276	29.853	1.543
21.276	29.853	1.543
21.276	29.853	1.550
21.276	29.853	1.550
@
21.276	29.854	1.547
21.276	29.854	1.556
21.276	29.854	1.560
