5.681	35.024	0.360
5.681	35.024	0.360
@
5.681	35.028	0.348
5.681	35.028	0.351
@
5.681	35.030	0.347
5.681	35.030	0.348
5.681	35.030	0.348
5.681	35.030	0.348
@
5.681	35.031	0.347
5.681	35.031	0.347
5.681	35.031	0.348
5.681	35.031	0.348
5.681	35.031	0.348
@
5.681	35.032	0.348
5.681	35.032	0.348
5.681	35.032	0.348
5.681	35.032	0.348
5.681	35.032	0.348
5.681	35.032	0.349
@
5.681	35.033	0.348
5.681	35.033	0.348
5.681	35.033	0.348
@
5.681	35.034	0.347
5.681	35.034	0.348
5.681	35.034	0.348
5.681	35.034	0.348
5.681	35.034	0.348
@
5.681	35.035	0.347
5.681	35.035	0.348
5.681	35.035	0.348
5.681	35.035	0.348
5.681	35.035	0.348
5.681	35.035	0.348
@
5.682	35.021	0.362
5.682	35.021	0.365
5.682	35.021	0.366
5.682	35.021	0.367
5.682	35.021	0.368
5.682	35.021	0.374
5.682	35.021	0.377
5.682	35.021	0.380
5.682	35.021	0.380
5.682	35.021	0.383
5.682	35.021	0.386
@
5.682	35.022	0.360
5.682	35.022	0.362
5.682	35.022	0.366
5.682	35.022	0.371
5.682	35.022	0.381
5.682	35.022	0.383
@
5.682	35.023	0.356
5.682	35.023	0.356
5.682	35.023	0.361
5.682	35.023	0.365
5.682	35.023	0.366
5.682	35.023	0.372
5.682	35.023	0.374
5.682	35.023	0.381
5.682	35.023	0.386
5.682	35.023	0.386
@
5.682	35.024	0.355
5.682	35.024	0.359
5.682	35.024	0.360
5.682	35.024	0.361
5.682	35.024	0.362
5.682	35.024	0.364
5.682	35.024	0.366
5.682	35.024	0.382
@
5.682	35.025	0.355
5.682	35.025	0.357
5.682	35.025	0.357
5.682	35.025	0.358
5.682	35.025	0.360
5.682	35.025	0.360
5.682	35.025	0.362
5.682	35.025	0.365
5.682	35.025	0.365
@
5.682	35.026	0.355
5.682	35.026	0.364
@
5.682	35.027	0.347
5.682	35.027	0.348
5.682	35.027	0.352
5.682	35.027	0.354
5.682	35.027	0.356
@
5.682	35.028	0.348
5.682	35.028	0.348
5.682	35.028	0.348
5.682	35.028	0.349
5.682	35.028	0.351
5.682	35.028	0.351
5.682	35.028	0.354
5.682	35.028	0.354
5.682	35.028	0.355
@
5.682	35.029	0.348
5.682	35.029	0.348
5.682	35.029	0.349
5.682	35.029	0.350
5.682	35.029	0.350
5.682	35.029	0.351
5.682	35.029	0.355
@
5.682	35.030	0.347
5.682	35.030	0.347
5.682	35.030	0.348
@
5.682	35.031	0.348
5.682	35.031	0.348
5.682	35.031	0.348
5.682	35.031	0.349
@
5.682	35.032	0.348
5.682	35.032	0.348
5.682	35.032	0.348
5.682	35.032	0.348
5.682	35.032	0.348
@
5.682	35.033	0.347
5.682	35.033	0.348
5.682	35.033	0.348
5.682	35.033	0.348
5.682	35.033	0.348
5.682	35.033	0.348
@
5.682	35.034	0.348
5.682	35.034	0.348
5.682	35.034	0.348
@
5.682	35.035	0.348
5.682	35.035	0.348
5.682	35.035	0.348
@
5.682	35.036	0.348
5.682	35.036	0.348
@
5.682	35.037	0.348
5.682	35.037	0.348
@
5.683	35.018	0.379
5.683	35.018	0.386
@
5.683	35.019	0.384
5.683	35.019	0.386
5.683	35.019	0.386
5.683	35.019	0.386
5.683	35.019	0.387
5.683	35.019	0.387
5.683	35.019	0.387
@
5.683	35.020	0.374
5.683	35.020	0.375
5.683	35.020	0.386
5.683	35.020	0.386
5.683	35.020	0.386
5.683	35.020	0.387
@
5.683	35.021	0.362
5.683	35.021	0.365
5.683	35.021	0.366
5.683	35.021	0.367
5.683	35.021	0.370
5.683	35.021	0.370
5.683	35.021	0.371
5.683	35.021	0.372
5.683	35.021	0.373
5.683	35.021	0.377
5.683	35.021	0.385
5.683	35.021	0.385
5.683	35.021	0.386
5.683	35.021	0.387
@
5.683	35.022	0.355
5.683	35.022	0.362
5.683	35.022	0.363
5.683	35.022	0.363
5.683	35.022	0.363
5.683	35.022	0.365
5.683	35.022	0.366
5.683	35.022	0.372
5.683	35.022	0.373
5.683	35.022	0.374
5.683	35.022	0.379
5.683	35.022	0.387
@
5.683	35.023	0.360
5.683	35.023	0.366
5.683	35.023	0.367
5.683	35.023	0.376
5.683	35.023	0.384
5.683	35.023	0.387
@
5.683	35.024	0.354
5.683	35.024	0.355
5.683	35.024	0.355
5.683	35.024	0.355
5.683	35.024	0.355
5.683	35.024	0.358
5.683	35.024	0.360
5.683	35.024	0.364
5.683	35.024	0.365
5.683	35.024	0.366
5.683	35.024	0.366
5.683	35.024	0.375
5.683	35.024	0.378
@
5.683	35.025	0.355
5.683	35.025	0.365
@
5.683	35.026	0.355
5.683	35.026	0.360
@
5.683	35.027	0.351
5.683	35.027	0.355
5.683	35.027	0.355
5.683	35.027	0.355
@
5.683	35.028	0.349
5.683	35.028	0.354
5.683	35.028	0.355
5.683	35.028	0.355
@
5.683	35.029	0.348
5.683	35.029	0.350
@
5.683	35.035	0.348
5.683	35.035	0.348
@
5.684	35.018	0.387
5.684	35.018	0.387
@
5.684	35.019	0.386
5.684	35.019	0.387
@
5.688	35.019	0.389
5.688	35.019	0.389
@
5.688	35.020	0.389
5.688	35.020	0.389
@
5.692	35.018	0.390
5.692	35.018	0.390
@
5.693	35.019	0.390
5.693	35.019	0.390
5.693	35.019	0.390
5.693	35.019	0.391
@
5.693	35.020	0.391
5.693	35.020	0.391
@
5.694	35.019	0.390
5.694	35.019	0.391
@
5.701	35.019	0.393
5.701	35.019	0.393
@
5.703	35.018	0.394
5.703	35.018	0.394
@
5.706	35.016	0.395
5.706	35.016	0.395
@
5.713	35.017	0.397
5.713	35.017	0.398
@
5.715	35.016	0.398
5.715	35.016	0.398
5.715	35.016	0.398
@
5.723	35.016	0.401
5.723	35.016	0.401
@
5.730	35.015	0.403
5.730	35.015	0.404
@
5.732	35.014	0.404
5.732	35.014	0.404
@
5.737	35.013	0.405
5.737	35.013	0.407
@
5.737	35.014	0.406
5.737	35.014	0.406
@
5.754	35.011	0.414
5.754	35.011	0.414
@
5.790	35.010	0.426
5.790	35.010	0.426
@
5.798	35.008	0.429
5.798	35.008	0.429
@
5.798	35.009	0.429
5.798	35.009	0.429
@
5.811	35.007	0.433
5.811	35.007	0.433
5.811	35.007	0.434
@
5.823	35.008	0.436
5.823	35.008	0.437
@
5.835	35.006	0.441
5.835	35.006	0.441
@
5.836	35.005	0.441
5.836	35.005	0.441
@
5.842	35.005	0.442
5.842	35.005	0.442
5.842	35.005	0.442
@
5.843	35.006	0.442
5.843	35.006	0.442
@
5.859	35.006	0.446
5.859	35.006	0.447
@
5.884	35.004	0.452
5.884	35.004	0.452
5.884	35.004	0.452
@
7.043	34.980	0.533
7.043	34.980	0.534
@
8.081	34.965	0.601
8.081	34.965	0.601
@
8.759	34.957	0.644
8.759	34.957	0.644
@
8.759	34.959	0.644
8.759	34.959	0.644
@
8.777	34.957	0.645
8.777	34.957	0.645
8.777	34.957	0.645
@
8.777	34.959	0.645
8.777	34.959	0.645
@
8.850	34.955	0.650
8.850	34.955	0.650
@
9.365	34.952	0.684
9.365	34.952	0.684
@
9.613	34.945	0.699
9.613	34.945	0.700
@
9.614	34.942	0.699
9.614	34.942	0.699
@
9.615	34.939	0.699
9.615	34.939	0.699
9.615	34.939	0.699
@
9.615	34.940	0.699
9.615	34.940	0.699
9.615	34.940	0.699
@
9.615	34.941	0.699
9.615	34.941	0.699
9.615	34.941	0.699
@
9.615	34.942	0.699
9.615	34.942	0.699
9.615	34.942	0.699
9.615	34.942	0.699
@
9.615	34.943	0.699
9.615	34.943	0.699
9.615	34.943	0.699
9.615	34.943	0.699
@
9.615	34.944	0.699
9.615	34.944	0.699
9.615	34.944	0.699
9.615	34.944	0.699
9.615	34.944	0.699
@
9.615	34.945	0.699
9.615	34.945	0.699
9.615	34.945	0.699
9.615	34.945	0.699
@
9.615	34.946	0.699
9.615	34.946	0.700
@
9.615	34.947	0.699
9.615	34.947	0.700
9.615	34.947	0.700
@
9.615	34.949	0.700
9.615	34.949	0.700
@
9.616	34.940	0.699
9.616	34.940	0.699
9.616	34.940	0.699
@
9.616	34.941	0.699
9.616	34.941	0.699
9.616	34.941	0.699
9.616	34.941	0.699
9.616	34.941	0.699
@
9.616	34.944	0.699
9.616	34.944	0.699
9.616	34.944	0.699
@
9.616	34.945	0.699
9.616	34.945	0.699
9.616	34.945	0.700
@
9.616	34.946	0.699
9.616	34.946	0.699
9.616	34.946	0.699
9.616	34.946	0.700
9.616	34.946	0.700
@
10.566	34.925	0.761
10.566	34.925	0.761
@
10.657	34.922	0.767
10.657	34.922	0.767
@
10.937	34.920	0.785
10.937	34.920	0.786
@
10.957	34.918	0.786
10.957	34.918	0.786
@
11.104	34.914	0.794
11.104	34.914	0.794
@
11.138	34.913	0.797
11.138	34.913	0.797
@
11.169	34.913	0.799
11.169	34.913	0.799
@
11.647	34.907	0.830
11.647	34.907	0.830
@
11.920	34.902	0.848
11.920	34.902	0.849
@
11.926	34.900	0.849
11.926	34.900	0.849
@
12.000	34.894	0.854
12.000	34.894	0.854
@
12.007	34.896	0.854
12.007	34.896	0.854
@
12.009	34.894	0.854
12.009	34.894	0.854
12.009	34.894	0.854
@
12.009	34.895	0.854
12.009	34.895	0.854
@
12.009	34.898	0.854
12.009	34.898	0.854
@
12.009	34.899	0.854
12.009	34.899	0.854
@
12.010	34.892	0.854
12.010	34.892	0.854
12.010	34.892	0.854
12.010	34.892	0.854
@
12.010	34.893	0.854
12.010	34.893	0.854
12.010	34.893	0.854
12.010	34.893	0.854
12.010	34.893	0.854
@
12.010	34.894	0.854
12.010	34.894	0.854
12.010	34.894	0.854
12.010	34.894	0.854
12.010	34.894	0.854
12.010	34.894	0.854
@
12.010	34.895	0.854
12.010	34.895	0.854
12.010	34.895	0.854
12.010	34.895	0.854
12.010	34.895	0.854
12.010	34.895	0.854
@
12.010	34.896	0.854
12.010	34.896	0.854
@
12.010	34.897	0.854
12.010	34.897	0.854
12.010	34.897	0.854
12.010	34.897	0.854
@
12.010	34.900	0.854
12.010	34.900	0.854
12.010	34.900	0.854
@
12.011	34.895	0.854
12.011	34.895	0.854
@
12.011	34.896	0.854
12.011	34.896	0.854
@
12.011	34.898	0.854
12.011	34.898	0.854
@
12.305	34.889	0.873
12.305	34.889	0.873
12.305	34.889	0.874
@
12.427	34.887	0.880
12.427	34.887	0.881
@
12.439	34.885	0.881
12.439	34.885	0.881
@
12.646	34.883	0.893
12.646	34.883	0.893
@
13.032	34.871	0.918
13.032	34.871	0.918
@
13.104	34.867	0.923
13.104	34.867	0.923
@
13.220	34.864	0.932
13.220	34.864	0.932
@
13.337	34.861	0.938
13.337	34.861	0.938
@
13.491	34.859	0.949
13.491	34.859	0.949
@
13.986	34.846	0.980
13.986	34.846	0.981
@
14.149	34.848	0.991
14.149	34.848	0.991
@
14.151	34.847	0.991
14.151	34.847	0.991
@
14.189	34.846	0.994
14.189	34.846	0.994
@
14.301	34.845	1.000
14.301	34.845	1.001
@
14.502	34.842	1.012
14.502	34.842	1.013
@
15.906	34.827	1.104
15.906	34.827	1.105
@
16.626	34.819	1.151
16.626	34.819	1.151
@
16.647	34.817	1.152
16.647	34.817	1.152
@
16.663	34.816	1.153
16.663	34.816	1.155
@
17.581	34.807	1.211
17.581	34.807	1.211
@
19.430	34.781	1.329
19.430	34.781	1.329
@
19.636	34.776	1.345
19.636	34.776	1.345
@
21.156	34.753	1.459
21.156	34.753	1.461
@
21.167	34.754	1.464
21.167	34.754	1.465
@
21.240	34.752	1.488
21.240	34.752	1.489
@
21.246	34.751	1.527
21.246	34.751	1.528
@
21.251	34.750	1.525
21.251	34.750	1.529
@
21.259	34.749	1.527
21.259	34.749	1.528
@
21.268	34.750	1.528
21.268	34.750	1.528
21.268	34.750	1.528
@
21.269	34.749	1.527
21.269	34.749	1.527
@
21.269	34.750	1.527
21.269	34.750	1.528
21.269	34.750	1.528
@
21.270	34.750	1.506
21.270	34.750	1.528
@
21.270	34.751	1.527
21.270	34.751	1.528
@
21.271	34.748	1.507
21.271	34.748	1.528
@
21.271	34.750	1.528
21.271	34.750	1.528
21.271	34.750	1.529
@
21.271	34.751	1.500
21.271	34.751	1.503
21.271	34.751	1.504
21.271	34.751	1.528
21.271	34.751	1.529
@
21.272	34.748	1.508
21.272	34.748	1.526
21.272	34.748	1.527
@
21.272	34.749	1.503
21.272	34.749	1.518
21.272	34.749	1.518
21.272	34.749	1.526
21.272	34.749	1.526
21.272	34.749	1.528
@
21.272	34.750	1.501
21.272	34.750	1.502
21.272	34.750	1.504
21.272	34.750	1.521
21.272	34.750	1.525
@
21.272	34.751	1.528
21.272	34.751	1.528
@
21.273	34.748	1.502
21.273	34.748	1.525
21.273	34.748	1.529
@
21.273	34.749	1.512
21.273	34.749	1.513
21.273	34.749	1.514
21.273	34.749	1.521
21.273	34.749	1.523
21.273	34.749	1.529
@
21.273	34.750	1.506
21.273	34.750	1.515
21.273	34.750	1.516
21.273	34.750	1.526
21.273	34.750	1.527
21.273	34.750	1.528
@
21.273	34.751	1.509
21.273	34.751	1.521
@
21.274	34.747	1.519
21.274	34.747	1.522
21.274	34.747	1.527
@
21.274	34.748	1.515
21.274	34.748	1.520
21.274	34.748	1.527
@
21.274	34.750	1.503
21.274	34.750	1.528
@
21.274	34.752	1.528
21.274	34.752	1.528
@
21.275	34.749	1.515
21.275	34.749	1.520
