5.681	39.791	0.344
5.681	39.791	0.347
@
5.681	39.792	0.342
5.681	39.792	0.347
@
5.681	39.795	0.349
5.681	39.795	0.379
@
5.682	39.789	0.342
5.682	39.789	0.342
5.682	39.789	0.342
5.682	39.789	0.342
5.682	39.789	0.342
5.682	39.789	0.342
@
5.682	39.790	0.342
5.682	39.790	0.342
5.682	39.790	0.342
5.682	39.790	0.342
5.682	39.790	0.342
5.682	39.790	0.342
5.682	39.790	0.343
5.682	39.790	0.367
@
5.682	39.791	0.342
5.682	39.791	0.342
5.682	39.791	0.342
5.682	39.791	0.345
5.682	39.791	0.349
5.682	39.791	0.353
5.682	39.791	0.358
5.682	39.791	0.365
5.682	39.791	0.370
5.682	39.791	0.377
5.682	39.791	0.378
@
5.682	39.792	0.342
5.682	39.792	0.342
5.682	39.792	0.342
5.682	39.792	0.342
5.682	39.792	0.342
5.682	39.792	0.342
5.682	39.792	0.349
5.682	39.792	0.350
5.682	39.792	0.358
5.682	39.792	0.359
5.682	39.792	0.362
5.682	39.792	0.362
5.682	39.792	0.366
5.682	39.792	0.367
5.682	39.792	0.369
@
5.682	39.793	0.342
5.682	39.793	0.348
5.682	39.793	0.353
5.682	39.793	0.355
5.682	39.793	0.356
5.682	39.793	0.356
5.682	39.793	0.361
5.682	39.793	0.362
5.682	39.793	0.366
5.682	39.793	0.366
5.682	39.793	0.368
5.682	39.793	0.376
5.682	39.793	0.379
@
5.682	39.794	0.346
5.682	39.794	0.349
5.682	39.794	0.352
5.682	39.794	0.360
5.682	39.794	0.379
5.682	39.794	0.379
5.682	39.794	0.379
@
5.682	39.795	0.356
5.682	39.795	0.371
5.682	39.795	0.375
@
5.682	39.796	0.371
5.682	39.796	0.374
@
5.683	39.788	0.342
5.683	39.788	0.358
@
5.683	39.790	0.342
5.683	39.790	0.354
@
5.683	39.791	0.342
5.683	39.791	0.354
5.683	39.791	0.365
5.683	39.791	0.380
@
5.683	39.792	0.362
5.683	39.792	0.364
5.683	39.792	0.372
@
5.683	39.793	0.370
5.683	39.793	0.378
@
5.683	39.794	0.342
5.683	39.794	0.379
@
5.688	39.795	0.381
5.688	39.795	0.381
@
5.704	39.795	0.385
5.704	39.795	0.386
@
5.723	39.797	0.392
5.723	39.797	0.392
@
5.747	39.797	0.401
5.747	39.797	0.401
@
5.750	39.797	0.402
5.750	39.797	0.403
@
5.762	39.798	0.407
5.762	39.798	0.407
@
5.774	39.800	0.412
5.774	39.800	0.412
@
5.781	39.800	0.413
5.781	39.800	0.413
@
5.786	39.801	0.415
5.786	39.801	0.415
@
5.798	39.801	0.419
5.798	39.801	0.419
@
5.801	39.801	0.421
5.801	39.801	0.421
5.801	39.801	0.421
@
5.801	39.802	0.421
5.801	39.802	0.421
@
5.811	39.804	0.424
5.811	39.804	0.424
@
5.814	39.803	0.426
5.814	39.803	0.426
@
5.815	39.804	0.426
5.815	39.804	0.426
@
5.825	39.806	0.429
5.825	39.806	0.429
@
5.835	39.808	0.431
5.835	39.808	0.432
@
5.855	39.812	0.436
5.855	39.812	0.436
@
5.884	39.817	0.442
5.884	39.817	0.442
@
5.945	39.817	0.450
5.945	39.817	0.451
@
5.969	39.825	0.453
5.969	39.825	0.453
5.969	39.825	0.453
@
6.104	39.830	0.462
6.104	39.830	0.462
@
6.470	39.846	0.485
6.470	39.846	0.485
@
6.470	39.848	0.485
6.470	39.848	0.485
@
6.470	39.849	0.485
6.470	39.849	0.485
@
6.860	39.860	0.508
6.860	39.860	0.508
@
7.617	39.879	0.558
7.617	39.879	0.558
@
7.617	39.882	0.558
7.617	39.882	0.558
@
7.621	39.881	0.558
7.621	39.881	0.558
@
7.868	39.885	0.574
7.868	39.885	0.574
@
8.081	39.889	0.588
8.081	39.889	0.588
@
8.352	39.891	0.606
8.352	39.891	0.606
@
8.353	39.890	0.606
8.353	39.890	0.606
@
8.362	39.892	0.607
8.362	39.892	0.607
@
8.363	39.895	0.607
8.363	39.895	0.607
8.363	39.895	0.607
@
8.705	39.902	0.627
8.705	39.902	0.627
@
8.814	39.901	0.635
8.814	39.901	0.635
@
9.593	39.907	0.684
9.593	39.907	0.684
@
9.595	39.905	0.684
9.595	39.905	0.684
@
9.656	39.906	0.688
9.656	39.906	0.689
@
9.949	39.905	0.707
9.949	39.905	0.707
@
10.059	39.906	0.714
10.059	39.906	0.714
@
10.143	39.904	0.720
10.143	39.904	0.721
@
10.143	39.906	0.721
10.143	39.906	0.721
@
10.567	39.912	0.747
10.567	39.912	0.747
@
10.767	39.916	0.760
10.767	39.916	0.760
@
10.815	39.916	0.763
10.815	39.916	0.763
@
10.987	39.923	0.773
10.987	39.923	0.773
@
11.358	39.934	0.796
11.358	39.934	0.797
@
11.993	39.956	0.839
11.993	39.956	0.839
@
11.995	39.955	0.839
11.995	39.955	0.839
@
12.048	39.962	0.842
12.048	39.962	0.842
@
12.189	39.966	0.851
12.189	39.966	0.851
@
12.244	39.968	0.854
12.244	39.968	0.854
12.244	39.968	0.854
12.244	39.968	0.854
12.244	39.968	0.854
@
12.276	39.976	0.855
12.276	39.976	0.856
@
12.390	39.983	0.861
12.390	39.983	0.862
@
12.476	39.988	0.868
12.476	39.988	0.868
@
12.878	40.003	0.893
12.878	40.003	0.894
@
13.110	40.012	0.908
13.110	40.012	0.908
@
13.120	40.014	0.909
13.120	40.014	0.909
@
13.168	40.021	0.911
13.168	40.021	0.911
13.168	40.021	0.911
@
13.169	40.022	0.911
13.169	40.022	0.911
@
13.460	40.036	0.931
13.460	40.036	0.931
@
13.460	40.038	0.931
13.460	40.038	0.931
@
13.461	40.036	0.931
13.461	40.036	0.931
@
13.461	40.037	0.931
13.461	40.037	0.931
@
13.461	40.039	0.930
13.461	40.039	0.931
13.461	40.039	0.931
13.461	40.039	0.931
13.461	40.039	0.931
@
13.637	40.044	0.941
13.637	40.044	0.941
@
14.731	40.062	1.010
14.731	40.062	1.010
@
14.732	40.063	1.010
14.732	40.063	1.010
14.732	40.063	1.010
@
14.734	40.064	1.010
14.734	40.064	1.011
@
14.781	40.065	1.014
14.781	40.065	1.014
@
15.077	40.073	1.032
15.077	40.073	1.032
@
15.613	40.087	1.065
15.613	40.087	1.065
@
16.357	40.100	1.114
16.357	40.100	1.115
@
16.410	40.103	1.118
16.410	40.103	1.118
@
18.945	40.206	1.278
18.945	40.206	1.278
@
21.179	40.377	1.443
21.179	40.377	1.443
@
21.180	40.380	1.443
21.180	40.380	1.443
21.180	40.380	1.444
@
21.186	40.381	1.444
21.186	40.381	1.445
@
21.187	40.383	1.445
21.187	40.383	1.446
@
21.229	40.404	1.461
21.229	40.404	1.461
@
21.239	40.410	1.464
21.239	40.410	1.464
@
21.241	40.413	1.465
21.241	40.413	1.465
@
21.252	40.418	1.467
21.252	40.418	1.468
@
21.268	40.427	1.474
21.268	40.427	1.474
@
21.269	40.425	1.472
21.269	40.425	1.474
21.269	40.425	1.474
@
21.273	40.429	1.474
21.273	40.429	1.481
@
21.274	40.387	1.502
21.274	40.387	1.503
@
21.274	40.405	1.502
21.274	40.405	1.502
@
21.274	40.427	1.476
21.274	40.427	1.476
@
21.275	40.025	1.503
21.275	40.025	1.503
@
21.275	40.279	1.503
21.275	40.279	1.503
@
21.275	40.312	1.503
21.275	40.312	1.503
@
21.275	40.319	1.503
21.275	40.319	1.503
@
21.275	40.420	1.502
21.275	40.420	1.502
@
21.275	40.429	1.475
21.275	40.429	1.476
21.275	40.429	1.476
21.275	40.429	1.480
@
21.275	40.430	1.478
21.275	40.430	1.478
21.275	40.430	1.479
21.275	40.430	1.487
@
21.275	40.431	1.480
21.275	40.431	1.481
21.275	40.431	1.481
21.275	40.431	1.482
@
21.276	40.398	1.502
21.276	40.398	1.503
@
21.276	40.424	1.500
21.276	40.424	1.500
@
21.276	40.429	1.477
21.276	40.429	1.497
21.276	40.429	1.497
@
21.276	40.430	1.477
21.276	40.430	1.478
21.276	40.430	1.492
21.276	40.430	1.497
@
21.276	40.431	1.480
21.276	40.431	1.488
21.276	40.431	1.492
21.276	40.431	1.493
21.276	40.431	1.493
21.276	40.431	1.496
@
21.276	40.432	1.481
21.276	40.432	1.487
21.276	40.432	1.494
@
21.277	40.428	1.497
21.277	40.428	1.497
@
21.277	40.429	1.496
21.277	40.429	1.497
21.277	40.429	1.497
@
21.277	40.430	1.496
21.277	40.430	1.497
21.277	40.430	1.497
21.277	40.430	1.498
@
21.277	40.431	1.478
21.277	40.431	1.482
21.277	40.431	1.488
21.277	40.431	1.489
21.277	40.431	1.495
@
21.277	40.432	1.481
21.277	40.432	1.482
21.277	40.432	1.490
