0.559	2.225	5.944
0.559	2.225	5.945
@
0.583	2.225	6.226
0.583	2.225	6.229
@
0.600	2.225	6.435
0.600	2.225	6.438
@
0.660	2.253	7.178
0.660	2.253	7.189
@
0.705	2.251	7.716
0.705	2.251	7.719
@
0.752	2.248	8.277
0.752	2.248	8.288
@
0.876	2.194	9.781
0.876	2.194	9.789
@
0.912	2.219	10.206
0.912	2.219	10.208
@
0.936	2.175	10.505
0.936	2.175	10.515
@
0.955	2.174	10.727
0.955	2.174	10.732
@
0.992	2.181	11.181
0.992	2.181	11.185
@
1.079	2.187	12.218
1.079	2.187	12.222
@
1.098	2.159	12.476
1.098	2.159	12.478
@
1.203	2.215	13.719
1.203	2.215	13.722
@
1.211	2.174	13.821
1.211	2.174	13.830
1.211	2.174	13.833
@
1.381	2.218	15.850
1.381	2.218	15.864
@
1.417	2.243	16.255
1.417	2.243	16.262
@
1.450	2.214	16.645
1.450	2.214	16.651
@
1.460	2.225	16.755
1.460	2.225	16.765
@
1.469	2.255	16.852
1.469	2.255	16.861
@
1.488	2.225	17.090
1.488	2.225	17.105
@
1.508	2.264	17.318
1.508	2.264	17.328
@
1.519	2.228	17.443
1.519	2.228	17.456
@
1.538	2.236	17.724
1.538	2.236	17.738
@
1.577	2.258	18.181
1.577	2.258	18.192
@
1.580	2.254	18.237
1.580	2.254	18.250
@
1.615	2.276	18.620
1.615	2.276	18.628
@
1.654	2.351	19.065
1.654	2.351	19.080
@
1.670	2.365	19.279
1.670	2.365	19.288
@
1.689	2.381	19.486
1.689	2.381	19.494
@
1.695	2.391	19.575
1.695	2.391	19.602
@
1.709	2.408	19.739
1.709	2.408	19.749
@
1.754	2.419	20.290
1.754	2.419	20.302
@
1.765	2.427	20.424
1.765	2.427	20.430
@
1.782	2.478	20.642
1.782	2.478	20.648
@
1.799	2.478	20.837
1.799	2.478	20.841
@
1.802	2.478	20.880
1.802	2.478	20.886
@
1.824	2.553	21.113
1.824	2.553	21.115
