0.568	2.377	5.969
0.568	2.377	5.971
@
0.569	2.377	5.974
0.569	2.377	5.981
@
0.570	2.377	5.994
0.570	2.377	5.999
@
0.573	2.377	6.030
0.573	2.377	6.036
0.573	2.377	6.040
0.573	2.377	6.041
@
0.574	2.377	6.042
0.574	2.377	6.051
@
0.576	2.377	6.078
0.576	2.377	6.079
0.576	2.377	6.080
0.576	2.377	6.082
@
0.584	2.378	6.165
0.584	2.378	6.170
@
0.585	2.379	6.175
0.585	2.379	6.182
@
0.616	2.424	6.542
0.616	2.424	6.551
@
0.622	2.423	6.618
0.622	2.423	6.625
@
0.686	2.416	7.385
0.686	2.416	7.393
@
0.697	2.413	7.529
0.697	2.413	7.532
@
0.738	2.427	8.022
0.738	2.427	8.032
@
0.761	2.427	8.280
0.761	2.427	8.294
@
0.768	2.427	8.376
0.768	2.427	8.385
@
0.773	2.427	8.447
0.773	2.427	8.453
@
0.798	2.433	8.752
0.798	2.433	8.760
@
0.827	2.440	9.106
0.827	2.440	9.107
@
0.835	2.441	9.192
0.835	2.441	9.204
0.835	2.441	9.205
@
0.842	2.444	9.296
0.842	2.444	9.302
0.842	2.444	9.303
@
0.922	2.501	10.242
0.922	2.501	10.244
@
0.954	2.478	10.632
0.954	2.478	10.640
@
0.964	2.476	10.766
0.964	2.476	10.769
@
0.986	2.478	11.009
0.986	2.478	11.019
@
0.996	2.478	11.151
0.996	2.478	11.157
@
0.997	2.478	11.162
0.997	2.478	11.166
@
1.000	2.478	11.193
1.000	2.478	11.205
@
1.071	2.489	12.029
1.071	2.489	12.039
@
1.073	2.492	12.061
1.073	2.492	12.067
@
1.087	2.533	12.224
1.087	2.533	12.229
@
1.115	2.510	12.580
1.115	2.510	12.585
@
1.149	2.514	12.980
1.149	2.514	12.987
1.149	2.514	12.992
@
1.152	2.516	13.027
1.152	2.516	13.032
@
1.169	2.516	13.208
1.169	2.516	13.220
@
1.194	2.521	13.514
1.194	2.521	13.518
@
1.227	2.524	13.911
1.227	2.524	13.915
@
1.230	2.527	13.946
1.230	2.527	13.952
@
1.270	2.520	14.425
1.270	2.520	14.439
@
1.302	2.503	14.809
1.302	2.503	14.818
@
1.312	2.502	14.929
1.312	2.502	14.936
@
1.316	2.535	14.971
1.316	2.535	14.987
@
1.346	2.483	15.344
1.346	2.483	15.353
@
1.369	2.478	15.601
1.369	2.478	15.611
@
1.378	2.478	15.709
1.378	2.478	15.711
@
1.395	2.465	15.916
1.395	2.465	15.928
@
1.430	2.501	16.321
1.430	2.501	16.323
@
1.518	2.458	17.359
1.518	2.458	17.372
@
1.544	2.460	17.664
1.544	2.460	17.672
@
1.571	2.500	17.950
1.571	2.500	17.966
@
1.598	2.478	18.319
1.598	2.478	18.324
@
1.663	2.473	19.119
1.663	2.473	19.134
@
1.671	2.472	19.229
1.671	2.472	19.240
@
1.674	2.511	19.233
1.674	2.511	19.246
@
1.683	2.478	19.343
1.683	2.478	19.348
@
1.702	2.478	19.584
1.702	2.478	19.598
@
1.703	2.478	19.610
1.703	2.478	19.623
@
1.711	2.516	19.689
1.711	2.516	19.692
1.711	2.516	19.695
@
1.717	2.479	19.762
1.717	2.479	19.765
@
1.725	2.478	19.844
1.725	2.478	19.858
@
1.732	2.478	19.953
1.732	2.478	19.961
@
1.763	2.488	20.327
1.763	2.488	20.331
@
1.795	2.499	20.700
1.795	2.499	20.714
@
1.831	2.497	21.131
1.831	2.497	21.132
