7.129	10.813	0.641
7.129	10.813	0.641
@
7.361	10.809	0.660
7.361	10.809	0.660
@
7.971	10.800	0.709
7.971	10.800	0.710
@
8.777	10.792	0.773
8.777	10.792	0.773
@
10.487	10.766	0.911
10.487	10.766	0.911
10.487	10.766	0.911
@
10.815	10.761	0.938
10.815	10.761	0.939
@
11.670	10.747	1.007
11.670	10.747	1.008
@
11.731	10.747	1.012
11.731	10.747	1.012
@
11.963	10.740	1.031
11.963	10.740	1.031
@
12.585	10.728	1.081
12.585	10.728	1.081
@
13.062	10.718	1.120
13.062	10.718	1.121
@
13.071	10.715	1.121
13.071	10.715	1.121
@
13.074	10.715	1.120
13.074	10.715	1.121
@
13.074	10.717	1.121
13.074	10.717	1.121
@
13.461	10.711	1.153
13.461	10.711	1.153
@
13.464	10.711	1.153
13.464	10.711	1.153
@
14.064	10.699	1.201
14.064	10.699	1.202
@
14.281	10.696	1.219
14.281	10.696	1.219
@
14.612	10.686	1.246
14.612	10.686	1.246
@
16.968	10.618	1.444
16.968	10.618	1.444
@
17.249	10.617	1.464
17.249	10.617	1.465
@
17.754	10.616	1.506
17.754	10.616	1.507
@
18.054	10.616	1.531
18.054	10.616	1.532
@
18.520	10.612	1.570
18.520	10.612	1.571
@
18.652	10.616	1.579
18.652	10.616	1.580
@
19.104	10.607	1.614
19.104	10.607	1.615
@
19.118	10.606	1.615
19.118	10.606	1.616
@
19.166	10.605	1.620
19.166	10.605	1.621
@
19.348	10.594	1.638
19.348	10.594	1.639
@
19.641	10.583	1.660
19.641	10.583	1.661
@
19.714	10.579	1.667
19.714	10.579	1.668
@
20.081	10.573	1.694
20.081	10.573	1.696
@
20.470	10.568	1.725
20.470	10.568	1.727
@
20.990	10.562	1.769
20.990	10.562	1.770
