0.564	10.825	6.158
0.564	10.825	6.165
@
0.580	10.824	6.368
0.580	10.824	6.371
@
0.585	10.824	6.421
0.585	10.824	6.427
@
0.589	10.823	6.470
0.589	10.823	6.477
@
0.592	10.823	6.501
0.592	10.823	6.512
@
0.597	10.820	6.564
0.597	10.820	6.567
@
0.599	10.818	6.592
0.599	10.818	6.596
@
0.611	10.819	6.757
0.611	10.819	6.765
@
0.616	10.818	6.821
0.616	10.818	6.824
@
0.619	10.817	6.860
0.619	10.817	6.862
0.619	10.817	6.871
@
0.629	10.815	6.970
0.629	10.815	6.984
@
0.632	10.814	7.015
0.632	10.814	7.016
0.632	10.814	7.018
@
0.634	10.816	7.033
0.634	10.816	7.042
@
0.641	10.813	7.129
0.641	10.813	7.129
@
0.660	10.809	7.351
0.660	10.809	7.357
0.660	10.809	7.361
0.660	10.809	7.361
@
0.662	10.808	7.384
0.662	10.808	7.387
@
0.667	10.808	7.455
0.667	10.808	7.458
@
0.692	10.804	7.764
0.692	10.804	7.768
@
0.693	10.803	7.772
0.693	10.803	7.776
@
0.705	10.801	7.917
0.705	10.801	7.922
@
0.707	10.802	7.934
0.707	10.802	7.940
@
0.709	10.800	7.960
0.709	10.800	7.965
0.709	10.800	7.971
@
0.718	10.799	8.081
0.718	10.799	8.085
@
0.720	10.800	8.116
0.720	10.800	8.120
@
0.726	10.796	8.192
0.726	10.796	8.200
@
0.742	10.794	8.369
0.742	10.794	8.375
@
0.745	10.795	8.413
0.745	10.795	8.421
@
0.767	10.791	8.703
0.767	10.791	8.704
@
0.767	10.793	8.698
0.767	10.793	8.707
@
0.770	10.791	8.732
0.770	10.791	8.745
@
0.773	10.792	8.777
0.773	10.792	8.777
@
0.777	10.790	8.815
0.777	10.790	8.821
@
0.784	10.787	8.894
0.784	10.787	8.904
@
0.803	10.784	9.151
0.803	10.784	9.155
@
0.814	10.784	9.276
0.814	10.784	9.277
@
0.814	10.785	9.276
0.814	10.785	9.278
@
0.815	10.783	9.288
0.815	10.783	9.290
@
0.817	10.783	9.314
0.817	10.783	9.316
@
0.826	10.783	9.428
0.826	10.783	9.436
@
0.838	10.779	9.583
0.838	10.779	9.590
@
0.847	10.776	9.686
0.847	10.776	9.698
@
0.852	10.778	9.753
0.852	10.778	9.757
@
0.855	10.776	9.774
0.855	10.776	9.778
@
0.858	10.777	9.819
0.858	10.777	9.828
@
0.870	10.773	9.981
0.870	10.773	9.991
@
0.873	10.775	10.020
0.873	10.775	10.022
@
0.874	10.772	10.023
0.874	10.772	10.034
@
0.874	10.773	10.024
0.874	10.773	10.038
@
0.878	10.772	10.072
0.878	10.772	10.088
@
0.882	10.771	10.128
0.882	10.771	10.132
@
0.900	10.767	10.339
0.900	10.767	10.349
@
0.905	10.767	10.387
0.905	10.767	10.410
@
0.911	10.766	10.485
0.911	10.766	10.486
0.911	10.766	10.487
0.911	10.766	10.487
0.911	10.766	10.487
0.911	10.766	10.489
@
0.918	10.764	10.559
0.918	10.764	10.563
@
0.924	10.764	10.629
0.924	10.764	10.641
@
0.939	10.761	10.815
0.939	10.761	10.819
@
0.943	10.759	10.892
0.943	10.759	10.895
@
0.943	10.760	10.889
0.943	10.760	10.894
@
0.967	10.756	11.167
0.967	10.756	11.169
@
0.968	10.754	11.178
0.968	10.754	11.188
@
0.968	10.756	11.181
0.968	10.756	11.182
@
0.970	10.755	11.208
0.970	10.755	11.220
@
0.971	10.756	11.230
0.971	10.756	11.233
@
0.977	10.752	11.292
0.977	10.752	11.303
@
0.981	10.753	11.355
0.981	10.753	11.362
@
0.986	10.753	11.407
0.986	10.753	11.416
@
0.993	10.750	11.507
0.993	10.750	11.508
@
1.008	10.746	11.673
1.008	10.746	11.677
@
1.012	10.747	11.731
1.012	10.747	11.731
1.012	10.747	11.738
@
1.015	10.746	11.761
1.015	10.746	11.773
@
1.018	10.744	11.805
1.018	10.744	11.811
@
1.025	10.743	11.885
1.025	10.743	11.897
@
1.031	10.740	11.960
1.031	10.740	11.963
1.031	10.740	11.963
@
1.036	10.739	12.011
1.036	10.739	12.024
@
1.037	10.740	12.026
1.037	10.740	12.036
@
1.044	10.737	12.105
1.044	10.737	12.113
@
1.046	10.737	12.140
1.046	10.737	12.144
1.046	10.737	12.152
@
1.052	10.733	12.207
1.052	10.733	12.217
@
1.060	10.733	12.314
1.060	10.733	12.321
@
1.066	10.731	12.398
1.066	10.731	12.407
@
1.072	10.729	12.483
1.072	10.729	12.488
@
1.074	10.730	12.500
1.074	10.730	12.507
@
1.081	10.728	12.585
1.081	10.728	12.585
@
1.082	10.728	12.596
1.082	10.728	12.609
@
1.085	10.727	12.646
1.085	10.727	12.650
@
1.103	10.721	12.865
1.103	10.721	12.868
@
1.105	10.722	12.885
1.105	10.722	12.889
@
1.105	10.723	12.891
1.105	10.723	12.894
@
1.113	10.719	12.985
1.113	10.719	12.989
@
1.118	10.719	13.036
1.118	10.719	13.043
@
1.120	10.718	13.056
1.120	10.718	13.062
@
1.121	10.715	13.071
1.121	10.715	13.071
1.121	10.715	13.074
1.121	10.715	13.075
1.121	10.715	13.093
@
1.121	10.716	13.073
1.121	10.716	13.074
@
1.121	10.717	13.074
1.121	10.717	13.074
@
1.121	10.718	13.062
1.121	10.718	13.063
@
1.134	10.714	13.236
1.134	10.714	13.249
@
1.136	10.713	13.257
1.136	10.713	13.263
@
1.142	10.714	13.342
1.142	10.714	13.346
@
1.153	10.711	13.448
1.153	10.711	13.449
1.153	10.711	13.450
1.153	10.711	13.459
1.153	10.711	13.461
1.153	10.711	13.461
1.153	10.711	13.464
1.153	10.711	13.464
@
1.153	10.712	13.450
1.153	10.712	13.454
@
1.154	10.710	13.458
1.154	10.710	13.464
@
1.156	10.707	13.505
1.156	10.707	13.513
@
1.159	10.706	13.529
1.159	10.706	13.533
@
1.160	10.707	13.551
1.160	10.707	13.559
@
1.161	10.707	13.564
1.161	10.707	13.575
@
1.166	10.704	13.619
1.166	10.704	13.630
@
1.181	10.703	13.809
1.181	10.703	13.818
@
1.183	10.702	13.838
1.183	10.702	13.841
@
1.187	10.703	13.880
1.187	10.703	13.891
@
1.202	10.697	14.062
1.202	10.697	14.073
@
1.205	10.697	14.102
1.205	10.697	14.107
@
1.206	10.696	14.115
1.206	10.696	14.122
@
1.219	10.696	14.280
1.219	10.696	14.281
1.219	10.696	14.281
@
1.221	10.694	14.296
1.221	10.694	14.306
@
1.246	10.686	14.612
1.246	10.686	14.612
1.246	10.686	14.616
@
1.250	10.685	14.656
1.250	10.685	14.668
@
1.251	10.684	14.673
1.251	10.684	14.674
@
1.252	10.682	14.676
1.252	10.682	14.685
@
1.257	10.681	14.737
1.257	10.681	14.756
@
1.261	10.679	14.789
1.261	10.679	14.795
@
1.264	10.680	14.840
1.264	10.680	14.842
@
1.265	10.680	14.844
1.265	10.680	14.856
@
1.270	10.678	14.912
1.270	10.678	14.919
@
1.277	10.673	14.982
1.277	10.673	15.008
@
1.277	10.676	14.991
1.277	10.676	14.995
@
1.286	10.671	15.103
1.286	10.671	15.111
@
1.289	10.670	15.150
1.289	10.670	15.156
@
1.293	10.667	15.196
1.293	10.667	15.198
@
1.309	10.660	15.365
1.309	10.660	15.389
@
1.330	10.655	15.626
1.330	10.655	15.637
@
1.332	10.654	15.661
1.332	10.654	15.662
@
1.341	10.648	15.765
1.341	10.648	15.771
1.341	10.648	15.777
@
1.346	10.644	15.824
1.346	10.644	15.833
@
1.350	10.642	15.879
1.350	10.642	15.884
@
1.354	10.641	15.920
1.354	10.641	15.936
@
1.362	10.639	16.023
1.362	10.639	16.029
@
1.363	10.638	16.028
1.363	10.638	16.030
@
1.366	10.637	16.066
1.366	10.637	16.073
@
1.371	10.638	16.122
1.371	10.638	16.131
@
1.378	10.633	16.210
1.378	10.633	16.221
@
1.390	10.631	16.355
1.390	10.631	16.357
1.390	10.631	16.358
@
1.403	10.627	16.493
1.403	10.627	16.497
@
1.407	10.625	16.528
1.407	10.625	16.535
@
1.413	10.625	16.600
1.413	10.625	16.622
@
1.415	10.622	16.647
1.415	10.622	16.650
@
1.418	10.622	16.673
1.418	10.622	16.678
@
1.421	10.620	16.694
1.421	10.620	16.720
@
1.421	10.623	16.699
1.421	10.623	16.715
@
1.423	10.619	16.740
1.423	10.619	16.743
@
1.423	10.621	16.727
1.423	10.621	16.733
1.423	10.621	16.747
@
1.425	10.620	16.762
1.425	10.620	16.763
@
1.429	10.619	16.808
1.429	10.619	16.816
@
1.434	10.618	16.850
1.434	10.618	16.858
@
1.438	10.617	16.912
1.438	10.617	16.919
@
1.439	10.617	16.926
1.439	10.617	16.931
@
1.444	10.618	16.968
1.444	10.618	16.968
@
1.445	10.615	16.984
1.445	10.615	17.002
@
1.445	10.617	16.992
1.445	10.617	16.996
@
1.454	10.616	17.112
1.454	10.616	17.117
@
1.454	10.617	17.101
1.454	10.617	17.123
@
1.455	10.616	17.126
1.455	10.616	17.133
@
1.461	10.618	17.209
1.461	10.618	17.230
@
1.465	10.617	17.249
1.465	10.617	17.253
@
1.470	10.617	17.310
1.470	10.617	17.314
@
1.487	10.617	17.514
1.487	10.617	17.524
@
1.493	10.618	17.591
1.493	10.618	17.611
@
1.507	10.618	17.740
1.507	10.618	17.754
1.507	10.618	17.760
@
1.508	10.616	17.763
1.508	10.616	17.770
1.508	10.616	17.773
@
1.509	10.616	17.778
1.509	10.616	17.783
@
1.509	10.618	17.766
1.509	10.618	17.785
@
1.515	10.615	17.859
1.515	10.615	17.864
@
1.515	10.616	17.850
1.515	10.616	17.858
@
1.539	10.612	18.154
1.539	10.612	18.164
@
1.541	10.613	18.156
1.541	10.613	18.169
1.541	10.613	18.178
@
1.547	10.611	18.236
1.547	10.611	18.246
@
1.548	10.612	18.251
1.548	10.612	18.257
@
1.549	10.611	18.250
1.549	10.611	18.255
@
1.554	10.612	18.317
1.554	10.612	18.322
@
1.555	10.612	18.335
1.555	10.612	18.347
@
1.567	10.612	18.468
1.567	10.612	18.469
1.567	10.612	18.488
@
1.573	10.613	18.567
1.573	10.613	18.574
1.573	10.613	18.580
@
1.577	10.615	18.614
1.577	10.615	18.616
1.577	10.615	18.620
1.577	10.615	18.639
@
1.578	10.614	18.644
1.578	10.614	18.647
@
1.580	10.615	18.661
1.580	10.615	18.663
@
1.589	10.617	18.757
1.589	10.617	18.765
@
1.591	10.619	18.762
1.591	10.619	18.783
@
1.592	10.619	18.787
1.592	10.619	18.790
@
1.596	10.617	18.829
1.596	10.617	18.836
@
1.598	10.616	18.860
1.598	10.616	18.881
@
1.599	10.615	18.887
1.599	10.615	18.888
@
1.602	10.613	18.914
1.602	10.613	18.921
@
1.610	10.610	19.031
1.610	10.610	19.051
@
1.611	10.609	19.065
1.611	10.609	19.067
@
1.614	10.607	19.074
1.614	10.607	19.104
@
1.615	10.607	19.104
1.615	10.607	19.106
@
1.616	10.606	19.118
1.616	10.606	19.132
1.616	10.606	19.137
1.616	10.606	19.140
@
1.616	10.607	19.123
1.616	10.607	19.130
@
1.616	10.608	19.113
1.616	10.608	19.136
@
1.623	10.603	19.198
1.623	10.603	19.201
@
1.624	10.601	19.189
1.624	10.601	19.200
@
1.628	10.601	19.224
1.628	10.601	19.234
@
1.632	10.599	19.264
1.632	10.599	19.275
@
1.633	10.596	19.268
1.633	10.596	19.293
@
1.633	10.597	19.297
1.633	10.597	19.299
@
1.634	10.596	19.298
1.634	10.596	19.304
1.634	10.596	19.320
@
1.635	10.594	19.324
1.635	10.594	19.331
@
1.638	10.594	19.348
1.638	10.594	19.351
@
1.639	10.594	19.346
1.639	10.594	19.348
@
1.642	10.592	19.405
1.642	10.592	19.409
@
1.646	10.590	19.468
1.646	10.590	19.469
@
1.647	10.591	19.458
1.647	10.591	19.485
@
1.649	10.588	19.547
1.649	10.588	19.554
@
1.654	10.587	19.577
1.654	10.587	19.589
1.654	10.587	19.592
@
1.657	10.584	19.617
1.657	10.584	19.621
@
1.660	10.583	19.641
1.660	10.583	19.646
@
1.660	10.585	19.625
1.660	10.585	19.632
@
1.661	10.581	19.636
1.661	10.581	19.648
@
1.661	10.583	19.641
1.661	10.583	19.642
1.661	10.583	19.658
1.661	10.583	19.660
@
1.664	10.579	19.680
1.664	10.579	19.682
@
1.670	10.578	19.748
1.670	10.578	19.753
1.670	10.578	19.761
@
1.672	10.576	19.762
1.672	10.576	19.779
@
1.677	10.577	19.831
1.677	10.577	19.840
@
1.678	10.576	19.840
1.678	10.576	19.849
@
1.682	10.576	19.879
1.682	10.576	19.889
1.682	10.576	19.906
@
1.684	10.574	19.919
1.684	10.574	19.920
1.684	10.574	19.921
1.684	10.574	19.941
1.684	10.574	19.942
@
1.690	10.573	20.023
1.690	10.573	20.033
@
1.696	10.570	20.081
1.696	10.570	20.088
@
1.696	10.572	20.077
1.696	10.572	20.081
@
1.696	10.573	20.081
1.696	10.573	20.105
@
1.698	10.572	20.117
1.698	10.572	20.119
@
1.709	10.570	20.220
1.709	10.570	20.237
@
1.710	10.570	20.242
1.710	10.570	20.248
@
1.717	10.571	20.328
1.717	10.571	20.336
@
1.719	10.572	20.332
1.719	10.572	20.338
@
1.720	10.571	20.365
1.720	10.571	20.384
@
1.722	10.569	20.391
1.722	10.569	20.398
@
1.730	10.569	20.514
1.730	10.569	20.516
@
1.733	10.569	20.558
1.733	10.569	20.560
@
1.737	10.568	20.581
1.737	10.568	20.582
@
1.739	10.566	20.582
1.739	10.566	20.597
@
1.746	10.567	20.687
1.746	10.567	20.695
1.746	10.567	20.710
@
1.756	10.566	20.811
1.756	10.566	20.827
@
1.759	10.564	20.832
1.759	10.564	20.858
@
1.760	10.565	20.871
1.760	10.565	20.876
@
1.761	10.564	20.881
1.761	10.564	20.892
@
1.763	10.563	20.893
1.763	10.563	20.899
@
1.766	10.563	20.944
1.766	10.563	20.947
@
1.768	10.562	20.981
1.768	10.562	20.986
@
1.770	10.562	20.987
1.770	10.562	20.990
