0.596	11.261	6.453
0.596	11.261	6.460
0.596	11.261	6.468
@
0.598	11.262	6.486
0.598	11.262	6.493
@
0.619	11.264	6.730
0.619	11.264	6.738
0.619	11.264	6.741
@
0.620	11.267	6.751
0.620	11.267	6.762
@
0.630	11.264	6.876
0.630	11.264	6.885
@
0.638	11.267	6.994
0.638	11.267	6.997
@
0.653	11.271	7.161
0.653	11.271	7.173
@
0.671	11.271	7.390
0.671	11.271	7.399
@
0.674	11.270	7.435
0.674	11.270	7.445
@
0.675	11.272	7.450
0.675	11.272	7.455
@
0.680	11.271	7.507
0.680	11.271	7.518
@
0.688	11.273	7.596
0.688	11.273	7.606
@
0.694	11.273	7.673
0.694	11.273	7.682
@
0.707	11.277	7.830
0.707	11.277	7.843
@
0.713	11.278	7.921
0.713	11.278	7.928
@
0.714	11.277	7.925
0.714	11.277	7.935
@
0.714	11.278	7.926
0.714	11.278	7.930
@
0.716	11.276	7.952
0.716	11.276	7.959
@
0.726	11.279	8.070
0.726	11.279	8.081
@
0.731	11.279	8.142
0.731	11.279	8.147
@
0.739	11.281	8.244
0.739	11.281	8.250
@
0.752	11.283	8.397
0.752	11.283	8.403
@
0.752	11.284	8.398
0.752	11.284	8.408
@
0.765	11.284	8.552
0.765	11.284	8.554
0.765	11.284	8.557
@
0.769	11.286	8.611
0.769	11.286	8.620
@
0.771	11.284	8.639
0.771	11.284	8.643
@
0.776	11.286	8.704
0.776	11.286	8.710
@
0.779	11.287	8.741
0.779	11.287	8.756
0.779	11.287	8.765
@
0.780	11.287	8.770
0.780	11.287	8.777
@
0.793	11.288	8.917
0.793	11.288	8.920
0.793	11.288	8.927
0.793	11.288	8.932
@
0.793	11.289	8.911
0.793	11.289	8.928
0.793	11.289	8.930
0.793	11.289	8.932
@
0.793	11.290	8.923
0.793	11.290	8.928
0.793	11.290	8.933
0.793	11.290	8.933
@
0.826	11.292	9.318
0.826	11.292	9.320
0.826	11.292	9.323
@
0.835	11.294	9.422
0.835	11.294	9.430
@
0.837	11.294	9.438
0.837	11.294	9.448
@
0.840	11.294	9.485
0.840	11.294	9.497
@
0.840	11.295	9.493
0.840	11.295	9.495
0.840	11.295	9.497
@
0.840	11.296	9.489
0.840	11.296	9.491
0.840	11.296	9.492
@
0.850	11.294	9.615
0.850	11.294	9.618
@
0.861	11.296	9.753
0.861	11.296	9.760
@
0.862	11.299	9.770
0.862	11.299	9.772
@
0.863	11.298	9.775
0.863	11.298	9.778
@
0.893	11.301	10.149
0.893	11.301	10.162
@
0.897	11.301	10.201
0.897	11.301	10.205
@
0.899	11.301	10.217
0.899	11.301	10.226
@
0.901	11.302	10.243
0.901	11.302	10.255
@
0.932	11.302	10.624
0.932	11.302	10.632
@
0.933	11.303	10.642
0.933	11.303	10.645
0.933	11.303	10.645
@
0.988	11.308	11.316
0.988	11.308	11.321
@
1.007	11.310	11.555
1.007	11.310	11.560
@
1.026	11.313	11.782
1.026	11.313	11.790
@
1.043	11.314	11.996
1.043	11.314	12.004
@
1.091	11.317	12.598
1.091	11.317	12.614
@
1.163	11.324	13.482
1.163	11.324	13.488
@
1.166	11.325	13.513
1.166	11.325	13.523
@
1.172	11.323	13.596
1.172	11.323	13.605
@
1.202	11.326	13.963
1.202	11.326	13.979
@
1.208	11.328	14.051
1.208	11.328	14.054
@
1.263	11.328	14.715
1.263	11.328	14.720
@
1.278	11.333	14.907
1.278	11.333	14.917
1.278	11.333	14.929
@
1.306	11.337	15.274
1.306	11.337	15.278
@
1.307	11.335	15.283
1.307	11.335	15.285
@
1.332	11.337	15.562
1.332	11.337	15.580
@
1.359	11.343	15.910
1.359	11.343	15.921
@
1.380	11.343	16.153
1.380	11.343	16.166
@
1.387	11.341	16.251
1.387	11.341	16.255
@
1.387	11.343	16.255
1.387	11.343	16.259
@
1.390	11.344	16.293
1.390	11.344	16.296
@
1.395	11.345	16.359
1.395	11.345	16.361
@
1.401	11.348	16.427
1.401	11.348	16.430
@
1.422	11.345	16.646
1.422	11.345	16.653
@
1.424	11.349	16.667
1.424	11.349	16.686
@
1.436	11.351	16.824
1.436	11.351	16.833
@
1.438	11.349	16.838
1.438	11.349	16.841
@
1.457	11.350	17.087
1.457	11.350	17.093
@
1.527	11.353	17.921
1.527	11.353	17.933
@
1.535	11.357	18.045
1.535	11.357	18.056
@
1.554	11.358	18.271
1.554	11.358	18.278
@
1.573	11.360	18.533
1.573	11.360	18.542
1.573	11.360	18.543
@
1.604	11.365	18.908
1.604	11.365	18.914
@
1.609	11.365	18.991
1.609	11.365	19.002
@
1.616	11.365	19.091
1.616	11.365	19.103
@
1.619	11.365	19.120
1.619	11.365	19.126
@
1.667	11.369	19.694
1.667	11.369	19.707
@
1.675	11.369	19.775
1.675	11.369	19.804
@
1.682	11.369	19.885
1.682	11.369	19.907
1.682	11.369	19.909
1.682	11.369	19.914
@
1.683	11.372	19.923
1.683	11.372	19.934
@
1.689	11.373	20.008
1.689	11.373	20.023
@
1.711	11.373	20.253
1.711	11.373	20.276
@
1.725	11.376	20.451
1.725	11.376	20.476
@
1.732	11.377	20.551
1.732	11.377	20.562
@
1.756	11.379	20.851
1.756	11.379	20.862
