9.277	15.570	0.804
9.277	15.570	0.804
@
14.293	15.542	1.204
14.293	15.542	1.204
@
16.423	15.506	1.376
16.423	15.506	1.377
@
17.163	15.484	1.436
17.163	15.484	1.437
@
18.164	15.463	1.515
18.164	15.463	1.518
@
18.701	15.448	1.561
18.701	15.448	1.561
@
19.171	15.436	1.598
19.171	15.436	1.598
@
20.563	15.411	1.708
20.563	15.411	1.708
@
20.733	15.409	1.722
20.733	15.409	1.724
@
20.738	15.410	1.723
20.738	15.410	1.723
@
20.805	15.406	1.728
20.805	15.406	1.728
@
20.862	15.402	1.731
20.862	15.402	1.733
@
20.969	15.397	1.738
20.969	15.397	1.739
@
20.972	15.397	1.738
20.972	15.397	1.739
