		
		
		
@
0.600	15.651	6.641
0.600	15.651	6.643
@
0.617	15.651	6.860
0.617	15.651	6.862
@
0.620	15.651	6.897
0.620	15.651	6.902
@
0.633	15.654	7.056
0.633	15.654	7.059
@
0.637	15.654	7.106
0.637	15.654	7.106
@
0.657	15.654	7.353
0.657	15.654	7.361
@
0.657	15.655	7.356
0.657	15.655	7.360
@
0.660	15.654	7.397
0.660	15.654	7.407
@
0.664	15.655	7.458
0.664	15.655	7.461
@
0.664	15.656	7.449
0.664	15.656	7.458
@
0.678	15.656	7.612
0.678	15.656	7.627
@
0.679	15.655	7.635
0.679	15.655	7.642
@
0.691	15.655	7.785
0.691	15.655	7.788
@
0.695	15.659	7.836
0.695	15.659	7.841
@
0.696	15.658	7.849
0.696	15.658	7.863
@
0.698	15.657	7.888
0.698	15.657	7.894
@
0.699	15.660	7.898
0.699	15.660	7.906
@
0.700	15.659	7.922
0.700	15.659	7.922
@
0.705	15.659	7.964
0.705	15.659	7.969
@
0.708	15.659	8.005
0.708	15.659	8.008
@
0.711	15.659	8.044
0.711	15.659	8.044
0.711	15.659	8.044
@
0.711	15.660	8.039
0.711	15.660	8.044
@
0.716	15.660	8.091
0.716	15.660	8.105
@
0.723	15.658	8.184
0.723	15.658	8.195
0.723	15.658	8.198
@
0.723	15.660	8.191
0.723	15.660	8.200
0.723	15.660	8.200
@
0.723	15.661	8.195
0.723	15.661	8.196
0.723	15.661	8.196
0.723	15.661	8.200
0.723	15.661	8.202
@
0.723	15.662	8.195
0.723	15.662	8.198
0.723	15.662	8.199
0.723	15.662	8.206
@
0.724	15.663	8.215
0.724	15.663	8.223
@
0.739	15.660	8.381
0.739	15.660	8.388
@
0.740	15.661	8.398
0.740	15.661	8.407
@
0.749	15.660	8.495
0.749	15.660	8.500
0.749	15.660	8.503
@
0.758	15.663	8.616
0.758	15.663	8.631
@
0.768	15.662	8.751
0.768	15.662	8.760
@
0.775	15.661	8.828
0.775	15.661	8.844
0.775	15.661	8.855
@
0.778	15.663	8.881
0.778	15.663	8.887
@
0.796	15.664	9.100
0.796	15.664	9.111
@
0.798	15.664	9.133
0.798	15.664	9.140
@
0.806	15.666	9.233
0.806	15.666	9.243
@
0.809	15.664	9.277
0.809	15.664	9.282
@
0.809	15.665	9.279
0.809	15.665	9.284
0.809	15.665	9.286
0.809	15.665	9.287
@
0.809	15.666	9.277
0.809	15.666	9.280
@
0.818	15.667	9.376
0.818	15.667	9.387
@
0.835	15.667	9.592
0.835	15.667	9.603
@
0.839	15.666	9.644
0.839	15.666	9.654
0.839	15.666	9.664
@
0.839	15.667	9.656
0.839	15.667	9.660
0.839	15.667	9.663
@
0.839	15.668	9.653
0.839	15.668	9.655
0.839	15.668	9.661
@
0.845	15.666	9.724
0.845	15.666	9.726
@
0.845	15.667	9.729
0.845	15.667	9.734
@
0.848	15.668	9.761
0.848	15.668	9.771
@
0.849	15.669	9.783
0.849	15.669	9.785
@
0.849	15.670	9.778
0.849	15.670	9.784
0.849	15.670	9.785
@
0.850	15.670	9.791
0.850	15.670	9.801
@
0.857	15.669	9.872
0.857	15.669	9.879
@
0.869	15.668	10.014
0.869	15.668	10.023
@
0.879	15.670	10.145
0.879	15.670	10.148
@
0.880	15.669	10.160
0.880	15.669	10.173
@
0.881	15.670	10.181
0.881	15.670	10.185
@
0.882	15.669	10.193
0.882	15.669	10.199
@
0.884	15.669	10.217
0.884	15.669	10.220
@
0.897	15.670	10.365
0.897	15.670	10.373
@
0.910	15.669	10.535
0.910	15.669	10.539
@
0.918	15.672	10.644
0.918	15.672	10.654
@
0.921	15.673	10.679
0.921	15.673	10.688
@
0.922	15.672	10.693
0.922	15.672	10.701
@
0.923	15.671	10.718
0.923	15.671	10.722
@
0.923	15.672	10.711
0.923	15.672	10.715
0.923	15.672	10.718
0.923	15.672	10.727
0.923	15.672	10.730
@
0.924	15.672	10.728
0.924	15.672	10.728
0.924	15.672	10.730
@
0.924	15.673	10.738
0.924	15.673	10.743
@
0.925	15.671	10.742
0.925	15.671	10.743
@
0.961	15.674	11.194
0.961	15.674	11.196
0.961	15.674	11.197
@
0.961	15.675	11.194
0.961	15.675	11.196
@
0.962	15.674	11.204
0.962	15.674	11.219
@
0.963	15.672	11.230
0.963	15.672	11.236
@
0.965	15.676	11.239
0.965	15.676	11.251
@
0.974	15.676	11.346
0.974	15.676	11.364
@
0.976	15.676	11.377
0.976	15.676	11.381
@
0.982	15.677	11.449
0.982	15.677	11.450
@
0.983	15.676	11.460
0.983	15.676	11.467
@
0.988	15.675	11.526
0.988	15.675	11.538
@
0.991	15.676	11.575
0.991	15.676	11.579
@
0.992	15.676	11.583
0.992	15.676	11.586
@
0.992	15.677	11.574
0.992	15.677	11.584
@
0.992	15.679	11.583
0.992	15.679	11.584
@
0.993	15.676	11.607
0.993	15.676	11.610
@
0.993	15.677	11.589
0.993	15.677	11.597
0.993	15.677	11.603
@
0.994	15.678	11.620
0.994	15.678	11.621
@
0.996	15.677	11.642
0.996	15.677	11.645
0.996	15.677	11.646
@
0.997	15.677	11.651
0.997	15.677	11.653
@
1.011	15.677	11.806
1.011	15.677	11.807
1.011	15.677	11.813
@
1.011	15.679	11.819
1.011	15.679	11.821
1.011	15.679	11.826
@
1.016	15.679	11.880
1.016	15.679	11.888
@
1.017	15.680	11.892
1.017	15.680	11.901
@
1.019	15.679	11.917
1.019	15.679	11.921
@
1.025	15.678	11.987
1.025	15.678	11.990
@
1.026	15.679	11.997
1.026	15.679	12.010
@
1.027	15.682	12.012
1.027	15.682	12.018
@
1.035	15.679	12.108
1.035	15.679	12.122
@
1.035	15.680	12.100
1.035	15.680	12.126
@
1.035	15.682	12.121
1.035	15.682	12.122
1.035	15.682	12.126
@
1.036	15.680	12.134
1.036	15.680	12.146
@
1.040	15.680	12.182
1.040	15.680	12.183
@
1.043	15.682	12.207
1.043	15.682	12.219
@
1.046	15.681	12.243
1.046	15.681	12.267
@
1.046	15.682	12.254
1.046	15.682	12.259
1.046	15.682	12.261
1.046	15.682	12.261
1.046	15.682	12.262
1.046	15.682	12.263
1.046	15.682	12.263
1.046	15.682	12.264
1.046	15.682	12.264
@
1.046	15.683	12.262
1.046	15.683	12.264
1.046	15.683	12.265
@
1.046	15.684	12.256
1.046	15.684	12.260
1.046	15.684	12.264
@
1.057	15.684	12.394
1.057	15.684	12.408
@
1.062	15.685	12.464
1.062	15.685	12.474
@
1.064	15.684	12.490
1.064	15.684	12.499
1.064	15.684	12.502
@
1.066	15.687	12.520
1.066	15.687	12.526
@
1.070	15.683	12.562
1.070	15.683	12.566
@
1.073	15.683	12.610
1.073	15.683	12.614
@
1.073	15.686	12.604
1.073	15.686	12.609
1.073	15.686	12.611
@
1.080	15.686	12.683
1.080	15.686	12.695
1.080	15.686	12.697
@
1.094	15.686	12.873
1.094	15.686	12.876
@
1.094	15.687	12.867
1.094	15.687	12.882
@
1.100	15.687	12.936
1.100	15.687	12.948
@
1.116	15.688	13.135
1.116	15.688	13.140
@
1.121	15.687	13.211
1.121	15.687	13.211
@
1.121	15.688	13.209
1.121	15.688	13.210
1.121	15.688	13.212
@
1.121	15.689	13.201
1.121	15.689	13.211
1.121	15.689	13.213
@
1.138	15.690	13.407
1.138	15.690	13.418
@
1.140	15.690	13.440
1.140	15.690	13.443
@
1.140	15.691	13.445
1.140	15.691	13.451
@
1.145	15.691	13.501
1.145	15.691	13.510
@
1.146	15.689	13.525
1.146	15.689	13.528
@
1.153	15.691	13.602
1.153	15.691	13.604
1.153	15.691	13.607
1.153	15.691	13.608
@
1.153	15.692	13.599
1.153	15.692	13.608
1.153	15.692	13.611
@
1.175	15.692	13.871
1.175	15.692	13.879
@
1.175	15.693	13.882
1.175	15.693	13.887
@
1.176	15.693	13.893
1.176	15.693	13.898
1.176	15.693	13.903
@
1.181	15.693	13.955
1.181	15.693	13.957
1.181	15.693	13.960
1.181	15.693	13.965
@
1.183	15.691	13.989
1.183	15.691	13.993
@
1.192	15.694	14.081
1.192	15.694	14.089
@
1.194	15.694	14.116
1.194	15.694	14.124
1.194	15.694	14.126
@
1.194	15.695	14.111
1.194	15.695	14.112
@
1.200	15.693	14.186
1.200	15.693	14.188
@
1.213	15.692	14.359
1.213	15.692	14.363
@
1.213	15.696	14.361
1.213	15.696	14.364
@
1.218	15.694	14.422
1.218	15.694	14.435
@
1.221	15.696	14.470
1.221	15.696	14.470
@
1.231	15.696	14.586
1.231	15.696	14.590
@
1.246	15.696	14.766
1.246	15.696	14.773
@
1.251	15.697	14.831
1.251	15.697	14.853
@
1.252	15.697	14.846
1.252	15.697	14.856
@
1.255	15.697	14.887
1.255	15.697	14.902
@
1.256	15.698	14.899
1.256	15.698	14.901
1.256	15.698	14.909
@
1.265	15.698	15.012
1.265	15.698	15.014
@
1.266	15.699	15.017
1.266	15.699	15.026
@
1.270	15.701	15.059
1.270	15.701	15.078
@
1.286	15.702	15.283
1.286	15.702	15.283
@
1.290	15.700	15.342
1.290	15.700	15.348
@
1.295	15.696	15.392
1.295	15.696	15.395
@
1.324	15.679	15.740
1.324	15.679	15.746
1.324	15.679	15.749
@
1.325	15.678	15.772
1.325	15.678	15.784
@
1.326	15.678	15.783
1.326	15.678	15.787
@
1.328	15.673	15.793
1.328	15.673	15.796
@
1.332	15.674	15.853
1.332	15.674	15.862
@
1.345	15.665	15.992
1.345	15.665	16.003
@
1.360	15.657	16.192
1.360	15.657	16.201
@
1.361	15.658	16.199
1.361	15.658	16.207
@
1.364	15.656	16.250
1.364	15.656	16.252
@
1.400	15.644	16.667
1.400	15.644	16.673
@
1.441	15.635	17.175
1.441	15.635	17.176
1.441	15.635	17.183
@
1.456	15.634	17.346
1.456	15.634	17.347
@
1.474	15.635	17.589
1.474	15.635	17.590
1.474	15.635	17.594
@
1.476	15.635	17.609
1.476	15.635	17.641
@
1.476	15.637	17.617
1.476	15.637	17.632
@
1.492	15.637	17.808
1.492	15.637	17.811
@
1.506	15.637	17.975
1.506	15.637	17.990
@
1.512	15.638	18.076
1.512	15.638	18.082
@
1.520	15.638	18.158
1.520	15.638	18.166
@
1.527	15.639	18.248
1.527	15.639	18.250
1.527	15.639	18.254
@
1.530	15.639	18.282
1.530	15.639	18.288
@
1.537	15.642	18.377
1.537	15.642	18.385
1.537	15.642	18.393
@
1.541	15.639	18.414
1.541	15.639	18.417
@
1.542	15.641	18.427
1.542	15.641	18.433
@
1.547	15.640	18.513
1.547	15.640	18.515
@
1.548	15.641	18.511
1.548	15.641	18.518
1.548	15.641	18.526
@
1.554	15.642	18.616
1.554	15.642	18.627
@
1.561	15.641	18.690
1.561	15.641	18.700
@
1.567	15.645	18.773
1.567	15.645	18.774
@
1.571	15.645	18.813
1.571	15.645	18.817
@
1.576	15.647	18.880
1.576	15.647	18.889
@
1.577	15.648	18.896
1.577	15.648	18.902
@
1.585	15.647	19.024
1.585	15.647	19.031
1.585	15.647	19.031
1.585	15.647	19.039
@
1.585	15.648	18.986
1.585	15.648	19.035
@
1.586	15.647	19.035
1.586	15.647	19.042
@
1.586	15.648	19.047
1.586	15.648	19.055
@
1.589	15.647	19.080
1.589	15.647	19.088
@
1.604	15.651	19.239
1.604	15.651	19.250
@
1.614	15.651	19.359
1.614	15.651	19.371
@
1.626	15.653	19.551
1.626	15.653	19.557
@
1.627	15.653	19.561
1.627	15.653	19.566
1.627	15.653	19.572
@
1.641	15.655	19.711
1.641	15.655	19.716
@
1.653	15.655	19.880
1.653	15.655	19.885
@
1.654	15.657	19.875
1.654	15.657	19.883
@
1.659	15.657	19.954
1.659	15.657	19.958
@
1.669	15.657	20.096
1.669	15.657	20.103
@
1.679	15.659	20.185
1.679	15.659	20.214
@
1.682	15.661	20.224
1.682	15.661	20.227
@
1.684	15.660	20.273
1.684	15.660	20.294
@
1.690	15.663	20.337
1.690	15.663	20.339
@
1.690	15.664	20.330
1.690	15.664	20.336
@
1.702	15.664	20.508
1.702	15.664	20.536
@
1.707	15.665	20.560
1.707	15.665	20.563
@
1.710	15.667	20.597
1.710	15.667	20.605
@
1.722	15.667	20.757
1.722	15.667	20.762
@
1.722	15.668	20.751
1.722	15.668	20.765
@
1.723	15.668	20.770
1.723	15.668	20.775
1.723	15.668	20.780
@
1.725	15.669	20.797
1.725	15.669	20.803
@
1.731	15.669	20.884
1.731	15.669	20.885
@
1.738	15.669	20.963
1.738	15.669	20.983
@
1.738	15.670	20.976
1.738	15.670	20.990
