		
		
		
@
0.535	20.396	5.965
0.535	20.396	5.969
@
0.537	20.401	5.987
0.537	20.401	5.999
@
0.541	20.396	6.044
0.541	20.396	6.056
@
0.544	20.401	6.089
0.544	20.401	6.091
@
0.546	20.399	6.108
0.546	20.399	6.118
@
0.554	20.398	6.220
0.554	20.398	6.220
@
0.557	20.397	6.252
0.557	20.397	6.259
0.557	20.397	6.267
@
0.558	20.396	6.274
0.558	20.396	6.278
@
0.565	20.400	6.371
0.565	20.400	6.372
@
0.567	20.398	6.384
0.567	20.398	6.386
@
0.569	20.396	6.415
0.569	20.396	6.421
@
0.575	20.395	6.488
0.575	20.395	6.494
@
0.585	20.400	6.617
0.585	20.400	6.628
@
0.607	20.399	6.909
0.607	20.399	6.913
@
0.610	20.395	6.942
0.610	20.395	6.949
0.610	20.395	6.958
@
0.618	20.394	7.043
0.618	20.394	7.054
@
0.632	20.394	7.230
0.632	20.394	7.237
@
0.641	20.393	7.345
0.641	20.393	7.349
@
0.648	20.396	7.428
0.648	20.396	7.438
@
0.654	20.393	7.507
0.654	20.393	7.520
@
0.665	20.393	7.663
0.665	20.393	7.668
@
0.685	20.397	7.908
0.685	20.397	7.917
@
0.689	20.394	7.956
0.689	20.394	7.964
@
0.702	20.392	8.137
0.702	20.392	8.144
@
0.709	20.393	8.229
0.709	20.393	8.240
@
0.713	20.396	8.264
0.713	20.396	8.264
@
0.716	20.395	8.309
0.716	20.395	8.310
0.716	20.395	8.310
0.716	20.395	8.317
@
0.734	20.393	8.545
0.734	20.393	8.549
@
0.740	20.392	8.623
0.740	20.392	8.642
@
0.753	20.392	8.780
0.753	20.392	8.785
@
0.754	20.391	8.791
0.754	20.391	8.800
@
0.758	20.392	8.858
0.758	20.392	8.862
@
0.759	20.393	8.864
0.759	20.393	8.871
@
0.761	20.391	8.887
0.761	20.391	8.890
0.761	20.391	8.897
@
0.768	20.391	8.982
0.768	20.391	8.991
@
0.796	20.391	9.336
0.796	20.391	9.349
@
0.798	20.392	9.370
0.798	20.392	9.375
@
0.807	20.392	9.485
0.807	20.392	9.495
@
0.810	20.390	9.535
0.810	20.390	9.541
@
0.812	20.392	9.558
0.812	20.392	9.560
@
0.823	20.390	9.684
0.823	20.390	9.691
@
0.829	20.390	9.762
0.829	20.390	9.766
0.829	20.390	9.769
@
0.830	20.391	9.774
0.830	20.391	9.778
@
0.831	20.394	9.780
0.831	20.394	9.790
@
0.844	20.389	9.972
0.844	20.389	9.975
@
0.867	20.390	10.243
0.867	20.390	10.255
@
0.871	20.387	10.300
0.871	20.387	10.312
@
0.880	20.388	10.418
0.880	20.388	10.429
@
0.886	20.388	10.490
0.886	20.388	10.498
@
0.898	20.387	10.624
0.898	20.387	10.638
@
0.900	20.386	10.657
0.900	20.386	10.665
@
0.901	20.386	10.669
0.901	20.386	10.670
0.901	20.386	10.681
@
0.902	20.387	10.685
0.902	20.387	10.693
@
0.905	20.387	10.725
0.905	20.387	10.734
0.905	20.387	10.738
@
0.906	20.387	10.742
0.906	20.387	10.743
0.906	20.387	10.748
@
0.907	20.387	10.762
0.907	20.387	10.766
@
0.908	20.387	10.765
0.908	20.387	10.772
@
0.913	20.385	10.852
0.913	20.385	10.853
@
0.913	20.386	10.828
0.913	20.386	10.836
@
0.913	20.387	10.828
0.913	20.387	10.841
@
0.920	20.386	10.938
0.920	20.386	10.940
@
0.923	20.387	10.969
0.923	20.387	10.975
@
0.937	20.388	11.133
0.937	20.388	11.143
@
0.940	20.385	11.184
0.940	20.385	11.192
@
0.941	20.385	11.197
0.941	20.385	11.203
@
0.943	20.386	11.219
0.943	20.386	11.234
@
0.946	20.386	11.265
0.946	20.386	11.269
0.946	20.386	11.274
@
0.952	20.386	11.347
0.952	20.386	11.355
@
0.954	20.385	11.371
0.954	20.385	11.373
0.954	20.385	11.375
@
0.963	20.385	11.475
0.963	20.385	11.500
@
0.967	20.385	11.536
0.967	20.385	11.544
@
0.972	20.383	11.587
0.972	20.383	11.607
@
0.977	20.382	11.655
0.977	20.382	11.661
0.977	20.382	11.663
@
0.978	20.384	11.665
0.978	20.384	11.666
@
0.981	20.383	11.719
0.981	20.383	11.722
@
0.982	20.385	11.727
0.982	20.385	11.729
@
0.993	20.384	11.858
0.993	20.384	11.870
@
0.997	20.382	11.915
0.997	20.382	11.917
@
1.001	20.383	11.964
1.001	20.383	11.964
@
1.004	20.383	11.994
1.004	20.383	12.000
@
1.006	20.383	12.017
1.006	20.383	12.024
@
1.007	20.382	12.030
1.007	20.382	12.036
@
1.008	20.383	12.041
1.008	20.383	12.058
@
1.014	20.382	12.126
1.014	20.382	12.138
@
1.022	20.383	12.225
1.022	20.383	12.243
@
1.028	20.380	12.305
1.028	20.380	12.312
@
1.030	20.381	12.329
1.030	20.381	12.338
1.030	20.381	12.341
1.030	20.381	12.349
@
1.041	20.382	12.484
1.041	20.382	12.491
@
1.043	20.383	12.512
1.043	20.383	12.524
@
1.046	20.382	12.541
1.046	20.382	12.561
@
1.050	20.383	12.597
1.050	20.383	12.609
@
1.075	20.382	12.917
1.075	20.382	12.927
1.075	20.382	12.928
@
1.076	20.383	12.933
1.076	20.383	12.944
@
1.082	20.381	13.012
1.082	20.381	13.022
@
1.087	20.381	13.063
1.087	20.381	13.069
@
1.088	20.382	13.076
1.088	20.382	13.087
@
1.089	20.383	13.098
1.089	20.383	13.098
@
1.095	20.381	13.173
1.095	20.381	13.195
@
1.095	20.383	13.171
1.095	20.383	13.178
@
1.109	20.382	13.354
1.109	20.382	13.356
@
1.118	20.380	13.460
1.118	20.380	13.464
@
1.146	20.384	13.818
1.146	20.384	13.824
@
1.147	20.382	13.837
1.147	20.382	13.840
1.147	20.382	13.842
@
1.152	20.380	13.892
1.152	20.380	13.899
@
1.152	20.381	13.890
1.152	20.381	13.892
@
1.160	20.380	13.996
1.160	20.380	14.001
@
1.160	20.382	14.021
1.160	20.382	14.026
@
1.161	20.380	14.007
1.161	20.380	14.009
@
1.161	20.381	14.007
1.161	20.381	14.007
1.161	20.381	14.011
1.161	20.381	14.013
1.161	20.381	14.014
@
1.161	20.382	14.005
1.161	20.382	14.007
1.161	20.382	14.007
1.161	20.382	14.008
1.161	20.382	14.008
@
1.161	20.383	14.007
1.161	20.383	14.008
@
1.161	20.384	13.994
1.161	20.384	14.002
1.161	20.384	14.005
@
1.189	20.384	14.364
1.189	20.384	14.365
@
1.193	20.382	14.428
1.193	20.382	14.429
1.193	20.382	14.429
@
1.193	20.383	14.417
1.193	20.383	14.418
1.193	20.383	14.422
1.193	20.383	14.428
1.193	20.383	14.429
@
1.193	20.384	14.419
1.193	20.384	14.421
@
1.194	20.382	14.434
1.194	20.382	14.440
@
1.194	20.383	14.421
1.194	20.383	14.439
1.194	20.383	14.445
1.194	20.383	14.445
@
1.194	20.384	14.435
1.194	20.384	14.436
@
1.194	20.385	14.426
1.194	20.385	14.434
@
1.207	20.384	14.615
1.207	20.384	14.624
@
1.209	20.384	14.636
1.209	20.384	14.647
@
1.221	20.382	14.772
1.221	20.382	14.783
@
1.221	20.383	14.769
1.221	20.383	14.771
1.221	20.383	14.771
1.221	20.383	14.771
@
1.221	20.384	14.768
1.221	20.384	14.771
@
1.221	20.385	14.763
1.221	20.385	14.765
1.221	20.385	14.772
@
1.226	20.386	14.846
1.226	20.386	14.855
@
1.228	20.388	14.856
1.228	20.388	14.857
@
1.246	20.383	15.100
1.246	20.383	15.104
@
1.255	20.385	15.212
1.255	20.385	15.227
@
1.265	20.386	15.344
1.265	20.386	15.348
@
1.270	20.385	15.394
1.270	20.385	15.410
@
1.271	20.385	15.423
1.271	20.385	15.424
@
1.287	20.386	15.614
1.287	20.386	15.623
@
1.295	20.384	15.703
1.295	20.384	15.720
@
1.358	20.384	16.497
1.358	20.384	16.504
@
1.369	20.382	16.638
1.369	20.382	16.643
1.369	20.382	16.652
@
1.378	20.381	16.740
1.378	20.381	16.753
@
1.396	20.381	16.971
1.396	20.381	16.978
@
1.401	20.380	17.026
1.401	20.380	17.039
@
1.411	20.379	17.136
1.411	20.379	17.161
@
1.414	20.380	17.196
1.414	20.380	17.198
@
1.416	20.379	17.236
1.416	20.379	17.249
@
1.416	20.381	17.224
1.416	20.381	17.226
@
1.440	20.378	17.523
1.440	20.378	17.528
@
1.446	20.377	17.603
1.446	20.377	17.607
@
1.451	20.376	17.688
1.451	20.376	17.691
@
1.451	20.377	17.677
1.451	20.377	17.689
@
1.452	20.379	17.682
1.452	20.379	17.685
@
1.469	20.375	17.886
1.469	20.375	17.904
@
1.476	20.374	17.957
1.476	20.374	17.983
@
1.481	20.375	18.041
1.481	20.375	18.049
@
1.482	20.375	18.051
1.482	20.375	18.053
1.482	20.375	18.056
@
1.487	20.372	18.141
1.487	20.372	18.155
@
1.488	20.370	18.152
1.488	20.370	18.172
@
1.537	20.371	18.751
1.537	20.371	18.762
1.537	20.371	18.768
@
1.538	20.371	18.774
1.538	20.371	18.784
@
1.584	20.365	19.337
1.584	20.365	19.360
@
1.609	20.358	19.680
1.609	20.358	19.690
@
1.621	20.356	19.822
1.621	20.356	19.830
@
1.629	20.352	19.946
1.629	20.352	19.958
@
1.633	20.349	20.001
1.633	20.349	20.017
@
1.638	20.349	20.068
1.638	20.349	20.074
@
1.643	20.347	20.099
1.643	20.347	20.105
@
1.647	20.344	20.166
1.647	20.344	20.175
@
1.649	20.343	20.189
1.649	20.343	20.205
@
1.655	20.341	20.268
1.655	20.341	20.284
@
1.656	20.340	20.298
1.656	20.340	20.307
@
1.659	20.338	20.307
1.659	20.338	20.331
@
1.681	20.330	20.599
1.681	20.330	20.607
@
1.687	20.329	20.678
1.687	20.329	20.691
@
1.691	20.327	20.716
1.691	20.327	20.736
@
1.694	20.326	20.770
1.694	20.326	20.786
