10.291	20.393	0.874
10.291	20.393	0.875
@
11.520	20.389	0.970
11.520	20.389	0.970
@
11.584	20.388	0.975
11.584	20.388	0.976
@
13.955	20.392	1.159
13.955	20.392	1.159
@
14.636	20.388	1.212
14.636	20.388	1.213
@
14.644	20.386	1.213
14.644	20.386	1.213
@
14.856	20.384	1.228
14.856	20.384	1.228
14.856	20.384	1.229
@
15.031	20.380	1.244
15.031	20.380	1.244
@
15.222	20.378	1.258
15.222	20.378	1.258
@
15.915	20.371	1.311
15.915	20.371	1.312
@
17.761	20.366	1.457
17.761	20.366	1.458
@
17.763	20.366	1.458
17.763	20.366	1.458
17.763	20.366	1.458
@
17.786	20.365	1.461
17.786	20.365	1.461
@
17.796	20.366	1.461
17.796	20.366	1.463
@
18.555	20.367	1.519
18.555	20.367	1.520
@
18.884	20.366	1.545
18.884	20.366	1.547
@
19.049	20.367	1.556
19.049	20.367	1.556
@
19.163	20.366	1.566
19.163	20.366	1.566
@
19.617	20.367	1.601
19.617	20.367	1.602
@
19.668	20.367	1.605
19.668	20.367	1.607
@
20.568	20.367	1.673
20.568	20.367	1.674
