		
		
@
6.250	30.000	0.539
6.250	30.000	0.539
@
6.433	30.001	0.553
6.433	30.001	0.554
@
6.482	30.001	0.557
6.482	30.001	0.557
@
7.971	30.013	0.668
7.971	30.013	0.668
@
8.044	30.012	0.673
8.044	30.012	0.673
@
8.081	30.012	0.676
8.081	30.012	0.676
@
8.081	30.013	0.676
8.081	30.013	0.676
@
8.362	30.014	0.698
8.362	30.014	0.698
@
8.472	30.014	0.705
8.472	30.014	0.705
8.472	30.014	0.705
@
8.655	30.015	0.719
8.655	30.015	0.719
@
8.850	30.016	0.734
8.850	30.016	0.734
@
8.936	30.018	0.739
8.936	30.018	0.739
@
9.558	30.024	0.786
9.558	30.024	0.786
@
9.570	30.024	0.787
9.570	30.024	0.787
@
9.973	30.029	0.816
9.973	30.029	0.816
@
10.062	30.028	0.824
10.062	30.028	0.824
@
10.174	30.032	0.833
10.174	30.032	0.833
@
10.200	30.033	0.835
10.200	30.033	0.835
@
10.492	30.036	0.856
10.492	30.036	0.857
@
10.681	30.036	0.872
10.681	30.036	0.872
@
10.681	30.037	0.872
10.681	30.037	0.872
@
10.803	30.040	0.880
10.803	30.040	0.880
10.803	30.040	0.880
@
10.919	30.041	0.888
10.919	30.041	0.888
@
11.136	30.045	0.905
11.136	30.045	0.905
@
11.569	30.049	0.937
11.569	30.049	0.938
@
11.572	30.049	0.938
11.572	30.049	0.939
@
11.582	30.050	0.938
11.582	30.050	0.939
@
11.780	30.053	0.953
11.780	30.053	0.953
@
11.816	30.053	0.955
11.816	30.053	0.955
@
12.439	30.058	1.002
12.439	30.058	1.002
@
12.534	30.060	1.009
12.534	30.060	1.010
@
13.032	30.062	1.046
13.032	30.062	1.047
@
13.660	30.069	1.093
13.660	30.069	1.094
@
13.879	30.075	1.111
13.879	30.075	1.111
@
14.930	30.089	1.189
14.930	30.089	1.189
@
15.240	30.087	1.212
15.240	30.087	1.213
@
15.703	30.089	1.248
15.703	30.089	1.248
@
15.710	30.085	1.248
15.710	30.085	1.249
@
15.784	30.085	1.253
15.784	30.085	1.254
15.784	30.085	1.255
@
16.166	30.085	1.284
16.166	30.085	1.285
@
16.275	30.085	1.292
16.275	30.085	1.294
@
16.345	30.083	1.298
16.345	30.083	1.298
@
16.675	30.086	1.323
16.675	30.086	1.324
@
16.736	30.088	1.328
16.736	30.088	1.328
@
16.740	30.090	1.329
16.740	30.090	1.330
@
16.748	30.088	1.329
16.748	30.088	1.330
@
16.810	30.092	1.333
16.810	30.092	1.334
@
17.361	30.114	1.375
17.361	30.114	1.375
@
17.395	30.117	1.377
17.395	30.117	1.378
@
17.480	30.119	1.384
17.480	30.119	1.386
@
17.715	30.132	1.401
17.715	30.132	1.403
@
18.982	30.212	1.498
18.982	30.212	1.498
@
19.301	30.236	1.522
19.301	30.236	1.522
