		
		
@
9.546	29.967	0.789
9.546	29.967	0.789
9.546	29.967	0.789
9.546	29.967	0.789
@
9.546	29.968	0.789
9.546	29.968	0.789
9.546	29.968	0.790
@
9.722	29.966	0.803
9.722	29.966	0.803
@
10.669	29.965	0.874
10.669	29.965	0.874
@
11.194	29.963	0.912
11.194	29.963	0.912
@
11.206	29.963	0.913
11.206	29.963	0.913
@
13.037	30.002	1.050
13.037	30.002	1.050
@
13.678	30.000	1.099
13.678	30.000	1.100
@
16.687	29.953	1.324
16.687	29.953	1.325
@
17.542	29.930	1.389
17.542	29.930	1.390
@
17.773	29.926	1.406
17.773	29.926	1.408
@
17.896	29.921	1.416
17.896	29.921	1.417
@
18.237	29.913	1.440
18.237	29.913	1.440
@
18.640	29.899	1.467
18.640	29.899	1.467
18.640	29.899	1.467
@
18.994	29.896	1.495
18.994	29.896	1.497
@
19.006	29.894	1.496
19.006	29.894	1.496
@
20.105	29.883	1.575
20.105	29.883	1.577
