		
		
@
0.523	30.006	5.970
0.523	30.006	5.980
@
0.530	30.001	6.088
0.530	30.001	6.091
@
0.533	30.001	6.125
0.533	30.001	6.132
@
0.535	30.000	6.146
0.535	30.000	6.157
@
0.542	30.002	6.230
0.542	30.002	6.240
@
0.573	29.997	6.646
0.573	29.997	6.650
@
0.641	29.985	7.556
0.641	29.985	7.560
@
0.654	29.984	7.725
0.654	29.984	7.737
@
0.668	29.982	7.927
0.668	29.982	7.928
@
0.671	29.982	7.967
0.671	29.982	7.971
@
0.674	29.981	8.008
0.674	29.981	8.014
@
0.675	29.979	8.016
0.675	29.979	8.020
0.675	29.979	8.028
@
0.706	29.975	8.439
0.706	29.975	8.444
@
0.706	29.976	8.435
0.706	29.976	8.439
@
0.708	29.975	8.459
0.708	29.975	8.467
@
0.710	29.975	8.488
0.710	29.975	8.492
@
0.741	29.971	8.897
0.741	29.971	8.911
@
0.743	29.969	8.932
0.743	29.969	8.948
@
0.789	29.967	9.546
0.789	29.967	9.546
0.789	29.967	9.546
0.789	29.967	9.546
@
0.789	29.968	9.539
0.789	29.968	9.546
0.789	29.968	9.546
0.789	29.968	9.554
@
0.790	29.967	9.545
0.790	29.967	9.570
@
0.790	29.968	9.546
0.790	29.968	9.558
@
0.790	29.969	9.546
0.790	29.969	9.560
@
0.802	29.967	9.707
0.802	29.967	9.722
@
0.803	29.966	9.719
0.803	29.966	9.720
0.803	29.966	9.721
0.803	29.966	9.722
0.803	29.966	9.722
@
0.803	29.967	9.721
0.803	29.967	9.729
@
0.804	29.967	9.745
0.804	29.967	9.755
@
0.808	29.966	9.796
0.808	29.966	9.802
@
0.808	29.968	9.805
0.808	29.968	9.810
@
0.809	29.967	9.811
0.809	29.967	9.815
@
0.809	29.969	9.808
0.809	29.969	9.811
@
0.835	29.965	10.140
0.835	29.965	10.148
@
0.835	29.966	10.137
0.835	29.966	10.144
@
0.835	29.967	10.153
0.835	29.967	10.156
@
0.874	29.964	10.657
0.874	29.964	10.666
0.874	29.964	10.672
@
0.874	29.965	10.660
0.874	29.965	10.667
0.874	29.965	10.669
0.874	29.965	10.669
@
0.874	29.966	10.678
0.874	29.966	10.685
@
0.878	29.963	10.720
0.878	29.963	10.724
@
0.889	29.965	10.876
0.889	29.965	10.885
@
0.890	29.963	10.889
0.890	29.963	10.892
@
0.908	29.964	11.127
0.908	29.964	11.133
@
0.911	29.964	11.173
0.911	29.964	11.180
@
0.912	29.963	11.184
0.912	29.963	11.194
0.912	29.963	11.194
@
0.913	29.963	11.206
0.913	29.963	11.206
@
0.931	29.964	11.434
0.931	29.964	11.441
@
0.946	29.963	11.641
0.946	29.963	11.646
@
0.947	29.964	11.650
0.947	29.964	11.657
@
0.972	29.968	11.977
0.972	29.968	11.983
0.972	29.968	11.987
@
0.981	29.976	12.099
0.981	29.976	12.108
@
1.008	29.990	12.464
1.008	29.990	12.473
@
1.031	29.997	12.761
1.031	29.997	12.774
@
1.049	30.001	13.014
1.049	30.001	13.025
1.049	30.001	13.033
@
1.050	30.002	13.037
1.050	30.002	13.037
@
1.096	29.998	13.610
1.096	29.998	13.622
@
1.109	30.001	13.820
1.109	30.001	13.831
@
1.114	29.997	13.878
1.114	29.997	13.879
@
1.115	29.997	13.914
1.115	29.997	13.918
@
1.115	29.998	13.897
1.115	29.998	13.904
1.115	29.998	13.906
@
1.117	29.996	13.928
1.117	29.996	13.937
@
1.120	29.994	13.984
1.120	29.994	13.989
@
1.120	29.995	13.967
1.120	29.995	13.979
@
1.150	29.985	14.377
1.150	29.985	14.383
@
1.155	29.982	14.452
1.155	29.982	14.458
@
1.155	29.983	14.438
1.155	29.983	14.444
@
1.156	29.982	14.465
1.156	29.982	14.469
@
1.197	29.970	14.990
1.197	29.970	14.999
@
1.223	29.967	15.344
1.223	29.967	15.355
@
1.225	29.967	15.380
1.225	29.967	15.381
1.225	29.967	15.383
@
1.238	29.964	15.541
1.238	29.964	15.545
@
1.252	29.964	15.735
1.252	29.964	15.741
@
1.270	29.961	15.955
1.270	29.961	15.966
@
1.275	29.962	16.026
1.275	29.962	16.039
@
1.288	29.959	16.199
1.288	29.959	16.202
@
1.289	29.960	16.209
1.289	29.960	16.224
@
1.290	29.959	16.235
1.290	29.959	16.248
@
1.295	29.959	16.306
1.295	29.959	16.321
@
1.307	29.956	16.442
1.307	29.956	16.454
@
1.310	29.955	16.469
1.310	29.955	16.472
@
1.315	29.956	16.534
1.315	29.956	16.546
@
1.317	29.953	16.556
1.317	29.953	16.565
@
1.319	29.956	16.614
1.319	29.956	16.619
@
1.320	29.955	16.627
1.320	29.955	16.638
@
1.323	29.950	16.649
1.323	29.950	16.658
@
1.329	29.951	16.760
1.329	29.951	16.768
@
1.332	29.947	16.787
1.332	29.947	16.793
@
1.335	29.950	16.824
1.335	29.950	16.830
@
1.344	29.947	16.924
1.344	29.947	16.928
@
1.345	29.946	16.919
1.345	29.946	16.925
@
1.351	29.945	17.029
1.351	29.945	17.038
@
1.354	29.942	17.053
1.354	29.942	17.060
@
1.355	29.942	17.072
1.355	29.942	17.089
1.355	29.942	17.102
@
1.356	29.941	17.102
1.356	29.941	17.107
@
1.358	29.943	17.138
1.358	29.943	17.139
@
1.359	29.940	17.151
1.359	29.940	17.154
@
1.359	29.941	17.160
1.359	29.941	17.163
1.359	29.941	17.168
@
1.364	29.940	17.222
1.364	29.940	17.249
@
1.368	29.939	17.278
1.368	29.939	17.287
@
1.378	29.937	17.390
1.378	29.937	17.395
@
1.381	29.936	17.427
1.381	29.936	17.437
@
1.382	29.933	17.452
1.382	29.933	17.456
1.382	29.933	17.460
@
1.386	29.932	17.495
1.386	29.932	17.507
@
1.387	29.932	17.514
1.387	29.932	17.517
1.387	29.932	17.531
@
1.391	29.930	17.566
1.391	29.930	17.572
@
1.391	29.931	17.580
1.391	29.931	17.584
@
1.396	29.928	17.649
1.396	29.928	17.677
@
1.399	29.926	17.705
1.399	29.926	17.712
@
1.400	29.928	17.709
1.400	29.928	17.730
@
1.401	29.925	17.734
1.401	29.925	17.737
@
1.402	29.926	17.745
1.402	29.926	17.749
@
1.405	29.924	17.759
1.405	29.924	17.762
@
1.406	29.923	17.777
1.406	29.923	17.785
@
1.406	29.924	17.773
1.406	29.924	17.774
@
1.409	29.922	17.805
1.409	29.922	17.815
@
1.415	29.921	17.883
1.415	29.921	17.891
@
1.416	29.921	17.896
1.416	29.921	17.903
1.416	29.921	17.908
@
1.417	29.921	17.896
1.417	29.921	17.900
@
1.418	29.919	17.906
1.418	29.919	17.929
@
1.422	29.919	17.979
1.422	29.919	17.982
@
1.424	29.917	18.017
1.424	29.917	18.024
@
1.424	29.919	18.010
1.424	29.919	18.031
@
1.425	29.918	18.037
1.425	29.918	18.042
@
1.428	29.916	18.061
1.428	29.916	18.089
@
1.429	29.914	18.093
1.429	29.914	18.103
@
1.429	29.915	18.098
1.429	29.915	18.114
@
1.431	29.916	18.141
1.431	29.916	18.152
@
1.438	29.913	18.208
1.438	29.913	18.215
@
1.440	29.912	18.242
1.440	29.912	18.244
@
1.440	29.913	18.237
1.440	29.913	18.237
1.440	29.913	18.244
@
1.444	29.911	18.275
1.444	29.911	18.282
@
1.446	29.908	18.286
1.446	29.908	18.321
@
1.447	29.909	18.324
1.447	29.909	18.332
@
1.449	29.905	18.329
1.449	29.905	18.343
@
1.449	29.907	18.341
1.449	29.907	18.360
@
1.449	29.908	18.353
1.449	29.908	18.358
1.449	29.908	18.359
1.449	29.908	18.366
@
1.449	29.909	18.354
1.449	29.909	18.357
@
1.456	29.906	18.441
1.456	29.906	18.460
@
1.459	29.905	18.501
1.459	29.905	18.507
@
1.461	29.903	18.509
1.461	29.903	18.518
@
1.466	29.902	18.607
1.466	29.902	18.615
@
1.467	29.899	18.636
1.467	29.899	18.640
1.467	29.899	18.640
1.467	29.899	18.640
@
1.467	29.900	18.624
1.467	29.900	18.628
1.467	29.900	18.632
1.467	29.900	18.640
@
1.468	29.901	18.629
1.468	29.901	18.644
@
1.471	29.898	18.662
1.471	29.898	18.677
@
1.474	29.899	18.696
1.474	29.899	18.698
@
1.483	29.898	18.811
1.483	29.898	18.819
@
1.484	29.896	18.825
1.484	29.896	18.833
@
1.487	29.898	18.859
1.487	29.898	18.877
1.487	29.898	18.882
@
1.489	29.897	18.896
1.489	29.897	18.903
@
1.493	29.896	18.938
1.493	29.896	18.941
@
1.495	29.895	18.981
1.495	29.895	18.988
@
1.495	29.896	18.985
1.495	29.896	18.994
@
1.496	29.894	18.999
1.496	29.894	19.006
1.496	29.894	19.006
@
1.498	29.892	19.044
1.498	29.892	19.051
@
1.498	29.893	19.040
1.498	29.893	19.049
@
1.500	29.893	19.052
1.500	29.893	19.064
@
1.505	29.892	19.135
1.505	29.892	19.141
@
1.508	29.892	19.155
1.508	29.892	19.165
@
1.515	29.891	19.228
1.515	29.891	19.254
@
1.527	29.890	19.404
1.527	29.890	19.415
@
1.542	29.887	19.620
1.542	29.887	19.622
@
1.553	29.885	19.730
1.553	29.885	19.744
@
1.554	29.886	19.753
1.554	29.886	19.760
@
1.556	29.885	19.799
1.556	29.885	19.800
@
1.564	29.884	19.909
1.564	29.884	19.919
@
1.566	29.886	19.936
1.566	29.886	19.953
@
1.571	29.883	20.048
1.571	29.883	20.054
@
1.584	29.881	20.188
1.584	29.881	20.197
@
1.592	29.883	20.293
1.592	29.883	20.305
@
1.592	29.884	20.320
1.592	29.884	20.325
@
1.595	29.883	20.336
1.595	29.883	20.339
@
1.603	29.884	20.471
1.603	29.884	20.483
@
1.623	29.883	20.740
1.623	29.883	20.750
@
1.633	29.879	20.860
1.633	29.879	20.879
@
1.634	29.879	20.892
1.634	29.879	20.897
1.634	29.879	20.902
@
1.635	29.877	20.908
1.635	29.877	20.930
@
1.643	29.878	21.014
1.643	29.878	21.022
