		
		
		
@
0.525	35.011	6.174
0.525	35.011	6.185
@
0.525	35.013	6.170
0.525	35.013	6.173
@
0.539	35.017	6.365
0.539	35.017	6.365
0.539	35.017	6.366
@
0.543	35.017	6.417
0.543	35.017	6.418
@
0.556	35.020	6.580
0.556	35.020	6.592
@
0.561	35.019	6.643
0.561	35.019	6.646
@
0.564	35.024	6.702
0.564	35.024	6.712
@
0.592	35.029	7.069
0.592	35.029	7.080
@
0.648	35.041	7.832
0.648	35.041	7.837
@
0.666	35.046	8.099
0.666	35.046	8.106
@
0.688	35.047	8.367
0.688	35.047	8.386
@
0.696	35.048	8.495
0.696	35.048	8.502
@
0.720	35.050	8.821
0.720	35.050	8.828
@
0.739	35.050	9.104
0.739	35.050	9.106
@
0.787	35.054	9.743
0.787	35.054	9.747
@
0.796	35.056	9.875
0.796	35.056	9.886
@
0.832	35.057	10.354
0.832	35.057	10.366
@
0.838	35.057	10.446
0.838	35.057	10.453
@
0.860	35.060	10.723
0.860	35.060	10.735
@
0.863	35.059	10.765
0.863	35.059	10.778
@
0.901	35.068	11.304
0.901	35.068	11.314
@
0.922	35.072	11.572
0.922	35.072	11.580
@
0.956	35.077	12.022
0.956	35.077	12.028
0.956	35.077	12.035
@
0.967	35.079	12.190
0.967	35.079	12.192
@
0.976	35.078	12.306
0.976	35.078	12.317
@
0.990	35.081	12.490
0.990	35.081	12.502
@
1.003	35.083	12.674
1.003	35.083	12.696
@
1.028	35.088	13.023
1.028	35.088	13.032
@
1.060	35.095	13.434
1.060	35.095	13.451
@
1.065	35.094	13.503
1.065	35.094	13.522
@
1.070	35.096	13.586
1.070	35.096	13.591
@
1.092	35.104	13.857
1.092	35.104	13.873
@
1.097	35.106	13.947
1.097	35.106	13.950
@
1.102	35.106	14.038
1.102	35.106	14.042
@
1.106	35.109	14.084
1.106	35.109	14.088
@
1.124	35.113	14.313
1.124	35.113	14.321
@
1.125	35.113	14.332
1.125	35.113	14.334
1.125	35.113	14.343
@
1.125	35.114	14.327
1.125	35.114	14.336
1.125	35.114	14.339
@
1.125	35.115	14.334
1.125	35.115	14.346
@
1.126	35.115	14.355
1.126	35.115	14.362
@
1.134	35.117	14.484
1.134	35.117	14.494
@
1.160	35.122	14.800
1.160	35.122	14.805
@
1.160	35.124	14.806
1.160	35.124	14.807
@
1.163	35.127	14.860
1.163	35.127	14.868
@
1.175	35.130	15.015
1.175	35.130	15.027
@
1.186	35.138	15.167
1.186	35.138	15.170
@
1.200	35.143	15.377
1.200	35.143	15.381
@
1.224	35.148	15.661
1.224	35.148	15.670
@
1.226	35.149	15.690
1.226	35.149	15.706
@
1.231	35.150	15.754
1.231	35.150	15.784
@
1.234	35.152	15.826
1.234	35.152	15.833
@
1.270	35.158	16.294
1.270	35.158	16.307
@
1.290	35.166	16.532
1.290	35.166	16.541
@
1.311	35.171	16.822
1.311	35.171	16.845
@
1.326	35.176	17.001
1.326	35.176	17.017
1.326	35.176	17.017
1.326	35.176	17.019
@
1.327	35.174	17.017
1.327	35.174	17.017
@
1.360	35.187	17.471
1.360	35.187	17.488
@
1.402	35.199	18.054
1.402	35.199	18.066
@
1.409	35.199	18.161
1.409	35.199	18.173
@
1.425	35.202	18.349
1.425	35.202	18.358
@
1.432	35.204	18.459
1.432	35.204	18.464
@
1.459	35.211	18.835
1.459	35.211	18.835
@
1.459	35.214	18.817
1.459	35.214	18.845
@
1.466	35.212	18.902
1.466	35.212	18.928
@
1.471	35.214	18.982
1.471	35.214	19.000
@
1.497	35.222	19.335
1.497	35.222	19.349
@
1.498	35.220	19.358
1.498	35.220	19.360
@
1.499	35.221	19.369
1.499	35.221	19.376
@
1.503	35.220	19.423
1.503	35.220	19.437
@
1.503	35.222	19.421
1.503	35.222	19.432
@
1.509	35.223	19.548
1.509	35.223	19.556
@
1.513	35.225	19.596
1.513	35.225	19.603
@
1.519	35.223	19.662
1.519	35.223	19.663
@
1.532	35.226	19.829
1.532	35.226	19.835
@
1.539	35.225	19.946
1.539	35.225	19.954
@
1.550	35.225	20.080
1.550	35.225	20.083
1.550	35.225	20.088
@
1.558	35.226	20.172
1.558	35.226	20.184
@
1.559	35.226	20.200
1.559	35.226	20.203
@
1.561	35.225	20.215
1.561	35.225	20.222
1.561	35.225	20.234
@
1.566	35.227	20.285
1.566	35.227	20.297
1.566	35.227	20.300
@
1.566	35.228	20.304
1.566	35.228	20.307
@
1.568	35.231	20.313
1.568	35.231	20.320
@
1.569	35.231	20.337
1.569	35.231	20.341
@
1.570	35.234	20.349
1.570	35.234	20.352
@
1.573	35.235	20.394
1.573	35.235	20.409
1.573	35.235	20.420
@
1.576	35.236	20.463
1.576	35.236	20.483
@
1.577	35.239	20.485
1.577	35.239	20.494
@
1.578	35.241	20.488
1.578	35.241	20.508
@
1.579	35.240	20.495
1.579	35.240	20.501
1.579	35.240	20.505
@
1.580	35.245	20.515
1.580	35.245	20.526
@
1.585	35.247	20.573
1.585	35.247	20.580
1.585	35.247	20.583
@
1.586	35.248	20.575
1.586	35.248	20.579
@
1.587	35.250	20.585
1.587	35.250	20.590
@
1.590	35.251	20.604
1.590	35.251	20.630
@
1.592	35.253	20.667
1.592	35.253	20.670
@
1.595	35.258	20.694
1.595	35.258	20.703
@
1.602	35.265	20.772
1.602	35.265	20.776
@
1.602	35.268	20.778
1.602	35.268	20.801
@
1.603	35.268	20.798
1.603	35.268	20.802
@
1.604	35.274	20.828
1.604	35.274	20.835
1.604	35.274	20.837
1.604	35.274	20.846
@
1.605	35.278	20.837
1.605	35.278	20.852
@
1.608	35.281	20.877
1.608	35.281	20.893
@
1.609	35.284	20.898
1.609	35.284	20.904
