		
		
		
@
0.514	35.072	5.957
0.514	35.072	5.960
@
0.516	35.070	5.981
0.516	35.070	5.991
@
0.519	35.068	6.040
0.519	35.068	6.041
0.519	35.068	6.042
@
0.519	35.071	6.033
0.519	35.071	6.039
@
0.521	35.063	6.078
0.521	35.063	6.079
@
0.535	35.058	6.238
0.535	35.058	6.250
@
0.605	35.002	7.207
0.605	35.002	7.218
@
0.665	34.938	8.012
0.665	34.938	8.024
@
0.721	34.910	8.779
0.721	34.910	8.786
@
0.770	34.897	9.427
0.770	34.897	9.439
@
0.772	34.896	9.460
0.772	34.896	9.470
@
0.792	34.890	9.750
0.792	34.890	9.752
@
0.893	34.870	11.121
0.893	34.870	11.125
@
0.894	34.872	11.138
0.894	34.872	11.140
@
0.937	34.865	11.727
0.937	34.865	11.729
@
0.949	34.862	11.886
0.949	34.862	11.892
@
0.953	34.862	11.941
0.953	34.862	11.950
@
0.954	34.861	11.958
0.954	34.861	11.967
@
0.965	34.857	12.096
0.965	34.857	12.104
0.965	34.857	12.106
0.965	34.857	12.117
@
0.966	34.856	12.122
0.966	34.856	12.128
@
0.978	34.852	12.265
0.978	34.852	12.275
@
0.986	34.851	12.373
0.986	34.851	12.392
@
0.998	34.848	12.555
0.998	34.848	12.564
@
1.002	34.845	12.612
1.002	34.845	12.623
@
1.002	34.847	12.620
1.002	34.847	12.622
1.002	34.847	12.631
@
1.010	34.845	12.720
1.010	34.845	12.723
@
1.027	34.843	12.953
1.027	34.843	12.961
@
1.032	34.841	13.025
1.032	34.841	13.029
@
1.065	34.837	13.467
1.065	34.837	13.476
1.065	34.837	13.476
@
1.079	34.837	13.636
1.079	34.837	13.651
@
1.082	34.835	13.684
1.082	34.835	13.691
@
1.098	34.835	13.920
1.098	34.835	13.927
@
1.103	34.836	13.999
1.103	34.836	14.005
@
1.128	34.835	14.339
1.128	34.835	14.343
@
1.150	34.832	14.624
1.150	34.832	14.638
1.150	34.832	14.645
@
1.169	34.835	14.902
1.169	34.835	14.917
@
1.197	34.832	15.284
1.197	34.832	15.293
@
1.200	34.832	15.336
1.200	34.832	15.342
@
1.231	34.833	15.732
1.231	34.833	15.747
@
1.244	34.833	15.918
1.244	34.833	15.926
1.244	34.833	15.930
@
1.267	34.833	16.244
1.267	34.833	16.250
@
1.300	34.832	16.663
1.300	34.832	16.675
@
1.303	34.832	16.708
1.303	34.832	16.711
@
1.304	34.832	16.723
1.304	34.832	16.734
@
1.333	34.835	17.116
1.333	34.835	17.119
@
1.338	34.834	17.181
1.338	34.834	17.189
@
1.359	34.835	17.467
1.359	34.835	17.473
@
1.369	34.835	17.598
1.369	34.835	17.604
@
1.405	34.833	18.101
1.405	34.833	18.108
@
1.441	34.831	18.602
1.441	34.831	18.615
1.441	34.831	18.635
@
1.444	34.831	18.654
1.444	34.831	18.663
@
1.449	34.830	18.712
1.449	34.830	18.715
@
1.460	34.831	18.851
1.460	34.831	18.866
@
1.467	34.830	18.951
1.467	34.830	18.958
@
1.470	34.831	18.995
1.470	34.831	19.009
@
1.472	34.831	19.013
1.472	34.831	19.041
@
1.497	34.830	19.356
1.497	34.830	19.364
@
1.503	34.829	19.457
1.503	34.829	19.471
@
1.508	34.830	19.529
1.508	34.830	19.561
@
1.514	34.829	19.606
1.514	34.829	19.628
@
1.530	34.828	19.814
1.530	34.828	19.823
@
1.536	34.827	19.922
1.536	34.827	19.929
@
1.537	34.827	19.936
1.537	34.827	19.960
@
1.558	34.825	20.209
1.558	34.825	20.213
@
1.562	34.824	20.293
1.562	34.824	20.302
@
1.564	34.825	20.296
1.564	34.825	20.301
@
1.580	34.824	20.548
1.580	34.824	20.552
@
1.591	34.822	20.706
1.591	34.822	20.715
@
1.591	34.823	20.684
1.591	34.823	20.707
@
1.597	34.822	20.763
1.597	34.822	20.779
@
1.597	34.823	20.771
1.597	34.823	20.784
@
1.604	34.820	20.899
1.604	34.820	20.907
