0.380	1.429	5.680
0.380	1.429	5.681
0.380	1.429	5.681
0.380	1.429	5.682
@
0.380	1.430	5.680
0.380	1.430	5.680
0.380	1.430	5.681
0.380	1.430	5.681
@
0.380	1.431	5.680
0.380	1.431	5.681
0.380	1.431	5.681
@
0.380	1.432	5.680
0.380	1.432	5.681
0.380	1.432	5.681
0.380	1.432	5.681
0.380	1.432	5.681
0.380	1.432	5.681
0.380	1.432	5.681
@
0.380	1.433	5.680
0.380	1.433	5.681
0.380	1.433	5.681
@
0.380	1.435	5.680
0.380	1.435	5.680
0.380	1.435	5.680
@
0.380	1.436	5.680
0.380	1.436	5.680
0.380	1.436	5.680
0.380	1.436	5.680
0.380	1.436	5.681
0.380	1.436	5.681
@
0.382	1.437	5.681
0.382	1.437	5.682
@
0.384	1.435	5.681
0.384	1.435	5.682
@
0.384	1.437	5.680
0.384	1.437	5.681
@
0.424	1.441	5.681
0.424	1.441	5.682
@
0.462	1.446	5.765
0.462	1.446	5.766
@
0.462	1.448	5.765
0.462	1.448	5.766
@
0.466	1.449	5.774
0.466	1.449	5.776
0.466	1.449	5.778
@
0.468	1.449	5.782
0.468	1.449	5.784
@
0.477	1.452	5.803
0.477	1.452	5.805
@
0.478	1.450	5.807
0.478	1.450	5.808
@
0.479	1.451	5.810
0.479	1.451	5.811
0.479	1.451	5.811
@
0.480	1.452	5.811
0.480	1.452	5.811
0.480	1.452	5.813
@
0.481	1.453	5.815
0.481	1.453	5.818
@
0.482	1.453	5.821
0.482	1.453	5.822
0.482	1.453	5.822
0.482	1.453	5.822
@
0.483	1.454	5.823
0.483	1.454	5.823
@
0.484	1.456	5.825
0.484	1.456	5.826
@
0.492	1.457	5.847
0.492	1.457	5.849
@
0.494	1.456	5.856
0.494	1.456	5.857
@
0.511	1.462	5.945
0.511	1.462	5.946
@
0.511	1.463	5.945
0.511	1.463	5.946
0.511	1.463	5.946
0.511	1.463	5.946
0.511	1.463	5.952
@
0.511	1.464	5.945
0.511	1.464	5.945
@
0.512	1.459	5.945
0.512	1.459	5.946
@
0.512	1.460	5.945
0.512	1.460	5.945
0.512	1.460	5.946
@
0.512	1.461	5.945
0.512	1.461	5.946
@
0.513	1.464	5.959
0.513	1.464	5.965
@
0.516	1.464	6.005
0.516	1.464	6.006
0.516	1.464	6.008
@
0.517	1.465	6.018
0.517	1.465	6.020
0.517	1.465	6.026
@
0.517	1.466	6.013
0.517	1.466	6.017
0.517	1.466	6.018
0.517	1.466	6.018
0.517	1.466	6.018
@
0.523	1.465	6.093
0.523	1.465	6.097
0.523	1.465	6.101
@
0.524	1.467	6.115
0.524	1.467	6.115
@
0.525	1.467	6.127
0.525	1.467	6.129
@
0.557	1.478	6.538
0.557	1.478	6.547
@
0.558	1.476	6.557
0.558	1.476	6.562
@
0.559	1.476	6.578
0.559	1.476	6.581
@
0.566	1.477	6.653
0.566	1.477	6.655
@
0.566	1.480	6.656
0.566	1.480	6.657
@
0.574	1.481	6.768
0.574	1.481	6.771
0.574	1.481	6.775
@
0.575	1.481	6.780
0.575	1.481	6.789
@
0.581	1.482	6.872
0.581	1.482	6.873
@
0.581	1.484	6.873
0.581	1.484	6.875
@
0.583	1.485	6.894
0.583	1.485	6.909
@
0.586	1.485	6.933
0.586	1.485	6.939
@
0.587	1.486	6.953
0.587	1.486	6.960
@
0.596	1.491	7.056
0.596	1.491	7.064
@
0.620	1.491	7.350
0.620	1.491	7.359
0.620	1.491	7.361
@
0.621	1.493	7.387
0.621	1.493	7.397
@
0.622	1.493	7.406
0.622	1.493	7.408
@
0.626	1.494	7.460
0.626	1.494	7.467
@
0.633	1.493	7.544
0.633	1.493	7.547
@
0.633	1.498	7.556
0.633	1.498	7.560
@
0.635	1.497	7.584
0.635	1.497	7.588
0.635	1.497	7.588
@
0.635	1.499	7.581
0.635	1.499	7.587
@
0.636	1.497	7.593
0.636	1.497	7.595
0.636	1.497	7.595
@
0.636	1.498	7.594
0.636	1.498	7.595
@
0.636	1.499	7.594
0.636	1.499	7.595
@
0.636	1.500	7.594
0.636	1.500	7.603
@
0.642	1.499	7.676
0.642	1.499	7.678
@
0.643	1.503	7.686
0.643	1.503	7.692
@
0.644	1.501	7.712
0.644	1.501	7.713
0.644	1.501	7.713
@
0.644	1.502	7.703
0.644	1.502	7.707
0.644	1.502	7.714
@
0.645	1.501	7.715
0.645	1.501	7.721
@
0.647	1.499	7.739
0.647	1.499	7.739
@
0.650	1.502	7.776
0.650	1.502	7.786
@
0.652	1.505	7.803
0.652	1.505	7.811
@
0.684	1.508	8.213
0.684	1.508	8.215
@
0.757	1.511	9.170
0.757	1.511	9.185
@
0.765	1.514	9.302
0.765	1.514	9.305
@
0.767	1.513	9.346
0.767	1.513	9.353
@
0.767	1.515	9.350
0.767	1.515	9.351
@
0.768	1.513	9.333
0.768	1.513	9.341
0.768	1.513	9.351
@
0.768	1.514	9.351
0.768	1.514	9.351
0.768	1.514	9.351
0.768	1.514	9.351
@
0.768	1.515	9.341
0.768	1.515	9.343
0.768	1.515	9.351
0.768	1.515	9.351
0.768	1.515	9.358
@
0.768	1.516	9.343
0.768	1.516	9.358
0.768	1.516	9.363
@
0.768	1.517	9.362
0.768	1.517	9.362
@
0.768	1.520	9.361
0.768	1.520	9.364
@
0.797	1.523	9.721
0.797	1.523	9.729
@
0.804	1.522	9.837
0.804	1.522	9.837
0.804	1.522	9.839
@
0.804	1.523	9.814
0.804	1.523	9.836
0.804	1.523	9.838
@
0.804	1.524	9.836
0.804	1.524	9.837
0.804	1.524	9.845
@
0.805	1.521	9.825
0.805	1.521	9.834
@
0.805	1.524	9.837
0.805	1.524	9.851
@
0.816	1.523	9.996
0.816	1.523	9.996
0.816	1.523	9.997
@
0.816	1.525	9.996
0.816	1.525	9.997
0.816	1.525	9.997
@
0.816	1.527	9.990
0.816	1.527	9.998
@
0.822	1.524	10.073
0.822	1.524	10.076
@
0.822	1.526	10.065
0.822	1.526	10.073
@
0.829	1.527	10.158
0.829	1.527	10.167
@
0.837	1.533	10.270
0.837	1.533	10.270
0.837	1.533	10.278
@
0.839	1.530	10.293
0.839	1.530	10.302
@
0.842	1.529	10.322
0.842	1.529	10.339
@
0.857	1.531	10.524
0.857	1.531	10.527
@
0.859	1.537	10.575
0.859	1.537	10.576
@
0.860	1.534	10.576
0.860	1.534	10.576
0.860	1.534	10.576
@
0.860	1.535	10.571
0.860	1.535	10.576
@
0.860	1.536	10.570
0.860	1.536	10.577
0.860	1.536	10.578
@
0.860	1.537	10.558
0.860	1.537	10.576
0.860	1.537	10.576
0.860	1.537	10.576
0.860	1.537	10.576
0.860	1.537	10.576
0.860	1.537	10.576
0.860	1.537	10.577
0.860	1.537	10.577
@
0.860	1.538	10.574
0.860	1.538	10.575
0.860	1.538	10.576
0.860	1.538	10.577
0.860	1.538	10.577
@
0.860	1.540	10.576
0.860	1.540	10.577
@
0.860	1.541	10.576
0.860	1.541	10.577
@
0.861	1.534	10.571
0.861	1.534	10.577
@
0.869	1.538	10.691
0.869	1.538	10.697
@
0.871	1.543	10.723
0.871	1.543	10.730
@
0.877	1.539	10.799
0.877	1.539	10.804
0.877	1.539	10.806
@
0.877	1.540	10.805
0.877	1.540	10.810
0.877	1.540	10.812
@
0.877	1.542	10.807
0.877	1.542	10.808
@
0.884	1.541	10.910
0.884	1.541	10.913
@
0.891	1.544	10.987
0.891	1.544	10.992
@
0.892	1.545	11.002
0.892	1.545	11.017
@
0.901	1.547	11.145
0.901	1.547	11.145
@
0.902	1.545	11.134
0.902	1.545	11.139
@
0.902	1.550	11.145
0.902	1.550	11.145
@
0.905	1.549	11.194
0.905	1.549	11.196
0.905	1.549	11.203
@
0.913	1.551	11.282
0.913	1.551	11.292
@
0.925	1.550	11.441
0.925	1.550	11.444
@
0.936	1.551	11.614
0.936	1.551	11.619
@
0.936	1.554	11.591
0.936	1.554	11.619
0.936	1.554	11.621
@
0.937	1.548	11.609
0.937	1.548	11.609
@
0.937	1.551	11.607
0.937	1.551	11.619
@
0.937	1.553	11.619
0.937	1.553	11.620
@
0.937	1.554	11.619
0.937	1.554	11.624
@
0.965	1.557	11.970
0.965	1.557	11.975
@
0.966	1.556	11.983
0.966	1.556	11.999
@
0.968	1.556	12.012
0.968	1.556	12.012
0.968	1.556	12.019
0.968	1.556	12.028
@
0.969	1.555	12.036
0.969	1.555	12.055
@
0.969	1.557	12.032
0.969	1.557	12.036
0.969	1.557	12.040
@
0.970	1.556	12.057
0.970	1.556	12.061
@
0.970	1.558	12.047
0.970	1.558	12.060
@
0.972	1.559	12.075
0.972	1.559	12.082
@
0.974	1.560	12.099
0.974	1.560	12.109
@
0.999	1.561	12.436
0.999	1.561	12.439
@
1.005	1.563	12.512
1.005	1.563	12.524
@
1.005	1.564	12.527
1.005	1.564	12.531
@
1.008	1.564	12.561
1.008	1.564	12.571
@
1.010	1.565	12.590
1.010	1.565	12.600
@
1.024	1.564	12.760
1.024	1.564	12.770
@
1.025	1.564	12.781
1.025	1.564	12.785
@
1.026	1.566	12.816
1.026	1.566	12.816
1.026	1.566	12.820
@
1.026	1.567	12.805
1.026	1.567	12.817
1.026	1.567	12.817
@
1.031	1.565	12.882
1.031	1.565	12.886
@
1.043	1.568	13.021
1.043	1.568	13.037
@
1.043	1.569	13.035
1.043	1.569	13.039
@
1.044	1.569	13.046
1.044	1.569	13.049
@
1.061	1.571	13.243
1.061	1.571	13.263
@
1.063	1.571	13.281
1.063	1.571	13.294
@
1.068	1.572	13.350
1.068	1.572	13.351
1.068	1.572	13.367
@
1.069	1.571	13.372
1.069	1.571	13.377
@
1.071	1.571	13.403
1.071	1.571	13.414
@
1.072	1.570	13.423
1.072	1.570	13.425
@
1.072	1.572	13.417
1.072	1.572	13.425
@
1.073	1.572	13.428
1.073	1.572	13.437
@
1.074	1.571	13.449
1.074	1.571	13.452
@
1.077	1.573	13.477
1.077	1.573	13.489
1.077	1.573	13.492
@
1.083	1.573	13.564
1.083	1.573	13.573
@
1.094	1.576	13.688
1.094	1.576	13.698
@
1.096	1.577	13.718
1.096	1.577	13.722
@
1.100	1.574	13.787
1.100	1.574	13.796
@
1.101	1.578	13.806
1.101	1.578	13.807
@
1.103	1.578	13.840
1.103	1.578	13.843
@
1.105	1.577	13.850
1.105	1.577	13.866
@
1.107	1.576	13.893
1.107	1.576	13.900
1.107	1.576	13.901
1.107	1.576	13.901
1.107	1.576	13.901
1.107	1.576	13.902
1.107	1.576	13.902
@
1.107	1.580	13.889
1.107	1.580	13.889
@
1.108	1.575	13.900
1.108	1.575	13.901
@
1.108	1.576	13.901
1.108	1.576	13.901
@
1.111	1.575	13.950
1.111	1.575	13.951
@
1.111	1.576	13.942
1.111	1.576	13.947
1.111	1.576	13.953
@
1.111	1.577	13.948
1.111	1.577	13.949
@
1.125	1.577	14.124
1.125	1.577	14.126
@
1.130	1.575	14.184
1.130	1.575	14.188
1.130	1.575	14.195
@
1.134	1.573	14.257
1.134	1.573	14.258
@
1.135	1.573	14.280
1.135	1.573	14.282
1.135	1.573	14.285
@
1.139	1.571	14.329
1.139	1.571	14.331
1.139	1.571	14.339
@
1.143	1.569	14.394
1.143	1.569	14.398
@
1.145	1.569	14.417
1.145	1.569	14.424
@
1.146	1.567	14.438
1.146	1.567	14.441
@
1.146	1.568	14.432
1.146	1.568	14.438
@
1.153	1.565	14.522
1.153	1.565	14.525
@
1.153	1.567	14.521
1.153	1.567	14.522
@
1.153	1.568	14.522
1.153	1.568	14.522
1.153	1.568	14.522
1.153	1.568	14.522
1.153	1.568	14.523
1.153	1.568	14.527
@
1.153	1.569	14.509
1.153	1.569	14.518
1.153	1.569	14.519
1.153	1.569	14.522
@
1.159	1.564	14.600
1.159	1.564	14.605
@
1.159	1.565	14.579
1.159	1.565	14.584
1.159	1.565	14.587
1.159	1.565	14.590
1.159	1.565	14.592
1.159	1.565	14.604
1.159	1.565	14.605
1.159	1.565	14.605
@
1.159	1.568	14.591
1.159	1.568	14.593
1.159	1.568	14.595
@
1.160	1.564	14.605
1.160	1.564	14.606
1.160	1.564	14.607
@
1.172	1.562	14.758
1.172	1.562	14.766
@
1.177	1.562	14.838
1.177	1.562	14.844
@
1.179	1.562	14.853
1.179	1.562	14.865
@
1.181	1.561	14.888
1.181	1.561	14.896
@
1.185	1.561	14.949
1.185	1.561	14.955
1.185	1.561	14.963
@
1.190	1.560	15.004
1.190	1.560	15.009
@
1.192	1.557	15.022
1.192	1.557	15.027
1.192	1.557	15.027
@
1.193	1.557	15.036
1.193	1.557	15.042
@
1.196	1.558	15.076
1.196	1.558	15.087
@
1.200	1.558	15.136
1.200	1.558	15.139
@
1.204	1.555	15.198
1.204	1.555	15.210
@
1.206	1.554	15.222
1.206	1.554	15.223
1.206	1.554	15.231
@
1.211	1.555	15.295
1.211	1.555	15.311
@
1.211	1.556	15.299
1.211	1.556	15.303
@
1.217	1.552	15.377
1.217	1.552	15.381
1.217	1.552	15.386
@
1.217	1.555	15.373
1.217	1.555	15.377
1.217	1.555	15.378
1.217	1.555	15.384
@
1.240	1.551	15.674
1.240	1.551	15.676
1.240	1.551	15.686
@
1.240	1.552	15.671
1.240	1.552	15.674
1.240	1.552	15.674
@
1.240	1.553	15.662
1.240	1.553	15.674
@
1.244	1.549	15.753
1.244	1.549	15.753
@
1.244	1.550	15.732
1.244	1.550	15.751
1.244	1.550	15.752
1.244	1.550	15.753
1.244	1.550	15.754
@
1.244	1.552	15.752
1.244	1.552	15.752
1.244	1.552	15.752
@
1.245	1.550	15.751
1.245	1.550	15.753
@
1.245	1.552	15.753
1.245	1.552	15.755
@
1.259	1.547	15.930
1.259	1.547	15.940
@
1.263	1.546	15.966
1.263	1.546	15.975
@
1.264	1.547	15.984
1.264	1.547	15.990
@
1.275	1.547	16.134
1.275	1.547	16.140
@
1.298	1.544	16.434
1.298	1.544	16.435
1.298	1.544	16.438
@
1.298	1.545	16.426
1.298	1.545	16.433
1.298	1.545	16.434
1.298	1.545	16.443
@
1.298	1.548	16.434
1.298	1.548	16.441
@
1.302	1.543	16.475
1.302	1.543	16.478
@
1.307	1.541	16.546
1.307	1.541	16.566
@
1.307	1.542	16.550
1.307	1.542	16.552
@
1.312	1.541	16.644
1.312	1.541	16.656
1.312	1.541	16.657
@
1.312	1.543	16.638
1.312	1.543	16.657
@
1.313	1.540	16.650
1.313	1.540	16.658
@
1.313	1.541	16.644
1.313	1.541	16.656
1.313	1.541	16.657
1.313	1.541	16.658
@
1.313	1.542	16.656
1.313	1.542	16.658
1.313	1.542	16.660
@
1.313	1.546	16.658
1.313	1.546	16.659
@
1.314	1.542	16.656
1.314	1.542	16.657
@
1.333	1.541	16.896
1.333	1.541	16.905
@
1.333	1.543	16.916
1.333	1.543	16.916
@
1.339	1.541	16.984
1.339	1.541	16.992
@
1.350	1.539	17.162
1.350	1.539	17.168
@
1.351	1.541	17.176
1.351	1.541	17.181
@
1.353	1.541	17.192
1.353	1.541	17.195
@
1.380	1.541	17.539
1.380	1.541	17.544
@
1.387	1.543	17.671
1.387	1.543	17.688
@
1.394	1.541	17.738
1.394	1.541	17.759
@
1.396	1.543	17.761
1.396	1.543	17.781
@
1.399	1.541	17.797
1.399	1.541	17.807
@
1.400	1.541	17.822
1.400	1.541	17.824
1.400	1.541	17.832
@
1.400	1.542	17.818
1.400	1.542	17.825
1.400	1.542	17.834
@
1.400	1.543	17.821
1.400	1.543	17.825
1.400	1.543	17.826
1.400	1.543	17.835
@
1.414	1.544	18.016
1.414	1.544	18.026
1.414	1.544	18.030
@
1.419	1.544	18.091
1.419	1.544	18.105
@
1.437	1.542	18.294
1.437	1.542	18.324
@
1.439	1.542	18.344
1.439	1.542	18.361
@
1.448	1.544	18.469
1.448	1.544	18.482
@
1.449	1.545	18.507
1.449	1.545	18.514
@
1.467	1.544	18.732
1.467	1.544	18.744
1.467	1.544	18.758
@
1.467	1.546	18.748
1.467	1.546	18.758
1.467	1.546	18.759
1.467	1.546	18.760
@
1.467	1.547	18.758
1.467	1.547	18.761
1.467	1.547	18.764
@
1.467	1.548	18.758
1.467	1.548	18.758
@
1.467	1.549	18.758
1.467	1.549	18.758
@
1.467	1.550	18.758
1.467	1.550	18.758
@
1.471	1.547	18.799
1.471	1.547	18.805
@
1.475	1.549	18.852
1.475	1.549	18.871
@
1.476	1.549	18.870
1.476	1.549	18.889
@
1.480	1.547	18.915
1.480	1.547	18.928
1.480	1.547	18.938
1.480	1.547	18.944
@
1.482	1.549	18.954
1.482	1.549	18.971
@
1.486	1.549	19.031
1.486	1.549	19.045
@
1.488	1.550	19.075
1.488	1.550	19.092
@
1.501	1.551	19.218
1.501	1.551	19.225
@
1.504	1.553	19.256
1.504	1.553	19.270
@
1.519	1.553	19.478
1.519	1.553	19.485
@
1.524	1.551	19.563
1.524	1.551	19.565
@
1.524	1.555	19.574
1.524	1.555	19.580
@
1.550	1.554	19.920
1.550	1.554	19.923
1.550	1.554	19.926
@
1.555	1.554	19.995
1.555	1.554	20.007
@
1.556	1.554	20.020
1.556	1.554	20.041
@
1.556	1.556	20.024
1.556	1.556	20.035
@
1.561	1.554	20.095
1.561	1.554	20.102
@
1.561	1.555	20.092
1.561	1.555	20.101
@
1.561	1.556	20.094
1.561	1.556	20.101
@
1.565	1.557	20.128
1.565	1.557	20.144
1.565	1.557	20.153
@
1.568	1.555	20.164
1.568	1.555	20.179
@
1.571	1.555	20.205
1.571	1.555	20.219
@
1.577	1.557	20.301
1.577	1.557	20.307
@
1.580	1.558	20.346
1.580	1.558	20.366
1.580	1.558	20.371
@
1.584	1.559	20.435
1.584	1.559	20.438
@
1.586	1.557	20.427
1.586	1.557	20.460
@
1.596	1.558	20.571
1.596	1.558	20.576
@
1.599	1.559	20.611
1.599	1.559	20.626
@
1.602	1.562	20.656
1.602	1.562	20.672
@
1.610	1.562	20.755
1.610	1.562	20.765
1.610	1.562	20.777
@
1.611	1.560	20.798
1.611	1.560	20.818
@
1.630	1.563	21.031
1.630	1.563	21.035
@
1.634	1.563	21.055
1.634	1.563	21.060
@
1.634	1.565	21.054
1.634	1.565	21.057
@
1.641	1.564	21.089
1.641	1.564	21.090
@
1.642	1.564	21.094
1.642	1.564	21.097
@
1.642	1.565	21.085
1.642	1.565	21.094
@
1.643	1.564	21.099
1.643	1.564	21.102
@
1.647	1.566	21.117
1.647	1.566	21.118
@
1.649	1.566	21.100
1.649	1.566	21.121
1.649	1.566	21.124
@
1.654	1.568	21.141
1.654	1.568	21.142
@
1.659	1.566	21.149
1.659	1.566	21.153
@
1.662	1.567	21.155
1.662	1.567	21.164
@
1.663	1.566	21.137
1.663	1.566	21.163
@
1.663	1.568	21.162
1.663	1.568	21.162
1.663	1.568	21.162
1.663	1.568	21.163
1.663	1.568	21.163
1.663	1.568	21.164
1.663	1.568	21.164
@
1.663	1.569	21.162
1.663	1.569	21.163
1.663	1.569	21.164
@
1.663	1.570	21.147
1.663	1.570	21.162
1.663	1.570	21.163
@
1.668	1.567	21.173
1.668	1.567	21.173
@
1.669	1.568	21.176
1.669	1.568	21.176
@
1.669	1.569	21.177
1.669	1.569	21.178
@
1.674	1.570	21.190
1.674	1.570	21.190
@
1.675	1.570	21.190
1.675	1.570	21.191
@
1.676	1.569	21.193
1.676	1.569	21.197
@
1.678	1.571	21.203
1.678	1.571	21.204
@
1.681	1.572	21.184
1.681	1.572	21.208
@
1.682	1.573	21.190
1.682	1.573	21.191
@
1.683	1.571	21.194
1.683	1.571	21.218
@
1.684	1.572	21.222
1.684	1.572	21.223
@
1.687	1.572	21.206
1.687	1.572	21.227
@
1.688	1.572	21.231
1.688	1.572	21.233
@
1.690	1.571	21.238
1.690	1.571	21.238
@
1.691	1.574	21.216
1.691	1.574	21.235
@
1.693	1.573	21.238
1.693	1.573	21.239
@
1.696	1.571	21.245
1.696	1.571	21.247
@
1.696	1.572	21.241
1.696	1.572	21.248
@
1.697	1.576	21.248
1.697	1.576	21.251
@
1.700	1.573	21.255
1.700	1.573	21.257
@
1.704	1.574	21.261
1.704	1.574	21.267
@
1.707	1.575	21.271
1.707	1.575	21.271
@
1.711	1.576	21.271
1.711	1.576	21.272
@
1.712	1.576	21.271
1.712	1.576	21.271
@
1.717	1.576	21.271
1.717	1.576	21.273
@
1.717	1.578	21.254
1.717	1.578	21.271
@
1.718	1.579	21.261
1.718	1.579	21.273
@
1.719	1.579	21.272
1.719	1.579	21.273
@
1.732	1.578	21.270
1.732	1.578	21.270
@
1.732	1.579	21.256
1.732	1.579	21.270
1.732	1.579	21.271
@
1.734	1.582	21.266
1.734	1.582	21.269
1.734	1.582	21.271
@
1.734	1.583	21.269
1.734	1.583	21.270
1.734	1.583	21.270
1.734	1.583	21.270
1.734	1.583	21.270
1.734	1.583	21.271
@
1.734	1.584	21.271
1.734	1.584	21.271
@
1.734	1.585	21.247
1.734	1.585	21.270
1.734	1.585	21.271
1.734	1.585	21.271
1.734	1.585	21.271
@
1.734	1.586	21.268
1.734	1.586	21.269
1.734	1.586	21.270
1.734	1.586	21.271
1.734	1.586	21.272
1.734	1.586	21.272
@
1.734	1.587	21.256
1.734	1.587	21.271
1.734	1.587	21.273
@
1.734	1.588	21.266
1.734	1.588	21.269
@
1.735	1.578	21.270
1.735	1.578	21.270
@
1.735	1.581	21.249
1.735	1.581	21.269
1.735	1.581	21.269
1.735	1.581	21.270
1.735	1.581	21.271
@
1.735	1.582	21.269
1.735	1.582	21.270
1.735	1.582	21.270
1.735	1.582	21.271
@
1.735	1.583	21.268
1.735	1.583	21.269
1.735	1.583	21.270
1.735	1.583	21.270
1.735	1.583	21.270
1.735	1.583	21.270
1.735	1.583	21.271
1.735	1.583	21.271
1.735	1.583	21.271
1.735	1.583	21.272
1.735	1.583	21.273
@
1.735	1.584	21.270
1.735	1.584	21.270
1.735	1.584	21.272
@
1.735	1.585	21.259
1.735	1.585	21.268
1.735	1.585	21.270
1.735	1.585	21.270
1.735	1.585	21.271
1.735	1.585	21.272
1.735	1.585	21.276
@
1.735	1.586	21.246
1.735	1.586	21.266
1.735	1.586	21.271
@
1.735	1.587	21.270
1.735	1.587	21.270
@
1.735	1.588	21.268
1.735	1.588	21.271
1.735	1.588	21.271
@
1.735	1.589	21.247
1.735	1.589	21.256
1.735	1.589	21.263
@
1.736	1.580	21.269
1.736	1.580	21.269
1.736	1.580	21.270
1.736	1.580	21.272
@
1.736	1.581	21.271
1.736	1.581	21.271
@
1.736	1.582	21.268
1.736	1.582	21.270
