5.680	1.430	0.380
5.680	1.430	0.380
@
5.680	1.435	0.380
5.680	1.435	0.380
5.680	1.435	0.380
@
5.680	1.436	0.380
5.680	1.436	0.380
5.680	1.436	0.380
5.680	1.436	0.380
5.680	1.436	0.415
@
5.680	1.441	0.396
5.680	1.441	0.404
@
5.681	1.429	0.380
5.681	1.429	0.380
@
5.681	1.430	0.380
5.681	1.430	0.380
@
5.681	1.431	0.380
5.681	1.431	0.380
@
5.681	1.432	0.380
5.681	1.432	0.380
5.681	1.432	0.380
5.681	1.432	0.380
5.681	1.432	0.380
5.681	1.432	0.380
@
5.681	1.433	0.380
5.681	1.433	0.380
@
5.681	1.436	0.380
5.681	1.436	0.380
5.681	1.436	0.381
5.681	1.436	0.385
@
5.681	1.437	0.382
5.681	1.437	0.384
5.681	1.437	0.386
5.681	1.437	0.389
@
5.681	1.439	0.380
5.681	1.439	0.391
5.681	1.439	0.392
5.681	1.439	0.393
5.681	1.439	0.410
@
5.681	1.440	0.388
5.681	1.440	0.411
@
5.681	1.441	0.416
5.681	1.441	0.423
5.681	1.441	0.424
@
5.681	1.442	0.411
5.681	1.442	0.421
@
5.681	1.443	0.413
5.681	1.443	0.424
@
5.681	1.444	0.417
5.681	1.444	0.418
@
5.681	1.445	0.409
5.681	1.445	0.414
@
5.682	1.435	0.382
5.682	1.435	0.384
@
5.682	1.436	0.384
5.682	1.436	0.400
@
5.682	1.440	0.407
5.682	1.440	0.412
@
5.682	1.441	0.397
5.682	1.441	0.424
@
5.682	1.442	0.395
5.682	1.442	0.425
@
5.766	1.448	0.461
5.766	1.448	0.462
@
5.811	1.451	0.479
5.811	1.451	0.479
@
5.811	1.452	0.480
5.811	1.452	0.480
@
5.822	1.453	0.482
5.822	1.453	0.482
5.822	1.453	0.482
@
5.823	1.454	0.483
5.823	1.454	0.483
@
5.859	1.458	0.494
5.859	1.458	0.495
@
5.945	1.459	0.511
5.945	1.459	0.512
@
5.945	1.460	0.512
5.945	1.460	0.512
@
5.945	1.464	0.511
5.945	1.464	0.511
@
5.946	1.460	0.511
5.946	1.460	0.512
@
5.946	1.462	0.511
5.946	1.462	0.512
@
5.946	1.463	0.511
5.946	1.463	0.511
5.946	1.463	0.511
@
6.018	1.466	0.517
6.018	1.466	0.517
6.018	1.466	0.517
@
6.115	1.467	0.524
6.115	1.467	0.524
@
7.588	1.497	0.635
7.588	1.497	0.635
@
7.595	1.497	0.636
7.595	1.497	0.636
@
7.713	1.501	0.644
7.713	1.501	0.644
@
7.739	1.499	0.647
7.739	1.499	0.647
@
9.351	1.514	0.768
9.351	1.514	0.768
9.351	1.514	0.768
9.351	1.514	0.768
@
9.351	1.515	0.767
9.351	1.515	0.768
9.351	1.515	0.768
@
9.362	1.517	0.768
9.362	1.517	0.768
@
9.837	1.522	0.804
9.837	1.522	0.804
9.837	1.522	0.805
@
9.837	1.524	0.804
9.837	1.524	0.805
@
9.996	1.523	0.816
9.996	1.523	0.816
@
9.997	1.525	0.816
9.997	1.525	0.816
@
10.270	1.533	0.837
10.270	1.533	0.837
@
10.576	1.534	0.860
10.576	1.534	0.860
10.576	1.534	0.860
@
10.576	1.537	0.859
10.576	1.537	0.860
10.576	1.537	0.860
10.576	1.537	0.860
10.576	1.537	0.860
10.576	1.537	0.860
10.576	1.537	0.860
@
10.577	1.537	0.860
10.577	1.537	0.860
@
10.577	1.538	0.860
10.577	1.538	0.860
@
10.577	1.541	0.859
10.577	1.541	0.860
@
10.805	1.540	0.877
10.805	1.540	0.878
@
11.145	1.547	0.901
11.145	1.547	0.901
@
11.145	1.550	0.901
11.145	1.550	0.902
11.145	1.550	0.902
@
11.609	1.548	0.937
11.609	1.548	0.937
@
11.619	1.551	0.936
11.619	1.551	0.937
@
11.619	1.554	0.936
11.619	1.554	0.937
@
12.012	1.556	0.968
12.012	1.556	0.968
@
12.816	1.566	1.026
12.816	1.566	1.026
@
12.817	1.567	1.026
12.817	1.567	1.026
@
13.889	1.580	1.107
13.889	1.580	1.107
@
13.901	1.576	1.107
13.901	1.576	1.107
13.901	1.576	1.107
13.901	1.576	1.108
13.901	1.576	1.108
@
13.902	1.576	1.107
13.902	1.576	1.107
@
14.522	1.568	1.153
14.522	1.568	1.153
14.522	1.568	1.153
14.522	1.568	1.153
@
14.605	1.564	1.159
14.605	1.564	1.160
@
14.605	1.565	1.159
14.605	1.565	1.159
@
15.027	1.557	1.192
15.027	1.557	1.192
@
15.674	1.552	1.240
15.674	1.552	1.240
@
15.751	1.550	1.244
15.751	1.550	1.245
@
15.752	1.552	1.244
15.752	1.552	1.244
15.752	1.552	1.244
@
15.753	1.549	1.244
15.753	1.549	1.244
@
15.753	1.550	1.244
15.753	1.550	1.245
@
16.644	1.541	1.312
16.644	1.541	1.313
@
16.656	1.541	1.312
16.656	1.541	1.313
@
16.656	1.542	1.313
16.656	1.542	1.314
@
16.657	1.541	1.312
16.657	1.541	1.313
@
16.659	1.546	1.312
16.659	1.546	1.313
@
16.916	1.543	1.333
16.916	1.543	1.333
@
17.822	1.541	1.400
17.822	1.541	1.401
@
18.758	1.548	1.467
18.758	1.548	1.467
@
18.758	1.549	1.467
18.758	1.549	1.467
@
18.758	1.550	1.467
18.758	1.550	1.467
@
21.094	1.565	1.641
21.094	1.565	1.642
@
21.162	1.568	1.663
21.162	1.568	1.663
21.162	1.568	1.663
@
21.163	1.568	1.663
21.163	1.568	1.663
@
21.164	1.567	1.662
21.164	1.567	1.663
@
21.164	1.568	1.663
21.164	1.568	1.663
@
21.173	1.567	1.668
21.173	1.567	1.668
@
21.176	1.568	1.669
21.176	1.568	1.669
@
21.190	1.570	1.674
21.190	1.570	1.674
21.190	1.570	1.675
@
21.204	1.571	1.678
21.204	1.571	1.680
@
21.231	1.572	1.688
21.231	1.572	1.689
@
21.238	1.571	1.690
21.238	1.571	1.690
21.238	1.571	1.691
@
21.240	1.573	1.692
21.240	1.573	1.695
@
21.247	1.589	1.735
21.247	1.589	1.736
@
21.261	1.574	1.702
21.261	1.574	1.704
@
21.268	1.575	1.704
21.268	1.575	1.713
@
21.269	1.577	1.719
21.269	1.577	1.736
@
21.269	1.580	1.736
21.269	1.580	1.736
@
21.269	1.581	1.735
21.269	1.581	1.735
@
21.269	1.582	1.734
21.269	1.582	1.735
@
21.269	1.583	1.734
21.269	1.583	1.735
@
21.270	1.573	1.704
21.270	1.573	1.709
21.270	1.573	1.712
@
21.270	1.575	1.706
21.270	1.575	1.728
@
21.270	1.576	1.718
21.270	1.576	1.728
21.270	1.576	1.733
@
21.270	1.577	1.726
21.270	1.577	1.734
21.270	1.577	1.735
@
21.270	1.578	1.713
21.270	1.578	1.727
21.270	1.578	1.732
21.270	1.578	1.732
21.270	1.578	1.735
21.270	1.578	1.735
@
21.270	1.579	1.732
21.270	1.579	1.736
@
21.270	1.581	1.734
21.270	1.581	1.735
@
21.270	1.582	1.735
21.270	1.582	1.735
21.270	1.582	1.736
@
21.270	1.583	1.734
21.270	1.583	1.734
21.270	1.583	1.734
21.270	1.583	1.734
21.270	1.583	1.735
21.270	1.583	1.735
21.270	1.583	1.735
21.270	1.583	1.735
@
21.270	1.584	1.735
21.270	1.584	1.735
@
21.270	1.585	1.734
21.270	1.585	1.735
21.270	1.585	1.735
@
21.270	1.587	1.735
21.270	1.587	1.735
@
21.271	1.575	1.707
21.271	1.575	1.707
21.271	1.575	1.717
21.271	1.575	1.719
21.271	1.575	1.724
21.271	1.575	1.730
@
21.271	1.576	1.711
21.271	1.576	1.712
21.271	1.576	1.712
21.271	1.576	1.717
21.271	1.576	1.730
@
21.271	1.577	1.725
21.271	1.577	1.732
@
21.271	1.578	1.717
21.271	1.578	1.731
@
21.271	1.579	1.725
21.271	1.579	1.732
@
21.271	1.580	1.719
21.271	1.580	1.731
@
21.271	1.581	1.730
21.271	1.581	1.735
21.271	1.581	1.736
21.271	1.581	1.736
@
21.271	1.582	1.734
21.271	1.582	1.735
@
21.271	1.583	1.734
21.271	1.583	1.735
21.271	1.583	1.735
21.271	1.583	1.735
21.271	1.583	1.736
@
21.271	1.584	1.734
21.271	1.584	1.734
21.271	1.584	1.736
@
21.271	1.585	1.734
21.271	1.585	1.734
21.271	1.585	1.734
21.271	1.585	1.735
@
21.271	1.586	1.734
21.271	1.586	1.735
@
21.271	1.588	1.735
21.271	1.588	1.735
@
21.272	1.576	1.711
21.272	1.576	1.727
21.272	1.576	1.734
@
21.272	1.580	1.726
21.272	1.580	1.735
21.272	1.580	1.736
@
21.272	1.586	1.734
21.272	1.586	1.734
@
21.273	1.575	1.715
21.273	1.575	1.726
@
21.273	1.576	1.716
21.273	1.576	1.717
@
21.273	1.579	1.716
21.273	1.579	1.718
21.273	1.579	1.719
@
21.273	1.580	1.723
21.273	1.580	1.729
@
21.274	1.578	1.719
21.274	1.578	1.723
