5.680	10.234	0.403
5.680	10.234	0.407
5.680	10.234	0.415
@
5.681	10.231	0.388
5.681	10.231	0.388
5.681	10.231	0.391
5.681	10.231	0.393
5.681	10.231	0.393
5.681	10.231	0.405
@
5.681	10.232	0.379
5.681	10.232	0.382
5.681	10.232	0.383
5.681	10.232	0.389
5.681	10.232	0.400
5.681	10.232	0.401
5.681	10.232	0.406
5.681	10.232	0.410
@
5.681	10.233	0.376
5.681	10.233	0.400
5.681	10.233	0.405
5.681	10.233	0.407
5.681	10.233	0.408
5.681	10.233	0.409
@
5.681	10.234	0.379
5.681	10.234	0.380
5.681	10.234	0.404
5.681	10.234	0.407
5.681	10.234	0.411
@
5.681	10.235	0.414
5.681	10.235	0.416
@
5.681	10.237	0.375
5.681	10.237	0.378
5.681	10.237	0.415
5.681	10.237	0.415
@
5.681	10.238	0.374
5.681	10.238	0.414
@
5.681	10.239	0.372
5.681	10.239	0.376
@
5.682	10.228	0.393
5.682	10.228	0.393
5.682	10.228	0.395
@
5.682	10.229	0.388
5.682	10.229	0.396
5.682	10.229	0.399
@
5.682	10.230	0.388
5.682	10.230	0.388
5.682	10.230	0.390
5.682	10.230	0.396
@
5.682	10.231	0.381
5.682	10.231	0.383
5.682	10.231	0.393
5.682	10.231	0.394
5.682	10.231	0.402
@
5.682	10.232	0.382
5.682	10.232	0.383
5.682	10.232	0.384
5.682	10.232	0.386
5.682	10.232	0.388
5.682	10.232	0.392
5.682	10.232	0.393
5.682	10.232	0.393
@
5.682	10.233	0.375
5.682	10.233	0.380
5.682	10.233	0.380
5.682	10.233	0.381
5.682	10.233	0.381
5.682	10.233	0.381
5.682	10.233	0.381
5.682	10.233	0.398
5.682	10.233	0.408
5.682	10.233	0.413
@
5.682	10.234	0.375
5.682	10.234	0.377
5.682	10.234	0.379
5.682	10.234	0.406
5.682	10.234	0.408
5.682	10.234	0.413
@
5.682	10.235	0.375
5.682	10.235	0.376
5.682	10.235	0.380
5.682	10.235	0.385
5.682	10.235	0.408
5.682	10.235	0.416
@
5.682	10.236	0.375
5.682	10.236	0.375
5.682	10.236	0.377
5.682	10.236	0.377
5.682	10.236	0.411
@
5.682	10.239	0.372
5.682	10.239	0.373
@
5.683	10.232	0.386
5.683	10.232	0.387
5.683	10.232	0.388
5.683	10.232	0.397
@
5.688	10.238	0.418
5.688	10.238	0.418
@
5.688	10.239	0.418
5.688	10.239	0.419
@
5.713	10.245	0.428
5.713	10.245	0.428
5.713	10.245	0.428
5.713	10.245	0.429
@
5.725	10.249	0.432
5.725	10.249	0.432
5.725	10.249	0.433
@
5.737	10.254	0.436
5.737	10.254	0.437
@
5.750	10.253	0.443
5.750	10.253	0.443
@
5.750	10.256	0.443
5.750	10.256	0.443
5.750	10.256	0.443
5.750	10.256	0.443
@
5.753	10.258	0.445
5.753	10.258	0.445
@
5.754	10.257	0.445
5.754	10.257	0.445
@
5.756	10.260	0.446
5.756	10.260	0.446
@
5.762	10.262	0.447
5.762	10.262	0.448
@
5.765	10.264	0.448
5.765	10.264	0.449
5.765	10.264	0.449
@
5.767	10.266	0.449
5.767	10.266	0.450
@
5.786	10.271	0.457
5.786	10.271	0.458
@
5.786	10.272	0.457
5.786	10.272	0.458
@
5.794	10.275	0.460
5.794	10.275	0.460
@
5.798	10.277	0.462
5.798	10.277	0.462
@
5.831	10.288	0.474
5.831	10.288	0.474
@
5.831	10.290	0.474
5.831	10.290	0.474
@
5.859	10.297	0.482
5.859	10.297	0.483
@
5.908	10.303	0.493
5.908	10.303	0.493
@
5.908	10.305	0.493
5.908	10.305	0.493
@
5.908	10.306	0.493
5.908	10.306	0.493
@
6.057	10.312	0.507
6.057	10.312	0.507
@
6.128	10.319	0.512
6.128	10.319	0.512
@
6.604	10.341	0.546
6.604	10.341	0.547
@
10.034	10.426	0.793
10.034	10.426	0.793
@
16.122	10.533	1.230
16.122	10.533	1.232
@
16.248	10.537	1.238
16.248	10.537	1.238
@
17.847	10.556	1.353
17.847	10.556	1.353
@
20.707	10.596	1.549
20.707	10.596	1.550
@
21.085	10.606	1.584
21.085	10.606	1.587
@
21.106	10.608	1.588
21.106	10.608	1.588
@
21.113	10.608	1.590
21.113	10.608	1.590
@
21.194	10.613	1.618
21.194	10.613	1.619
@
21.204	10.614	1.622
21.204	10.614	1.622
21.204	10.614	1.623
@
21.239	10.616	1.633
21.239	10.616	1.633
@
21.239	10.617	1.633
21.239	10.617	1.635
@
21.240	10.617	1.636
21.240	10.617	1.637
@
21.248	10.618	1.639
21.248	10.618	1.640
@
21.266	10.632	1.676
21.266	10.632	1.677
@
21.267	10.630	1.677
21.267	10.630	1.677
21.267	10.630	1.677
@
21.268	10.630	1.677
21.268	10.630	1.677
21.268	10.630	1.677
@
21.268	10.631	1.677
21.268	10.631	1.677
@
21.269	10.619	1.647
21.269	10.619	1.648
@
21.269	10.620	1.646
21.269	10.620	1.647
21.269	10.620	1.653
@
21.269	10.622	1.648
21.269	10.622	1.653
21.269	10.622	1.654
@
21.269	10.629	1.677
21.269	10.629	1.677
@
21.270	10.621	1.650
21.270	10.621	1.651
@
21.270	10.625	1.656
21.270	10.625	1.658
21.270	10.625	1.660
21.270	10.625	1.664
21.270	10.625	1.667
21.270	10.625	1.670
@
21.270	10.626	1.664
21.270	10.626	1.667
@
21.270	10.627	1.677
21.270	10.627	1.677
@
21.270	10.628	1.671
21.270	10.628	1.674
21.270	10.628	1.675
21.270	10.628	1.676
@
21.270	10.629	1.677
21.270	10.629	1.678
@
21.270	10.631	1.677
21.270	10.631	1.677
@
21.271	10.624	1.662
21.271	10.624	1.662
21.271	10.624	1.663
21.271	10.624	1.671
@
21.271	10.625	1.663
21.271	10.625	1.665
21.271	10.625	1.669
@
21.271	10.630	1.677
21.271	10.630	1.677
@
21.272	10.631	1.675
21.272	10.631	1.677
