0.372	10.176	5.681
0.372	10.176	5.682
@
0.372	10.181	5.682
0.372	10.181	5.682
0.372	10.181	5.682
@
0.372	10.183	5.681
0.372	10.183	5.682
@
0.372	10.184	5.681
0.372	10.184	5.681
0.372	10.184	5.682
@
0.372	10.189	5.682
0.372	10.189	5.682
@
0.372	10.190	5.681
0.372	10.190	5.681
0.372	10.190	5.681
@
0.372	10.192	5.681
0.372	10.192	5.681
0.372	10.192	5.682
@
0.372	10.198	5.681
0.372	10.198	5.682
@
0.372	10.203	5.681
0.372	10.203	5.682
@
0.374	10.172	5.682
0.374	10.172	5.682
@
0.385	10.161	5.682
0.385	10.161	5.683
@
0.393	10.150	5.682
0.393	10.150	5.682
@
0.395	10.148	5.682
0.395	10.148	5.682
@
0.399	10.143	5.682
0.399	10.143	5.683
@
0.410	10.130	5.680
0.410	10.130	5.681
@
0.419	10.119	5.699
0.419	10.119	5.701
@
0.426	10.108	5.713
0.426	10.108	5.714
@
0.427	10.107	5.713
0.427	10.107	5.714
@
0.428	10.101	5.718
0.428	10.101	5.720
@
0.431	10.094	5.725
0.431	10.094	5.725
0.431	10.094	5.725
@
0.436	10.085	5.737
0.436	10.085	5.738
0.436	10.085	5.738
@
0.453	10.060	5.784
0.453	10.060	5.785
@
0.478	10.011	5.855
0.478	10.011	5.855
@
0.491	9.978	5.916
0.491	9.978	5.920
@
0.506	9.941	6.087
0.506	9.941	6.092
@
0.519	9.916	6.274
0.519	9.916	6.274
@
0.521	9.903	6.311
0.521	9.903	6.314
@
0.526	9.890	6.372
0.526	9.890	6.372
@
0.544	9.850	6.615
0.544	9.850	6.616
@
0.544	9.855	6.606
0.544	9.855	6.607
@
0.550	9.827	6.689
0.550	9.827	6.705
@
0.554	9.813	6.768
0.554	9.813	6.775
@
0.558	9.797	6.824
0.558	9.797	6.824
@
0.567	9.774	6.934
0.567	9.774	6.946
@
0.585	9.732	7.186
0.585	9.732	7.203
@
0.609	9.633	7.506
0.609	9.633	7.519
@
0.626	9.551	7.758
0.626	9.551	7.764
@
0.650	9.423	8.086
0.650	9.423	8.090
@
0.661	9.340	8.247
0.661	9.340	8.250
@
0.813	8.289	10.353
0.813	8.289	10.359
@
0.831	8.156	10.600
0.831	8.156	10.606
@
0.880	7.921	11.290
0.880	7.921	11.292
0.880	7.921	11.301
@
0.885	7.896	11.362
0.885	7.896	11.365
@
0.900	7.826	11.560
0.900	7.826	11.562
@
0.904	7.811	11.630
0.904	7.811	11.635
@
0.904	7.814	11.622
0.904	7.814	11.626
@
0.907	7.797	11.682
0.907	7.797	11.691
@
0.911	7.791	11.743
0.911	7.791	11.752
@
0.915	7.785	11.798
0.915	7.785	11.804
@
0.920	7.778	11.853
0.920	7.778	11.854
@
0.930	7.769	11.979
0.930	7.769	11.984
@
0.933	7.765	12.013
0.933	7.765	12.019
@
0.934	7.764	12.024
0.934	7.764	12.026
0.934	7.764	12.030
@
0.937	7.757	12.076
0.937	7.757	12.092
@
0.940	7.757	12.134
0.940	7.757	12.140
@
0.942	7.755	12.178
0.942	7.755	12.180
@
0.945	7.749	12.206
0.945	7.749	12.218
@
0.949	7.747	12.269
0.949	7.747	12.276
@
0.951	7.746	12.282
0.951	7.746	12.290
@
0.952	7.747	12.303
0.952	7.747	12.305
@
0.955	7.740	12.332
0.955	7.740	12.336
@
0.955	7.743	12.341
0.955	7.743	12.344
@
0.965	7.734	12.479
0.965	7.734	12.486
@
0.967	7.735	12.513
0.967	7.735	12.525
@
0.969	7.732	12.538
0.969	7.732	12.549
@
0.972	7.728	12.598
0.972	7.728	12.610
@
0.977	7.721	12.671
0.977	7.721	12.675
@
0.984	7.711	12.781
0.984	7.711	12.791
@
1.001	7.688	12.988
1.001	7.688	12.991
@
1.002	7.681	13.010
1.002	7.681	13.013
@
1.002	7.686	12.997
1.002	7.686	13.000
@
1.005	7.673	13.034
1.005	7.673	13.049
@
1.007	7.663	13.089
1.007	7.663	13.098
@
1.021	7.628	13.268
1.021	7.628	13.273
@
1.023	7.620	13.274
1.023	7.620	13.289
@
1.050	7.475	13.672
1.050	7.475	13.675
@
1.050	7.479	13.666
1.050	7.479	13.666
@
1.053	7.463	13.707
1.053	7.463	13.709
@
1.065	7.427	13.893
1.065	7.427	13.894
@
1.068	7.411	13.951
1.068	7.411	13.957
@
1.083	7.389	14.132
1.083	7.389	14.136
1.083	7.389	14.140
@
1.100	7.385	14.378
1.100	7.385	14.382
1.100	7.385	14.384
@
1.100	7.386	14.381
1.100	7.386	14.383
1.100	7.386	14.383
1.100	7.386	14.386
1.100	7.386	14.389
@
1.100	7.387	14.373
1.100	7.387	14.383
1.100	7.387	14.384
1.100	7.387	14.384
1.100	7.387	14.390
@
1.100	7.388	14.388
1.100	7.388	14.404
@
1.100	7.389	14.381
1.100	7.389	14.383
1.100	7.389	14.386
1.100	7.389	14.416
@
1.100	7.390	14.390
1.100	7.390	14.397
@
1.101	7.393	14.430
1.101	7.393	14.440
@
1.129	7.404	14.801
1.129	7.404	14.807
@
1.130	7.405	14.814
1.130	7.405	14.816
@
1.131	7.407	14.832
1.131	7.407	14.839
1.131	7.407	14.850
@
1.132	7.410	14.857
1.132	7.410	14.866
@
1.136	7.412	14.923
1.136	7.412	14.934
@
1.162	7.432	15.261
1.162	7.432	15.274
@
1.171	7.443	15.392
1.171	7.443	15.393
@
1.174	7.447	15.435
1.174	7.447	15.441
@
1.174	7.448	15.438
1.174	7.448	15.447
@
1.188	7.465	15.601
1.188	7.465	15.611
@
1.191	7.482	15.648
1.191	7.482	15.654
@
1.193	7.489	15.678
1.193	7.489	15.682
@
1.196	7.495	15.733
1.196	7.495	15.742
@
1.200	7.504	15.796
1.200	7.504	15.822
@
1.214	7.527	15.963
1.214	7.527	15.969
@
1.215	7.530	15.978
1.215	7.530	15.991
@
1.217	7.533	16.009
1.217	7.533	16.011
1.217	7.533	16.017
@
1.221	7.546	16.064
1.221	7.546	16.069
@
1.247	7.591	16.429
1.247	7.591	16.432
@
1.250	7.593	16.455
1.250	7.593	16.459
@
1.258	7.610	16.573
1.258	7.610	16.578
@
1.266	7.629	16.708
1.266	7.629	16.732
@
1.290	7.683	17.014
1.290	7.683	17.024
@
1.291	7.684	17.039
1.291	7.684	17.044
@
1.297	7.707	17.148
1.297	7.707	17.151
@
1.298	7.712	17.163
1.298	7.712	17.175
@
1.301	7.724	17.226
1.301	7.724	17.228
@
1.316	7.771	17.385
1.316	7.771	17.386
1.316	7.771	17.388
@
1.325	7.799	17.505
1.325	7.799	17.529
@
1.325	7.802	17.531
1.325	7.802	17.534
@
1.331	7.812	17.624
1.331	7.812	17.636
@
1.344	7.834	17.783
1.344	7.834	17.792
@
1.346	7.836	17.810
1.346	7.836	17.822
@
1.352	7.856	17.901
1.352	7.856	17.906
@
1.355	7.861	17.944
1.355	7.861	17.954
@
1.358	7.870	17.981
1.358	7.870	17.983
1.358	7.870	17.988
@
1.360	7.880	18.037
1.360	7.880	18.042
@
1.362	7.883	18.080
1.362	7.883	18.096
@
1.374	7.900	18.231
1.374	7.900	18.232
@
1.375	7.901	18.234
1.375	7.901	18.236
@
1.375	7.902	18.225
1.375	7.902	18.225
@
1.381	7.909	18.314
1.381	7.909	18.324
@
1.383	7.913	18.347
1.383	7.913	18.347
@
1.385	7.915	18.375
1.385	7.915	18.378
@
1.390	7.923	18.443
1.390	7.923	18.460
@
1.391	7.924	18.469
1.391	7.924	18.479
@
1.392	7.924	18.496
1.392	7.924	18.509
@
1.410	7.943	18.721
1.410	7.943	18.744
@
1.418	7.949	18.851
1.418	7.949	18.858
@
1.420	7.952	18.870
1.420	7.952	18.884
@
1.423	7.955	18.935
1.423	7.955	18.936
@
1.424	7.954	18.928
1.424	7.954	18.933
1.424	7.954	18.945
@
1.424	7.955	18.928
1.424	7.955	18.934
@
1.425	7.955	18.963
1.425	7.955	18.984
@
1.429	7.958	19.049
1.429	7.958	19.069
@
1.436	7.961	19.149
1.436	7.961	19.153
@
1.439	7.961	19.173
1.439	7.961	19.185
@
1.444	7.962	19.226
1.444	7.962	19.236
@
1.454	7.963	19.360
1.454	7.963	19.366
@
1.454	7.964	19.381
1.454	7.964	19.384
@
1.459	7.969	19.467
1.459	7.969	19.473
@
1.463	7.972	19.539
1.463	7.972	19.553
@
1.467	7.976	19.581
1.467	7.976	19.586
@
1.468	7.979	19.604
1.468	7.979	19.606
@
1.472	7.980	19.651
1.472	7.980	19.657
@
1.493	8.010	19.991
1.493	8.010	20.000
@
1.497	8.020	20.035
1.497	8.020	20.038
@
1.498	8.031	20.057
1.498	8.031	20.067
@
1.498	8.034	20.057
1.498	8.034	20.063
@
1.507	8.061	20.154
1.507	8.061	20.159
@
1.513	8.096	20.220
1.513	8.096	20.236
@
1.515	8.121	20.273
1.515	8.121	20.283
@
1.519	8.164	20.332
1.519	8.164	20.332
@
1.525	8.226	20.435
1.525	8.226	20.437
@
1.526	8.234	20.447
1.526	8.234	20.461
@
1.528	8.268	20.496
1.528	8.268	20.502
@
1.662	10.332	21.254
1.662	10.332	21.258
@
1.662	10.343	21.269
1.662	10.343	21.272
@
1.662	10.350	21.253
1.662	10.350	21.270
@
1.662	10.351	21.270
1.662	10.351	21.270
@
1.663	10.078	21.267
1.663	10.078	21.270
@
1.663	10.080	21.255
1.663	10.080	21.269
1.663	10.080	21.270
1.663	10.080	21.271
@
1.663	10.081	21.247
1.663	10.081	21.251
1.663	10.081	21.265
1.663	10.081	21.268
1.663	10.081	21.269
1.663	10.081	21.269
1.663	10.081	21.273
@
1.663	10.082	21.258
1.663	10.082	21.270
1.663	10.082	21.271
1.663	10.082	21.272
1.663	10.082	21.272
1.663	10.082	21.272
@
1.663	10.083	21.267
1.663	10.083	21.269
1.663	10.083	21.271
1.663	10.083	21.272
@
1.663	10.084	21.262
1.663	10.084	21.269
1.663	10.084	21.271
@
1.663	10.085	21.247
1.663	10.085	21.270
1.663	10.085	21.270
1.663	10.085	21.272
1.663	10.085	21.276
@
1.663	10.087	21.264
1.663	10.087	21.270
@
1.663	10.088	21.269
1.663	10.088	21.269
1.663	10.088	21.271
@
1.663	10.089	21.272
1.663	10.089	21.273
@
1.663	10.093	21.268
1.663	10.093	21.270
1.663	10.093	21.270
1.663	10.093	21.270
@
1.663	10.097	21.268
1.663	10.097	21.271
@
1.663	10.098	21.269
1.663	10.098	21.270
@
1.663	10.102	21.269
1.663	10.102	21.269
1.663	10.102	21.269
@
1.663	10.111	21.246
1.663	10.111	21.267
1.663	10.111	21.268
1.663	10.111	21.269
1.663	10.111	21.271
@
1.663	10.113	21.270
1.663	10.113	21.272
@
1.663	10.119	21.246
1.663	10.119	21.268
1.663	10.119	21.268
@
1.663	10.120	21.270
1.663	10.120	21.271
@
1.663	10.122	21.269
1.663	10.122	21.270
1.663	10.122	21.271
@
1.663	10.123	21.270
1.663	10.123	21.272
@
1.663	10.124	21.266
1.663	10.124	21.269
@
1.663	10.125	21.247
1.663	10.125	21.269
1.663	10.125	21.272
@
1.663	10.128	21.261
1.663	10.128	21.269
1.663	10.128	21.270
@
1.663	10.133	21.268
1.663	10.133	21.270
1.663	10.133	21.271
@
1.663	10.134	21.257
1.663	10.134	21.270
1.663	10.134	21.271
@
1.663	10.135	21.267
1.663	10.135	21.269
1.663	10.135	21.270
@
1.663	10.138	21.267
1.663	10.138	21.268
1.663	10.138	21.268
1.663	10.138	21.269
@
1.663	10.139	21.269
1.663	10.139	21.270
@
1.663	10.147	21.246
1.663	10.147	21.269
@
1.663	10.148	21.269
1.663	10.148	21.269
1.663	10.148	21.270
@
1.663	10.150	21.270
1.663	10.150	21.270
@
1.663	10.153	21.270
1.663	10.153	21.270
1.663	10.153	21.271
@
1.663	10.158	21.269
1.663	10.158	21.272
@
1.663	10.159	21.247
1.663	10.159	21.272
1.663	10.159	21.272
@
1.663	10.160	21.269
1.663	10.160	21.270
@
1.663	10.163	21.256
1.663	10.163	21.269
@
1.663	10.165	21.254
1.663	10.165	21.268
@
1.663	10.166	21.270
1.663	10.166	21.270
@
1.663	10.171	21.270
1.663	10.171	21.271
@
1.663	10.173	21.263
1.663	10.173	21.269
1.663	10.173	21.271
1.663	10.173	21.271
@
1.663	10.176	21.248
1.663	10.176	21.265
@
1.663	10.179	21.246
1.663	10.179	21.269
@
1.663	10.180	21.264
1.663	10.180	21.270
@
1.663	10.181	21.268
1.663	10.181	21.271
@
1.663	10.185	21.268
1.663	10.185	21.271
1.663	10.185	21.271
@
1.663	10.186	21.251
1.663	10.186	21.271
@
1.663	10.187	21.257
1.663	10.187	21.271
@
1.663	10.190	21.256
1.663	10.190	21.271
1.663	10.190	21.271
@
1.663	10.191	21.269
1.663	10.191	21.269
@
1.663	10.192	21.250
1.663	10.192	21.253
1.663	10.192	21.269
@
1.663	10.194	21.269
1.663	10.194	21.271
@
1.663	10.196	21.259
1.663	10.196	21.270
@
1.663	10.197	21.254
1.663	10.197	21.269
@
1.663	10.199	21.270
1.663	10.199	21.271
@
1.663	10.202	21.268
1.663	10.202	21.268
@
1.663	10.203	21.268
1.663	10.203	21.270
@
1.663	10.204	21.269
1.663	10.204	21.269
@
1.663	10.206	21.268
1.663	10.206	21.269
1.663	10.206	21.270
@
1.663	10.207	21.269
1.663	10.207	21.270
@
1.663	10.208	21.270
1.663	10.208	21.271
1.663	10.208	21.274
@
1.663	10.210	21.249
1.663	10.210	21.257
1.663	10.210	21.268
1.663	10.210	21.269
1.663	10.210	21.269
@
1.663	10.211	21.269
1.663	10.211	21.269
1.663	10.211	21.269
@
1.663	10.213	21.271
1.663	10.213	21.271
@
1.663	10.214	21.247
1.663	10.214	21.267
1.663	10.214	21.269
1.663	10.214	21.271
@
1.663	10.215	21.270
1.663	10.215	21.271
@
1.663	10.216	21.270
1.663	10.216	21.271
@
1.663	10.217	21.268
1.663	10.217	21.269
1.663	10.217	21.269
1.663	10.217	21.269
1.663	10.217	21.271
@
1.663	10.219	21.254
1.663	10.219	21.270
1.663	10.219	21.272
@
1.663	10.221	21.245
1.663	10.221	21.270
@
1.663	10.222	21.255
1.663	10.222	21.269
1.663	10.222	21.272
@
1.663	10.223	21.270
1.663	10.223	21.271
@
1.663	10.224	21.268
1.663	10.224	21.270
1.663	10.224	21.270
@
1.663	10.226	21.268
1.663	10.226	21.270
1.663	10.226	21.270
@
1.663	10.229	21.247
1.663	10.229	21.252
1.663	10.229	21.269
1.663	10.229	21.270
1.663	10.229	21.271
@
1.663	10.232	21.269
1.663	10.232	21.269
@
1.663	10.234	21.270
1.663	10.234	21.271
@
1.663	10.236	21.271
1.663	10.236	21.271
@
1.663	10.237	21.268
1.663	10.237	21.270
@
1.663	10.240	21.269
1.663	10.240	21.269
@
1.663	10.242	21.257
1.663	10.242	21.262
1.663	10.242	21.269
@
1.663	10.246	21.268
1.663	10.246	21.270
@
1.663	10.247	21.269
1.663	10.247	21.270
1.663	10.247	21.271
@
1.663	10.253	21.269
1.663	10.253	21.269
1.663	10.253	21.270
@
1.663	10.256	21.271
1.663	10.256	21.271
@
1.663	10.262	21.269
1.663	10.262	21.269
@
1.663	10.263	21.269
1.663	10.263	21.270
@
1.663	10.265	21.268
1.663	10.265	21.269
@
1.663	10.268	21.268
1.663	10.268	21.270
@
1.663	10.273	21.247
1.663	10.273	21.270
@
1.663	10.286	21.268
1.663	10.286	21.269
@
1.663	10.302	21.265
1.663	10.302	21.270
@
1.663	10.304	21.269
1.663	10.304	21.269
1.663	10.304	21.270
@
1.663	10.307	21.269
1.663	10.307	21.270
@
1.663	10.311	21.271
1.663	10.311	21.272
@
1.663	10.315	21.252
1.663	10.315	21.270
@
1.663	10.322	21.246
1.663	10.322	21.271
@
1.663	10.328	21.269
1.663	10.328	21.269
@
1.663	10.350	21.271
1.663	10.350	21.311
@
1.663	10.379	21.268
1.663	10.379	21.269
@
1.663	10.382	21.248
1.663	10.382	21.263
@
1.663	10.387	21.268
1.663	10.387	21.272
@
1.663	10.398	21.268
1.663	10.398	21.270
@
1.663	10.401	21.248
1.663	10.401	21.260
1.663	10.401	21.268
@
1.664	10.079	21.254
1.664	10.079	21.272
@
1.664	10.080	21.268
1.664	10.080	21.271
@
1.664	10.081	21.269
1.664	10.081	21.269
1.664	10.081	21.270
@
1.664	10.083	21.269
1.664	10.083	21.270
1.664	10.083	21.270
@
1.664	10.084	21.269
1.664	10.084	21.270
@
1.664	10.086	21.250
1.664	10.086	21.270
@
1.664	10.089	21.269
1.664	10.089	21.269
@
1.664	10.094	21.246
1.664	10.094	21.265
@
1.664	10.095	21.268
1.664	10.095	21.269
@
1.664	10.099	21.268
1.664	10.099	21.270
@
1.664	10.100	21.269
1.664	10.100	21.269
1.664	10.100	21.272
@
1.664	10.102	21.268
1.664	10.102	21.273
@
1.664	10.114	21.269
1.664	10.114	21.271
1.664	10.114	21.271
@
1.664	10.118	21.245
1.664	10.118	21.270
1.664	10.118	21.271
@
1.664	10.125	21.269
1.664	10.125	21.269
@
1.664	10.130	21.268
1.664	10.130	21.272
@
1.664	10.139	21.269
1.664	10.139	21.270
@
1.664	10.141	21.264
1.664	10.141	21.269
@
1.664	10.142	21.268
1.664	10.142	21.272
@
1.664	10.151	21.271
1.664	10.151	21.272
@
1.664	10.156	21.271
1.664	10.156	21.271
@
1.664	10.163	21.270
1.664	10.163	21.271
@
1.664	10.166	21.253
1.664	10.166	21.270
@
1.664	10.169	21.270
1.664	10.169	21.270
1.664	10.169	21.271
1.664	10.169	21.272
@
1.664	10.174	21.269
1.664	10.174	21.270
@
1.664	10.180	21.270
1.664	10.180	21.271
@
1.664	10.183	21.268
1.664	10.183	21.271
@
1.664	10.185	21.268
1.664	10.185	21.270
@
1.664	10.197	21.269
1.664	10.197	21.269
@
1.664	10.200	21.252
1.664	10.200	21.271
@
1.664	10.210	21.259
1.664	10.210	21.268
1.664	10.210	21.269
@
1.664	10.213	21.253
1.664	10.213	21.268
1.664	10.213	21.271
@
1.664	10.219	21.270
1.664	10.219	21.271
@
1.664	10.223	21.270
1.664	10.223	21.271
@
1.664	10.225	21.269
1.664	10.225	21.269
1.664	10.225	21.270
1.664	10.225	21.271
@
1.664	10.230	21.261
1.664	10.230	21.270
@
1.664	10.231	21.270
1.664	10.231	21.272
@
1.664	10.238	21.270
1.664	10.238	21.271
@
1.664	10.243	21.269
1.664	10.243	21.270
@
1.664	10.249	21.272
1.664	10.249	21.272
@
1.664	10.256	21.269
1.664	10.256	21.270
1.664	10.256	21.271
@
1.664	10.258	21.266
1.664	10.258	21.268
@
1.664	10.263	21.271
1.664	10.263	21.271
@
1.664	10.268	21.253
1.664	10.268	21.269
@
1.664	10.270	21.268
1.664	10.270	21.268
@
1.664	10.274	21.264
1.664	10.274	21.271
@
1.664	10.276	21.269
1.664	10.276	21.272
@
1.664	10.284	21.270
1.664	10.284	21.271
@
1.664	10.287	21.270
1.664	10.287	21.271
@
1.664	10.295	21.269
1.664	10.295	21.270
@
1.664	10.300	21.269
1.664	10.300	21.272
1.664	10.300	21.276
@
1.664	10.301	21.269
1.664	10.301	21.274
@
1.664	10.312	21.270
1.664	10.312	21.272
@
1.664	10.313	21.269
1.664	10.313	21.270
@
1.664	10.320	21.269
1.664	10.320	21.270
@
1.664	10.327	21.268
1.664	10.327	21.269
@
1.664	10.333	21.268
1.664	10.333	21.270
@
1.664	10.337	21.268
1.664	10.337	21.270
@
1.664	10.341	21.247
1.664	10.341	21.258
1.664	10.341	21.266
1.664	10.341	21.269
1.664	10.341	21.307
@
1.664	10.342	21.259
1.664	10.342	21.347
@
1.664	10.351	21.269
1.664	10.351	21.316
@
1.664	10.355	21.267
1.664	10.355	21.269
@
1.664	10.357	21.270
1.664	10.357	21.270
1.664	10.357	21.271
@
1.664	10.362	21.270
1.664	10.362	21.270
@
1.664	10.363	21.269
1.664	10.363	21.270
@
1.664	10.367	21.271
1.664	10.367	21.272
@
1.664	10.370	21.268
1.664	10.370	21.269
@
1.664	10.374	21.270
1.664	10.374	21.270
@
1.664	10.380	21.268
1.664	10.380	21.270
@
1.664	10.395	21.269
1.664	10.395	21.270
1.664	10.395	21.271
@
1.664	10.399	21.268
1.664	10.399	21.268
1.664	10.399	21.270
@
1.664	10.408	21.270
1.664	10.408	21.270
@
1.664	10.411	21.261
1.664	10.411	21.270
@
1.664	10.415	21.246
1.664	10.415	21.263
@
1.665	10.410	21.268
1.665	10.410	21.269
@
1.665	10.421	21.271
1.665	10.421	21.272
@
1.665	10.427	21.246
1.665	10.427	21.269
1.665	10.427	21.271
@
1.666	10.387	21.270
1.666	10.387	21.272
@
1.667	10.254	21.260
1.667	10.254	21.268
@
1.668	10.152	21.269
1.668	10.152	21.269
