5.681	10.132	0.406
5.681	10.132	0.407
@
5.681	10.137	0.403
5.681	10.137	0.404
@
5.681	10.138	0.402
5.681	10.138	0.404
@
5.681	10.184	0.372
5.681	10.184	0.372
@
5.681	10.190	0.372
5.681	10.190	0.372
5.681	10.190	0.372
@
5.681	10.192	0.372
5.681	10.192	0.372
@
5.682	10.143	0.399
5.682	10.143	0.400
@
5.682	10.148	0.395
5.682	10.148	0.395
@
5.682	10.150	0.393
5.682	10.150	0.393
@
5.682	10.155	0.385
5.682	10.155	0.389
@
5.682	10.172	0.374
5.682	10.172	0.374
@
5.682	10.181	0.372
5.682	10.181	0.372
5.682	10.181	0.372
@
5.682	10.189	0.372
5.682	10.189	0.372
@
5.725	10.094	0.431
5.725	10.094	0.431
5.725	10.094	0.431
@
5.738	10.085	0.436
5.738	10.085	0.436
@
5.855	10.011	0.478
5.855	10.011	0.478
@
5.884	9.994	0.485
5.884	9.994	0.486
@
6.274	9.916	0.519
6.274	9.916	0.519
@
6.372	9.890	0.526
6.372	9.890	0.526
@
6.824	9.797	0.558
6.824	9.797	0.558
@
13.660	7.494	1.049
13.660	7.494	1.050
@
13.666	7.479	1.050
13.666	7.479	1.050
@
14.383	7.386	1.100
14.383	7.386	1.100
@
14.384	7.387	1.100
14.384	7.387	1.100
@
15.742	7.495	1.196
15.742	7.495	1.197
@
17.228	7.724	1.301
17.228	7.724	1.302
@
18.225	7.902	1.375
18.225	7.902	1.375
@
18.347	7.913	1.383
18.347	7.913	1.383
@
20.114	8.048	1.503
20.114	8.048	1.504
@
20.332	8.164	1.519
20.332	8.164	1.519
@
21.247	10.214	1.663
21.247	10.214	1.664
@
21.268	10.099	1.663
21.268	10.099	1.664
@
21.268	10.119	1.663
21.268	10.119	1.663
@
21.268	10.130	1.664
21.268	10.130	1.668
@
21.268	10.138	1.663
21.268	10.138	1.663
@
21.268	10.181	1.663
21.268	10.181	1.668
@
21.268	10.185	1.663
21.268	10.185	1.664
@
21.268	10.202	1.663
21.268	10.202	1.663
@
21.268	10.210	1.663
21.268	10.210	1.664
@
21.268	10.247	1.662
21.268	10.247	1.667
@
21.268	10.265	1.663
21.268	10.265	1.664
@
21.268	10.270	1.664
21.268	10.270	1.664
@
21.268	10.399	1.664
21.268	10.399	1.664
@
21.268	10.405	1.664
21.268	10.405	1.666
@
21.269	10.080	1.663
21.269	10.080	1.665
@
21.269	10.081	1.663
21.269	10.081	1.663
21.269	10.081	1.664
21.269	10.081	1.664
@
21.269	10.083	1.663
21.269	10.083	1.664
@
21.269	10.084	1.663
21.269	10.084	1.664
@
21.269	10.085	1.667
21.269	10.085	1.668
@
21.269	10.088	1.663
21.269	10.088	1.663
@
21.269	10.089	1.664
21.269	10.089	1.664
@
21.269	10.095	1.664
21.269	10.095	1.667
@
21.269	10.100	1.663
21.269	10.100	1.664
21.269	10.100	1.664
@
21.269	10.102	1.663
21.269	10.102	1.663
21.269	10.102	1.663
@
21.269	10.113	1.664
21.269	10.113	1.668
@
21.269	10.125	1.663
21.269	10.125	1.664
21.269	10.125	1.664
@
21.269	10.139	1.663
21.269	10.139	1.664
@
21.269	10.148	1.663
21.269	10.148	1.663
@
21.269	10.152	1.668
21.269	10.152	1.668
@
21.269	10.160	1.663
21.269	10.160	1.667
@
21.269	10.191	1.663
21.269	10.191	1.663
@
21.269	10.192	1.663
21.269	10.192	1.668
@
21.269	10.194	1.663
21.269	10.194	1.664
@
21.269	10.197	1.663
21.269	10.197	1.664
21.269	10.197	1.664
@
21.269	10.204	1.663
21.269	10.204	1.663
@
21.269	10.210	1.663
21.269	10.210	1.663
21.269	10.210	1.664
@
21.269	10.211	1.663
21.269	10.211	1.663
21.269	10.211	1.663
@
21.269	10.217	1.663
21.269	10.217	1.663
21.269	10.217	1.663
@
21.269	10.225	1.664
21.269	10.225	1.664
@
21.269	10.232	1.663
21.269	10.232	1.663
@
21.269	10.240	1.663
21.269	10.240	1.663
@
21.269	10.253	1.663
21.269	10.253	1.663
21.269	10.253	1.664
@
21.269	10.262	1.663
21.269	10.262	1.663
@
21.269	10.268	1.664
21.269	10.268	1.667
@
21.269	10.292	1.662
21.269	10.292	1.663
21.269	10.292	1.668
@
21.269	10.302	1.661
21.269	10.302	1.664
@
21.269	10.304	1.663
21.269	10.304	1.663
@
21.269	10.313	1.663
21.269	10.313	1.664
@
21.269	10.315	1.661
21.269	10.315	1.664
@
21.269	10.318	1.663
21.269	10.318	1.664
@
21.269	10.327	1.664
21.269	10.327	1.666
@
21.269	10.328	1.663
21.269	10.328	1.663
@
21.269	10.339	1.664
21.269	10.339	1.666
@
21.269	10.347	1.662
21.269	10.347	1.667
@
21.269	10.351	1.664
21.269	10.351	1.667
@
21.269	10.371	1.663
21.269	10.371	1.666
@
21.269	10.381	1.663
21.269	10.381	1.666
@
21.269	10.389	1.662
21.269	10.389	1.664
@
21.269	10.413	1.663
21.269	10.413	1.664
@
21.270	10.083	1.664
21.270	10.083	1.664
@
21.270	10.085	1.661
21.270	10.085	1.663
21.270	10.085	1.663
21.270	10.085	1.664
@
21.270	10.086	1.663
21.270	10.086	1.664
@
21.270	10.092	1.663
21.270	10.092	1.664
@
21.270	10.093	1.663
21.270	10.093	1.663
21.270	10.093	1.663
@
21.270	10.105	1.663
21.270	10.105	1.668
@
21.270	10.123	1.661
21.270	10.123	1.663
21.270	10.123	1.664
@
21.270	10.139	1.663
21.270	10.139	1.664
@
21.270	10.150	1.663
21.270	10.150	1.663
@
21.270	10.153	1.661
21.270	10.153	1.663
21.270	10.153	1.663
@
21.270	10.163	1.664
21.270	10.163	1.667
@
21.270	10.166	1.663
21.270	10.166	1.663
21.270	10.166	1.664
21.270	10.166	1.667
@
21.270	10.169	1.664
21.270	10.169	1.664
21.270	10.169	1.668
@
21.270	10.171	1.663
21.270	10.171	1.664
@
21.270	10.180	1.663
21.270	10.180	1.664
@
21.270	10.189	1.663
21.270	10.189	1.664
@
21.270	10.208	1.663
21.270	10.208	1.664
@
21.270	10.216	1.663
21.270	10.216	1.664
@
21.270	10.219	1.663
21.270	10.219	1.664
@
21.270	10.223	1.663
21.270	10.223	1.664
@
21.270	10.224	1.663
21.270	10.224	1.663
@
21.270	10.226	1.663
21.270	10.226	1.663
@
21.270	10.229	1.663
21.270	10.229	1.664
@
21.270	10.230	1.664
21.270	10.230	1.666
@
21.270	10.235	1.664
21.270	10.235	1.667
@
21.270	10.283	1.664
21.270	10.283	1.667
@
21.270	10.284	1.662
21.270	10.284	1.664
@
21.270	10.295	1.661
21.270	10.295	1.664
@
21.270	10.304	1.663
21.270	10.304	1.664
@
21.270	10.307	1.662
21.270	10.307	1.663
@
21.270	10.308	1.663
21.270	10.308	1.664
@
21.270	10.312	1.663
21.270	10.312	1.664
@
21.270	10.320	1.663
21.270	10.320	1.664
@
21.270	10.351	1.662
21.270	10.351	1.662
@
21.270	10.357	1.664
21.270	10.357	1.664
@
21.270	10.362	1.664
21.270	10.362	1.664
21.270	10.362	1.667
@
21.270	10.374	1.664
21.270	10.374	1.664
@
21.270	10.375	1.664
21.270	10.375	1.665
@
21.270	10.395	1.664
21.270	10.395	1.666
@
21.270	10.408	1.664
21.270	10.408	1.664
@
21.271	10.080	1.663
21.271	10.080	1.664
@
21.271	10.082	1.663
21.271	10.082	1.664
@
21.271	10.114	1.664
21.271	10.114	1.664
@
21.271	10.134	1.663
21.271	10.134	1.668
@
21.271	10.156	1.664
21.271	10.156	1.664
@
21.271	10.173	1.663
21.271	10.173	1.663
@
21.271	10.185	1.663
21.271	10.185	1.663
@
21.271	10.190	1.663
21.271	10.190	1.663
@
21.271	10.199	1.663
21.271	10.199	1.667
@
21.271	10.200	1.663
21.271	10.200	1.664
@
21.271	10.213	1.663
21.271	10.213	1.663
21.271	10.213	1.664
@
21.271	10.217	1.663
21.271	10.217	1.664
@
21.271	10.223	1.663
21.271	10.223	1.664
@
21.271	10.225	1.663
21.271	10.225	1.664
@
21.271	10.236	1.663
21.271	10.236	1.663
@
21.271	10.239	1.663
21.271	10.239	1.664
@
21.271	10.256	1.663
21.271	10.256	1.663
21.271	10.256	1.664
@
21.271	10.263	1.664
21.271	10.263	1.664
@
21.271	10.319	1.663
21.271	10.319	1.667
@
21.271	10.418	1.664
21.271	10.418	1.665
@
21.271	10.421	1.664
21.271	10.421	1.665
@
21.272	10.082	1.663
21.272	10.082	1.663
21.272	10.082	1.663
@
21.272	10.159	1.663
21.272	10.159	1.663
@
21.272	10.249	1.664
21.272	10.249	1.664
@
21.272	10.367	1.663
21.272	10.367	1.664
@
21.272	10.387	1.663
21.272	10.387	1.666
@
21.272	10.403	1.663
21.272	10.403	1.664
