0.366	15.567	5.682
0.366	15.567	5.682
0.366	15.567	5.682
@
0.366	15.568	5.681
0.366	15.568	5.681
0.366	15.568	5.681
0.366	15.568	5.682
@
0.366	15.569	5.681
0.366	15.569	5.682
0.366	15.569	5.682
0.366	15.569	5.682
0.366	15.569	5.683
@
0.366	15.570	5.681
0.366	15.570	5.682
0.366	15.570	5.682
@
0.367	15.568	5.681
0.367	15.568	5.681
0.367	15.568	5.682
@
0.367	15.569	5.680
0.367	15.569	5.681
@
0.367	15.570	5.680
0.367	15.570	5.681
@
0.369	15.569	5.681
0.369	15.569	5.682
@
0.378	15.568	5.681
0.378	15.568	5.682
@
0.380	15.567	5.681
0.380	15.567	5.682
@
0.384	15.566	5.682
0.384	15.566	5.682
@
0.391	15.565	5.681
0.391	15.565	5.682
@
0.404	15.565	5.681
0.404	15.565	5.681
@
0.411	15.564	5.690
0.411	15.564	5.692
@
0.414	15.563	5.701
0.414	15.563	5.701
0.414	15.563	5.701
@
0.414	15.564	5.702
0.414	15.564	5.703
0.414	15.564	5.703
@
0.414	15.565	5.701
0.414	15.565	5.701
@
0.416	15.563	5.707
0.416	15.563	5.707
@
0.441	15.562	5.768
0.441	15.562	5.768
@
0.442	15.562	5.769
0.442	15.562	5.770
@
0.443	15.562	5.772
0.443	15.562	5.773
@
0.444	15.561	5.774
0.444	15.561	5.774
0.444	15.561	5.774
@
0.444	15.562	5.774
0.444	15.562	5.777
@
0.447	15.561	5.786
0.447	15.561	5.786
0.447	15.561	5.786
@
0.457	15.560	5.811
0.457	15.560	5.811
@
0.458	15.559	5.814
0.458	15.559	5.814
@
0.458	15.560	5.812
0.458	15.560	5.814
@
0.472	15.559	5.859
0.472	15.559	5.859
@
0.472	15.561	5.859
0.472	15.561	5.859
@
0.476	15.558	5.872
0.476	15.558	5.877
@
0.478	15.558	5.884
0.478	15.558	5.886
@
0.479	15.558	5.890
0.479	15.558	5.893
0.479	15.558	5.894
0.479	15.558	5.897
@
0.490	15.558	5.960
0.490	15.558	5.963
0.490	15.558	5.963
0.490	15.558	5.966
0.490	15.558	5.969
@
0.490	15.559	5.962
0.490	15.559	5.965
@
0.493	15.556	6.007
0.493	15.556	6.016
@
0.500	15.556	6.104
0.500	15.556	6.110
0.500	15.556	6.116
@
0.501	15.555	6.124
0.501	15.555	6.137
@
0.504	15.555	6.174
0.504	15.555	6.187
@
0.510	15.556	6.250
0.510	15.556	6.255
@
0.512	15.556	6.290
0.512	15.556	6.307
@
0.516	15.556	6.357
0.516	15.556	6.360
@
0.516	15.557	6.353
0.516	15.557	6.357
@
0.517	15.557	6.364
0.517	15.557	6.370
@
0.518	15.554	6.372
0.518	15.554	6.374
@
0.519	15.555	6.384
0.519	15.555	6.385
0.519	15.555	6.387
@
0.521	15.554	6.409
0.521	15.554	6.420
0.521	15.554	6.420
@
0.521	15.555	6.416
0.521	15.555	6.419
@
0.524	15.552	6.450
0.524	15.552	6.456
@
0.532	15.550	6.565
0.532	15.550	6.575
@
0.535	15.550	6.610
0.535	15.550	6.616
@
0.536	15.550	6.619
0.536	15.550	6.628
@
0.548	15.549	6.803
0.548	15.549	6.807
0.548	15.549	6.818
@
0.548	15.552	6.804
0.548	15.552	6.811
@
0.549	15.550	6.815
0.549	15.550	6.816
@
0.554	15.547	6.889
0.554	15.547	6.889
@
0.554	15.548	6.889
0.554	15.548	6.889
@
0.554	15.549	6.885
0.554	15.549	6.892
@
0.556	15.549	6.909
0.556	15.549	6.912
@
0.559	15.546	6.952
0.559	15.546	6.958
@
0.566	15.546	7.038
0.566	15.546	7.042
0.566	15.546	7.056
@
0.566	15.548	7.039
0.566	15.548	7.039
0.566	15.548	7.040
0.566	15.548	7.048
@
0.567	15.547	7.062
0.567	15.547	7.068
@
0.569	15.546	7.092
0.569	15.546	7.093
0.569	15.546	7.100
@
0.571	15.545	7.129
0.571	15.545	7.129
@
0.580	15.544	7.271
0.580	15.544	7.275
@
0.584	15.543	7.324
0.584	15.543	7.324
@
0.584	15.545	7.323
0.584	15.545	7.324
@
0.587	15.543	7.351
0.587	15.543	7.355
@
0.590	15.543	7.390
0.590	15.543	7.392
0.590	15.543	7.393
0.590	15.543	7.405
@
0.615	15.540	7.767
0.615	15.540	7.769
0.615	15.540	7.776
@
0.615	15.542	7.765
0.615	15.542	7.772
@
0.616	15.542	7.768
0.616	15.542	7.785
@
0.643	15.540	8.139
0.643	15.540	8.152
@
0.645	15.539	8.179
0.645	15.539	8.179
@
0.649	15.541	8.239
0.649	15.541	8.239
0.649	15.541	8.240
@
0.654	15.539	8.308
0.654	15.539	8.308
@
0.654	15.540	8.303
0.654	15.540	8.303
@
0.679	15.536	8.662
0.679	15.536	8.667
@
0.679	15.537	8.661
0.679	15.537	8.663
@
0.686	15.536	8.757
0.686	15.536	8.762
@
0.690	15.536	8.802
0.690	15.536	8.817
@
0.691	15.536	8.824
0.691	15.536	8.826
@
0.694	15.533	8.864
0.694	15.533	8.867
0.694	15.533	8.875
@
0.698	15.534	8.930
0.698	15.534	8.931
@
0.701	15.533	8.966
0.701	15.533	8.972
@
0.709	15.529	9.082
0.709	15.529	9.094
@
0.709	15.531	9.083
0.709	15.531	9.094
0.709	15.531	9.094
0.709	15.531	9.096
0.709	15.531	9.099
@
0.709	15.532	9.094
0.709	15.532	9.095
0.709	15.532	9.097
0.709	15.532	9.104
@
0.709	15.533	9.088
0.709	15.533	9.089
0.709	15.533	9.091
0.709	15.533	9.091
0.709	15.533	9.094
@
0.709	15.534	9.085
0.709	15.534	9.087
0.709	15.534	9.088
@
0.711	15.530	9.132
0.711	15.530	9.140
0.711	15.530	9.143
@
0.718	15.529	9.236
0.718	15.529	9.241
0.718	15.529	9.241
@
0.732	15.530	9.424
0.732	15.530	9.432
@
0.761	15.527	9.834
0.761	15.527	9.839
@
0.783	15.525	10.144
0.783	15.525	10.145
@
0.783	15.526	10.143
0.783	15.526	10.152
@
0.785	15.526	10.177
0.785	15.526	10.180
@
0.791	15.524	10.254
0.791	15.524	10.263
@
0.793	15.525	10.278
0.793	15.525	10.294
@
0.806	15.525	10.462
0.806	15.525	10.465
@
0.808	15.523	10.510
0.808	15.523	10.513
@
0.817	15.525	10.620
0.817	15.525	10.623
@
0.842	15.521	10.985
0.842	15.521	10.995
@
0.847	15.522	11.069
0.847	15.522	11.070
@
0.848	15.521	11.084
0.848	15.521	11.092
@
0.867	15.520	11.339
0.867	15.520	11.351
@
0.870	15.518	11.378
0.870	15.518	11.384
0.870	15.518	11.393
0.870	15.518	11.395
0.870	15.518	11.399
@
0.870	15.519	11.379
0.870	15.519	11.390
0.870	15.519	11.391
0.870	15.519	11.401
@
0.870	15.520	11.380
0.870	15.520	11.382
@
0.880	15.518	11.536
0.880	15.518	11.538
@
0.882	15.517	11.559
0.882	15.517	11.562
@
0.891	15.516	11.678
0.891	15.516	11.693
@
0.893	15.516	11.720
0.893	15.516	11.726
@
0.899	15.516	11.804
0.899	15.516	11.807
@
0.905	15.513	11.890
0.905	15.513	11.897
@
0.905	15.515	11.887
0.905	15.515	11.911
@
0.906	15.513	11.890
0.906	15.513	11.901
0.906	15.513	11.901
0.906	15.513	11.905
0.906	15.513	11.908
@
0.906	15.514	11.900
0.906	15.514	11.900
0.906	15.514	11.900
0.906	15.514	11.901
0.906	15.514	11.917
@
0.906	15.516	11.899
0.906	15.516	11.901
@
0.920	15.511	12.090
0.920	15.511	12.100
@
0.921	15.512	12.105
0.921	15.512	12.125
@
0.939	15.509	12.383
0.939	15.509	12.388
@
0.941	15.507	12.407
0.941	15.507	12.417
@
0.941	15.509	12.402
0.941	15.509	12.408
@
0.969	15.506	12.803
0.969	15.506	12.809
0.969	15.506	12.810
0.969	15.506	12.824
@
0.969	15.507	12.807
0.969	15.507	12.820
@
0.979	15.508	12.948
0.979	15.508	12.951
@
0.989	15.502	13.093
0.989	15.502	13.110
@
0.991	15.504	13.135
0.991	15.504	13.141
@
1.013	15.502	13.436
1.013	15.502	13.452
@
1.014	15.500	13.449
1.014	15.500	13.449
1.014	15.500	13.462
@
1.014	15.501	13.439
1.014	15.501	13.442
@
1.026	15.499	13.619
1.026	15.499	13.623
@
1.026	15.500	13.600
1.026	15.500	13.616
1.026	15.500	13.635
@
1.048	15.497	13.929
1.048	15.497	13.932
1.048	15.497	13.938
@
1.051	15.495	13.987
1.051	15.495	13.989
@
1.051	15.497	13.972
1.051	15.497	13.982
@
1.063	15.495	14.153
1.063	15.495	14.159
@
1.063	15.496	14.154
1.063	15.496	14.170
@
1.063	15.497	14.159
1.063	15.497	14.160
@
1.064	15.496	14.167
1.064	15.496	14.168
@
1.074	15.494	14.326
1.074	15.494	14.330
@
1.086	15.492	14.490
1.086	15.492	14.491
@
1.087	15.494	14.510
1.087	15.494	14.519
@
1.098	15.490	14.685
1.098	15.490	14.685
@
1.099	15.490	14.677
1.099	15.490	14.700
1.099	15.490	14.703
@
1.099	15.491	14.677
1.099	15.491	14.685
1.099	15.491	14.695
@
1.110	15.491	14.853
1.110	15.491	14.855
1.110	15.491	14.856
@
1.121	15.490	15.016
1.121	15.490	15.026
@
1.130	15.486	15.126
1.130	15.486	15.147
@
1.165	15.485	15.625
1.165	15.485	15.628
@
1.172	15.486	15.717
1.172	15.486	15.718
@
1.191	15.480	15.992
1.191	15.480	15.996
@
1.191	15.481	15.982
1.191	15.481	15.986
1.191	15.481	16.012
@
1.192	15.481	15.985
1.192	15.481	15.991
1.192	15.481	15.991
1.192	15.481	15.992
1.192	15.481	15.992
@
1.192	15.482	15.977
1.192	15.482	15.992
@
1.203	15.479	16.174
1.203	15.479	16.174
@
1.204	15.479	16.172
1.204	15.479	16.173
@
1.204	15.481	16.173
1.204	15.481	16.174
@
1.215	15.477	16.327
1.215	15.477	16.346
1.215	15.477	16.352
@
1.216	15.476	16.346
1.216	15.476	16.349
@
1.216	15.477	16.333
1.216	15.477	16.339
1.216	15.477	16.342
1.216	15.477	16.342
@
1.216	15.478	16.334
1.216	15.478	16.340
@
1.236	15.475	16.601
1.236	15.475	16.614
1.236	15.475	16.616
1.236	15.475	16.619
@
1.242	15.474	16.693
1.242	15.474	16.704
@
1.268	15.473	17.051
1.268	15.473	17.055
@
1.270	15.471	17.089
1.270	15.471	17.109
@
1.271	15.472	17.098
1.271	15.472	17.104
@
1.274	15.469	17.161
1.274	15.469	17.167
@
1.274	15.470	17.135
1.274	15.470	17.162
1.274	15.470	17.162
@
1.280	15.471	17.252
1.280	15.471	17.261
@
1.288	15.469	17.348
1.288	15.469	17.369
@
1.289	15.468	17.373
1.289	15.468	17.377
@
1.289	15.470	17.371
1.289	15.470	17.384
@
1.290	15.468	17.384
1.290	15.468	17.387
1.290	15.468	17.391
@
1.295	15.468	17.448
1.295	15.468	17.463
@
1.302	15.465	17.548
1.302	15.465	17.557
@
1.302	15.467	17.547
1.302	15.467	17.553
@
1.340	15.459	18.097
1.340	15.459	18.115
@
1.341	15.461	18.119
1.341	15.461	18.122
1.341	15.461	18.127
@
1.343	15.461	18.141
1.343	15.461	18.146
@
1.344	15.457	18.162
1.344	15.457	18.173
@
1.346	15.459	18.185
1.346	15.459	18.202
@
1.358	15.457	18.364
1.358	15.457	18.378
@
1.364	15.456	18.451
1.364	15.456	18.462
@
1.376	15.453	18.654
1.376	15.453	18.663
@
1.405	15.453	19.055
1.405	15.453	19.058
@
1.409	15.451	19.101
1.409	15.451	19.104
1.409	15.451	19.113
@
1.409	15.452	19.095
1.409	15.452	19.098
@
1.414	15.451	19.156
1.414	15.451	19.184
@
1.434	15.448	19.451
1.434	15.448	19.466
@
1.436	15.447	19.490
1.436	15.447	19.531
@
1.436	15.449	19.502
1.436	15.449	19.516
@
1.439	15.448	19.526
1.439	15.448	19.563
@
1.446	15.445	19.646
1.446	15.445	19.653
@
1.446	15.447	19.636
1.446	15.447	19.640
1.446	15.447	19.641
@
1.466	15.446	19.918
1.466	15.446	19.933
@
1.472	15.444	20.045
1.472	15.444	20.056
@
1.477	15.445	20.112
1.477	15.445	20.117
@
1.498	15.444	20.396
1.498	15.444	20.406
@
1.507	15.442	20.534
1.507	15.442	20.550
@
1.512	15.440	20.571
1.512	15.440	20.577
@
1.517	15.439	20.656
1.517	15.439	20.661
1.517	15.439	20.666
@
1.518	15.439	20.661
1.518	15.439	20.667
1.518	15.439	20.675
@
1.525	15.438	20.760
1.525	15.438	20.771
@
1.533	15.436	20.894
1.533	15.436	20.905
@
1.536	15.435	20.949
1.536	15.435	20.954
1.536	15.435	20.962
@
1.542	15.433	21.005
1.542	15.433	21.018
@
1.542	15.434	20.996
1.542	15.434	21.015
1.542	15.434	21.017
@
1.548	15.432	21.030
1.548	15.432	21.051
1.548	15.432	21.052
1.548	15.432	21.056
@
1.563	15.428	21.093
1.563	15.428	21.113
@
1.566	15.429	21.119
1.566	15.429	21.120
1.566	15.429	21.125
1.566	15.429	21.126
@
1.567	15.425	21.136
1.567	15.425	21.136
@
1.568	15.427	21.134
1.568	15.427	21.138
@
1.573	15.422	21.129
1.573	15.422	21.150
@
1.573	15.424	21.147
1.573	15.424	21.149
@
1.578	15.423	21.161
1.578	15.423	21.162
@
1.580	15.420	21.168
1.580	15.420	21.169
1.580	15.420	21.169
@
1.581	15.418	21.169
1.581	15.418	21.170
@
1.587	15.417	21.185
1.587	15.417	21.185
@
1.597	15.411	21.207
1.597	15.411	21.210
@
1.598	15.410	21.216
1.598	15.410	21.216
@
1.598	15.412	21.213
1.598	15.412	21.219
@
1.598	15.413	21.195
1.598	15.413	21.214
@
1.602	15.409	21.225
1.602	15.409	21.227
@
1.608	15.406	21.226
1.608	15.406	21.237
@
1.610	15.406	21.243
1.610	15.406	21.244
@
1.616	15.400	21.260
1.616	15.400	21.264
@
1.616	15.401	21.242
1.616	15.401	21.261
@
1.616	15.402	21.261
1.616	15.402	21.262
@
1.616	15.403	21.255
1.616	15.403	21.263
@
1.619	15.396	21.266
1.619	15.396	21.269
@
1.631	15.389	21.266
1.631	15.389	21.267
@
1.634	15.386	21.267
1.634	15.386	21.269
@
1.636	15.382	21.267
1.636	15.382	21.270
@
1.637	15.381	21.247
1.637	15.381	21.269
@
1.639	15.374	21.267
1.639	15.374	21.270
@
1.647	15.361	21.267
1.647	15.361	21.268
@
1.647	15.365	21.267
1.647	15.365	21.267
@
1.648	15.360	21.267
1.648	15.360	21.269
@
1.649	15.281	21.267
1.649	15.281	21.268
@
1.649	15.324	21.268
1.649	15.324	21.269
@
1.649	15.330	21.266
1.649	15.330	21.266
@
1.649	15.340	21.267
1.649	15.340	21.270
@
1.649	15.342	21.266
1.649	15.342	21.269
@
1.649	15.345	21.266
1.649	15.345	21.266
@
1.649	15.349	21.245
1.649	15.349	21.267
@
1.649	15.356	21.267
1.649	15.356	21.267
@
1.650	15.009	21.266
1.650	15.009	21.266
@
1.650	15.137	21.264
1.650	15.137	21.267
