5.681	15.565	0.383
5.681	15.565	0.391
5.681	15.565	0.392
5.681	15.565	0.403
5.681	15.565	0.404
5.681	15.565	0.404
5.681	15.565	0.405
@
5.681	15.566	0.366
5.681	15.566	0.407
@
5.681	15.567	0.367
5.681	15.567	0.380
5.681	15.567	0.387
5.681	15.567	0.389
5.681	15.567	0.408
@
5.681	15.568	0.366
5.681	15.568	0.366
5.681	15.568	0.366
5.681	15.568	0.367
5.681	15.568	0.367
5.681	15.568	0.373
5.681	15.568	0.378
@
5.681	15.569	0.366
5.681	15.569	0.367
5.681	15.569	0.369
@
5.681	15.570	0.366
5.681	15.570	0.367
@
5.682	15.564	0.383
5.682	15.564	0.393
5.682	15.564	0.407
@
5.682	15.565	0.381
5.682	15.565	0.391
5.682	15.565	0.408
@
5.682	15.566	0.379
5.682	15.566	0.380
5.682	15.566	0.382
5.682	15.566	0.384
5.682	15.566	0.384
5.682	15.566	0.392
5.682	15.566	0.393
5.682	15.566	0.395
5.682	15.566	0.398
@
5.682	15.567	0.366
5.682	15.567	0.366
5.682	15.567	0.366
5.682	15.567	0.372
5.682	15.567	0.374
5.682	15.567	0.380
5.682	15.567	0.385
5.682	15.567	0.390
5.682	15.567	0.393
@
5.682	15.568	0.366
5.682	15.568	0.367
5.682	15.568	0.368
5.682	15.568	0.370
5.682	15.568	0.375
5.682	15.568	0.378
5.682	15.568	0.384
5.682	15.568	0.398
@
5.682	15.569	0.366
5.682	15.569	0.366
5.682	15.569	0.366
5.682	15.569	0.369
5.682	15.569	0.377
@
5.682	15.570	0.366
5.682	15.570	0.366
@
5.683	15.564	0.382
5.683	15.564	0.399
@
5.683	15.567	0.376
5.683	15.567	0.388
5.683	15.567	0.399
@
5.683	15.569	0.366
5.683	15.569	0.370
@
5.701	15.563	0.414
5.701	15.563	0.414
5.701	15.563	0.414
@
5.701	15.565	0.414
5.701	15.565	0.414
@
5.703	15.564	0.414
5.703	15.564	0.414
@
5.707	15.563	0.416
5.707	15.563	0.416
@
5.768	15.562	0.441
5.768	15.562	0.441
@
5.774	15.561	0.443
5.774	15.561	0.444
5.774	15.561	0.444
5.774	15.561	0.444
@
5.786	15.561	0.447
5.786	15.561	0.447
5.786	15.561	0.447
@
5.811	15.560	0.457
5.811	15.560	0.457
@
5.814	15.559	0.458
5.814	15.559	0.458
@
5.859	15.559	0.472
5.859	15.559	0.472
@
5.859	15.561	0.472
5.859	15.561	0.472
@
5.884	15.558	0.477
5.884	15.558	0.478
@
5.963	15.558	0.490
5.963	15.558	0.490
@
6.420	15.554	0.521
6.420	15.554	0.521
@
6.889	15.547	0.554
6.889	15.547	0.554
@
6.889	15.548	0.554
6.889	15.548	0.554
@
6.909	15.549	0.555
6.909	15.549	0.556
@
7.039	15.548	0.566
7.039	15.548	0.566
@
7.129	15.545	0.571
7.129	15.545	0.571
@
7.324	15.543	0.584
7.324	15.543	0.584
@
7.556	15.545	0.600
7.556	15.545	0.601
@
8.179	15.539	0.645
8.179	15.539	0.645
@
8.239	15.541	0.649
8.239	15.541	0.649
@
8.303	15.540	0.654
8.303	15.540	0.654
@
8.308	15.539	0.654
8.308	15.539	0.654
@
9.091	15.533	0.709
9.091	15.533	0.709
@
9.094	15.531	0.709
9.094	15.531	0.709
@
9.241	15.529	0.718
9.241	15.529	0.718
@
10.941	15.521	0.838
10.941	15.521	0.839
@
11.890	15.513	0.905
11.890	15.513	0.906
@
11.900	15.514	0.906
11.900	15.514	0.906
11.900	15.514	0.906
@
11.901	15.513	0.906
11.901	15.513	0.906
@
13.449	15.500	1.014
13.449	15.500	1.014
@
13.600	15.500	1.025
13.600	15.500	1.026
@
14.685	15.490	1.098
14.685	15.490	1.098
@
15.207	15.485	1.134
15.207	15.485	1.135
@
15.991	15.481	1.192
15.991	15.481	1.192
@
15.992	15.481	1.192
15.992	15.481	1.192
@
16.174	15.479	1.203
16.174	15.479	1.203
@
16.342	15.477	1.216
16.342	15.477	1.216
@
17.162	15.470	1.274
17.162	15.470	1.274
@
20.661	15.439	1.517
20.661	15.439	1.518
@
21.136	15.425	1.567
21.136	15.425	1.567
@
21.162	15.423	1.578
21.162	15.423	1.580
@
21.169	15.419	1.580
21.169	15.419	1.581
@
21.169	15.420	1.580
21.169	15.420	1.580
@
21.179	15.417	1.585
21.179	15.417	1.589
@
21.185	15.417	1.587
21.185	15.417	1.587
@
21.216	15.410	1.598
21.216	15.410	1.598
@
21.248	15.404	1.611
21.248	15.404	1.614
@
21.252	15.401	1.615
21.252	15.401	1.617
@
21.266	15.009	1.650
21.266	15.009	1.650
@
21.266	15.330	1.649
21.266	15.330	1.649
@
21.266	15.345	1.649
21.266	15.345	1.649
@
21.266	15.387	1.630
21.266	15.387	1.634
@
21.267	15.356	1.649
21.267	15.356	1.649
@
21.267	15.365	1.647
21.267	15.365	1.647
@
21.267	15.394	1.624
21.267	15.394	1.627
@
21.269	15.353	1.649
21.269	15.353	1.650
