0.367	15.542	5.681
0.367	15.542	5.681
0.367	15.542	5.682
0.367	15.542	5.682
@
0.367	15.543	5.681
0.367	15.543	5.681
0.367	15.543	5.682
@
0.367	15.544	5.681
0.367	15.544	5.681
@
0.369	15.539	5.681
0.369	15.539	5.682
0.369	15.539	5.682
0.369	15.539	5.683
@
0.370	15.538	5.681
0.370	15.538	5.682
0.370	15.538	5.682
@
0.373	15.535	5.681
0.373	15.535	5.682
0.373	15.535	5.682
@
0.374	15.534	5.682
0.374	15.534	5.683
@
0.379	15.533	5.682
0.379	15.533	5.682
@
0.390	15.528	5.682
0.390	15.528	5.682
0.390	15.528	5.683
@
0.390	15.529	5.682
0.390	15.529	5.682
@
0.390	15.530	5.681
0.390	15.530	5.681
@
0.394	15.527	5.682
0.394	15.527	5.683
@
0.404	15.524	5.680
0.404	15.524	5.681
@
0.409	15.525	5.681
0.409	15.525	5.681
@
0.410	15.525	5.681
0.410	15.525	5.682
@
0.412	15.524	5.687
0.412	15.524	5.688
0.412	15.524	5.689
@
0.413	15.523	5.689
0.413	15.523	5.690
@
0.423	15.523	5.718
0.423	15.523	5.718
0.423	15.523	5.719
0.423	15.523	5.719
@
0.423	15.524	5.718
0.423	15.524	5.719
@
0.424	15.525	5.720
0.424	15.525	5.722
0.424	15.525	5.722
@
0.430	15.524	5.735
0.430	15.524	5.737
@
0.434	15.523	5.747
0.434	15.523	5.747
@
0.434	15.525	5.746
0.434	15.525	5.747
@
0.439	15.524	5.754
0.439	15.524	5.755
@
0.439	15.525	5.754
0.439	15.525	5.758
@
0.445	15.524	5.771
0.445	15.524	5.772
@
0.445	15.526	5.771
0.445	15.526	5.772
@
0.447	15.528	5.777
0.447	15.528	5.777
0.447	15.528	5.779
0.447	15.528	5.781
@
0.449	15.528	5.783
0.449	15.528	5.784
0.449	15.528	5.784
@
0.450	15.526	5.786
0.450	15.526	5.786
@
0.450	15.528	5.786
0.450	15.528	5.786
@
0.454	15.528	5.797
0.454	15.528	5.798
@
0.458	15.527	5.805
0.458	15.527	5.805
@
0.461	15.528	5.812
0.461	15.528	5.814
0.461	15.528	5.814
@
0.461	15.529	5.813
0.461	15.529	5.814
@
0.465	15.529	5.826
0.465	15.529	5.827
@
0.476	15.532	5.859
0.476	15.532	5.861
@
0.480	15.533	5.876
0.480	15.533	5.878
0.480	15.533	5.882
@
0.482	15.532	5.886
0.482	15.532	5.892
@
0.485	15.536	5.906
0.485	15.536	5.907
@
0.500	15.536	6.066
0.500	15.536	6.077
@
0.503	15.536	6.117
0.503	15.536	6.124
@
0.508	15.538	6.188
0.508	15.538	6.189
@
0.508	15.539	6.189
0.508	15.539	6.189
0.508	15.539	6.189
0.508	15.539	6.191
0.508	15.539	6.195
@
0.515	15.542	6.288
0.515	15.542	6.292
0.515	15.542	6.299
@
0.532	15.546	6.519
0.532	15.546	6.525
@
0.537	15.547	6.592
0.537	15.547	6.603
@
0.547	15.551	6.728
0.547	15.551	6.737
@
0.555	15.554	6.846
0.555	15.554	6.860
@
0.557	15.554	6.873
0.557	15.554	6.885
@
0.562	15.555	6.946
0.562	15.555	6.954
@
0.563	15.555	6.964
0.563	15.555	6.969
@
0.567	15.556	7.020
0.567	15.556	7.029
@
0.569	15.559	7.043
0.569	15.559	7.048
@
0.570	15.557	7.063
0.570	15.557	7.064
@
0.571	15.557	7.066
0.571	15.557	7.080
@
0.586	15.561	7.273
0.586	15.561	7.288
@
0.590	15.561	7.336
0.590	15.561	7.338
@
0.591	15.562	7.343
0.591	15.562	7.349
0.591	15.562	7.355
@
0.595	15.562	7.407
0.595	15.562	7.413
@
0.608	15.565	7.585
0.608	15.565	7.593
@
0.613	15.567	7.653
0.613	15.567	7.657
@
0.617	15.567	7.703
0.617	15.567	7.711
0.617	15.567	7.715
@
0.632	15.568	7.912
0.632	15.568	7.922
0.632	15.568	7.922
@
0.754	15.580	9.610
0.754	15.580	9.636
@
0.763	15.583	9.759
0.763	15.583	9.763
0.763	15.583	9.767
@
0.778	15.583	9.949
0.778	15.583	9.950
@
0.778	15.584	9.962
0.778	15.584	9.972
@
0.804	15.587	10.351
0.804	15.587	10.352
@
0.808	15.586	10.400
0.808	15.586	10.407
@
0.825	15.590	10.655
0.825	15.590	10.666
@
0.826	15.590	10.670
0.826	15.590	10.681
@
0.835	15.592	10.803
0.835	15.592	10.808
@
0.837	15.592	10.831
0.837	15.592	10.840
@
0.842	15.592	10.904
0.842	15.592	10.917
@
0.852	15.596	11.045
0.852	15.596	11.053
@
0.857	15.597	11.117
0.857	15.597	11.124
0.857	15.597	11.126
@
0.859	15.596	11.156
0.859	15.596	11.157
@
0.859	15.597	11.154
0.859	15.597	11.157
@
0.860	15.598	11.171
0.860	15.598	11.176
@
0.865	15.597	11.235
0.865	15.597	11.237
@
0.874	15.599	11.353
0.874	15.599	11.359
@
0.882	15.600	11.455
0.882	15.600	11.472
0.882	15.600	11.485
0.882	15.600	11.489
@
0.882	15.601	11.464
0.882	15.601	11.465
0.882	15.601	11.478
@
0.896	15.602	11.677
0.896	15.602	11.686
@
0.901	15.604	11.736
0.901	15.604	11.746
@
0.910	15.605	11.867
0.910	15.605	11.867
0.910	15.605	11.868
@
0.921	15.605	12.024
0.921	15.605	12.030
@
0.922	15.605	12.048
0.922	15.605	12.051
@
0.932	15.606	12.182
0.932	15.606	12.183
@
0.940	15.607	12.287
0.940	15.607	12.303
@
0.942	15.609	12.319
0.942	15.609	12.328
@
0.953	15.607	12.489
0.953	15.607	12.497
@
0.953	15.609	12.486
0.953	15.609	12.501
@
0.954	15.610	12.516
0.954	15.610	12.524
@
0.958	15.610	12.569
0.958	15.610	12.575
@
0.961	15.610	12.612
0.961	15.610	12.622
@
0.981	15.612	12.890
0.981	15.612	12.890
@
0.981	15.613	12.891
0.981	15.613	12.894
0.981	15.613	12.908
@
0.983	15.612	12.922
0.983	15.612	12.935
@
0.987	15.613	12.982
0.987	15.613	12.985
0.987	15.613	12.988
0.987	15.613	12.998
@
0.989	15.614	13.025
0.989	15.614	13.026
@
0.993	15.615	13.063
0.993	15.615	13.084
@
0.995	15.615	13.106
0.995	15.615	13.107
@
0.998	15.615	13.131
0.998	15.615	13.147
@
0.999	15.616	13.137
0.999	15.616	13.145
@
1.000	15.616	13.160
1.000	15.616	13.170
@
1.002	15.614	13.192
1.002	15.614	13.193
@
1.002	15.615	13.204
1.002	15.615	13.204
1.002	15.615	13.208
1.002	15.615	13.208
@
1.002	15.617	13.202
1.002	15.617	13.210
@
1.018	15.618	13.417
1.018	15.618	13.428
1.018	15.618	13.428
@
1.020	15.618	13.452
1.020	15.618	13.454
1.020	15.618	13.455
1.020	15.618	13.455
1.020	15.618	13.457
1.020	15.618	13.461
1.020	15.618	13.464
@
1.021	15.620	13.468
1.021	15.620	13.476
@
1.029	15.619	13.585
1.029	15.619	13.599
@
1.034	15.619	13.644
1.034	15.619	13.657
@
1.038	15.621	13.686
1.038	15.621	13.701
@
1.043	15.621	13.786
1.043	15.621	13.788
@
1.049	15.622	13.869
1.049	15.622	13.875
1.049	15.622	13.875
@
1.052	15.622	13.925
1.052	15.622	13.928
@
1.054	15.621	13.946
1.054	15.621	13.952
@
1.070	15.625	14.160
1.070	15.625	14.167
@
1.073	15.624	14.204
1.073	15.624	14.211
@
1.082	15.625	14.347
1.082	15.625	14.357
@
1.088	15.625	14.441
1.088	15.625	14.449
@
1.099	15.626	14.579
1.099	15.626	14.584
@
1.108	15.627	14.711
1.108	15.627	14.721
@
1.118	15.630	14.866
1.118	15.630	14.868
@
1.129	15.630	15.016
1.129	15.630	15.025
@
1.129	15.631	15.022
1.129	15.631	15.027
1.129	15.631	15.029
@
1.141	15.630	15.199
1.141	15.630	15.210
@
1.142	15.629	15.210
1.142	15.629	15.213
1.142	15.629	15.222
@
1.143	15.630	15.232
1.143	15.630	15.235
@
1.145	15.633	15.260
1.145	15.633	15.263
1.145	15.633	15.277
1.145	15.633	15.281
@
1.145	15.634	15.257
1.145	15.634	15.273
@
1.146	15.632	15.294
1.146	15.632	15.297
@
1.146	15.633	15.283
1.146	15.633	15.288
@
1.148	15.633	15.308
1.148	15.633	15.309
1.148	15.633	15.320
@
1.155	15.633	15.397
1.155	15.633	15.411
@
1.158	15.633	15.442
1.158	15.633	15.442
@
1.165	15.634	15.527
1.165	15.634	15.533
@
1.176	15.637	15.696
1.176	15.637	15.703
@
1.181	15.636	15.778
1.181	15.636	15.785
@
1.214	15.639	16.227
1.214	15.639	16.255
@
1.216	15.637	16.264
1.216	15.637	16.272
@
1.217	15.638	16.284
1.217	15.638	16.292
@
1.225	15.640	16.382
1.225	15.640	16.382
1.225	15.640	16.394
@
1.235	15.642	16.526
1.235	15.642	16.532
@
1.236	15.642	16.528
1.236	15.642	16.541
@
1.241	15.641	16.609
1.241	15.641	16.626
@
1.243	15.641	16.652
1.243	15.641	16.660
@
1.244	15.642	16.663
1.244	15.642	16.666
1.244	15.642	16.675
1.244	15.642	16.675
@
1.244	15.643	16.674
1.244	15.643	16.677
@
1.252	15.644	16.796
1.252	15.644	16.803
@
1.256	15.644	16.827
1.256	15.644	16.833
@
1.258	15.644	16.847
1.258	15.644	16.852
@
1.259	15.644	16.859
1.259	15.644	16.875
@
1.272	15.644	17.049
1.272	15.644	17.053
@
1.288	15.646	17.307
1.288	15.646	17.311
@
1.301	15.646	17.474
1.301	15.646	17.484
@
1.304	15.647	17.529
1.304	15.647	17.541
@
1.306	15.648	17.560
1.306	15.648	17.568
1.306	15.648	17.578
@
1.317	15.649	17.729
1.317	15.649	17.737
@
1.319	15.649	17.749
1.319	15.649	17.756
@
1.323	15.650	17.784
1.323	15.650	17.798
@
1.350	15.650	18.219
1.350	15.650	18.221
@
1.367	15.646	18.440
1.367	15.646	18.450
@
1.371	15.645	18.508
1.371	15.645	18.513
@
1.379	15.640	18.640
1.379	15.640	18.645
@
1.386	15.630	18.719
1.386	15.630	18.727
@
1.391	15.626	18.814
1.391	15.626	18.816
@
1.393	15.623	18.825
1.393	15.623	18.839
@
1.401	15.615	18.951
1.401	15.615	18.970
@
1.402	15.613	18.976
1.402	15.613	18.987
@
1.404	15.611	19.005
1.404	15.611	19.009
@
1.411	15.609	19.102
1.411	15.609	19.127
1.411	15.609	19.139
1.411	15.609	19.145
@
1.422	15.606	19.245
1.422	15.606	19.255
@
1.426	15.602	19.332
1.426	15.602	19.339
@
1.427	15.602	19.317
1.427	15.602	19.343
@
1.429	15.602	19.345
1.429	15.602	19.360
1.429	15.602	19.360
1.429	15.602	19.360
@
1.429	15.603	19.355
1.429	15.603	19.360
@
1.430	15.600	19.379
1.430	15.600	19.397
@
1.433	15.602	19.426
1.433	15.602	19.438
@
1.462	15.601	19.851
1.462	15.601	19.870
@
1.465	15.601	19.878
1.465	15.601	19.910
1.465	15.601	19.910
1.465	15.601	19.914
@
1.465	15.602	19.904
1.465	15.602	19.910
1.465	15.602	19.910
@
1.467	15.601	19.942
1.467	15.601	19.948
@
1.468	15.602	19.959
1.468	15.602	19.972
@
1.470	15.602	19.990
1.470	15.602	19.998
1.470	15.602	20.001
@
1.473	15.602	20.043
1.473	15.602	20.046
@
1.477	15.602	20.086
1.477	15.602	20.087
@
1.477	15.603	20.074
1.477	15.603	20.097
@
1.485	15.604	20.185
1.485	15.604	20.193
@
1.497	15.606	20.391
1.497	15.606	20.398
1.497	15.606	20.399
@
1.498	15.606	20.402
1.498	15.606	20.420
@
1.499	15.605	20.421
1.499	15.605	20.429
@
1.512	15.607	20.597
1.512	15.607	20.598
@
1.512	15.608	20.591
1.512	15.608	20.597
1.512	15.608	20.601
@
1.514	15.608	20.631
1.514	15.608	20.642
@
1.521	15.609	20.733
1.521	15.609	20.737
@
1.522	15.609	20.760
1.522	15.609	20.772
@
1.525	15.611	20.784
1.525	15.611	20.795
@
1.528	15.609	20.855
1.528	15.609	20.864
@
1.529	15.612	20.881
1.529	15.612	20.884
@
1.530	15.611	20.870
1.530	15.611	20.893
1.530	15.611	20.901
@
1.531	15.611	20.906
1.531	15.611	20.914
@
1.536	15.609	20.961
1.536	15.609	20.986
1.536	15.609	20.999
@
1.539	15.612	21.017
1.539	15.612	21.021
@
1.541	15.611	21.000
1.541	15.611	21.015
@
1.543	15.611	21.027
1.543	15.611	21.035
@
1.550	15.613	21.071
1.550	15.613	21.073
@
1.559	15.615	21.109
1.559	15.615	21.114
@
1.566	15.614	21.142
1.566	15.614	21.143
@
1.567	15.618	21.143
1.567	15.618	21.146
@
1.569	15.617	21.128
1.569	15.617	21.150
@
1.571	15.616	21.149
1.571	15.616	21.155
@
1.572	15.619	21.155
1.572	15.619	21.155
@
1.574	15.617	21.156
1.574	15.617	21.159
@
1.577	15.619	21.167
1.577	15.619	21.168
@
1.579	15.618	21.173
1.579	15.618	21.174
@
1.586	15.620	21.190
1.586	15.620	21.193
@
1.590	15.620	21.203
1.590	15.620	21.207
@
1.591	15.619	21.207
1.591	15.619	21.209
@
1.591	15.621	21.204
1.591	15.621	21.208
@
1.598	15.621	21.229
1.598	15.621	21.232
@
1.604	15.623	21.240
1.604	15.623	21.243
@
1.609	15.623	21.229
1.609	15.623	21.254
1.609	15.623	21.255
@
1.613	15.623	21.264
1.613	15.623	21.265
@
1.617	15.625	21.271
1.617	15.625	21.273
@
1.621	15.625	21.247
1.621	15.625	21.268
@
1.623	15.625	21.270
1.623	15.625	21.271
@
1.625	15.625	21.269
1.625	15.625	21.269
@
1.631	15.625	21.271
1.631	15.625	21.273
@
1.641	15.626	21.271
1.641	15.626	21.273
@
1.644	15.627	21.269
1.644	15.627	21.270
@
1.644	15.628	21.268
1.644	15.628	21.268
1.644	15.628	21.269
1.644	15.628	21.269
@
1.645	15.625	21.248
1.645	15.625	21.267
@
1.645	15.626	21.262
1.645	15.626	21.269
@
1.645	15.627	21.269
1.645	15.627	21.269
1.645	15.627	21.269
1.645	15.627	21.270
1.645	15.627	21.270
@
1.645	15.628	21.267
1.645	15.628	21.267
1.645	15.628	21.270
1.645	15.628	21.271
1.645	15.628	21.273
@
1.645	15.629	21.267
1.645	15.629	21.267
1.645	15.629	21.268
1.645	15.629	21.270
@
1.646	15.628	21.247
1.646	15.628	21.267
1.646	15.628	21.268
@
1.646	15.630	21.266
1.646	15.630	21.270
