5.681	20.450	0.362
5.681	20.450	0.367
5.681	20.450	0.368
5.681	20.450	0.402
@
5.681	20.451	0.362
5.681	20.451	0.362
5.681	20.451	0.401
@
5.681	20.452	0.362
5.681	20.452	0.370
5.681	20.452	0.371
@
5.681	20.453	0.362
5.681	20.453	0.376
5.681	20.453	0.401
5.681	20.453	0.404
@
5.682	20.448	0.362
5.682	20.448	0.362
5.682	20.448	0.404
@
5.682	20.449	0.362
5.682	20.449	0.362
5.682	20.449	0.362
5.682	20.449	0.362
5.682	20.449	0.362
5.682	20.449	0.381
5.682	20.449	0.403
5.682	20.449	0.403
@
5.682	20.450	0.362
5.682	20.450	0.363
5.682	20.450	0.363
5.682	20.450	0.369
5.682	20.450	0.372
5.682	20.450	0.373
5.682	20.450	0.374
5.682	20.450	0.378
5.682	20.450	0.380
5.682	20.450	0.386
5.682	20.450	0.390
5.682	20.450	0.390
5.682	20.450	0.391
5.682	20.450	0.393
5.682	20.450	0.400
5.682	20.450	0.402
5.682	20.450	0.403
5.682	20.450	0.404
@
5.682	20.451	0.362
5.682	20.451	0.362
5.682	20.451	0.362
5.682	20.451	0.365
5.682	20.451	0.366
5.682	20.451	0.366
5.682	20.451	0.367
5.682	20.451	0.368
5.682	20.451	0.369
5.682	20.451	0.371
5.682	20.451	0.371
5.682	20.451	0.372
5.682	20.451	0.374
5.682	20.451	0.377
5.682	20.451	0.379
5.682	20.451	0.379
5.682	20.451	0.380
5.682	20.451	0.383
5.682	20.451	0.384
5.682	20.451	0.385
5.682	20.451	0.388
5.682	20.451	0.388
5.682	20.451	0.392
5.682	20.451	0.394
5.682	20.451	0.397
5.682	20.451	0.399
5.682	20.451	0.402
@
5.682	20.452	0.362
5.682	20.452	0.365
5.682	20.452	0.371
5.682	20.452	0.371
5.682	20.452	0.371
5.682	20.452	0.374
5.682	20.452	0.375
5.682	20.452	0.377
5.682	20.452	0.380
5.682	20.452	0.382
5.682	20.452	0.385
5.682	20.452	0.388
5.682	20.452	0.388
5.682	20.452	0.389
5.682	20.452	0.389
5.682	20.452	0.390
5.682	20.452	0.393
5.682	20.452	0.395
5.682	20.452	0.398
5.682	20.452	0.399
5.682	20.452	0.401
@
5.682	20.453	0.364
5.682	20.453	0.372
5.682	20.453	0.379
@
5.682	20.454	0.363
5.682	20.454	0.396
@
5.683	20.448	0.362
5.683	20.448	0.395
5.683	20.448	0.405
@
5.683	20.449	0.369
5.683	20.449	0.382
5.683	20.449	0.382
5.683	20.449	0.389
5.683	20.449	0.392
5.683	20.449	0.394
5.683	20.449	0.394
5.683	20.449	0.400
@
5.683	20.450	0.363
5.683	20.450	0.388
5.683	20.450	0.388
5.683	20.450	0.391
5.683	20.450	0.391
5.683	20.450	0.394
@
5.683	20.451	0.387
5.683	20.451	0.388
5.683	20.451	0.388
5.683	20.451	0.391
5.683	20.451	0.395
5.683	20.451	0.397
5.683	20.451	0.398
@
5.683	20.452	0.376
5.683	20.452	0.388
@
5.688	20.452	0.406
5.688	20.452	0.406
@
5.693	20.451	0.408
5.693	20.451	0.408
@
5.695	20.451	0.408
5.695	20.451	0.409
@
5.713	20.449	0.415
5.713	20.449	0.416
@
5.713	20.452	0.416
5.713	20.452	0.416
5.713	20.452	0.416
@
5.725	20.450	0.420
5.725	20.450	0.420
@
5.737	20.448	0.424
5.737	20.448	0.425
@
5.737	20.450	0.424
5.737	20.450	0.425
@
5.738	20.450	0.425
5.738	20.450	0.425
@
5.739	20.449	0.425
5.739	20.449	0.425
5.739	20.449	0.425
@
5.748	20.450	0.428
5.748	20.450	0.428
@
5.750	20.452	0.429
5.750	20.452	0.430
@
5.753	20.449	0.431
5.753	20.449	0.432
@
5.762	20.450	0.434
5.762	20.450	0.434
@
5.772	20.449	0.439
5.772	20.449	0.439
@
5.783	20.449	0.442
5.783	20.449	0.443
@
5.795	20.449	0.447
5.795	20.449	0.447
@
5.798	20.451	0.448
5.798	20.451	0.448
@
5.811	20.450	0.452
5.811	20.450	0.453
@
5.811	20.451	0.452
5.811	20.451	0.453
@
5.812	20.451	0.454
5.812	20.451	0.454
@
5.822	20.452	0.456
5.822	20.452	0.456
@
5.823	20.451	0.457
5.823	20.451	0.457
@
5.828	20.450	0.458
5.828	20.450	0.459
@
5.859	20.452	0.467
5.859	20.452	0.468
@
5.872	20.451	0.470
5.872	20.451	0.471
@
5.884	20.451	0.473
5.884	20.451	0.473
@
5.884	20.452	0.474
5.884	20.452	0.474
@
5.974	20.452	0.486
5.974	20.452	0.486
5.974	20.452	0.486
@
6.042	20.451	0.490
6.042	20.451	0.490
@
6.127	20.452	0.495
6.127	20.452	0.496
@
6.128	20.450	0.495
6.128	20.450	0.496
@
9.167	20.456	0.708
9.167	20.456	0.708
@
9.509	20.459	0.732
9.509	20.459	0.732
9.509	20.459	0.732
@
9.949	20.459	0.761
9.949	20.459	0.762
@
10.144	20.460	0.775
10.144	20.460	0.775
10.144	20.460	0.775
@
10.181	20.463	0.777
10.181	20.463	0.777
@
10.594	20.465	0.806
10.594	20.465	0.807
@
10.798	20.465	0.820
10.798	20.465	0.820
@
10.801	20.466	0.820
10.801	20.466	0.820
10.801	20.466	0.820
@
11.023	20.468	0.835
11.023	20.468	0.835
@
11.765	20.470	0.887
11.765	20.470	0.887
@
12.976	20.476	0.967
12.976	20.476	0.967
@
12.984	20.476	0.967
12.984	20.476	0.967
@
13.025	20.476	0.969
13.025	20.476	0.969
@
13.043	20.477	0.971
13.043	20.477	0.972
@
14.136	20.479	1.046
14.136	20.479	1.046
@
14.355	20.480	1.060
14.355	20.480	1.060
@
14.392	20.482	1.062
14.392	20.482	1.062
@
15.442	20.484	1.134
15.442	20.484	1.136
@
15.506	20.484	1.139
15.506	20.484	1.139
@
15.903	20.485	1.166
15.903	20.485	1.167
@
15.907	20.485	1.167
15.907	20.485	1.168
@
16.492	20.486	1.207
16.492	20.486	1.207
@
16.661	20.487	1.217
16.661	20.487	1.218
16.661	20.487	1.218
@
17.045	20.486	1.245
17.045	20.486	1.246
@
17.053	20.487	1.246
17.053	20.487	1.246
@
17.162	20.488	1.251
17.162	20.488	1.251
@
17.809	20.491	1.298
17.809	20.491	1.299
@
20.220	20.493	1.459
20.220	20.493	1.460
@
20.574	20.496	1.481
20.574	20.496	1.482
@
21.021	20.496	1.510
21.021	20.496	1.511
@
21.058	20.496	1.518
21.058	20.496	1.519
@
21.082	20.495	1.524
21.082	20.495	1.527
@
21.106	20.498	1.528
21.106	20.498	1.529
@
21.130	20.495	1.534
21.130	20.495	1.535
@
21.147	20.497	1.539
21.147	20.497	1.542
@
21.184	20.496	1.560
21.184	20.496	1.563
@
21.188	20.497	1.556
21.188	20.497	1.556
@
21.195	20.497	1.558
21.195	20.497	1.559
@
21.195	20.498	1.557
21.195	20.498	1.559
21.195	20.498	1.559
@
21.204	20.498	1.561
21.204	20.498	1.561
21.204	20.498	1.562
@
21.204	20.499	1.560
21.204	20.499	1.561
@
21.239	20.498	1.573
21.239	20.498	1.583
@
21.252	20.497	1.578
21.252	20.497	1.579
@
21.253	20.499	1.579
21.253	20.499	1.588
@
21.255	20.498	1.578
21.255	20.498	1.580
21.255	20.498	1.589
21.255	20.498	1.600
@
21.258	20.498	1.581
21.258	20.498	1.581
@
21.260	20.499	1.601
21.260	20.499	1.615
@
21.265	20.498	1.613
21.265	20.498	1.615
@
21.266	20.499	1.615
21.266	20.499	1.615
21.266	20.499	1.615
@
21.268	20.499	1.614
21.268	20.499	1.615
@
21.268	20.500	1.615
21.268	20.500	1.615
21.268	20.500	1.615
@
21.269	20.498	1.589
21.269	20.498	1.603
21.269	20.498	1.611
21.269	20.498	1.614
@
21.269	20.499	1.590
21.269	20.499	1.590
21.269	20.499	1.590
21.269	20.499	1.612
21.269	20.499	1.614
21.269	20.499	1.615
21.269	20.499	1.615
21.269	20.499	1.615
@
21.269	20.501	1.614
21.269	20.501	1.615
@
21.270	20.498	1.586
21.270	20.498	1.587
21.270	20.498	1.587
21.270	20.498	1.589
21.270	20.498	1.591
21.270	20.498	1.598
21.270	20.498	1.598
21.270	20.498	1.614
21.270	20.498	1.615
21.270	20.498	1.615
21.270	20.498	1.615
@
21.270	20.499	1.586
21.270	20.499	1.586
21.270	20.499	1.605
21.270	20.499	1.611
21.270	20.499	1.613
@
21.270	20.500	1.591
21.270	20.500	1.615
21.270	20.500	1.615
@
21.271	20.497	1.588
21.271	20.497	1.592
21.271	20.497	1.597
@
21.271	20.498	1.585
21.271	20.498	1.590
21.271	20.498	1.592
21.271	20.498	1.611
@
21.271	20.499	1.597
21.271	20.499	1.598
21.271	20.499	1.599
21.271	20.499	1.599
21.271	20.499	1.607
21.271	20.499	1.611
@
21.271	20.500	1.588
21.271	20.500	1.595
21.271	20.500	1.604
@
21.271	20.501	1.601
21.271	20.501	1.610
@
21.272	20.498	1.589
21.272	20.498	1.602
21.272	20.498	1.611
@
21.272	20.499	1.593
21.272	20.499	1.594
21.272	20.499	1.595
21.272	20.499	1.596
21.272	20.499	1.597
21.272	20.499	1.598
21.272	20.499	1.598
21.272	20.499	1.602
