0.361	20.448	5.682
0.361	20.448	5.682
@
0.361	20.449	5.682
0.361	20.449	5.682
@
0.361	20.450	5.681
0.361	20.450	5.682
0.361	20.450	5.682
0.361	20.450	5.683
0.361	20.450	5.683
@
0.362	20.448	5.682
0.362	20.448	5.683
@
0.362	20.449	5.682
0.362	20.449	5.682
@
0.362	20.452	5.682
0.362	20.452	5.682
@
0.363	20.449	5.682
0.363	20.449	5.682
0.363	20.449	5.682
@
0.363	20.450	5.681
0.363	20.450	5.682
@
0.369	20.449	5.682
0.369	20.449	5.682
@
0.369	20.451	5.682
0.369	20.451	5.682
0.369	20.451	5.682
0.369	20.451	5.682
0.369	20.451	5.683
@
0.377	20.451	5.682
0.377	20.451	5.682
@
0.384	20.450	5.682
0.384	20.450	5.683
@
0.385	20.452	5.681
0.385	20.452	5.682
@
0.391	20.453	5.682
0.391	20.453	5.683
@
0.395	20.452	5.682
0.395	20.452	5.683
@
0.396	20.451	5.683
0.396	20.451	5.683
@
0.398	20.451	5.682
0.398	20.451	5.682
0.398	20.451	5.683
@
0.398	20.453	5.682
0.398	20.453	5.683
@
0.399	20.451	5.683
0.399	20.451	5.683
@
0.399	20.452	5.683
0.399	20.452	5.684
@
0.406	20.452	5.694
0.406	20.452	5.697
@
0.409	20.450	5.704
0.409	20.450	5.706
@
0.416	20.451	5.721
0.416	20.451	5.722
@
0.417	20.451	5.724
0.417	20.451	5.725
@
0.429	20.452	5.750
0.429	20.452	5.753
@
0.436	20.452	5.773
0.436	20.452	5.774
@
0.451	20.450	5.811
0.451	20.450	5.812
@
0.452	20.451	5.813
0.452	20.451	5.815
@
0.452	20.452	5.813
0.452	20.452	5.814
0.452	20.452	5.815
@
0.458	20.452	5.834
0.458	20.452	5.835
@
0.464	20.452	5.857
0.464	20.452	5.858
@
0.466	20.454	5.861
0.466	20.454	5.864
@
0.467	20.453	5.866
0.467	20.453	5.870
@
0.474	20.453	5.908
0.474	20.453	5.908
@
0.477	20.453	5.927
0.477	20.453	5.930
@
0.483	20.453	5.969
0.483	20.453	5.972
0.483	20.453	5.974
@
0.484	20.452	5.978
0.484	20.452	5.991
@
0.490	20.453	6.075
0.490	20.453	6.084
@
0.492	20.451	6.100
0.492	20.451	6.113
@
0.495	20.452	6.146
0.495	20.452	6.152
@
0.496	20.452	6.164
0.496	20.452	6.172
@
0.499	20.453	6.213
0.499	20.453	6.215
@
0.505	20.456	6.307
0.505	20.456	6.312
@
0.506	20.454	6.322
0.506	20.454	6.331
@
0.509	20.453	6.361
0.509	20.453	6.363
@
0.512	20.454	6.384
0.512	20.454	6.402
@
0.512	20.455	6.385
0.512	20.455	6.387
0.512	20.455	6.392
0.512	20.455	6.396
0.512	20.455	6.396
@
0.513	20.454	6.411
0.513	20.454	6.419
0.513	20.454	6.421
@
0.514	20.454	6.421
0.514	20.454	6.422
@
0.515	20.455	6.432
0.515	20.455	6.442
@
0.515	20.457	6.432
0.515	20.457	6.432
@
0.517	20.455	6.463
0.517	20.455	6.464
0.517	20.455	6.464
0.517	20.455	6.465
@
0.518	20.453	6.473
0.518	20.453	6.482
@
0.521	20.455	6.515
0.521	20.455	6.519
0.521	20.455	6.526
@
0.524	20.455	6.567
0.524	20.455	6.573
0.524	20.455	6.580
@
0.525	20.455	6.581
0.525	20.455	6.590
@
0.526	20.455	6.600
0.526	20.455	6.608
@
0.527	20.455	6.616
0.527	20.455	6.622
@
0.531	20.456	6.677
0.531	20.456	6.681
@
0.532	20.454	6.687
0.532	20.454	6.705
@
0.546	20.455	6.897
0.546	20.455	6.909
@
0.546	20.456	6.895
0.546	20.456	6.898
0.546	20.456	6.898
@
0.547	20.453	6.909
0.547	20.453	6.909
@
0.547	20.455	6.909
0.547	20.455	6.909
0.547	20.455	6.910
@
0.548	20.454	6.918
0.548	20.454	6.920
@
0.548	20.455	6.916
0.548	20.455	6.917
0.548	20.455	6.926
@
0.552	20.456	6.983
0.552	20.456	6.989
@
0.553	20.454	6.995
0.553	20.454	7.003
@
0.553	20.455	6.994
0.553	20.455	6.999
@
0.553	20.456	6.994
0.553	20.456	6.995
@
0.554	20.454	7.009
0.554	20.454	7.013
@
0.556	20.458	7.039
0.556	20.458	7.040
@
0.559	20.456	7.076
0.559	20.456	7.080
@
0.561	20.455	7.104
0.561	20.455	7.104
@
0.561	20.456	7.109
0.561	20.456	7.117
@
0.564	20.457	7.138
0.564	20.457	7.152
@
0.565	20.455	7.163
0.565	20.455	7.167
@
0.565	20.456	7.155
0.565	20.456	7.173
@
0.565	20.457	7.168
0.565	20.457	7.176
@
0.566	20.456	7.178
0.566	20.456	7.178
0.566	20.456	7.178
0.566	20.456	7.192
0.566	20.456	7.198
@
0.576	20.456	7.331
0.576	20.456	7.342
@
0.577	20.457	7.349
0.577	20.457	7.349
@
0.579	20.455	7.361
0.579	20.455	7.361
@
0.579	20.457	7.359
0.579	20.457	7.361
0.579	20.457	7.361
0.579	20.457	7.361
@
0.581	20.457	7.387
0.581	20.457	7.394
@
0.583	20.456	7.416
0.583	20.456	7.424
@
0.583	20.457	7.420
0.583	20.457	7.422
0.583	20.457	7.430
@
0.588	20.457	7.503
0.588	20.457	7.507
@
0.588	20.458	7.495
0.588	20.458	7.505
0.588	20.458	7.506
@
0.593	20.460	7.569
0.593	20.460	7.577
@
0.597	20.458	7.622
0.597	20.458	7.633
@
0.598	20.458	7.643
0.598	20.458	7.649
@
0.599	20.457	7.654
0.599	20.457	7.660
0.599	20.457	7.662
@
0.599	20.459	7.666
0.599	20.459	7.676
@
0.602	20.457	7.714
0.602	20.457	7.724
@
0.604	20.457	7.741
0.604	20.457	7.752
@
0.605	20.458	7.764
0.605	20.458	7.764
@
0.607	20.459	7.780
0.607	20.459	7.785
@
0.610	20.458	7.810
0.610	20.458	7.812
@
0.610	20.459	7.812
0.610	20.459	7.812
@
0.613	20.461	7.855
0.613	20.461	7.862
@
0.624	20.460	8.020
0.624	20.460	8.029
@
0.625	20.458	8.036
0.625	20.458	8.044
@
0.631	20.457	8.127
0.631	20.457	8.133
@
0.637	20.461	8.215
0.637	20.461	8.219
@
0.638	20.460	8.231
0.638	20.460	8.240
@
0.639	20.460	8.244
0.639	20.460	8.248
0.639	20.460	8.251
0.639	20.460	8.251
0.639	20.460	8.252
@
0.647	20.460	8.342
0.647	20.460	8.348
0.647	20.460	8.350
@
0.651	20.460	8.400
0.651	20.460	8.411
0.651	20.460	8.418
@
0.658	20.460	8.512
0.658	20.460	8.532
@
0.662	20.460	8.566
0.662	20.460	8.581
@
0.666	20.460	8.649
0.666	20.460	8.655
@
0.666	20.463	8.643
0.666	20.463	8.643
@
0.667	20.462	8.658
0.667	20.462	8.667
@
0.669	20.461	8.695
0.669	20.461	8.704
@
0.675	20.461	8.775
0.675	20.461	8.777
@
0.683	20.464	8.881
0.683	20.464	8.887
@
0.691	20.463	8.996
0.691	20.463	9.004
@
0.699	20.462	9.126
0.699	20.462	9.131
0.699	20.462	9.139
0.699	20.462	9.143
@
0.699	20.463	9.141
0.699	20.463	9.143
@
0.700	20.462	9.146
0.700	20.462	9.154
0.700	20.462	9.158
@
0.707	20.464	9.241
0.707	20.464	9.245
@
0.710	20.464	9.277
0.710	20.464	9.277
@
0.714	20.464	9.326
0.714	20.464	9.326
@
0.717	20.465	9.383
0.717	20.465	9.395
@
0.723	20.465	9.453
0.723	20.465	9.460
@
0.728	20.464	9.544
0.728	20.464	9.557
@
0.732	20.464	9.598
0.732	20.464	9.604
@
0.732	20.465	9.595
0.732	20.465	9.595
@
0.733	20.463	9.607
0.733	20.463	9.614
@
0.733	20.465	9.609
0.733	20.465	9.611
0.733	20.465	9.612
0.733	20.465	9.612
@
0.733	20.466	9.612
0.733	20.466	9.613
@
0.735	20.466	9.645
0.735	20.466	9.648
@
0.738	20.466	9.680
0.738	20.466	9.680
@
0.742	20.464	9.741
0.742	20.464	9.744
@
0.743	20.464	9.754
0.743	20.464	9.754
@
0.744	20.465	9.765
0.744	20.465	9.774
@
0.749	20.467	9.837
0.749	20.467	9.842
@
0.750	20.465	9.863
0.750	20.465	9.868
@
0.751	20.466	9.874
0.751	20.466	9.885
@
0.758	20.466	9.976
0.758	20.466	9.988
@
0.760	20.468	10.012
0.760	20.468	10.019
@
0.762	20.465	10.035
0.762	20.465	10.041
@
0.762	20.466	10.042
0.762	20.466	10.049
@
0.762	20.468	10.037
0.762	20.468	10.045
@
0.763	20.467	10.061
0.763	20.467	10.064
@
0.763	20.468	10.060
0.763	20.468	10.067
@
0.769	20.467	10.137
0.769	20.467	10.144
@
0.776	20.469	10.227
0.776	20.469	10.239
@
0.778	20.469	10.260
0.778	20.469	10.264
0.778	20.469	10.269
@
0.788	20.468	10.425
0.788	20.468	10.435
@
0.795	20.469	10.517
0.795	20.469	10.522
@
0.796	20.469	10.535
0.796	20.469	10.536
0.796	20.469	10.543
@
0.797	20.470	10.548
0.797	20.470	10.556
@
0.801	20.469	10.591
0.801	20.469	10.601
0.801	20.469	10.602
0.801	20.469	10.605
@
0.802	20.469	10.610
0.802	20.469	10.615
@
0.804	20.468	10.632
0.804	20.468	10.640
@
0.806	20.469	10.661
0.806	20.469	10.668
0.806	20.469	10.671
@
0.807	20.470	10.677
0.807	20.470	10.679
@
0.812	20.468	10.755
0.812	20.468	10.760
@
0.819	20.471	10.873
0.819	20.471	10.878
@
0.820	20.470	10.888
0.820	20.470	10.894
0.820	20.470	10.900
@
0.821	20.469	10.901
0.821	20.469	10.913
@
0.825	20.472	10.963
0.825	20.472	10.964
0.825	20.472	10.982
@
0.834	20.470	11.089
0.834	20.470	11.096
@
0.834	20.471	11.094
0.834	20.471	11.096
@
0.834	20.472	11.090
0.834	20.472	11.095
@
0.834	20.473	11.096
0.834	20.473	11.096
0.834	20.473	11.096
@
0.834	20.474	11.091
0.834	20.474	11.096
@
0.835	20.473	11.096
0.835	20.473	11.096
0.835	20.473	11.107
@
0.837	20.472	11.125
0.837	20.472	11.128
@
0.847	20.473	11.276
0.847	20.473	11.279
0.847	20.473	11.281
0.847	20.473	11.288
@
0.848	20.471	11.295
0.848	20.471	11.296
@
0.853	20.473	11.365
0.853	20.473	11.366
0.853	20.473	11.372
@
0.853	20.474	11.361
0.853	20.474	11.365
0.853	20.474	11.375
@
0.854	20.472	11.380
0.854	20.472	11.384
@
0.854	20.474	11.377
0.854	20.474	11.384
0.854	20.474	11.386
@
0.854	20.475	11.384
0.854	20.475	11.389
@
0.855	20.473	11.389
0.855	20.473	11.399
0.855	20.473	11.403
@
0.856	20.474	11.406
0.856	20.474	11.424
0.856	20.474	11.426
@
0.857	20.475	11.435
0.857	20.475	11.440
@
0.857	20.476	11.439
0.857	20.476	11.440
@
0.858	20.474	11.444
0.858	20.474	11.446
@
0.862	20.475	11.512
0.862	20.475	11.515
@
0.863	20.474	11.516
0.863	20.474	11.519
@
0.869	20.475	11.584
0.869	20.475	11.595
@
0.869	20.476	11.579
0.869	20.476	11.585
@
0.870	20.476	11.599
0.870	20.476	11.612
@
0.872	20.475	11.642
0.872	20.475	11.647
@
0.873	20.475	11.654
0.873	20.475	11.662
@
0.874	20.477	11.663
0.874	20.477	11.675
@
0.876	20.475	11.695
0.876	20.475	11.704
@
0.884	20.477	11.825
0.884	20.477	11.829
@
0.888	20.477	11.878
0.888	20.477	11.890
0.888	20.477	11.893
@
0.890	20.476	11.914
0.890	20.476	11.914
0.890	20.476	11.916
@
0.891	20.477	11.925
0.891	20.477	11.934
@
0.899	20.476	12.029
0.899	20.476	12.034
@
0.902	20.474	12.075
0.902	20.474	12.076
@
0.902	20.476	12.070
0.902	20.476	12.081
@
0.905	20.476	12.120
0.905	20.476	12.122
@
0.905	20.478	12.131
0.905	20.478	12.134
@
0.908	20.477	12.167
0.908	20.477	12.170
@
0.915	20.475	12.268
0.915	20.475	12.274
@
0.916	20.476	12.283
0.916	20.476	12.291
0.916	20.476	12.292
@
0.919	20.475	12.331
0.919	20.475	12.337
0.919	20.475	12.352
@
0.925	20.474	12.434
0.925	20.474	12.439
@
0.928	20.473	12.461
0.928	20.473	12.467
@
0.928	20.475	12.463
0.928	20.475	12.474
@
0.939	20.473	12.622
0.939	20.473	12.636
@
0.942	20.473	12.665
0.942	20.473	12.672
@
0.947	20.468	12.744
0.947	20.468	12.754
@
0.947	20.469	12.749
0.947	20.469	12.751
@
0.947	20.470	12.742
0.947	20.470	12.748
0.947	20.470	12.749
0.947	20.470	12.750
0.947	20.470	12.754
@
0.947	20.471	12.749
0.947	20.471	12.749
0.947	20.471	12.751
@
0.947	20.472	12.735
0.947	20.472	12.736
@
0.949	20.468	12.776
0.949	20.468	12.781
@
0.950	20.467	12.786
0.950	20.467	12.804
@
0.950	20.469	12.788
0.950	20.469	12.796
@
0.951	20.467	12.806
0.951	20.467	12.811
@
0.952	20.465	12.824
0.952	20.465	12.832
@
0.954	20.461	12.855
0.954	20.461	12.864
0.954	20.461	12.866
0.954	20.461	12.873
@
0.956	20.460	12.873
0.956	20.460	12.887
@
0.960	20.459	12.930
0.960	20.459	12.937
@
0.961	20.458	12.941
0.961	20.458	12.943
@
0.962	20.456	12.959
0.962	20.456	12.961
@
0.963	20.453	12.964
0.963	20.453	12.977
@
0.963	20.456	12.964
0.963	20.456	12.971
0.963	20.456	12.975
@
0.964	20.452	12.983
0.964	20.452	12.986
0.964	20.452	12.988
0.964	20.452	12.988
@
0.965	20.449	13.002
0.965	20.449	13.008
@
0.966	20.446	13.021
0.966	20.446	13.030
@
0.967	20.447	13.035
0.967	20.447	13.037
@
0.971	20.440	13.084
0.971	20.440	13.099
@
0.974	20.438	13.121
0.974	20.438	13.123
@
0.976	20.430	13.159
0.976	20.430	13.165
@
0.977	20.429	13.161
0.977	20.429	13.171
@
0.978	20.423	13.198
0.978	20.423	13.198
@
0.978	20.424	13.196
0.978	20.424	13.198
@
0.978	20.426	13.187
0.978	20.426	13.190
0.978	20.426	13.193
@
0.979	20.419	13.204
0.979	20.419	13.213
@
0.980	20.420	13.220
0.980	20.420	13.222
@
0.981	20.418	13.224
0.981	20.418	13.230
@
0.985	20.418	13.281
0.985	20.418	13.287
@
0.985	20.419	13.272
0.985	20.419	13.281
@
0.986	20.418	13.304
0.986	20.418	13.310
@
0.986	20.421	13.308
0.986	20.421	13.313
@
0.988	20.417	13.332
0.988	20.417	13.337
@
0.988	20.418	13.337
0.988	20.418	13.354
@
1.000	20.417	13.508
1.000	20.417	13.509
@
1.000	20.420	13.506
1.000	20.420	13.508
@
1.008	20.418	13.611
1.008	20.418	13.618
@
1.009	20.417	13.635
1.009	20.417	13.647
@
1.011	20.417	13.680
1.011	20.417	13.682
@
1.012	20.416	13.681
1.012	20.416	13.682
@
1.012	20.419	13.669
1.012	20.419	13.682
@
1.012	20.420	13.678
1.012	20.420	13.684
@
1.013	20.419	13.688
1.013	20.419	13.697
@
1.015	20.417	13.723
1.015	20.417	13.731
@
1.015	20.418	13.731
1.015	20.418	13.731
1.015	20.418	13.743
@
1.025	20.418	13.870
1.025	20.418	13.875
@
1.026	20.419	13.881
1.026	20.419	13.883
@
1.028	20.418	13.917
1.028	20.418	13.925
@
1.031	20.419	13.967
1.031	20.419	13.977
@
1.036	20.419	14.042
1.036	20.419	14.043
@
1.037	20.418	14.048
1.037	20.418	14.051
1.037	20.418	14.054
@
1.038	20.420	14.075
1.038	20.420	14.078
@
1.038	20.421	14.053
1.038	20.421	14.069
@
1.043	20.418	14.153
1.043	20.418	14.158
@
1.043	20.420	14.140
1.043	20.420	14.144
1.043	20.420	14.151
@
1.043	20.421	14.147
1.043	20.421	14.149
@
1.048	20.422	14.209
1.048	20.422	14.214
@
1.051	20.421	14.263
1.051	20.421	14.274
@
1.055	20.420	14.327
1.055	20.420	14.327
@
1.055	20.421	14.318
1.055	20.421	14.325
@
1.057	20.420	14.343
1.057	20.420	14.344
@
1.058	20.420	14.356
1.058	20.420	14.367
@
1.058	20.421	14.355
1.058	20.421	14.361
@
1.059	20.419	14.368
1.059	20.419	14.378
1.059	20.419	14.383
@
1.060	20.419	14.388
1.060	20.419	14.393
@
1.061	20.420	14.406
1.061	20.420	14.414
@
1.064	20.421	14.464
1.064	20.421	14.469
@
1.065	20.422	14.460
1.065	20.422	14.471
1.065	20.422	14.473
1.065	20.422	14.477
@
1.065	20.423	14.461
1.065	20.423	14.484
@
1.071	20.421	14.557
1.071	20.421	14.572
@
1.071	20.422	14.551
1.071	20.422	14.554
1.071	20.422	14.560
1.071	20.422	14.565
@
1.081	20.422	14.707
1.081	20.422	14.713
@
1.088	20.422	14.807
1.088	20.422	14.810
@
1.089	20.422	14.824
1.089	20.422	14.832
@
1.089	20.423	14.815
1.089	20.423	14.817
1.089	20.423	14.819
@
1.090	20.423	14.832
1.090	20.423	14.846
@
1.093	20.424	14.868
1.093	20.424	14.877
@
1.093	20.425	14.871
1.093	20.425	14.880
@
1.094	20.422	14.885
1.094	20.422	14.898
@
1.094	20.425	14.877
1.094	20.425	14.905
@
1.096	20.422	14.927
1.096	20.422	14.929
1.096	20.422	14.930
@
1.097	20.425	14.943
1.097	20.425	14.951
@
1.100	20.424	14.978
1.100	20.424	14.981
1.100	20.424	14.983
@
1.101	20.425	14.996
1.101	20.425	15.002
@
1.102	20.425	15.006
1.102	20.425	15.015
@
1.103	20.424	15.020
1.103	20.424	15.026
1.103	20.424	15.027
1.103	20.424	15.030
@
1.104	20.426	15.039
1.104	20.426	15.041
@
1.105	20.425	15.038
1.105	20.425	15.045
1.105	20.425	15.048
1.105	20.425	15.063
@
1.105	20.427	15.057
1.105	20.427	15.059
@
1.106	20.424	15.063
1.106	20.424	15.077
@
1.106	20.426	15.065
1.106	20.426	15.081
@
1.109	20.425	15.097
1.109	20.425	15.116
@
1.110	20.424	15.134
1.110	20.424	15.139
@
1.110	20.426	15.125
1.110	20.426	15.134
@
1.111	20.426	15.137
1.111	20.426	15.149
@
1.112	20.425	15.159
1.112	20.425	15.161
1.112	20.425	15.163
@
1.115	20.427	15.206
1.115	20.427	15.210
1.115	20.427	15.213
1.115	20.427	15.214
@
1.117	20.426	15.223
1.117	20.426	15.229
1.117	20.426	15.237
@
1.117	20.427	15.218
1.117	20.427	15.230
@
1.118	20.426	15.244
1.118	20.426	15.250
@
1.119	20.428	15.251
1.119	20.428	15.257
@
1.119	20.429	15.240
1.119	20.429	15.250
@
1.120	20.427	15.259
1.120	20.427	15.267
@
1.120	20.428	15.258
1.120	20.428	15.262
1.120	20.428	15.275
@
1.121	20.427	15.283
1.121	20.427	15.295
1.121	20.427	15.296
@
1.123	20.427	15.304
1.123	20.427	15.309
1.123	20.427	15.316
@
1.125	20.429	15.354
1.125	20.429	15.362
@
1.126	20.429	15.367
1.126	20.429	15.369
@
1.129	20.430	15.377
1.129	20.430	15.417
@
1.130	20.429	15.417
1.130	20.429	15.430
@
1.130	20.430	15.400
1.130	20.430	15.403
1.130	20.430	15.420
@
1.133	20.428	15.456
1.133	20.428	15.466
1.133	20.428	15.467
@
1.133	20.430	15.454
1.133	20.430	15.476
@
1.137	20.430	15.506
1.137	20.430	15.515
@
1.137	20.431	15.514
1.137	20.431	15.521
@
1.140	20.429	15.564
1.140	20.429	15.568
@
1.142	20.430	15.594
1.142	20.430	15.603
@
1.144	20.433	15.625
1.144	20.433	15.637
@
1.145	20.432	15.624
1.145	20.432	15.636
1.145	20.432	15.643
@
1.148	20.431	15.666
1.148	20.431	15.678
@
1.149	20.432	15.691
1.149	20.432	15.698
@
1.150	20.433	15.701
1.150	20.433	15.702
@
1.152	20.432	15.723
1.152	20.432	15.726
1.152	20.432	15.726
@
1.152	20.433	15.722
1.152	20.433	15.727
1.152	20.433	15.731
@
1.153	20.433	15.738
1.153	20.433	15.742
@
1.153	20.434	15.735
1.153	20.434	15.736
1.153	20.434	15.737
@
1.154	20.432	15.756
1.154	20.432	15.759
@
1.154	20.433	15.747
1.154	20.433	15.750
1.154	20.433	15.751
@
1.154	20.434	15.755
1.154	20.434	15.763
@
1.155	20.434	15.765
1.155	20.434	15.767
@
1.155	20.435	15.771
1.155	20.435	15.784
@
1.157	20.433	15.799
1.157	20.433	15.801
1.157	20.433	15.801
@
1.159	20.434	15.824
1.159	20.434	15.825
1.159	20.434	15.832
@
1.159	20.435	15.826
1.159	20.435	15.830
1.159	20.435	15.831
@
1.160	20.433	15.844
1.160	20.433	15.845
@
1.160	20.435	15.840
1.160	20.435	15.848
@
1.161	20.434	15.849
1.161	20.434	15.869
@
1.161	20.435	15.857
1.161	20.435	15.861
@
1.162	20.434	15.868
1.162	20.434	15.869
1.162	20.434	15.873
1.162	20.434	15.874
1.162	20.434	15.878
@
1.162	20.436	15.864
1.162	20.436	15.868
@
1.163	20.433	15.881
1.163	20.433	15.891
@
1.163	20.434	15.881
1.163	20.434	15.890
@
1.163	20.435	15.881
1.163	20.435	15.886
1.163	20.435	15.891
1.163	20.435	15.894
@
1.163	20.436	15.872
1.163	20.436	15.886
1.163	20.436	15.887
@
1.164	20.436	15.893
1.164	20.436	15.898
@
1.164	20.437	15.896
1.164	20.437	15.904
@
1.165	20.436	15.902
1.165	20.436	15.906
@
1.166	20.435	15.924
1.166	20.435	15.924
1.166	20.435	15.929
@
1.166	20.436	15.911
1.166	20.436	15.918
1.166	20.436	15.919
1.166	20.436	15.920
1.166	20.436	15.921
1.166	20.436	15.924
1.166	20.436	15.924
1.166	20.436	15.926
1.166	20.436	15.932
@
1.166	20.437	15.922
1.166	20.437	15.931
@
1.167	20.437	15.923
1.167	20.437	15.940
1.167	20.437	15.947
@
1.167	20.438	15.934
1.167	20.438	15.942
@
1.168	20.436	15.950
1.168	20.436	15.952
@
1.168	20.437	15.956
1.168	20.437	15.959
1.168	20.437	15.961
@
1.168	20.438	15.955
1.168	20.438	15.960
@
1.170	20.437	15.980
1.170	20.437	15.986
@
1.171	20.437	15.991
1.171	20.437	16.002
@
1.171	20.438	15.992
1.171	20.438	15.999
1.171	20.438	16.004
@
1.171	20.439	15.983
1.171	20.439	15.995
1.171	20.439	16.005
1.171	20.439	16.016
@
1.172	20.438	16.009
1.172	20.438	16.010
1.172	20.438	16.024
@
1.172	20.440	16.029
1.172	20.440	16.032
1.172	20.440	16.036
@
1.173	20.438	16.033
1.173	20.438	16.040
@
1.173	20.439	16.029
1.173	20.439	16.044
1.173	20.439	16.044
@
1.173	20.440	16.035
1.173	20.440	16.040
1.173	20.440	16.040
1.173	20.440	16.040
1.173	20.440	16.041
1.173	20.440	16.043
1.173	20.440	16.045
@
1.174	20.440	16.033
1.174	20.440	16.036
1.174	20.440	16.053
@
1.175	20.439	16.050
1.175	20.439	16.060
@
1.176	20.441	16.071
1.176	20.441	16.076
1.176	20.441	16.096
@
1.176	20.442	16.078
1.176	20.442	16.082
1.176	20.442	16.084
1.176	20.442	16.085
1.176	20.442	16.086
@
1.179	20.441	16.127
1.179	20.441	16.133
@
1.180	20.441	16.122
1.180	20.441	16.138
1.180	20.441	16.139
@
1.180	20.442	16.138
1.180	20.442	16.141
@
1.180	20.443	16.135
1.180	20.443	16.138
@
1.181	20.439	16.142
1.181	20.439	16.146
@
1.181	20.443	16.150
1.181	20.443	16.150
@
1.182	20.443	16.159
1.182	20.443	16.162
@
1.185	20.442	16.192
1.185	20.442	16.193
1.185	20.442	16.197
@
1.185	20.443	16.192
1.185	20.443	16.195
1.185	20.443	16.200
1.185	20.443	16.202
@
1.185	20.444	16.204
1.185	20.444	16.210
@
1.186	20.442	16.199
1.186	20.442	16.201
1.186	20.442	16.233
@
1.186	20.443	16.202
1.186	20.443	16.230
@
1.186	20.444	16.203
1.186	20.444	16.211
@
1.188	20.444	16.248
1.188	20.444	16.249
@
1.189	20.444	16.263
1.189	20.444	16.265
@
1.193	20.444	16.300
1.193	20.444	16.333
@
1.196	20.445	16.353
1.196	20.445	16.361
@
1.198	20.445	16.380
1.198	20.445	16.382
@
1.200	20.447	16.418
1.200	20.447	16.422
@
1.201	20.447	16.431
1.201	20.447	16.437
@
1.203	20.447	16.456
1.203	20.447	16.463
@
1.204	20.447	16.465
1.204	20.447	16.467
1.204	20.447	16.476
@
1.204	20.449	16.473
1.204	20.449	16.476
@
1.206	20.447	16.489
1.206	20.447	16.493
@
1.206	20.448	16.496
1.206	20.448	16.502
1.206	20.448	16.506
1.206	20.448	16.507
@
1.207	20.446	16.503
1.207	20.446	16.508
1.207	20.446	16.512
1.207	20.446	16.514
@
1.207	20.447	16.496
1.207	20.447	16.507
1.207	20.447	16.508
1.207	20.447	16.509
1.207	20.447	16.514
@
1.207	20.448	16.498
1.207	20.448	16.511
1.207	20.448	16.514
1.207	20.448	16.514
1.207	20.448	16.515
1.207	20.448	16.516
1.207	20.448	16.517
@
1.207	20.449	16.511
1.207	20.449	16.512
1.207	20.449	16.514
1.207	20.449	16.516
@
1.208	20.448	16.518
1.208	20.448	16.523
@
1.208	20.450	16.517
1.208	20.450	16.518
1.208	20.450	16.520
1.208	20.450	16.521
@
1.209	20.447	16.528
1.209	20.447	16.532
@
1.210	20.450	16.539
1.210	20.450	16.543
1.210	20.450	16.545
1.210	20.450	16.556
@
1.210	20.451	16.541
1.210	20.451	16.542
@
1.211	20.448	16.563
1.211	20.448	16.565
1.211	20.448	16.567
@
1.211	20.449	16.550
1.211	20.449	16.553
1.211	20.449	16.568
@
1.211	20.450	16.557
1.211	20.450	16.559
@
1.212	20.448	16.573
1.212	20.448	16.577
@
1.214	20.449	16.614
1.214	20.449	16.618
@
1.214	20.450	16.607
1.214	20.450	16.615
1.214	20.450	16.626
@
1.215	20.450	16.627
1.215	20.450	16.638
@
1.218	20.451	16.667
1.218	20.451	16.680
@
1.221	20.452	16.703
1.221	20.452	16.714
1.221	20.452	16.718
1.221	20.452	16.722
@
1.223	20.452	16.743
1.223	20.452	16.751
1.223	20.452	16.754
@
1.224	20.454	16.753
1.224	20.454	16.760
@
1.225	20.451	16.773
1.225	20.451	16.782
@
1.229	20.454	16.814
1.229	20.454	16.834
1.229	20.454	16.844
@
1.231	20.452	16.848
1.231	20.452	16.852
@
1.232	20.455	16.874
1.232	20.455	16.886
@
1.235	20.454	16.916
1.235	20.454	16.919
@
1.237	20.453	16.934
1.237	20.453	16.944
@
1.237	20.454	16.941
1.237	20.454	16.948
@
1.240	20.453	16.973
1.240	20.453	16.976
1.240	20.453	16.980
@
1.246	20.453	17.062
1.246	20.453	17.078
@
1.247	20.454	17.092
1.247	20.454	17.099
@
1.248	20.455	17.113
1.248	20.455	17.119
@
1.252	20.455	17.175
1.252	20.455	17.175
@
1.253	20.457	17.175
1.253	20.457	17.192
@
1.254	20.455	17.206
1.254	20.455	17.215
@
1.255	20.456	17.229
1.255	20.456	17.236
@
1.263	20.457	17.336
1.263	20.457	17.342
@
1.264	20.457	17.351
1.264	20.457	17.358
@
1.266	20.457	17.379
1.266	20.457	17.385
@
1.271	20.457	17.452
1.271	20.457	17.459
@
1.271	20.458	17.457
1.271	20.458	17.458
@
1.281	20.458	17.583
1.281	20.458	17.590
@
1.281	20.459	17.594
1.281	20.459	17.595
@
1.282	20.458	17.601
1.282	20.458	17.614
@
1.282	20.460	17.602
1.282	20.460	17.604
@
1.286	20.459	17.669
1.286	20.459	17.672
@
1.290	20.460	17.710
1.290	20.460	17.712
@
1.291	20.459	17.737
1.291	20.459	17.740
@
1.291	20.461	17.741
1.291	20.461	17.763
@
1.292	20.462	17.757
1.292	20.462	17.766
@
1.294	20.460	17.776
1.294	20.460	17.784
@
1.296	20.461	17.803
1.296	20.461	17.816
@
1.304	20.462	17.912
1.304	20.462	17.920
@
1.306	20.461	17.952
1.306	20.461	17.961
@
1.312	20.464	18.052
1.312	20.464	18.063
@
1.316	20.463	18.126
1.316	20.463	18.129
@
1.319	20.465	18.166
1.319	20.465	18.167
@
1.324	20.466	18.230
1.324	20.466	18.238
@
1.333	20.466	18.361
1.333	20.466	18.380
@
1.336	20.466	18.401
1.336	20.466	18.408
@
1.337	20.465	18.397
1.337	20.465	18.427
@
1.339	20.467	18.437
1.339	20.467	18.441
@
1.339	20.468	18.433
1.339	20.468	18.436
@
1.340	20.466	18.445
1.340	20.466	18.451
@
1.341	20.465	18.447
1.341	20.465	18.454
@
1.341	20.467	18.469
1.341	20.467	18.471
@
1.345	20.467	18.518
1.345	20.467	18.526
1.345	20.467	18.530
@
1.346	20.466	18.538
1.346	20.466	18.577
@
1.348	20.468	18.573
1.348	20.468	18.578
@
1.350	20.468	18.611
1.350	20.468	18.616
1.350	20.468	18.624
@
1.352	20.468	18.640
1.352	20.468	18.646
@
1.354	20.469	18.661
1.354	20.469	18.671
1.354	20.469	18.675
@
1.356	20.468	18.696
1.356	20.468	18.707
@
1.361	20.470	18.771
1.361	20.470	18.774
@
1.362	20.469	18.776
1.362	20.469	18.788
@
1.371	20.471	18.898
1.371	20.471	18.906
1.371	20.471	18.914
@
1.371	20.472	18.905
1.371	20.472	18.918
@
1.378	20.470	19.039
1.378	20.470	19.051
@
1.380	20.469	19.053
1.380	20.469	19.066
@
1.408	20.470	19.441
1.408	20.470	19.441
@
1.410	20.472	19.477
1.410	20.472	19.483
@
1.415	20.473	19.567
1.415	20.473	19.573
@
1.425	20.472	19.703
1.425	20.472	19.705
@
1.432	20.472	19.789
1.432	20.472	19.800
@
1.434	20.473	19.827
1.434	20.473	19.841
@
1.436	20.472	19.858
1.436	20.472	19.871
1.436	20.472	19.877
1.436	20.472	19.882
@
1.443	20.474	19.973
1.443	20.474	19.979
@
1.446	20.473	20.022
1.446	20.473	20.031
@
1.447	20.473	20.036
1.447	20.473	20.042
@
1.449	20.473	20.049
1.449	20.473	20.051
1.449	20.473	20.055
@
1.450	20.471	20.069
1.450	20.471	20.075
@
1.450	20.472	20.061
1.450	20.472	20.080
1.450	20.472	20.080
1.450	20.472	20.081
@
1.450	20.474	20.068
1.450	20.474	20.069
@
1.451	20.472	20.075
1.451	20.472	20.091
@
1.451	20.473	20.081
1.451	20.473	20.084
@
1.452	20.473	20.104
1.452	20.473	20.112
@
1.455	20.472	20.148
1.455	20.472	20.153
@
1.456	20.471	20.162
1.456	20.471	20.164
1.456	20.471	20.165
@
1.456	20.472	20.158
1.456	20.472	20.173
@
1.462	20.470	20.251
1.462	20.470	20.254
@
1.462	20.471	20.251
1.462	20.471	20.251
1.462	20.471	20.256
@
1.462	20.472	20.251
1.462	20.472	20.252
@
1.463	20.471	20.244
1.463	20.471	20.254
1.463	20.471	20.255
@
1.464	20.471	20.263
1.464	20.471	20.273
@
1.466	20.473	20.312
1.466	20.473	20.313
@
1.467	20.471	20.307
1.467	20.471	20.314
@
1.469	20.474	20.337
1.469	20.474	20.349
1.469	20.474	20.356
@
1.470	20.472	20.367
1.470	20.472	20.384
@
1.471	20.473	20.387
1.471	20.473	20.400
@
1.472	20.472	20.410
1.472	20.472	20.420
1.472	20.472	20.422
@
1.473	20.473	20.433
1.473	20.473	20.436
@
1.475	20.471	20.447
1.475	20.471	20.459
@
1.475	20.472	20.452
1.475	20.472	20.473
@
1.477	20.474	20.496
1.477	20.474	20.505
@
1.481	20.473	20.544
1.481	20.473	20.557
@
1.482	20.473	20.567
1.482	20.473	20.568
1.482	20.473	20.572
@
1.489	20.475	20.662
1.489	20.475	20.681
@
1.493	20.475	20.722
1.493	20.475	20.725
@
1.495	20.477	20.724
1.495	20.477	20.739
@
1.502	20.475	20.848
1.502	20.475	20.851
1.502	20.475	20.855
@
1.502	20.476	20.842
1.502	20.476	20.844
@
1.504	20.476	20.875
1.504	20.476	20.885
1.504	20.476	20.886
@
1.507	20.476	20.901
1.507	20.476	20.917
@
1.508	20.476	20.943
1.508	20.476	20.954
@
1.509	20.478	20.959
1.509	20.478	20.963
@
1.510	20.476	20.964
1.510	20.476	20.980
1.510	20.476	20.981
@
1.513	20.479	20.989
1.513	20.479	21.001
@
1.513	20.480	21.012
1.513	20.480	21.014
@
1.514	20.476	20.998
1.514	20.476	21.004
1.514	20.476	21.010
1.514	20.476	21.021
1.514	20.476	21.022
@
1.514	20.478	21.011
1.514	20.478	21.016
1.514	20.478	21.019
@
1.515	20.479	21.016
1.515	20.479	21.021
1.515	20.479	21.024
@
1.515	20.480	21.021
1.515	20.480	21.021
@
1.519	20.479	21.025
1.519	20.479	21.042
@
1.530	20.481	21.078
1.530	20.481	21.093
1.530	20.481	21.097
@
1.532	20.481	21.105
1.532	20.481	21.106
1.532	20.481	21.109
@
1.533	20.481	21.112
1.533	20.481	21.114
@
1.534	20.482	21.115
1.534	20.482	21.117
@
1.535	20.482	21.117
1.535	20.482	21.118
@
1.543	20.482	21.145
1.543	20.482	21.146
1.543	20.482	21.148
@
1.548	20.480	21.155
1.548	20.480	21.155
1.548	20.480	21.158
@
1.548	20.482	21.151
1.548	20.482	21.156
@
1.553	20.479	21.152
1.553	20.479	21.157
@
1.559	20.478	21.159
1.559	20.478	21.186
@
1.559	20.479	21.187
1.559	20.479	21.188
@
1.562	20.478	21.196
1.562	20.478	21.197
@
1.568	20.475	21.208
1.568	20.475	21.214
@
1.570	20.473	21.216
1.570	20.473	21.221
@
1.571	20.472	21.226
1.571	20.472	21.227
@
1.571	20.473	21.217
1.571	20.473	21.224
@
1.571	20.474	21.218
1.571	20.474	21.220
1.571	20.474	21.222
@
1.577	20.464	21.221
1.577	20.464	21.240
@
1.577	20.465	21.238
1.577	20.465	21.240
@
1.577	20.469	21.237
1.577	20.469	21.238
1.577	20.469	21.238
@
1.586	20.454	21.257
1.586	20.454	21.261
1.586	20.454	21.263
@
1.586	20.456	21.257
1.586	20.456	21.262
@
1.589	20.448	21.270
1.589	20.448	21.270
@
1.598	20.434	21.251
1.598	20.434	21.271
@
1.599	20.431	21.271
1.599	20.431	21.272
@
1.603	20.413	21.264
1.603	20.413	21.272
@
1.619	20.348	21.271
1.619	20.348	21.272
@
1.619	20.371	21.268
1.619	20.371	21.269
@
1.619	20.374	21.268
1.619	20.374	21.271
@
1.620	20.259	21.270
1.620	20.259	21.273
