5.681	20.449	0.367
5.681	20.449	0.379
@
5.681	20.450	0.361
5.681	20.450	0.363
@
5.681	20.452	0.385
5.681	20.452	0.388
@
5.682	20.448	0.361
5.682	20.448	0.361
5.682	20.448	0.362
@
5.682	20.449	0.361
5.682	20.449	0.361
5.682	20.449	0.362
5.682	20.449	0.362
5.682	20.449	0.363
5.682	20.449	0.363
5.682	20.449	0.363
5.682	20.449	0.369
5.682	20.449	0.369
5.682	20.449	0.381
5.682	20.449	0.387
5.682	20.449	0.389
5.682	20.449	0.402
@
5.682	20.450	0.361
5.682	20.450	0.361
5.682	20.450	0.363
5.682	20.450	0.371
5.682	20.450	0.378
5.682	20.450	0.381
5.682	20.450	0.384
5.682	20.450	0.385
5.682	20.450	0.391
5.682	20.450	0.395
@
5.682	20.451	0.363
5.682	20.451	0.365
5.682	20.451	0.369
5.682	20.451	0.369
5.682	20.451	0.369
5.682	20.451	0.369
5.682	20.451	0.370
5.682	20.451	0.374
5.682	20.451	0.377
5.682	20.451	0.377
5.682	20.451	0.391
5.682	20.451	0.392
5.682	20.451	0.398
5.682	20.451	0.398
@
5.682	20.452	0.362
5.682	20.452	0.362
5.682	20.452	0.372
5.682	20.452	0.373
5.682	20.452	0.383
5.682	20.452	0.385
5.682	20.452	0.390
5.682	20.452	0.395
5.682	20.452	0.398
@
5.682	20.453	0.391
5.682	20.453	0.393
5.682	20.453	0.398
@
5.683	20.448	0.362
5.683	20.448	0.398
@
5.683	20.449	0.384
5.683	20.449	0.392
5.683	20.449	0.399
@
5.683	20.450	0.361
5.683	20.450	0.361
5.683	20.450	0.369
5.683	20.450	0.374
5.683	20.450	0.379
5.683	20.450	0.382
5.683	20.450	0.384
5.683	20.450	0.394
5.683	20.450	0.398
5.683	20.450	0.400
@
5.683	20.451	0.361
5.683	20.451	0.362
5.683	20.451	0.369
5.683	20.451	0.375
5.683	20.451	0.376
5.683	20.451	0.385
5.683	20.451	0.390
5.683	20.451	0.393
5.683	20.451	0.396
5.683	20.451	0.396
5.683	20.451	0.398
5.683	20.451	0.399
5.683	20.451	0.399
@
5.683	20.452	0.378
5.683	20.452	0.380
5.683	20.452	0.393
5.683	20.452	0.394
5.683	20.452	0.395
5.683	20.452	0.399
5.683	20.452	0.402
@
5.683	20.453	0.386
5.683	20.453	0.391
5.683	20.453	0.398
@
5.684	20.452	0.397
5.684	20.452	0.399
@
5.713	20.450	0.412
5.713	20.450	0.413
@
5.713	20.452	0.412
5.713	20.452	0.413
@
5.737	20.452	0.422
5.737	20.452	0.423
@
5.750	20.452	0.427
5.750	20.452	0.428
5.750	20.452	0.429
@
5.908	20.453	0.474
5.908	20.453	0.474
@
6.396	20.455	0.512
6.396	20.455	0.512
@
6.421	20.454	0.513
6.421	20.454	0.514
@
6.432	20.457	0.515
6.432	20.457	0.515
@
6.464	20.455	0.517
6.464	20.455	0.517
@
6.898	20.456	0.546
6.898	20.456	0.546
@
6.909	20.453	0.547
6.909	20.453	0.547
@
6.909	20.455	0.546
6.909	20.455	0.547
6.909	20.455	0.547
@
7.104	20.455	0.561
7.104	20.455	0.561
@
7.178	20.456	0.566
7.178	20.456	0.566
7.178	20.456	0.566
@
7.349	20.457	0.577
7.349	20.457	0.577
@
7.361	20.455	0.579
7.361	20.455	0.579
@
7.361	20.457	0.579
7.361	20.457	0.579
7.361	20.457	0.579
@
7.764	20.458	0.605
7.764	20.458	0.605
@
7.812	20.459	0.610
7.812	20.459	0.610
@
8.251	20.460	0.639
8.251	20.460	0.639
@
8.643	20.463	0.666
8.643	20.463	0.666
@
9.277	20.464	0.710
9.277	20.464	0.710
@
9.326	20.464	0.714
9.326	20.464	0.714
@
9.595	20.465	0.732
9.595	20.465	0.732
@
9.612	20.465	0.733
9.612	20.465	0.733
@
9.680	20.466	0.738
9.680	20.466	0.738
@
9.754	20.464	0.743
9.754	20.464	0.743
@
9.949	20.465	0.755
9.949	20.465	0.756
@
11.090	20.472	0.833
11.090	20.472	0.834
@
11.096	20.473	0.834
11.096	20.473	0.834
11.096	20.473	0.834
11.096	20.473	0.835
11.096	20.473	0.835
@
11.914	20.476	0.890
11.914	20.476	0.890
@
12.749	20.471	0.947
12.749	20.471	0.947
@
12.930	20.459	0.959
12.930	20.459	0.960
@
12.988	20.452	0.964
12.988	20.452	0.964
@
13.198	20.423	0.978
13.198	20.423	0.978
@
13.731	20.418	1.015
13.731	20.418	1.015
@
14.327	20.420	1.055
14.327	20.420	1.055
@
15.240	20.429	1.118
15.240	20.429	1.119
@
15.704	20.430	1.150
15.704	20.430	1.152
@
15.726	20.432	1.152
15.726	20.432	1.152
@
15.801	20.433	1.157
15.801	20.433	1.157
@
15.869	20.434	1.161
15.869	20.434	1.162
@
15.924	20.435	1.166
15.924	20.435	1.166
@
15.924	20.436	1.166
15.924	20.436	1.166
@
16.036	20.440	1.172
16.036	20.440	1.174
@
16.040	20.440	1.173
16.040	20.440	1.173
16.040	20.440	1.173
@
16.044	20.439	1.173
16.044	20.439	1.173
@
16.150	20.443	1.181
16.150	20.443	1.181
@
16.202	20.443	1.185
16.202	20.443	1.186
@
16.514	20.448	1.207
16.514	20.448	1.207
@
17.175	20.455	1.252
17.175	20.455	1.252
@
18.167	20.465	1.319
18.167	20.465	1.320
@
19.441	20.470	1.408
19.441	20.470	1.408
@
20.080	20.472	1.450
20.080	20.472	1.450
@
20.251	20.471	1.462
20.251	20.471	1.462
@
21.021	20.480	1.514
21.021	20.480	1.515
21.021	20.480	1.515
@
21.117	20.482	1.534
21.117	20.482	1.535
@
21.152	20.482	1.545
21.152	20.482	1.546
@
21.155	20.480	1.548
21.155	20.480	1.548
@
21.167	20.478	1.551
21.167	20.478	1.552
@
21.183	20.479	1.556
21.183	20.479	1.558
@
21.214	20.475	1.568
21.214	20.475	1.569
@
21.238	20.469	1.577
21.238	20.469	1.577
@
21.240	20.465	1.577
21.240	20.465	1.578
@
21.252	20.460	1.581
21.252	20.460	1.582
@
21.268	20.354	1.619
21.268	20.354	1.620
@
21.270	20.448	1.589
21.270	20.448	1.589
