0.362	20.448	5.681
0.362	20.448	5.682
0.362	20.448	5.682
0.362	20.448	5.683
@
0.362	20.449	5.682
0.362	20.449	5.682
0.362	20.449	5.682
0.362	20.449	5.682
0.362	20.449	5.682
@
0.362	20.450	5.681
0.362	20.450	5.682
@
0.362	20.451	5.681
0.362	20.451	5.681
0.362	20.451	5.682
0.362	20.451	5.682
0.362	20.451	5.682
@
0.362	20.452	5.681
0.362	20.452	5.682
@
0.363	20.450	5.682
0.363	20.450	5.682
0.363	20.450	5.683
@
0.363	20.454	5.682
0.363	20.454	5.683
@
0.366	20.451	5.682
0.366	20.451	5.682
@
0.371	20.451	5.682
0.371	20.451	5.682
@
0.371	20.452	5.681
0.371	20.452	5.682
0.371	20.452	5.682
0.371	20.452	5.682
@
0.379	20.451	5.682
0.379	20.451	5.682
@
0.382	20.449	5.683
0.382	20.449	5.683
@
0.388	20.450	5.683
0.388	20.450	5.683
@
0.388	20.451	5.682
0.388	20.451	5.682
0.388	20.451	5.683
0.388	20.451	5.683
@
0.388	20.452	5.682
0.388	20.452	5.682
0.388	20.452	5.683
@
0.389	20.452	5.682
0.389	20.452	5.682
@
0.390	20.450	5.682
0.390	20.450	5.682
@
0.391	20.450	5.682
0.391	20.450	5.683
0.391	20.450	5.683
@
0.394	20.449	5.683
0.394	20.449	5.683
@
0.397	20.451	5.682
0.397	20.451	5.683
@
0.402	20.450	5.681
0.402	20.450	5.682
@
0.403	20.449	5.682
0.403	20.449	5.682
@
0.406	20.452	5.688
0.406	20.452	5.688
@
0.408	20.451	5.693
0.408	20.451	5.693
0.408	20.451	5.695
@
0.409	20.451	5.695
0.409	20.451	5.700
@
0.413	20.451	5.707
0.413	20.451	5.708
@
0.415	20.449	5.712
0.415	20.449	5.713
@
0.416	20.452	5.713
0.416	20.452	5.713
0.416	20.452	5.713
@
0.417	20.451	5.715
0.417	20.451	5.718
0.417	20.451	5.719
@
0.418	20.450	5.721
0.418	20.450	5.722
@
0.419	20.451	5.724
0.419	20.451	5.725
@
0.420	20.450	5.725
0.420	20.450	5.725
@
0.425	20.449	5.739
0.425	20.449	5.739
0.425	20.449	5.739
@
0.425	20.450	5.737
0.425	20.450	5.738
0.425	20.450	5.738
0.425	20.450	5.740
@
0.428	20.450	5.748
0.428	20.450	5.748
@
0.431	20.449	5.752
0.431	20.449	5.753
@
0.431	20.450	5.752
0.431	20.450	5.754
@
0.434	20.450	5.762
0.434	20.450	5.762
@
0.436	20.450	5.765
0.436	20.450	5.767
@
0.439	20.449	5.772
0.439	20.449	5.772
@
0.442	20.449	5.782
0.442	20.449	5.783
@
0.443	20.449	5.783
0.443	20.449	5.784
@
0.447	20.449	5.795
0.447	20.449	5.795
@
0.448	20.451	5.798
0.448	20.451	5.798
@
0.451	20.448	5.804
0.451	20.448	5.806
@
0.454	20.451	5.812
0.454	20.451	5.812
@
0.455	20.449	5.818
0.455	20.449	5.821
@
0.456	20.450	5.821
0.456	20.450	5.823
@
0.456	20.452	5.822
0.456	20.452	5.822
@
0.457	20.451	5.823
0.457	20.451	5.823
@
0.458	20.450	5.825
0.458	20.450	5.828
@
0.459	20.449	5.830
0.459	20.449	5.831
@
0.459	20.450	5.828
0.459	20.450	5.829
@
0.461	20.449	5.834
0.461	20.449	5.835
@
0.468	20.452	5.859
0.468	20.452	5.860
@
0.470	20.451	5.867
0.470	20.451	5.869
0.470	20.451	5.872
@
0.470	20.452	5.866
0.470	20.452	5.872
@
0.470	20.453	5.864
0.470	20.453	5.867
0.470	20.453	5.870
@
0.473	20.451	5.884
0.473	20.451	5.884
@
0.474	20.452	5.884
0.474	20.452	5.884
@
0.476	20.451	5.894
0.476	20.451	5.896
@
0.480	20.451	5.918
0.480	20.451	5.923
@
0.480	20.452	5.916
0.480	20.452	5.918
0.480	20.452	5.919
@
0.481	20.451	5.928
0.481	20.451	5.933
@
0.486	20.451	5.971
0.486	20.451	5.973
0.486	20.451	5.974
@
0.486	20.452	5.969
0.486	20.452	5.974
0.486	20.452	5.974
0.486	20.452	5.974
0.486	20.452	5.978
@
0.486	20.453	5.964
0.486	20.453	5.974
0.486	20.453	5.983
@
0.489	20.450	6.019
0.489	20.450	6.031
@
0.490	20.451	6.040
0.490	20.451	6.042
0.490	20.451	6.042
@
0.492	20.451	6.078
0.492	20.451	6.081
@
0.495	20.450	6.111
0.495	20.450	6.128
@
0.495	20.451	6.114
0.495	20.451	6.126
0.495	20.451	6.127
@
0.495	20.452	6.116
0.495	20.452	6.119
0.495	20.452	6.127
0.495	20.452	6.128
@
0.496	20.450	6.128
0.496	20.450	6.141
@
0.500	20.451	6.187
0.500	20.451	6.190
0.500	20.451	6.194
@
0.525	20.452	6.524
0.525	20.452	6.532
@
0.526	20.453	6.547
0.526	20.453	6.559
@
0.527	20.453	6.563
0.527	20.453	6.580
@
0.528	20.452	6.585
0.528	20.452	6.591
@
0.531	20.453	6.621
0.531	20.453	6.629
@
0.532	20.454	6.643
0.532	20.454	6.649
@
0.556	20.454	6.978
0.556	20.454	6.994
@
0.560	20.454	7.031
0.560	20.454	7.032
@
0.564	20.454	7.088
0.564	20.454	7.106
@
0.579	20.454	7.307
0.579	20.454	7.311
@
0.582	20.454	7.347
0.582	20.454	7.349
@
0.587	20.454	7.414
0.587	20.454	7.422
@
0.597	20.454	7.560
0.597	20.454	7.567
@
0.630	20.455	8.018
0.630	20.455	8.026
@
0.651	20.455	8.325
0.651	20.455	8.337
0.651	20.455	8.343
@
0.651	20.457	8.321
0.651	20.457	8.335
@
0.661	20.455	8.472
0.661	20.455	8.474
@
0.662	20.455	8.476
0.662	20.455	8.484
@
0.663	20.458	8.496
0.663	20.458	8.504
@
0.664	20.455	8.509
0.664	20.455	8.532
@
0.671	20.457	8.618
0.671	20.457	8.623
@
0.688	20.457	8.874
0.688	20.457	8.875
@
0.707	20.458	9.140
0.707	20.458	9.146
@
0.708	20.456	9.167
0.708	20.456	9.167
@
0.708	20.457	9.155
0.708	20.457	9.166
@
0.708	20.458	9.161
0.708	20.458	9.166
0.708	20.458	9.168
@
0.718	20.457	9.311
0.718	20.457	9.314
@
0.732	20.459	9.509
0.732	20.459	9.509
0.732	20.459	9.509
@
0.735	20.459	9.555
0.735	20.459	9.556
@
0.751	20.462	9.779
0.751	20.462	9.790
@
0.753	20.461	9.814
0.753	20.461	9.824
@
0.754	20.463	9.834
0.754	20.463	9.836
@
0.759	20.461	9.909
0.759	20.461	9.916
0.759	20.461	9.921
@
0.760	20.461	9.924
0.760	20.461	9.937
@
0.763	20.462	9.961
0.763	20.462	9.969
@
0.765	20.461	9.990
0.765	20.461	9.998
@
0.773	20.462	10.105
0.773	20.462	10.120
@
0.775	20.460	10.144
0.775	20.460	10.144
0.775	20.460	10.144
@
0.777	20.463	10.179
0.777	20.463	10.181
0.777	20.463	10.181
@
0.778	20.463	10.185
0.778	20.463	10.191
0.778	20.463	10.193
@
0.778	20.464	10.183
0.778	20.464	10.195
@
0.790	20.465	10.341
0.790	20.465	10.364
@
0.807	20.462	10.584
0.807	20.462	10.596
@
0.807	20.464	10.593
0.807	20.464	10.600
@
0.807	20.465	10.594
0.807	20.465	10.608
@
0.820	20.462	10.801
0.820	20.462	10.803
@
0.820	20.465	10.791
0.820	20.465	10.796
0.820	20.465	10.798
0.820	20.465	10.798
0.820	20.465	10.801
0.820	20.465	10.803
@
0.820	20.466	10.787
0.820	20.466	10.801
0.820	20.466	10.801
0.820	20.466	10.801
0.820	20.466	10.803
@
0.828	20.465	10.917
0.828	20.465	10.918
0.828	20.465	10.922
0.828	20.465	10.925
@
0.828	20.466	10.913
0.828	20.466	10.926
@
0.829	20.466	10.929
0.829	20.466	10.936
@
0.835	20.466	11.024
0.835	20.466	11.025
@
0.835	20.467	11.018
0.835	20.467	11.038
@
0.835	20.468	11.023
0.835	20.468	11.023
0.835	20.468	11.028
@
0.836	20.467	11.047
0.836	20.467	11.054
0.836	20.467	11.060
@
0.842	20.467	11.126
0.842	20.467	11.133
0.842	20.467	11.138
@
0.844	20.467	11.149
0.844	20.467	11.165
@
0.845	20.469	11.180
0.845	20.469	11.182
@
0.863	20.468	11.426
0.863	20.468	11.434
0.863	20.468	11.439
@
0.866	20.468	11.470
0.866	20.468	11.488
@
0.867	20.468	11.509
0.867	20.468	11.511
@
0.867	20.469	11.499
0.867	20.469	11.511
@
0.869	20.470	11.517
0.869	20.470	11.535
0.869	20.470	11.537
@
0.870	20.470	11.548
0.870	20.470	11.550
@
0.872	20.469	11.567
0.872	20.469	11.569
@
0.874	20.468	11.595
0.874	20.468	11.603
@
0.875	20.469	11.609
0.875	20.469	11.618
@
0.875	20.470	11.612
0.875	20.470	11.621
@
0.876	20.468	11.626
0.876	20.468	11.633
@
0.878	20.469	11.655
0.878	20.469	11.666
@
0.887	20.469	11.768
0.887	20.469	11.780
@
0.887	20.470	11.765
0.887	20.470	11.765
@
0.887	20.471	11.783
0.887	20.471	11.792
@
0.889	20.469	11.816
0.889	20.469	11.828
@
0.890	20.471	11.834
0.890	20.471	11.837
@
0.891	20.472	11.839
0.891	20.472	11.852
@
0.895	20.470	11.893
0.895	20.470	11.900
0.895	20.470	11.902
0.895	20.470	11.903
0.895	20.470	11.914
@
0.895	20.471	11.892
0.895	20.471	11.902
0.895	20.471	11.905
0.895	20.471	11.909
@
0.897	20.470	11.922
0.897	20.470	11.931
@
0.903	20.470	12.012
0.903	20.470	12.021
@
0.905	20.471	12.048
0.905	20.471	12.057
@
0.911	20.473	12.126
0.911	20.473	12.138
@
0.922	20.472	12.273
0.922	20.472	12.295
@
0.923	20.474	12.305
0.923	20.474	12.316
0.923	20.474	12.317
@
0.924	20.472	12.312
0.924	20.472	12.315
0.924	20.472	12.325
@
0.928	20.473	12.393
0.928	20.473	12.397
@
0.930	20.474	12.422
0.930	20.474	12.434
@
0.931	20.472	12.437
0.931	20.472	12.440
@
0.931	20.473	12.437
0.931	20.473	12.447
0.931	20.473	12.450
@
0.931	20.474	12.436
0.931	20.474	12.438
0.931	20.474	12.439
@
0.932	20.474	12.464
0.932	20.474	12.468
0.932	20.474	12.470
0.932	20.474	12.472
0.932	20.474	12.473
0.932	20.474	12.475
@
0.937	20.474	12.534
0.937	20.474	12.536
@
0.941	20.475	12.604
0.941	20.475	12.607
@
0.945	20.475	12.652
0.945	20.475	12.659
@
0.958	20.475	12.831
0.958	20.475	12.840
@
0.962	20.476	12.891
0.962	20.476	12.896
@
0.963	20.476	12.904
0.963	20.476	12.915
0.963	20.476	12.919
@
0.965	20.476	12.938
0.965	20.476	12.941
@
0.966	20.476	12.952
0.966	20.476	12.964
@
0.967	20.474	12.968
0.967	20.474	12.981
@
0.967	20.475	12.984
0.967	20.475	12.985
@
0.967	20.476	12.976
0.967	20.476	12.976
0.967	20.476	12.984
0.967	20.476	12.984
@
0.967	20.477	12.973
0.967	20.477	12.984
0.967	20.477	12.988
@
0.967	20.478	12.975
0.967	20.478	12.981
@
0.969	20.476	13.020
0.969	20.476	13.025
0.969	20.476	13.025
@
0.969	20.478	13.010
0.969	20.478	13.027
@
0.970	20.477	13.033
0.970	20.477	13.037
@
0.971	20.476	13.038
0.971	20.476	13.039
@
0.972	20.477	13.043
0.972	20.477	13.054
@
0.977	20.477	13.109
0.977	20.477	13.113
0.977	20.477	13.121
@
0.979	20.475	13.142
0.979	20.475	13.144
@
0.979	20.476	13.147
0.979	20.476	13.148
@
0.979	20.477	13.133
0.979	20.477	13.145
0.979	20.477	13.147
@
0.983	20.477	13.196
0.983	20.477	13.204
@
0.986	20.477	13.212
0.986	20.477	13.238
@
0.988	20.477	13.260
0.988	20.477	13.265
0.988	20.477	13.272
@
0.989	20.476	13.271
0.989	20.476	13.304
@
0.990	20.477	13.312
0.990	20.477	13.317
@
0.994	20.479	13.359
0.994	20.479	13.367
@
0.996	20.477	13.391
0.996	20.477	13.393
@
0.997	20.478	13.392
0.997	20.478	13.408
0.997	20.478	13.416
0.997	20.478	13.422
@
0.998	20.478	13.425
0.998	20.478	13.430
@
1.000	20.478	13.445
1.000	20.478	13.452
1.000	20.478	13.456
1.000	20.478	13.461
@
1.001	20.478	13.464
1.001	20.478	13.466
1.001	20.478	13.470
@
1.004	20.478	13.516
1.004	20.478	13.521
@
1.008	20.479	13.574
1.008	20.479	13.575
@
1.010	20.480	13.595
1.010	20.480	13.603
@
1.015	20.480	13.664
1.015	20.480	13.675
@
1.020	20.480	13.727
1.020	20.480	13.744
@
1.027	20.479	13.847
1.027	20.479	13.851
1.027	20.479	13.854
@
1.028	20.478	13.867
1.028	20.478	13.874
@
1.028	20.479	13.861
1.028	20.479	13.871
@
1.029	20.480	13.880
1.029	20.480	13.886
1.029	20.480	13.899
@
1.030	20.478	13.880
1.030	20.478	13.914
@
1.030	20.479	13.901
1.030	20.479	13.908
@
1.036	20.479	13.984
1.036	20.479	13.989
@
1.036	20.480	13.994
1.036	20.480	13.997
@
1.041	20.482	14.052
1.041	20.482	14.062
@
1.043	20.481	14.077
1.043	20.481	14.083
1.043	20.481	14.087
@
1.046	20.479	14.136
1.046	20.479	14.136
@
1.046	20.482	14.127
1.046	20.482	14.131
1.046	20.482	14.142
@
1.057	20.480	14.295
1.057	20.480	14.305
@
1.058	20.481	14.315
1.058	20.481	14.326
@
1.059	20.481	14.330
1.059	20.481	14.332
@
1.060	20.480	14.352
1.060	20.480	14.355
1.060	20.480	14.355
@
1.060	20.481	14.348
1.060	20.481	14.353
1.060	20.481	14.356
@
1.061	20.481	14.363
1.061	20.481	14.380
@
1.062	20.482	14.387
1.062	20.482	14.392
1.062	20.482	14.392
@
1.063	20.481	14.392
1.063	20.481	14.397
@
1.068	20.481	14.468
1.068	20.481	14.486
@
1.071	20.481	14.518
1.071	20.481	14.522
@
1.073	20.482	14.535
1.073	20.482	14.539
@
1.074	20.482	14.551
1.074	20.482	14.553
@
1.088	20.481	14.751
1.088	20.481	14.763
@
1.099	20.482	14.940
1.099	20.482	14.947
@
1.101	20.482	14.961
1.101	20.482	14.967
@
1.103	20.484	14.985
1.103	20.484	14.991
@
1.106	20.482	15.015
1.106	20.482	15.023
@
1.108	20.483	15.032
1.108	20.483	15.048
@
1.118	20.482	15.197
1.118	20.482	15.210
@
1.122	20.483	15.247
1.122	20.483	15.262
@
1.126	20.484	15.320
1.126	20.484	15.322
@
1.127	20.485	15.336
1.127	20.485	15.355
@
1.128	20.485	15.364
1.128	20.485	15.369
@
1.130	20.485	15.388
1.130	20.485	15.395
@
1.132	20.485	15.425
1.132	20.485	15.430
@
1.136	20.484	15.442
1.136	20.484	15.468
@
1.139	20.483	15.503
1.139	20.483	15.507
@
1.139	20.484	15.506
1.139	20.484	15.506
@
1.140	20.484	15.529
1.140	20.484	15.535
@
1.155	20.485	15.742
1.155	20.485	15.746
1.155	20.485	15.757
@
1.156	20.486	15.765
1.156	20.486	15.776
@
1.161	20.484	15.845
1.161	20.484	15.858
@
1.161	20.485	15.840
1.161	20.485	15.851
1.161	20.485	15.857
@
1.167	20.485	15.903
1.167	20.485	15.907
@
1.168	20.484	15.934
1.168	20.484	15.940
@
1.168	20.485	15.907
1.168	20.485	15.929
@
1.169	20.485	15.953
1.169	20.485	15.955
@
1.182	20.486	16.126
1.182	20.486	16.134
1.182	20.486	16.150
@
1.184	20.487	16.172
1.184	20.487	16.178
@
1.185	20.486	16.175
1.185	20.486	16.182
@
1.186	20.486	16.199
1.186	20.486	16.213
@
1.187	20.487	16.217
1.187	20.487	16.225
@
1.188	20.485	16.235
1.188	20.485	16.244
@
1.189	20.486	16.251
1.189	20.486	16.262
@
1.202	20.489	16.415
1.202	20.489	16.422
@
1.207	20.486	16.486
1.207	20.486	16.492
1.207	20.486	16.492
@
1.207	20.488	16.484
1.207	20.488	16.492
1.207	20.488	16.495
@
1.216	20.488	16.624
1.216	20.488	16.633
@
1.217	20.486	16.632
1.217	20.486	16.651
@
1.218	20.485	16.662
1.218	20.485	16.663
@
1.218	20.486	16.647
1.218	20.486	16.671
@
1.218	20.487	16.658
1.218	20.487	16.661
1.218	20.487	16.661
1.218	20.487	16.675
@
1.218	20.488	16.661
1.218	20.488	16.669
@
1.220	20.486	16.686
1.220	20.486	16.696
1.220	20.486	16.698
@
1.220	20.487	16.666
1.220	20.487	16.687
1.220	20.487	16.692
1.220	20.487	16.696
1.220	20.487	16.697
@
1.220	20.488	16.677
1.220	20.488	16.687
@
1.225	20.486	16.766
1.225	20.486	16.774
@
1.230	20.487	16.821
1.230	20.487	16.823
@
1.236	20.489	16.905
1.236	20.489	16.909
@
1.239	20.485	16.937
1.239	20.485	16.942
@
1.242	20.489	16.992
1.242	20.489	17.002
@
1.246	20.487	17.053
1.246	20.487	17.053
@
1.246	20.488	17.065
1.246	20.488	17.071
@
1.246	20.489	17.050
1.246	20.489	17.067
@
1.247	20.489	17.080
1.247	20.489	17.088
1.247	20.489	17.093
@
1.248	20.489	17.099
1.248	20.489	17.108
@
1.249	20.489	17.117
1.249	20.489	17.126
@
1.251	20.487	17.146
1.251	20.487	17.157
@
1.251	20.488	17.162
1.251	20.488	17.162
@
1.258	20.489	17.261
1.258	20.489	17.272
@
1.261	20.489	17.293
1.261	20.489	17.300
@
1.265	20.490	17.349
1.265	20.490	17.355
@
1.281	20.489	17.568
1.281	20.489	17.577
1.281	20.489	17.594
@
1.284	20.489	17.630
1.284	20.489	17.651
@
1.284	20.490	17.636
1.284	20.490	17.641
@
1.285	20.490	17.656
1.285	20.490	17.664
@
1.293	20.489	17.748
1.293	20.489	17.751
@
1.293	20.490	17.745
1.293	20.490	17.755
@
1.297	20.489	17.790
1.297	20.489	17.796
@
1.298	20.490	17.811
1.298	20.490	17.821
@
1.298	20.491	17.809
1.298	20.491	17.814
@
1.299	20.488	17.833
1.299	20.488	17.834
@
1.299	20.489	17.809
1.299	20.489	17.813
@
1.299	20.490	17.816
1.299	20.490	17.834
1.299	20.490	17.835
@
1.299	20.491	17.809
1.299	20.491	17.834
1.299	20.491	17.849
1.299	20.491	17.857
@
1.301	20.490	17.869
1.301	20.490	17.879
@
1.302	20.490	17.889
1.302	20.490	17.899
@
1.307	20.490	17.955
1.307	20.490	17.965
@
1.314	20.491	18.077
1.314	20.491	18.084
1.314	20.491	18.091
@
1.315	20.490	18.098
1.315	20.490	18.103
@
1.315	20.491	18.106
1.315	20.491	18.110
1.315	20.491	18.115
@
1.316	20.490	18.129
1.316	20.490	18.136
@
1.318	20.492	18.152
1.318	20.492	18.178
@
1.319	20.491	18.169
1.319	20.491	18.178
@
1.319	20.492	18.175
1.319	20.492	18.181
1.319	20.492	18.182
@
1.319	20.493	18.164
1.319	20.493	18.178
@
1.320	20.491	18.173
1.320	20.491	18.181
@
1.328	20.489	18.257
1.328	20.489	18.286
@
1.328	20.491	18.262
1.328	20.491	18.283
1.328	20.491	18.285
@
1.329	20.490	18.289
1.329	20.490	18.293
@
1.331	20.491	18.299
1.331	20.491	18.325
@
1.336	20.489	18.390
1.336	20.489	18.399
@
1.339	20.490	18.416
1.339	20.490	18.441
@
1.340	20.491	18.453
1.340	20.491	18.464
@
1.343	20.491	18.510
1.343	20.491	18.515
@
1.346	20.489	18.551
1.346	20.489	18.565
@
1.347	20.494	18.587
1.347	20.494	18.594
@
1.371	20.492	18.914
1.371	20.492	18.921
@
1.375	20.492	18.969
1.375	20.492	18.982
@
1.376	20.491	18.990
1.376	20.491	19.024
@
1.385	20.493	19.139
1.385	20.493	19.140
@
1.388	20.493	19.188
1.388	20.493	19.191
@
1.394	20.493	19.249
1.394	20.493	19.251
@
1.403	20.491	19.382
1.403	20.491	19.395
@
1.406	20.493	19.446
1.406	20.493	19.450
@
1.409	20.493	19.474
1.409	20.493	19.516
@
1.425	20.494	19.707
1.425	20.494	19.714
@
1.426	20.493	19.715
1.426	20.493	19.717
@
1.431	20.492	19.797
1.431	20.492	19.804
@
1.434	20.494	19.864
1.434	20.494	19.870
@
1.437	20.492	19.899
1.437	20.492	19.931
@
1.438	20.494	19.939
1.438	20.494	19.946
@
1.439	20.491	19.951
1.439	20.491	19.962
@
1.440	20.494	19.968
1.440	20.494	19.973
@
1.447	20.493	20.089
1.447	20.493	20.093
@
1.451	20.493	20.120
1.451	20.493	20.129
1.451	20.493	20.140
@
1.456	20.493	20.183
1.456	20.493	20.188
@
1.461	20.493	20.260
1.461	20.493	20.266
1.461	20.493	20.288
@
1.466	20.496	20.327
1.466	20.496	20.334
@
1.469	20.496	20.393
1.469	20.496	20.411
@
1.470	20.494	20.415
1.470	20.494	20.422
@
1.475	20.495	20.505
1.475	20.495	20.513
@
1.486	20.494	20.636
1.486	20.494	20.642
@
1.491	20.496	20.711
1.491	20.496	20.723
@
1.494	20.495	20.754
1.494	20.495	20.755
@
1.497	20.495	20.826
1.497	20.495	20.835
@
1.497	20.496	20.803
1.497	20.496	20.812
1.497	20.496	20.821
@
1.498	20.496	20.846
1.498	20.496	20.848
@
1.500	20.496	20.862
1.500	20.496	20.876
@
1.502	20.494	20.886
1.502	20.494	20.900
@
1.503	20.494	20.905
1.503	20.494	20.916
@
1.503	20.497	20.927
1.503	20.497	20.944
@
1.507	20.494	20.980
1.507	20.494	20.985
1.507	20.494	20.993
@
1.509	20.494	21.000
1.509	20.494	21.008
@
1.510	20.495	20.998
1.510	20.495	21.011
@
1.510	20.496	21.021
1.510	20.496	21.023
@
1.515	20.495	21.033
1.515	20.495	21.036
@
1.516	20.496	21.044
1.516	20.496	21.050
@
1.524	20.495	21.082
1.524	20.495	21.089
@
1.528	20.498	21.105
1.528	20.498	21.106
@
1.536	20.496	21.137
1.536	20.496	21.139
@
1.537	20.497	21.142
1.537	20.497	21.143
@
1.541	20.497	21.150
1.541	20.497	21.151
@
1.549	20.497	21.169
1.549	20.497	21.170
1.549	20.497	21.172
@
1.550	20.497	21.171
1.550	20.497	21.173
@
1.556	20.497	21.188
1.556	20.497	21.188
@
1.559	20.497	21.195
1.559	20.497	21.199
@
1.559	20.498	21.195
1.559	20.498	21.195
1.559	20.498	21.197
@
1.561	20.498	21.204
1.561	20.498	21.204
@
1.562	20.497	21.205
1.562	20.497	21.207
@
1.564	20.497	21.211
1.564	20.497	21.216
@
1.565	20.498	21.216
1.565	20.498	21.218
@
1.571	20.498	21.234
1.571	20.498	21.236
@
1.573	20.498	21.238
1.573	20.498	21.239
@
1.578	20.497	21.232
1.578	20.497	21.252
@
1.581	20.498	21.258
1.581	20.498	21.258
@
1.586	20.499	21.270
1.586	20.499	21.270
@
1.587	20.498	21.270
1.587	20.498	21.270
@
1.589	20.498	21.255
1.589	20.498	21.269
1.589	20.498	21.270
1.589	20.498	21.272
@
1.590	20.497	21.267
1.590	20.497	21.270
@
1.590	20.499	21.269
1.590	20.499	21.269
1.590	20.499	21.269
@
1.597	20.499	21.271
1.597	20.499	21.272
@
1.598	20.498	21.270
1.598	20.498	21.270
@
1.598	20.499	21.247
1.598	20.499	21.271
1.598	20.499	21.272
1.598	20.499	21.272
1.598	20.499	21.273
@
1.599	20.499	21.271
1.599	20.499	21.271
@
1.611	20.498	21.269
1.611	20.498	21.271
1.611	20.498	21.272
@
1.611	20.499	21.270
1.611	20.499	21.271
@
1.614	20.498	21.269
1.614	20.498	21.270
@
1.614	20.499	21.250
1.614	20.499	21.268
1.614	20.499	21.269
@
1.615	20.498	21.265
1.615	20.498	21.267
1.615	20.498	21.270
1.615	20.498	21.270
1.615	20.498	21.270
1.615	20.498	21.273
@
1.615	20.499	21.260
1.615	20.499	21.265
1.615	20.499	21.266
1.615	20.499	21.266
1.615	20.499	21.266
1.615	20.499	21.267
1.615	20.499	21.268
1.615	20.499	21.269
1.615	20.499	21.269
1.615	20.499	21.269
@
1.615	20.500	21.268
1.615	20.500	21.268
1.615	20.500	21.268
1.615	20.500	21.269
1.615	20.500	21.270
1.615	20.500	21.270
@
1.615	20.501	21.244
1.615	20.501	21.269
1.615	20.501	21.270
