0.976	25.211	13.416
0.976	25.211	13.416
@
0.977	25.209	13.416
0.977	25.209	13.416
@
0.977	25.210	13.416
0.977	25.210	13.416
@
0.977	25.211	13.404
0.977	25.211	13.406
0.977	25.211	13.416
0.977	25.211	13.416
0.977	25.211	13.416
0.977	25.211	13.416
@
0.977	25.212	13.404
0.977	25.212	13.411
0.977	25.212	13.411
0.977	25.212	13.416
0.977	25.212	13.416
0.977	25.212	13.416
0.977	25.212	13.416
0.977	25.212	13.416
0.977	25.212	13.416
0.977	25.212	13.416
0.977	25.212	13.416
0.977	25.212	13.416
0.977	25.212	13.416
0.977	25.212	13.416
@
0.977	25.213	13.405
0.977	25.213	13.406
0.977	25.213	13.412
0.977	25.213	13.416
0.977	25.213	13.416
0.977	25.213	13.416
0.977	25.213	13.416
0.977	25.213	13.416
0.977	25.213	13.416
0.977	25.213	13.416
0.977	25.213	13.416
0.977	25.213	13.416
0.977	25.213	13.416
0.977	25.213	13.416
0.977	25.213	13.416
0.977	25.213	13.416
0.977	25.213	13.416
0.977	25.213	13.416
0.977	25.213	13.416
0.977	25.213	13.417
0.977	25.213	13.417
@
0.977	25.214	13.405
0.977	25.214	13.406
0.977	25.214	13.410
0.977	25.214	13.411
0.977	25.214	13.412
0.977	25.214	13.416
0.977	25.214	13.416
0.977	25.214	13.416
0.977	25.214	13.416
0.977	25.214	13.416
0.977	25.214	13.416
0.977	25.214	13.416
0.977	25.214	13.416
0.977	25.214	13.416
0.977	25.214	13.416
0.977	25.214	13.417
0.977	25.214	13.417
0.977	25.214	13.417
0.977	25.214	13.418
0.977	25.214	13.418
0.977	25.214	13.419
0.977	25.214	13.422
0.977	25.214	13.427
@
0.977	25.215	13.404
0.977	25.215	13.410
0.977	25.215	13.414
0.977	25.215	13.416
0.977	25.215	13.416
0.977	25.215	13.416
0.977	25.215	13.416
0.977	25.215	13.416
0.977	25.215	13.416
0.977	25.215	13.416
0.977	25.215	13.416
0.977	25.215	13.416
0.977	25.215	13.416
0.977	25.215	13.416
0.977	25.215	13.416
0.977	25.215	13.416
0.977	25.215	13.416
0.977	25.215	13.416
@
0.977	25.216	13.404
0.977	25.216	13.412
0.977	25.216	13.416
0.977	25.216	13.416
0.977	25.216	13.416
0.977	25.216	13.416
0.977	25.216	13.416
0.977	25.216	13.416
0.977	25.216	13.416
0.977	25.216	13.416
0.977	25.216	13.416
0.977	25.216	13.416
0.977	25.216	13.416
0.977	25.216	13.416
0.977	25.216	13.416
0.977	25.216	13.416
0.977	25.216	13.416
0.977	25.216	13.416
0.977	25.216	13.416
0.977	25.216	13.416
0.977	25.216	13.416
0.977	25.216	13.416
0.977	25.216	13.416
0.977	25.216	13.417
0.977	25.216	13.417
@
0.977	25.217	13.405
0.977	25.217	13.407
0.977	25.217	13.407
0.977	25.217	13.407
0.977	25.217	13.409
0.977	25.217	13.410
0.977	25.217	13.411
0.977	25.217	13.411
0.977	25.217	13.412
0.977	25.217	13.415
0.977	25.217	13.416
0.977	25.217	13.416
0.977	25.217	13.416
0.977	25.217	13.416
0.977	25.217	13.416
0.977	25.217	13.416
0.977	25.217	13.416
0.977	25.217	13.416
0.977	25.217	13.416
0.977	25.217	13.416
0.977	25.217	13.416
0.977	25.217	13.416
0.977	25.217	13.416
0.977	25.217	13.416
0.977	25.217	13.416
0.977	25.217	13.416
0.977	25.217	13.416
0.977	25.217	13.416
0.977	25.217	13.416
0.977	25.217	13.416
0.977	25.217	13.416
0.977	25.217	13.416
0.977	25.217	13.416
0.977	25.217	13.416
0.977	25.217	13.416
0.977	25.217	13.416
0.977	25.217	13.416
0.977	25.217	13.416
0.977	25.217	13.416
0.977	25.217	13.416
0.977	25.217	13.416
0.977	25.217	13.416
0.977	25.217	13.416
0.977	25.217	13.416
0.977	25.217	13.416
0.977	25.217	13.416
0.977	25.217	13.416
0.977	25.217	13.416
0.977	25.217	13.416
0.977	25.217	13.416
0.977	25.217	13.416
0.977	25.217	13.417
0.977	25.217	13.417
0.977	25.217	13.417
@
0.977	25.218	13.403
0.977	25.218	13.404
0.977	25.218	13.407
0.977	25.218	13.407
0.977	25.218	13.408
0.977	25.218	13.409
0.977	25.218	13.409
0.977	25.218	13.410
0.977	25.218	13.414
0.977	25.218	13.414
0.977	25.218	13.415
0.977	25.218	13.416
0.977	25.218	13.416
0.977	25.218	13.416
0.977	25.218	13.416
0.977	25.218	13.416
0.977	25.218	13.416
0.977	25.218	13.416
0.977	25.218	13.416
0.977	25.218	13.416
0.977	25.218	13.416
0.977	25.218	13.416
0.977	25.218	13.416
0.977	25.218	13.416
0.977	25.218	13.416
0.977	25.218	13.416
0.977	25.218	13.416
0.977	25.218	13.416
0.977	25.218	13.416
0.977	25.218	13.416
0.977	25.218	13.416
0.977	25.218	13.416
0.977	25.218	13.416
0.977	25.218	13.416
0.977	25.218	13.416
0.977	25.218	13.416
0.977	25.218	13.416
0.977	25.218	13.416
0.977	25.218	13.416
0.977	25.218	13.416
0.977	25.218	13.416
0.977	25.218	13.416
0.977	25.218	13.416
0.977	25.218	13.416
0.977	25.218	13.416
0.977	25.218	13.416
0.977	25.218	13.416
0.977	25.218	13.416
0.977	25.218	13.416
0.977	25.218	13.416
0.977	25.218	13.416
0.977	25.218	13.416
0.977	25.218	13.416
0.977	25.218	13.416
0.977	25.218	13.416
0.977	25.218	13.416
0.977	25.218	13.416
0.977	25.218	13.416
0.977	25.218	13.416
0.977	25.218	13.416
0.977	25.218	13.416
0.977	25.218	13.416
0.977	25.218	13.416
0.977	25.218	13.416
0.977	25.218	13.416
0.977	25.218	13.416
0.977	25.218	13.416
0.977	25.218	13.416
0.977	25.218	13.416
0.977	25.218	13.416
0.977	25.218	13.416
0.977	25.218	13.416
0.977	25.218	13.416
0.977	25.218	13.416
0.977	25.218	13.416
0.977	25.218	13.416
0.977	25.218	13.416
0.977	25.218	13.416
0.977	25.218	13.416
0.977	25.218	13.416
0.977	25.218	13.416
0.977	25.218	13.416
0.977	25.218	13.416
0.977	25.218	13.416
0.977	25.218	13.416
0.977	25.218	13.416
0.977	25.218	13.416
0.977	25.218	13.416
0.977	25.218	13.416
0.977	25.218	13.416
0.977	25.218	13.416
0.977	25.218	13.416
0.977	25.218	13.416
0.977	25.218	13.417
0.977	25.218	13.417
0.977	25.218	13.417
0.977	25.218	13.417
0.977	25.218	13.417
0.977	25.218	13.417
0.977	25.218	13.417
0.977	25.218	13.418
@
0.977	25.219	13.403
0.977	25.219	13.403
0.977	25.219	13.403
0.977	25.219	13.404
0.977	25.219	13.404
0.977	25.219	13.404
0.977	25.219	13.404
0.977	25.219	13.405
0.977	25.219	13.406
0.977	25.219	13.407
0.977	25.219	13.407
0.977	25.219	13.409
0.977	25.219	13.410
0.977	25.219	13.410
0.977	25.219	13.410
0.977	25.219	13.411
0.977	25.219	13.411
0.977	25.219	13.413
0.977	25.219	13.414
0.977	25.219	13.415
0.977	25.219	13.416
0.977	25.219	13.416
0.977	25.219	13.416
0.977	25.219	13.416
0.977	25.219	13.416
0.977	25.219	13.416
0.977	25.219	13.416
0.977	25.219	13.416
0.977	25.219	13.416
0.977	25.219	13.416
0.977	25.219	13.416
0.977	25.219	13.416
0.977	25.219	13.416
0.977	25.219	13.416
0.977	25.219	13.416
0.977	25.219	13.416
0.977	25.219	13.416
0.977	25.219	13.416
0.977	25.219	13.416
0.977	25.219	13.416
0.977	25.219	13.416
0.977	25.219	13.416
0.977	25.219	13.416
0.977	25.219	13.416
0.977	25.219	13.416
0.977	25.219	13.416
0.977	25.219	13.416
0.977	25.219	13.416
0.977	25.219	13.416
0.977	25.219	13.416
0.977	25.219	13.416
0.977	25.219	13.416
0.977	25.219	13.416
0.977	25.219	13.416
0.977	25.219	13.416
0.977	25.219	13.416
0.977	25.219	13.416
0.977	25.219	13.416
0.977	25.219	13.416
0.977	25.219	13.416
0.977	25.219	13.416
0.977	25.219	13.416
0.977	25.219	13.416
0.977	25.219	13.416
0.977	25.219	13.416
0.977	25.219	13.416
0.977	25.219	13.416
0.977	25.219	13.416
0.977	25.219	13.416
0.977	25.219	13.416
0.977	25.219	13.416
0.977	25.219	13.416
0.977	25.219	13.416
0.977	25.219	13.416
0.977	25.219	13.416
0.977	25.219	13.416
0.977	25.219	13.416
0.977	25.219	13.416
0.977	25.219	13.416
0.977	25.219	13.416
0.977	25.219	13.416
0.977	25.219	13.416
0.977	25.219	13.416
0.977	25.219	13.416
0.977	25.219	13.416
0.977	25.219	13.416
0.977	25.219	13.416
0.977	25.219	13.416
0.977	25.219	13.416
0.977	25.219	13.416
0.977	25.219	13.416
0.977	25.219	13.416
0.977	25.219	13.416
0.977	25.219	13.416
0.977	25.219	13.416
0.977	25.219	13.416
0.977	25.219	13.416
0.977	25.219	13.416
0.977	25.219	13.416
0.977	25.219	13.416
0.977	25.219	13.416
0.977	25.219	13.416
0.977	25.219	13.416
0.977	25.219	13.416
0.977	25.219	13.416
0.977	25.219	13.416
0.977	25.219	13.416
0.977	25.219	13.416
0.977	25.219	13.417
0.977	25.219	13.417
0.977	25.219	13.417
0.977	25.219	13.417
0.977	25.219	13.417
@
0.977	25.220	13.403
0.977	25.220	13.403
0.977	25.220	13.403
0.977	25.220	13.403
0.977	25.220	13.404
0.977	25.220	13.405
0.977	25.220	13.407
0.977	25.220	13.408
0.977	25.220	13.408
0.977	25.220	13.410
0.977	25.220	13.411
0.977	25.220	13.411
0.977	25.220	13.412
0.977	25.220	13.412
0.977	25.220	13.413
0.977	25.220	13.413
0.977	25.220	13.415
0.977	25.220	13.415
0.977	25.220	13.416
0.977	25.220	13.416
0.977	25.220	13.416
0.977	25.220	13.416
0.977	25.220	13.416
0.977	25.220	13.416
0.977	25.220	13.416
0.977	25.220	13.416
0.977	25.220	13.416
0.977	25.220	13.416
0.977	25.220	13.416
0.977	25.220	13.416
0.977	25.220	13.416
0.977	25.220	13.416
0.977	25.220	13.416
0.977	25.220	13.416
0.977	25.220	13.416
0.977	25.220	13.416
0.977	25.220	13.416
0.977	25.220	13.416
0.977	25.220	13.416
0.977	25.220	13.416
0.977	25.220	13.416
0.977	25.220	13.416
0.977	25.220	13.416
0.977	25.220	13.416
0.977	25.220	13.416
0.977	25.220	13.416
0.977	25.220	13.416
0.977	25.220	13.416
0.977	25.220	13.416
0.977	25.220	13.416
0.977	25.220	13.416
0.977	25.220	13.416
0.977	25.220	13.416
0.977	25.220	13.416
0.977	25.220	13.416
0.977	25.220	13.416
0.977	25.220	13.416
0.977	25.220	13.416
0.977	25.220	13.416
0.977	25.220	13.416
0.977	25.220	13.416
0.977	25.220	13.416
0.977	25.220	13.416
0.977	25.220	13.416
0.977	25.220	13.416
0.977	25.220	13.416
0.977	25.220	13.416
0.977	25.220	13.416
0.977	25.220	13.416
0.977	25.220	13.416
0.977	25.220	13.416
0.977	25.220	13.416
0.977	25.220	13.416
0.977	25.220	13.416
0.977	25.220	13.416
0.977	25.220	13.416
0.977	25.220	13.416
0.977	25.220	13.416
0.977	25.220	13.416
0.977	25.220	13.416
0.977	25.220	13.416
0.977	25.220	13.416
0.977	25.220	13.416
0.977	25.220	13.416
0.977	25.220	13.416
0.977	25.220	13.416
0.977	25.220	13.416
0.977	25.220	13.416
0.977	25.220	13.416
0.977	25.220	13.416
0.977	25.220	13.416
0.977	25.220	13.416
0.977	25.220	13.416
0.977	25.220	13.416
0.977	25.220	13.416
0.977	25.220	13.416
0.977	25.220	13.416
0.977	25.220	13.416
0.977	25.220	13.416
0.977	25.220	13.416
0.977	25.220	13.416
0.977	25.220	13.417
0.977	25.220	13.417
0.977	25.220	13.417
0.977	25.220	13.417
0.977	25.220	13.417
0.977	25.220	13.417
0.977	25.220	13.418
0.977	25.220	13.418
0.977	25.220	13.418
0.977	25.220	13.420
0.977	25.220	13.427
@
0.977	25.221	13.403
0.977	25.221	13.403
0.977	25.221	13.403
0.977	25.221	13.411
0.977	25.221	13.411
0.977	25.221	13.411
0.977	25.221	13.412
0.977	25.221	13.414
0.977	25.221	13.416
0.977	25.221	13.416
0.977	25.221	13.416
0.977	25.221	13.416
0.977	25.221	13.416
0.977	25.221	13.416
0.977	25.221	13.416
0.977	25.221	13.416
0.977	25.221	13.416
0.977	25.221	13.416
0.977	25.221	13.416
0.977	25.221	13.416
0.977	25.221	13.416
0.977	25.221	13.416
0.977	25.221	13.416
0.977	25.221	13.416
0.977	25.221	13.416
0.977	25.221	13.416
0.977	25.221	13.416
0.977	25.221	13.416
0.977	25.221	13.416
0.977	25.221	13.416
0.977	25.221	13.416
0.977	25.221	13.416
0.977	25.221	13.416
0.977	25.221	13.416
0.977	25.221	13.416
0.977	25.221	13.416
0.977	25.221	13.416
0.977	25.221	13.416
0.977	25.221	13.416
0.977	25.221	13.416
0.977	25.221	13.416
0.977	25.221	13.416
0.977	25.221	13.416
0.977	25.221	13.416
0.977	25.221	13.416
0.977	25.221	13.416
0.977	25.221	13.416
0.977	25.221	13.416
0.977	25.221	13.416
0.977	25.221	13.416
0.977	25.221	13.416
0.977	25.221	13.416
0.977	25.221	13.416
0.977	25.221	13.416
0.977	25.221	13.416
0.977	25.221	13.416
0.977	25.221	13.416
0.977	25.221	13.416
0.977	25.221	13.416
0.977	25.221	13.417
0.977	25.221	13.417
0.977	25.221	13.417
0.977	25.221	13.417
0.977	25.221	13.417
0.977	25.221	13.417
0.977	25.221	13.417
0.977	25.221	13.418
0.977	25.221	13.418
@
0.977	25.222	13.403
0.977	25.222	13.403
0.977	25.222	13.404
0.977	25.222	13.405
0.977	25.222	13.405
0.977	25.222	13.405
0.977	25.222	13.406
0.977	25.222	13.406
0.977	25.222	13.407
0.977	25.222	13.407
0.977	25.222	13.412
0.977	25.222	13.413
0.977	25.222	13.415
0.977	25.222	13.416
0.977	25.222	13.416
0.977	25.222	13.416
0.977	25.222	13.416
0.977	25.222	13.416
0.977	25.222	13.416
0.977	25.222	13.416
0.977	25.222	13.416
0.977	25.222	13.416
0.977	25.222	13.416
0.977	25.222	13.416
0.977	25.222	13.416
0.977	25.222	13.416
0.977	25.222	13.416
0.977	25.222	13.416
0.977	25.222	13.416
0.977	25.222	13.416
0.977	25.222	13.416
0.977	25.222	13.416
0.977	25.222	13.416
0.977	25.222	13.416
0.977	25.222	13.416
0.977	25.222	13.416
0.977	25.222	13.416
0.977	25.222	13.416
0.977	25.222	13.416
0.977	25.222	13.416
0.977	25.222	13.416
0.977	25.222	13.416
0.977	25.222	13.416
0.977	25.222	13.416
0.977	25.222	13.416
0.977	25.222	13.416
0.977	25.222	13.416
0.977	25.222	13.416
0.977	25.222	13.416
0.977	25.222	13.417
0.977	25.222	13.417
0.977	25.222	13.417
0.977	25.222	13.417
0.977	25.222	13.417
0.977	25.222	13.418
0.977	25.222	13.419
0.977	25.222	13.422
@
0.977	25.223	13.403
0.977	25.223	13.404
0.977	25.223	13.416
0.977	25.223	13.416
0.977	25.223	13.416
0.977	25.223	13.416
0.977	25.223	13.416
0.977	25.223	13.416
0.977	25.223	13.416
0.977	25.223	13.416
0.977	25.223	13.416
0.977	25.223	13.417
0.977	25.223	13.417
0.977	25.223	13.419
0.977	25.223	13.428
@
0.977	25.224	13.404
0.977	25.224	13.410
0.977	25.224	13.413
0.977	25.224	13.416
0.977	25.224	13.416
0.977	25.224	13.416
0.977	25.224	13.416
0.977	25.224	13.416
0.977	25.224	13.416
0.977	25.224	13.416
@
0.978	25.212	13.427
0.978	25.212	13.446
@
0.978	25.222	13.440
0.978	25.222	13.443
0.978	25.222	13.448
@
0.978	25.223	13.425
0.978	25.223	13.430
0.978	25.223	13.440
@
0.979	25.221	13.454
0.979	25.221	13.463
0.979	25.221	13.465
@
0.980	25.223	13.471
0.980	25.223	13.475
@
0.981	25.223	13.489
0.981	25.223	13.496
@
0.982	25.223	13.508
0.982	25.223	13.513
@
0.983	25.221	13.525
0.983	25.221	13.530
@
0.983	25.222	13.520
0.983	25.222	13.524
@
0.984	25.221	13.534
0.984	25.221	13.536
@
0.984	25.222	13.538
0.984	25.222	13.540
0.984	25.222	13.547
@
0.985	25.223	13.550
0.985	25.223	13.558
@
0.986	25.222	13.565
0.986	25.222	13.570
@
0.986	25.223	13.550
0.986	25.223	13.578
@
0.988	25.221	13.589
0.988	25.221	13.596
@
0.991	25.221	13.616
0.991	25.221	13.621
0.991	25.221	13.631
@
0.992	25.223	13.639
0.992	25.223	13.647
0.992	25.223	13.647
0.992	25.223	13.652
@
0.993	25.223	13.669
0.993	25.223	13.673
@
0.994	25.223	13.678
0.994	25.223	13.684
@
0.995	25.212	13.696
0.995	25.212	13.703
@
0.997	25.221	13.721
0.997	25.221	13.730
@
0.997	25.223	13.707
0.997	25.223	13.721
0.997	25.223	13.723
@
0.998	25.221	13.732
0.998	25.221	13.746
@
0.999	25.223	13.755
0.999	25.223	13.762
@
1.002	25.221	13.806
1.002	25.221	13.806
1.002	25.221	13.809
@
1.002	25.222	13.807
1.002	25.222	13.808
@
1.002	25.223	13.794
1.002	25.223	13.800
1.002	25.223	13.801
1.002	25.223	13.808
@
1.006	25.223	13.860
1.006	25.223	13.866
1.006	25.223	13.866
@
1.007	25.213	13.871
1.007	25.213	13.883
@
1.008	25.223	13.880
1.008	25.223	13.893
@
1.010	25.223	13.919
1.010	25.223	13.927
@
1.012	25.222	13.950
1.012	25.222	13.953
1.012	25.222	13.953
@
1.013	25.221	13.962
1.013	25.221	13.967
@
1.013	25.222	13.965
1.013	25.222	13.971
1.013	25.222	13.976
1.013	25.222	13.985
@
1.014	25.221	13.989
1.014	25.221	13.997
@
1.018	25.222	14.053
1.018	25.222	14.059
@
1.019	25.223	14.062
1.019	25.223	14.064
@
1.020	25.224	14.068
1.020	25.224	14.075
@
1.023	25.222	14.108
1.023	25.222	14.122
@
1.025	25.214	14.148
1.025	25.214	14.149
@
1.025	25.223	14.130
1.025	25.223	14.131
@
1.026	25.213	14.163
1.026	25.213	14.172
@
1.026	25.222	14.151
1.026	25.222	14.160
@
1.030	25.214	14.221
1.030	25.214	14.237
@
1.030	25.223	14.208
1.030	25.223	14.209
1.030	25.223	14.212
@
1.030	25.224	14.193
1.030	25.224	14.218
@
1.031	25.223	14.218
1.031	25.223	14.237
@
1.033	25.214	14.270
1.033	25.214	14.270
1.033	25.214	14.283
@
1.035	25.222	14.286
1.035	25.222	14.291
@
1.036	25.213	14.299
1.036	25.213	14.311
@
1.036	25.215	14.313
1.036	25.215	14.315
1.036	25.215	14.322
1.036	25.215	14.324
@
1.038	25.222	14.343
1.038	25.222	14.352
@
1.039	25.213	14.355
1.039	25.213	14.369
@
1.039	25.214	14.359
1.039	25.214	14.359
1.039	25.214	14.361
@
1.042	25.224	14.404
1.042	25.224	14.410
@
1.043	25.222	14.429
1.043	25.222	14.432
1.043	25.222	14.436
@
1.045	25.222	14.455
1.045	25.222	14.465
@
1.045	25.224	14.452
1.045	25.224	14.453
1.045	25.224	14.456
@
1.051	25.222	14.538
1.051	25.222	14.539
@
1.052	25.223	14.544
1.052	25.223	14.552
@
1.054	25.222	14.586
1.054	25.222	14.589
@
1.054	25.223	14.572
1.054	25.223	14.573
1.054	25.223	14.587
@
1.054	25.224	14.572
1.054	25.224	14.587
@
1.055	25.217	14.594
1.055	25.217	14.609
@
1.055	25.223	14.587
1.055	25.223	14.589
1.055	25.223	14.592
1.055	25.223	14.602
@
1.056	25.216	14.615
1.056	25.216	14.616
@
1.058	25.219	14.643
1.058	25.219	14.648
@
1.058	25.222	14.631
1.058	25.222	14.645
@
1.068	25.217	14.787
1.068	25.217	14.796
@
1.070	25.219	14.807
1.070	25.219	14.816
@
1.071	25.219	14.833
1.071	25.219	14.841
1.071	25.219	14.844
@
1.071	25.221	14.832
1.071	25.221	14.836
1.071	25.221	14.840
1.071	25.221	14.847
@
1.071	25.222	14.844
1.071	25.222	14.845
@
1.071	25.223	14.829
1.071	25.223	14.853
@
1.072	25.220	14.853
1.072	25.220	14.858
@
1.072	25.221	14.832
1.072	25.221	14.848
@
1.073	25.220	14.856
1.073	25.220	14.858
1.073	25.220	14.860
@
1.074	25.222	14.869
1.074	25.222	14.877
1.074	25.222	14.886
@
1.075	25.221	14.892
1.075	25.221	14.893
1.075	25.221	14.896
@
1.076	25.221	14.908
1.076	25.221	14.912
@
1.076	25.222	14.905
1.076	25.222	14.905
1.076	25.222	14.915
1.076	25.222	14.916
@
1.077	25.221	14.924
1.077	25.221	14.934
1.077	25.221	14.935
1.077	25.221	14.939
1.077	25.221	14.942
@
1.077	25.223	14.918
1.077	25.223	14.918
@
1.078	25.221	14.953
1.078	25.221	14.959
@
1.078	25.222	14.941
1.078	25.222	14.954
@
1.078	25.223	14.946
1.078	25.223	14.953
1.078	25.223	14.954
@
1.078	25.224	14.950
1.078	25.224	14.954
@
1.079	25.221	14.956
1.079	25.221	14.966
@
1.079	25.222	14.950
1.079	25.222	14.961
@
1.080	25.221	14.976
1.080	25.221	14.981
@
1.080	25.222	14.965
1.080	25.222	14.980
1.080	25.222	14.987
@
1.082	25.221	14.991
1.082	25.221	14.991
1.082	25.221	14.997
@
1.083	25.221	15.009
1.083	25.221	15.017
1.083	25.221	15.025
@
1.088	25.224	15.083
1.088	25.224	15.088
1.088	25.224	15.092
1.088	25.224	15.110
@
1.088	25.226	15.100
1.088	25.226	15.103
@
1.090	25.220	15.103
1.090	25.220	15.121
@
1.090	25.221	15.111
1.090	25.221	15.112
@
1.090	25.222	15.094
1.090	25.222	15.104
1.090	25.222	15.125
@
1.094	25.222	15.163
1.094	25.222	15.164
@
1.100	25.221	15.261
1.100	25.221	15.272
1.100	25.221	15.281
@
1.103	25.221	15.313
1.103	25.221	15.323
1.103	25.221	15.329
@
1.104	25.221	15.324
1.104	25.221	15.332
1.104	25.221	15.332
@
1.105	25.220	15.340
1.105	25.220	15.351
1.105	25.220	15.355
@
1.105	25.221	15.345
1.105	25.221	15.357
@
1.105	25.231	15.335
1.105	25.231	15.344
1.105	25.231	15.353
@
1.107	25.221	15.368
1.107	25.221	15.370
@
1.110	25.221	15.421
1.110	25.221	15.435
@
1.114	25.221	15.464
1.114	25.221	15.473
@
1.117	25.219	15.514
1.117	25.219	15.516
@
1.117	25.220	15.491
1.117	25.220	15.510
@
1.118	25.220	15.522
1.118	25.220	15.528
@
1.118	25.231	15.515
1.118	25.231	15.533
@
1.119	25.231	15.540
1.119	25.231	15.541
1.119	25.231	15.544
@
1.120	25.219	15.546
1.120	25.219	15.554
@
1.120	25.232	15.549
1.120	25.232	15.555
@
1.124	25.234	15.624
1.124	25.234	15.628
1.124	25.234	15.637
@
1.129	25.221	15.677
1.129	25.221	15.679
@
1.130	25.220	15.698
1.130	25.220	15.705
@
1.130	25.221	15.703
1.130	25.221	15.716
@
1.130	25.239	15.702
1.130	25.239	15.706
@
1.131	25.239	15.695
1.131	25.239	15.715
1.131	25.239	15.717
@
1.132	25.220	15.731
1.132	25.220	15.745
@
1.133	25.218	15.756
1.133	25.218	15.763
@
1.134	25.218	15.771
1.134	25.218	15.783
@
1.135	25.220	15.782
1.135	25.220	15.788
@
1.140	25.218	15.864
1.140	25.218	15.873
1.140	25.218	15.881
@
1.141	25.242	15.866
1.141	25.242	15.867
@
1.142	25.219	15.894
1.142	25.219	15.901
@
1.143	25.217	15.906
1.143	25.217	15.906
@
1.144	25.218	15.901
1.144	25.218	15.902
@
1.146	25.218	15.926
1.146	25.218	15.932
1.146	25.218	15.941
@
1.150	25.217	15.976
1.150	25.217	15.986
@
1.151	25.244	15.993
1.151	25.244	16.003
1.151	25.244	16.013
1.151	25.244	16.028
@
1.152	25.217	16.019
1.152	25.217	16.029
@
1.153	25.245	16.035
1.153	25.245	16.059
@
1.154	25.217	16.031
1.154	25.217	16.052
@
1.155	25.217	16.055
1.155	25.217	16.061
1.155	25.217	16.065
@
1.159	25.217	16.123
1.159	25.217	16.125
@
1.161	25.217	16.143
1.161	25.217	16.157
@
1.162	25.216	16.174
1.162	25.216	16.185
@
1.164	25.217	16.196
1.164	25.217	16.197
@
1.165	25.217	16.204
1.165	25.217	16.222
1.165	25.217	16.233
@
1.165	25.247	16.216
1.165	25.247	16.223
@
1.165	25.248	16.195
1.165	25.248	16.207
@
1.166	25.215	16.237
1.166	25.215	16.241
1.166	25.215	16.248
@
1.166	25.216	16.236
1.166	25.216	16.244
@
1.167	25.214	16.239
1.167	25.214	16.265
@
1.168	25.248	16.237
1.168	25.248	16.249
@
1.170	25.214	16.287
1.170	25.214	16.291
@
1.171	25.214	16.317
1.171	25.214	16.326
@
1.172	25.213	16.340
1.172	25.213	16.345
@
1.175	25.214	16.345
1.175	25.214	16.364
@
1.176	25.215	16.378
1.176	25.215	16.384
@
1.179	25.214	16.406
1.179	25.214	16.414
1.179	25.214	16.418
@
1.179	25.253	16.419
1.179	25.253	16.419
@
1.180	25.215	16.423
1.180	25.215	16.425
@
1.182	25.213	16.438
1.182	25.213	16.448
@
1.182	25.214	16.442
1.182	25.214	16.444
@
1.183	25.213	16.464
1.183	25.213	16.467
1.183	25.213	16.473
@
1.193	25.212	16.613
1.193	25.212	16.629
@
1.194	25.259	16.626
1.194	25.259	16.636
@
1.195	25.260	16.629
1.195	25.260	16.636
@
1.196	25.209	16.668
1.196	25.209	16.676
@
1.200	25.209	16.720
1.200	25.209	16.730
@
1.202	25.262	16.724
1.202	25.262	16.730
@
1.203	25.261	16.736
1.203	25.261	16.745
@
1.207	25.263	16.816
1.207	25.263	16.820
@
1.210	25.208	16.848
1.210	25.208	16.853
@
1.210	25.210	16.845
1.210	25.210	16.848
@
1.211	25.265	16.869
1.211	25.265	16.882
@
1.217	25.266	16.946
1.217	25.266	16.948
@
1.220	25.206	16.986
1.220	25.206	16.994
@
1.222	25.207	17.023
1.222	25.207	17.037
@
1.222	25.208	17.031
1.222	25.208	17.041
@
1.224	25.207	17.057
1.224	25.207	17.058
@
1.227	25.269	17.099
1.227	25.269	17.103
@
1.228	25.207	17.126
1.228	25.207	17.150
@
1.228	25.270	17.111
1.228	25.270	17.116
@
1.229	25.206	17.157
1.229	25.206	17.169
@
1.231	25.207	17.176
1.231	25.207	17.187
@
1.231	25.270	17.151
1.231	25.270	17.157
@
1.232	25.207	17.209
1.232	25.207	17.225
@
1.232	25.270	17.163
1.232	25.270	17.175
@
1.235	25.206	17.242
1.235	25.206	17.253
@
1.235	25.274	17.223
1.235	25.274	17.236
1.235	25.274	17.240
@
1.235	25.275	17.236
1.235	25.275	17.240
1.235	25.275	17.241
@
1.235	25.277	17.238
1.235	25.277	17.242
@
1.236	25.207	17.266
1.236	25.207	17.267
@
1.237	25.280	17.276
1.237	25.280	17.277
@
1.239	25.281	17.284
1.239	25.281	17.299
@
1.241	25.206	17.305
1.241	25.206	17.334
@
1.248	25.282	17.413
1.248	25.282	17.414
@
1.248	25.283	17.403
1.248	25.283	17.409
1.248	25.283	17.418
@
1.249	25.282	17.419
1.249	25.282	17.419
@
1.251	25.204	17.464
1.251	25.204	17.469
@
1.252	25.284	17.470
1.252	25.284	17.473
@
1.254	25.286	17.493
1.254	25.286	17.502
@
1.255	25.203	17.508
1.255	25.203	17.539
@
1.266	25.204	17.714
1.266	25.204	17.723
@
1.267	25.203	17.722
1.267	25.203	17.751
@
1.267	25.289	17.722
1.267	25.289	17.732
@
1.275	25.203	17.809
1.275	25.203	17.821
@
1.277	25.290	17.833
1.277	25.290	17.843
@
1.278	25.202	17.865
1.278	25.202	17.872
@
1.278	25.291	17.847
1.278	25.291	17.863
@
1.278	25.292	17.864
1.278	25.292	17.864
@
1.280	25.294	17.877
1.280	25.294	17.884
@
1.282	25.201	17.913
1.282	25.201	17.915
1.282	25.201	17.920
@
1.282	25.293	17.892
1.282	25.293	17.901
@
1.285	25.200	17.964
1.285	25.200	17.973
@
1.286	25.200	17.972
1.286	25.200	18.002
@
1.286	25.201	17.975
1.286	25.201	17.982
1.286	25.201	17.993
@
1.287	25.298	17.980
1.287	25.298	17.984
@
1.287	25.300	17.992
1.287	25.300	18.002
@
1.289	25.298	18.025
1.289	25.298	18.028
@
1.292	25.301	18.077
1.292	25.301	18.089
@
1.293	25.200	18.099
1.293	25.200	18.126
@
1.293	25.303	18.115
1.293	25.303	18.126
@
1.294	25.199	18.120
1.294	25.199	18.129
1.294	25.199	18.139
@
1.296	25.197	18.165
1.296	25.197	18.171
@
1.298	25.303	18.180
1.298	25.303	18.187
@
1.303	25.306	18.232
1.303	25.306	18.249
@
1.308	25.197	18.296
1.308	25.197	18.320
@
1.309	25.197	18.325
1.309	25.197	18.331
@
1.310	25.198	18.339
1.310	25.198	18.347
@
1.311	25.306	18.348
1.311	25.306	18.359
@
1.311	25.307	18.341
1.311	25.307	18.361
@
1.311	25.308	18.354
1.311	25.308	18.355
1.311	25.308	18.358
1.311	25.308	18.360
@
1.312	25.309	18.347
1.312	25.309	18.355
1.312	25.309	18.357
@
1.312	25.310	18.356
1.312	25.310	18.357
@
1.312	25.311	18.354
1.312	25.311	18.358
@
1.314	25.196	18.402
1.314	25.196	18.408
@
1.314	25.198	18.404
1.314	25.198	18.410
@
1.316	25.196	18.432
1.316	25.196	18.436
1.316	25.196	18.442
1.316	25.196	18.448
@
1.316	25.197	18.433
1.316	25.197	18.445
@
1.319	25.194	18.494
1.319	25.194	18.497
1.319	25.194	18.500
@
1.320	25.312	18.500
1.320	25.312	18.511
@
1.320	25.315	18.486
1.320	25.315	18.505
@
1.322	25.194	18.542
1.322	25.194	18.545
@
1.322	25.196	18.533
1.322	25.196	18.538
@
1.325	25.194	18.591
1.325	25.194	18.606
@
1.326	25.313	18.574
1.326	25.313	18.580
@
1.327	25.193	18.622
1.327	25.193	18.631
@
1.327	25.194	18.619
1.327	25.194	18.641
@
1.327	25.315	18.592
1.327	25.315	18.598
1.327	25.315	18.614
1.327	25.315	18.618
@
1.327	25.316	18.604
1.327	25.316	18.607
@
1.328	25.314	18.621
1.328	25.314	18.625
@
1.328	25.317	18.614
1.328	25.317	18.637
1.328	25.317	18.641
@
1.336	25.193	18.750
1.336	25.193	18.757
@
1.338	25.318	18.760
1.338	25.318	18.771
@
1.339	25.319	18.756
1.339	25.319	18.775
@
1.339	25.320	18.776
1.339	25.320	18.777
1.339	25.320	18.782
@
1.340	25.192	18.792
1.340	25.192	18.799
@
1.341	25.193	18.812
1.341	25.193	18.826
@
1.346	25.193	18.886
1.346	25.193	18.893
@
1.346	25.324	18.898
1.346	25.324	18.904
@
1.348	25.189	18.912
1.348	25.189	18.921
@
1.350	25.189	18.963
1.350	25.189	18.968
1.350	25.189	18.970
1.350	25.189	18.980
@
1.350	25.190	18.964
1.350	25.190	18.969
@
1.350	25.325	18.945
1.350	25.325	18.945
@
1.351	25.325	18.925
1.351	25.325	18.945
@
1.351	25.327	18.945
1.351	25.327	18.947
@
1.351	25.328	18.937
1.351	25.328	18.945
@
1.352	25.325	18.945
1.352	25.325	18.947
@
1.352	25.327	18.958
1.352	25.327	18.960
1.352	25.327	18.963
@
1.352	25.328	18.955
1.352	25.328	18.965
@
1.352	25.329	18.951
1.352	25.329	18.970
@
1.353	25.329	18.985
1.353	25.329	18.989
1.353	25.329	19.001
@
1.353	25.330	18.974
1.353	25.330	18.979
1.353	25.330	18.985
@
1.355	25.188	19.055
1.355	25.188	19.064
1.355	25.188	19.069
@
1.358	25.189	19.082
1.358	25.189	19.108
@
1.360	25.186	19.133
1.360	25.186	19.150
@
1.362	25.188	19.155
1.362	25.188	19.157
@
1.367	25.333	19.187
1.367	25.333	19.192
@
1.367	25.334	19.196
1.367	25.334	19.201
@
1.368	25.333	19.211
1.368	25.333	19.218
@
1.368	25.335	19.206
1.368	25.335	19.214
@
1.369	25.335	19.223
1.369	25.335	19.226
@
1.370	25.335	19.230
1.370	25.335	19.235
@
1.371	25.335	19.239
1.371	25.335	19.241
1.371	25.335	19.245
1.371	25.335	19.247
@
1.371	25.336	19.241
1.371	25.336	19.249
@
1.371	25.337	19.237
1.371	25.337	19.247
@
1.372	25.337	19.251
1.372	25.337	19.258
1.372	25.337	19.264
1.372	25.337	19.267
@
1.372	25.338	19.244
1.372	25.338	19.257
@
1.372	25.339	19.254
1.372	25.339	19.282
@
1.373	25.339	19.273
1.373	25.339	19.287
1.373	25.339	19.288
1.373	25.339	19.292
1.373	25.339	19.297
1.373	25.339	19.307
@
1.374	25.339	19.316
1.374	25.339	19.317
1.374	25.339	19.319
@
1.375	25.341	19.310
1.375	25.341	19.325
1.375	25.341	19.330
@
1.375	25.342	19.318
1.375	25.342	19.331
@
1.376	25.343	19.332
1.376	25.343	19.340
@
1.377	25.186	19.339
1.377	25.186	19.362
@
1.377	25.343	19.342
1.377	25.343	19.343
@
1.377	25.345	19.343
1.377	25.345	19.345
1.377	25.345	19.349
@
1.378	25.184	19.381
1.378	25.184	19.385
1.378	25.184	19.390
@
1.378	25.185	19.372
1.378	25.185	19.376
1.378	25.185	19.385
@
1.378	25.187	19.384
1.378	25.187	19.385
@
1.378	25.347	19.353
1.378	25.347	19.361
@
1.379	25.347	19.351
1.379	25.347	19.368
@
1.380	25.183	19.419
1.380	25.183	19.425
@
1.380	25.184	19.427
1.380	25.184	19.432
@
1.382	25.348	19.418
1.382	25.348	19.422
1.382	25.348	19.429
@
1.383	25.347	19.433
1.383	25.347	19.436
@
1.387	25.183	19.543
1.387	25.183	19.545
@
1.389	25.183	19.566
1.389	25.183	19.575
@
1.391	25.349	19.541
1.391	25.349	19.544
1.391	25.349	19.554
@
1.391	25.350	19.551
1.391	25.350	19.557
1.391	25.350	19.561
@
1.392	25.180	19.616
1.392	25.180	19.617
@
1.392	25.352	19.567
1.392	25.352	19.574
@
1.393	25.353	19.579
1.393	25.353	19.585
@
1.394	25.353	19.591
1.394	25.353	19.606
@
1.394	25.354	19.606
1.394	25.354	19.608
@
1.395	25.355	19.610
1.395	25.355	19.610
1.395	25.355	19.615
1.395	25.355	19.617
@
1.396	25.181	19.666
1.396	25.181	19.669
@
1.396	25.182	19.648
1.396	25.182	19.654
1.396	25.182	19.658
1.396	25.182	19.663
@
1.401	25.180	19.711
1.401	25.180	19.716
@
1.402	25.180	19.711
1.402	25.180	19.721
1.402	25.180	19.740
@
1.405	25.178	19.775
1.405	25.178	19.782
@
1.405	25.358	19.736
1.405	25.358	19.746
1.405	25.358	19.770
@
1.405	25.359	19.739
1.405	25.359	19.746
@
1.407	25.178	19.805
1.407	25.178	19.812
1.407	25.178	19.816
@
1.407	25.359	19.775
1.407	25.359	19.778
1.407	25.359	19.782
@
1.408	25.178	19.816
1.408	25.178	19.820
1.408	25.178	19.825
@
1.408	25.180	19.816
1.408	25.180	19.827
@
1.409	25.178	19.846
1.409	25.178	19.849
1.409	25.178	19.851
@
1.409	25.180	19.822
1.409	25.180	19.865
@
1.410	25.177	19.859
1.410	25.177	19.868
1.410	25.177	19.885
@
1.410	25.179	19.858
1.410	25.179	19.878
@
1.420	25.175	20.043
1.420	25.175	20.046
@
1.421	25.176	20.057
1.421	25.176	20.061
@
1.422	25.175	20.067
1.422	25.175	20.074
@
1.424	25.175	20.085
1.424	25.175	20.089
@
1.425	25.368	20.067
1.425	25.368	20.076
@
1.426	25.174	20.107
1.426	25.174	20.116
@
1.426	25.365	20.060
1.426	25.365	20.085
@
1.428	25.174	20.132
1.428	25.174	20.139
@
1.429	25.173	20.156
1.429	25.173	20.163
@
1.433	25.175	20.203
1.433	25.175	20.212
@
1.434	25.173	20.216
1.434	25.173	20.220
1.434	25.173	20.230
@
1.435	25.369	20.203
1.435	25.369	20.203
@
1.435	25.370	20.203
1.435	25.370	20.210
@
1.436	25.173	20.250
1.436	25.173	20.264
@
1.436	25.370	20.219
1.436	25.370	20.227
@
1.438	25.371	20.236
1.438	25.371	20.247
@
1.440	25.372	20.267
1.440	25.372	20.289
@
1.440	25.373	20.283
1.440	25.373	20.295
@
1.441	25.371	20.281
1.441	25.371	20.288
@
1.443	25.375	20.312
1.443	25.375	20.325
@
1.444	25.173	20.383
1.444	25.173	20.398
@
1.444	25.174	20.351
1.444	25.174	20.371
@
1.444	25.375	20.307
1.444	25.375	20.322
@
1.445	25.173	20.408
1.445	25.173	20.419
@
1.446	25.173	20.423
1.446	25.173	20.431
@
1.447	25.376	20.398
1.447	25.376	20.407
@
1.449	25.377	20.433
1.449	25.377	20.435
@
1.451	25.377	20.452
1.451	25.377	20.476
@
1.452	25.378	20.486
1.452	25.378	20.491
@
1.455	25.173	20.560
1.455	25.173	20.564
@
1.455	25.378	20.521
1.455	25.378	20.549
@
1.459	25.172	20.596
1.459	25.172	20.608
@
1.465	25.171	20.707
1.465	25.171	20.715
@
1.469	25.383	20.712
1.469	25.383	20.715
@
1.475	25.171	20.843
1.475	25.171	20.847
1.475	25.171	20.851
1.475	25.171	20.866
@
1.477	25.171	20.893
1.477	25.171	20.902
@
1.477	25.389	20.852
1.477	25.389	20.863
@
1.480	25.389	20.891
1.480	25.389	20.896
@
1.482	25.390	20.913
1.482	25.390	20.953
@
1.484	25.171	20.996
1.484	25.171	21.007
@
1.486	25.390	20.993
1.486	25.390	20.996
@
1.493	25.393	21.041
1.493	25.393	21.043
1.493	25.393	21.046
@
1.494	25.170	21.057
1.494	25.170	21.065
@
1.504	25.171	21.108
1.504	25.171	21.111
@
1.504	25.398	21.094
1.504	25.398	21.099
1.504	25.398	21.101
@
1.504	25.399	21.094
1.504	25.399	21.098
@
1.505	25.170	21.116
1.505	25.170	21.117
@
1.505	25.171	21.113
1.505	25.171	21.118
@
1.507	25.171	21.106
1.507	25.171	21.122
@
1.507	25.401	21.085
1.507	25.401	21.102
@
1.508	25.170	21.124
1.508	25.170	21.126
@
1.508	25.401	21.108
1.508	25.401	21.111
1.508	25.401	21.117
@
1.509	25.400	21.116
1.509	25.400	21.116
@
1.509	25.401	21.093
1.509	25.401	21.113
@
1.510	25.170	21.114
1.510	25.170	21.141
@
1.514	25.170	21.147
1.514	25.170	21.151
1.514	25.170	21.152
@
1.524	25.407	21.165
1.524	25.407	21.167
@
1.527	25.169	21.178
1.527	25.169	21.179
@
1.530	25.169	21.163
1.530	25.169	21.187
@
1.535	25.170	21.180
1.535	25.170	21.189
@
1.536	25.410	21.172
1.536	25.410	21.197
@
1.537	25.169	21.207
1.537	25.169	21.208
1.537	25.169	21.208
@
1.538	25.410	21.204
1.538	25.410	21.205
@
1.540	25.412	21.187
1.540	25.412	21.192
@
1.541	25.168	21.195
1.541	25.168	21.223
@
1.541	25.170	21.214
1.541	25.170	21.216
@
1.543	25.412	21.216
1.543	25.412	21.219
@
1.548	25.415	21.229
1.548	25.415	21.233
@
1.549	25.169	21.240
1.549	25.169	21.242
@
1.549	25.413	21.216
1.549	25.413	21.232
@
1.550	25.169	21.219
1.550	25.169	21.245
@
1.553	25.415	21.242
1.553	25.415	21.243
@
1.553	25.416	21.240
1.553	25.416	21.242
1.553	25.416	21.252
@
1.554	25.170	21.253
1.554	25.170	21.254
@
1.557	25.417	21.254
1.557	25.417	21.256
@
1.558	25.416	21.241
1.558	25.416	21.244
1.558	25.416	21.257
1.558	25.416	21.258
@
1.560	25.172	21.249
1.560	25.172	21.271
@
1.560	25.416	21.264
1.560	25.416	21.264
@
1.561	25.172	21.273
1.561	25.172	21.273
@
1.561	25.415	21.242
1.561	25.415	21.265
@
1.562	25.415	21.270
1.562	25.415	21.271
@
1.562	25.416	21.266
1.562	25.416	21.268
1.562	25.416	21.271
1.562	25.416	21.272
@
1.567	25.416	21.254
1.567	25.416	21.261
@
1.570	25.187	21.273
1.570	25.187	21.273
@
1.570	25.190	21.273
1.570	25.190	21.273
@
1.571	25.416	21.272
1.571	25.416	21.273
1.571	25.416	21.274
@
1.572	25.197	21.275
1.572	25.197	21.275
@
1.572	25.199	21.272
1.572	25.199	21.272
@
1.573	25.200	21.272
1.573	25.200	21.273
@
1.578	25.203	21.272
1.578	25.203	21.274
@
1.583	25.416	21.272
1.583	25.416	21.273
@
1.584	25.211	21.274
1.584	25.211	21.274
@
1.585	25.212	21.272
1.585	25.212	21.273
@
1.586	25.416	21.259
1.586	25.416	21.273
@
1.586	25.417	21.255
1.586	25.417	21.274
@
1.587	25.414	21.250
1.587	25.414	21.273
@
1.587	25.416	21.274
1.587	25.416	21.274
@
1.588	25.218	21.258
1.588	25.218	21.273
@
1.589	25.233	21.268
1.589	25.233	21.270
@
1.589	25.235	21.245
1.589	25.235	21.268
1.589	25.235	21.271
@
1.590	25.225	21.272
1.590	25.225	21.273
@
1.590	25.226	21.272
1.590	25.226	21.273
@
1.590	25.227	21.254
1.590	25.227	21.272
1.590	25.227	21.274
@
1.590	25.230	21.257
1.590	25.230	21.270
@
1.590	25.415	21.271
1.590	25.415	21.273
1.590	25.415	21.275
@
1.591	25.317	21.271
1.591	25.317	21.271
@
1.591	25.333	21.248
1.591	25.333	21.269
@
1.591	25.339	21.271
1.591	25.339	21.273
@
1.591	25.346	21.272
1.591	25.346	21.273
@
1.591	25.353	21.272
1.591	25.353	21.273
@
1.591	25.357	21.271
1.591	25.357	21.272
@
1.591	25.358	21.248
1.591	25.358	21.272
@
1.591	25.369	21.258
1.591	25.369	21.272
@
1.591	25.370	21.256
1.591	25.370	21.274
@
1.591	25.374	21.272
1.591	25.374	21.275
@
1.591	25.383	21.272
1.591	25.383	21.273
1.591	25.383	21.275
@
1.591	25.387	21.251
1.591	25.387	21.272
@
1.591	25.388	21.271
1.591	25.388	21.273
@
1.591	25.390	21.272
1.591	25.390	21.272
@
1.591	25.391	21.249
1.591	25.391	21.272
@
1.591	25.392	21.272
1.591	25.392	21.273
@
1.591	25.393	21.273
1.591	25.393	21.274
@
1.591	25.395	21.271
1.591	25.395	21.272
1.591	25.395	21.272
1.591	25.395	21.274
@
1.591	25.398	21.250
1.591	25.398	21.271
1.591	25.398	21.273
@
1.591	25.399	21.269
1.591	25.399	21.271
@
1.591	25.400	21.273
1.591	25.400	21.274
@
1.591	25.401	21.272
1.591	25.401	21.273
1.591	25.401	21.274
@
1.591	25.402	21.269
1.591	25.402	21.272
1.591	25.402	21.272
@
1.591	25.403	21.248
1.591	25.403	21.273
1.591	25.403	21.273
@
1.591	25.404	21.271
1.591	25.404	21.272
1.591	25.404	21.272
@
1.591	25.405	21.249
1.591	25.405	21.271
1.591	25.405	21.272
1.591	25.405	21.272
@
1.591	25.407	21.250
1.591	25.407	21.271
1.591	25.407	21.273
1.591	25.407	21.275
@
1.591	25.408	21.271
1.591	25.408	21.271
1.591	25.408	21.271
@
1.591	25.409	21.271
1.591	25.409	21.271
1.591	25.409	21.272
1.591	25.409	21.273
@
1.591	25.410	21.272
1.591	25.410	21.272
1.591	25.410	21.274
@
1.591	25.411	21.249
1.591	25.411	21.272
1.591	25.411	21.273
1.591	25.411	21.274
1.591	25.411	21.274
@
1.591	25.412	21.272
1.591	25.412	21.272
1.591	25.412	21.275
1.591	25.412	21.275
@
1.591	25.413	21.271
1.591	25.413	21.271
1.591	25.413	21.272
1.591	25.413	21.272
1.591	25.413	21.272
1.591	25.413	21.273
1.591	25.413	21.273
1.591	25.413	21.275
@
1.591	25.414	21.257
1.591	25.414	21.271
1.591	25.414	21.272
1.591	25.414	21.273
1.591	25.414	21.274
1.591	25.414	21.274
@
1.591	25.415	21.250
1.591	25.415	21.258
1.591	25.415	21.271
1.591	25.415	21.272
1.591	25.415	21.272
1.591	25.415	21.273
1.591	25.415	21.273
1.591	25.415	21.274
@
1.591	25.416	21.271
1.591	25.416	21.273
1.591	25.416	21.274
@
1.592	25.093	21.273
1.592	25.093	21.273
@
1.592	25.287	21.273
1.592	25.287	21.275
@
1.592	25.292	21.271
1.592	25.292	21.271
@
1.592	25.329	21.271
1.592	25.329	21.272
@
1.592	25.375	21.271
1.592	25.375	21.274
@
1.592	25.397	21.273
1.592	25.397	21.273
@
1.592	25.405	21.273
1.592	25.405	21.274
@
1.592	25.409	21.272
1.592	25.409	21.272
@
1.593	25.069	21.272
1.593	25.069	21.274
