0.352	30.086	5.681
0.352	30.086	5.681
0.352	30.086	5.682
0.352	30.086	5.682
0.352	30.086	5.682
0.352	30.086	5.682
0.352	30.086	5.683
0.352	30.086	5.683
0.352	30.086	5.683
@
0.352	30.087	5.681
0.352	30.087	5.682
0.352	30.087	5.682
0.352	30.087	5.682
0.352	30.087	5.682
0.352	30.087	5.682
0.352	30.087	5.682
0.352	30.087	5.682
0.352	30.087	5.682
0.352	30.087	5.683
0.352	30.087	5.683
@
0.352	30.088	5.682
0.352	30.088	5.682
0.352	30.088	5.682
0.352	30.088	5.683
@
0.352	30.089	5.682
0.352	30.089	5.682
0.352	30.089	5.682
0.352	30.089	5.682
@
0.352	30.090	5.682
0.352	30.090	5.682
0.352	30.090	5.682
0.352	30.090	5.682
0.352	30.090	5.683
0.352	30.090	5.683
@
0.352	30.091	5.681
0.352	30.091	5.682
@
0.352	30.092	5.682
0.352	30.092	5.682
@
0.366	30.093	5.682
0.366	30.093	5.683
@
0.369	30.093	5.682
0.369	30.093	5.683
@
0.374	30.095	5.683
0.374	30.095	5.684
@
0.375	30.094	5.682
0.375	30.094	5.683
0.375	30.094	5.683
@
0.375	30.096	5.683
0.375	30.096	5.683
0.375	30.096	5.684
@
0.376	30.096	5.682
0.376	30.096	5.683
0.376	30.096	5.683
@
0.380	30.096	5.681
0.380	30.096	5.682
0.380	30.096	5.683
@
0.382	30.097	5.682
0.382	30.097	5.682
0.382	30.097	5.683
@
0.390	30.098	5.682
0.390	30.098	5.683
@
0.392	30.098	5.686
0.392	30.098	5.688
@
0.401	30.099	5.712
0.401	30.099	5.713
0.401	30.099	5.713
@
0.401	30.100	5.713
0.401	30.100	5.713
@
0.409	30.100	5.734
0.409	30.100	5.737
@
0.414	30.102	5.747
0.414	30.102	5.747
0.414	30.102	5.749
@
0.422	30.102	5.767
0.422	30.102	5.769
@
0.432	30.104	5.797
0.432	30.104	5.798
@
0.433	30.105	5.798
0.433	30.105	5.798
@
0.435	30.104	5.803
0.435	30.104	5.804
0.435	30.104	5.805
@
0.436	30.105	5.806
0.436	30.105	5.810
@
0.442	30.105	5.823
0.442	30.105	5.824
0.442	30.105	5.826
@
0.445	30.104	5.835
0.445	30.104	5.835
0.445	30.104	5.835
@
0.455	30.109	5.878
0.455	30.109	5.882
@
0.457	30.108	5.887
0.457	30.108	5.887
@
0.458	30.108	5.892
0.458	30.108	5.896
@
0.459	30.108	5.898
0.459	30.108	5.900
@
0.463	30.107	5.922
0.463	30.107	5.931
@
0.464	30.106	5.934
0.464	30.106	5.935
@
0.464	30.107	5.936
0.464	30.107	5.936
@
0.464	30.109	5.933
0.464	30.109	5.936
@
0.470	30.108	5.994
0.470	30.108	5.998
@
0.472	30.107	6.031
0.472	30.107	6.037
@
0.474	30.108	6.055
0.474	30.108	6.065
0.474	30.108	6.075
@
0.475	30.107	6.079
0.475	30.107	6.080
@
0.476	30.106	6.088
0.476	30.106	6.098
@
0.481	30.107	6.165
0.481	30.107	6.169
@
0.484	30.106	6.226
0.484	30.106	6.226
@
0.490	30.108	6.329
0.490	30.108	6.336
@
0.493	30.108	6.368
0.493	30.108	6.372
@
0.493	30.110	6.362
0.493	30.110	6.366
@
0.499	30.109	6.445
0.499	30.109	6.449
0.499	30.109	6.458
@
0.500	30.108	6.469
0.500	30.108	6.471
@
0.511	30.109	6.627
0.511	30.109	6.630
0.511	30.109	6.638
@
0.513	30.109	6.653
0.513	30.109	6.663
@
0.515	30.109	6.680
0.515	30.109	6.697
@
0.518	30.107	6.738
0.518	30.107	6.743
0.518	30.107	6.750
@
0.520	30.108	6.775
0.520	30.108	6.781
@
0.534	30.108	6.983
0.534	30.108	6.995
@
0.549	30.104	7.214
0.549	30.104	7.215
0.549	30.104	7.218
@
0.550	30.106	7.233
0.550	30.106	7.239
@
0.554	30.106	7.297
0.554	30.106	7.306
@
0.559	30.106	7.355
0.559	30.106	7.360
0.559	30.106	7.361
@
0.562	30.104	7.397
0.562	30.104	7.406
@
0.569	30.105	7.503
0.569	30.105	7.507
0.569	30.105	7.514
@
0.570	30.104	7.526
0.570	30.104	7.530
@
0.583	30.103	7.732
0.583	30.103	7.740
0.583	30.103	7.749
@
0.598	30.104	7.951
0.598	30.104	7.960
@
0.622	30.102	8.304
0.622	30.102	8.310
@
0.628	30.101	8.386
0.628	30.101	8.398
@
0.630	30.101	8.427
0.630	30.101	8.433
@
0.632	30.099	8.459
0.632	30.099	8.462
@
0.633	30.100	8.471
0.633	30.100	8.472
@
0.635	30.101	8.495
0.635	30.101	8.506
@
0.647	30.100	8.703
0.647	30.100	8.704
@
0.651	30.098	8.757
0.651	30.098	8.764
@
0.655	30.100	8.809
0.655	30.100	8.821
@
0.657	30.101	8.850
0.657	30.101	8.851
@
0.660	30.099	8.887
0.660	30.099	8.893
0.660	30.099	8.897
@
0.660	30.100	8.892
0.660	30.100	8.895
@
0.664	30.099	8.960
0.664	30.099	8.960
@
0.670	30.098	9.041
0.670	30.098	9.052
0.670	30.098	9.058
@
0.671	30.099	9.069
0.671	30.099	9.079
@
0.680	30.098	9.192
0.680	30.098	9.193
@
0.683	30.099	9.246
0.683	30.099	9.253
@
0.684	30.098	9.264
0.684	30.098	9.266
@
0.690	30.097	9.328
0.690	30.097	9.337
0.690	30.097	9.338
@
0.691	30.098	9.351
0.691	30.098	9.356
0.691	30.098	9.363
0.691	30.098	9.367
@
0.692	30.100	9.375
0.692	30.100	9.382
@
0.699	30.100	9.478
0.699	30.100	9.481
@
0.705	30.098	9.583
0.705	30.098	9.593
@
0.722	30.100	9.814
0.722	30.100	9.824
@
0.729	30.098	9.950
0.729	30.098	9.955
@
0.730	30.099	9.961
0.730	30.099	9.968
@
0.731	30.099	9.982
0.731	30.099	9.989
@
0.734	30.100	10.025
0.734	30.100	10.032
@
0.742	30.099	10.133
0.742	30.099	10.135
@
0.742	30.100	10.136
0.742	30.100	10.148
@
0.745	30.100	10.183
0.745	30.100	10.184
@
0.748	30.101	10.216
0.748	30.101	10.217
@
0.772	30.100	10.592
0.772	30.100	10.599
@
0.796	30.101	10.964
0.796	30.101	10.966
0.796	30.101	10.966
0.796	30.101	10.978
@
0.796	30.102	10.959
0.796	30.102	10.970
@
0.803	30.100	11.077
0.803	30.100	11.083
@
0.803	30.101	11.070
0.803	30.101	11.072
0.803	30.101	11.072
@
0.830	30.102	11.464
0.830	30.102	11.483
0.830	30.102	11.498
@
0.843	30.103	11.658
0.843	30.103	11.668
@
0.845	30.103	11.692
0.845	30.103	11.708
@
0.884	30.108	12.281
0.884	30.108	12.284
0.884	30.108	12.285
@
0.893	30.109	12.426
0.893	30.109	12.431
@
0.894	30.107	12.439
0.894	30.107	12.441
@
0.895	30.108	12.444
0.895	30.108	12.463
@
0.895	30.109	12.451
0.895	30.109	12.451
@
0.907	30.112	12.639
0.907	30.112	12.650
@
0.921	30.114	12.866
0.921	30.114	12.868
@
0.948	30.118	13.257
0.948	30.118	13.268
@
0.955	30.120	13.369
0.955	30.120	13.371
@
0.983	30.124	13.782
0.983	30.124	13.787
0.983	30.124	13.798
@
1.000	30.126	14.044
1.000	30.126	14.050
@
1.013	30.131	14.237
1.013	30.131	14.245
@
1.013	30.132	14.242
1.013	30.132	14.245
@
1.014	30.131	14.239
1.014	30.131	14.257
@
1.017	30.133	14.282
1.017	30.133	14.285
1.017	30.133	14.301
@
1.043	30.138	14.686
1.043	30.138	14.696
@
1.049	30.142	14.792
1.049	30.142	14.803
@
1.076	30.146	15.181
1.076	30.146	15.192
@
1.076	30.148	15.183
1.076	30.148	15.190
1.076	30.148	15.192
@
1.076	30.149	15.187
1.076	30.149	15.191
@
1.077	30.148	15.191
1.077	30.148	15.205
@
1.077	30.149	15.210
1.077	30.149	15.210
@
1.078	30.152	15.220
1.078	30.152	15.227
@
1.105	30.163	15.615
1.105	30.163	15.615
@
1.108	30.166	15.652
1.108	30.166	15.653
@
1.108	30.167	15.646
1.108	30.167	15.657
1.108	30.167	15.661
1.108	30.167	15.665
1.108	30.167	15.679
@
1.108	30.168	15.662
1.108	30.168	15.668
@
1.112	30.169	15.708
1.112	30.169	15.727
@
1.118	30.171	15.810
1.118	30.171	15.818
@
1.121	30.174	15.829
1.121	30.174	15.854
@
1.123	30.172	15.873
1.123	30.172	15.881
1.123	30.172	15.889
@
1.127	30.176	15.935
1.127	30.176	15.945
@
1.132	30.181	16.020
1.132	30.181	16.032
@
1.137	30.187	16.088
1.137	30.187	16.091
1.137	30.187	16.094
1.137	30.187	16.099
@
1.140	30.189	16.138
1.140	30.189	16.158
@
1.151	30.191	16.284
1.151	30.191	16.287
1.151	30.191	16.296
@
1.155	30.193	16.335
1.155	30.193	16.340
@
1.162	30.196	16.454
1.162	30.196	16.458
@
1.162	30.199	16.443
1.162	30.199	16.467
@
1.166	30.201	16.508
1.166	30.201	16.515
@
1.167	30.201	16.521
1.167	30.201	16.536
@
1.169	30.204	16.560
1.169	30.204	16.565
@
1.171	30.204	16.566
1.171	30.204	16.587
@
1.178	30.207	16.688
1.178	30.207	16.690
@
1.182	30.209	16.734
1.182	30.209	16.739
@
1.184	30.211	16.769
1.184	30.211	16.779
@
1.192	30.213	16.902
1.192	30.213	16.907
@
1.194	30.216	16.917
1.194	30.216	16.930
@
1.195	30.217	16.928
1.195	30.217	16.944
@
1.203	30.220	17.054
1.203	30.220	17.062
@
1.204	30.221	17.069
1.204	30.221	17.078
@
1.206	30.222	17.091
1.206	30.222	17.102
@
1.207	30.222	17.112
1.207	30.222	17.120
@
1.208	30.222	17.128
1.208	30.222	17.128
@
1.208	30.226	17.115
1.208	30.226	17.138
@
1.209	30.226	17.137
1.209	30.226	17.147
@
1.209	30.227	17.133
1.209	30.227	17.144
@
1.211	30.228	17.174
1.211	30.228	17.186
@
1.217	30.230	17.255
1.217	30.230	17.286
@
1.219	30.231	17.309
1.219	30.231	17.315
@
1.226	30.233	17.417
1.226	30.233	17.425
@
1.227	30.233	17.431
1.227	30.233	17.445
@
1.232	30.235	17.500
1.232	30.235	17.508
@
1.235	30.236	17.542
1.235	30.236	17.545
@
1.236	30.236	17.561
1.236	30.236	17.564
@
1.237	30.237	17.566
1.237	30.237	17.566
@
1.239	30.238	17.565
1.239	30.238	17.576
1.239	30.238	17.579
1.239	30.238	17.585
@
1.239	30.239	17.589
1.239	30.239	17.596
@
1.240	30.240	17.590
1.240	30.240	17.598
1.240	30.240	17.599
@
1.243	30.241	17.655
1.243	30.241	17.663
@
1.243	30.242	17.647
1.243	30.242	17.656
1.243	30.242	17.663
@
1.244	30.242	17.664
1.244	30.242	17.674
1.244	30.242	17.683
@
1.246	30.243	17.692
1.246	30.243	17.710
@
1.249	30.243	17.740
1.249	30.243	17.754
@
1.250	30.247	17.764
1.250	30.247	17.769
@
1.258	30.248	17.860
1.258	30.248	17.883
@
1.259	30.247	17.894
1.259	30.247	17.906
@
1.260	30.251	17.908
1.260	30.251	17.912
@
1.263	30.253	17.937
1.263	30.253	17.955
@
1.270	30.255	18.051
1.270	30.255	18.063
@
1.273	30.257	18.117
1.273	30.257	18.127
@
1.275	30.256	18.143
1.275	30.256	18.155
@
1.276	30.259	18.162
1.276	30.259	18.164
@
1.278	30.260	18.176
1.278	30.260	18.188
1.278	30.260	18.197
@
1.281	30.262	18.237
1.281	30.262	18.245
1.281	30.262	18.251
@
1.286	30.263	18.303
1.286	30.263	18.329
@
1.293	30.269	18.422
1.293	30.269	18.435
@
1.294	30.270	18.436
1.294	30.270	18.467
1.294	30.270	18.469
@
1.297	30.271	18.483
1.297	30.271	18.486
@
1.311	30.277	18.703
1.311	30.277	18.726
@
1.328	30.284	18.942
1.328	30.284	18.958
@
1.332	30.284	19.003
1.332	30.284	19.031
@
1.348	30.289	19.278
1.348	30.289	19.287
@
1.357	30.292	19.407
1.357	30.292	19.408
@
1.358	30.293	19.415
1.358	30.293	19.415
1.358	30.293	19.421
@
1.359	30.293	19.429
1.359	30.293	19.442
@
1.361	30.294	19.471
1.361	30.294	19.477
@
1.363	30.295	19.483
1.363	30.295	19.500
@
1.370	30.298	19.614
1.370	30.298	19.630
@
1.385	30.300	19.804
1.385	30.300	19.847
1.385	30.300	19.852
@
1.385	30.301	19.850
1.385	30.301	19.856
@
1.386	30.300	19.832
1.386	30.300	19.843
1.386	30.300	19.848
1.386	30.300	19.851
@
1.386	30.301	19.850
1.386	30.301	19.882
@
1.390	30.302	19.897
1.390	30.302	19.899
1.390	30.302	19.914
@
1.390	30.303	19.886
1.390	30.303	19.909
1.390	30.303	19.916
@
1.390	30.304	19.907
1.390	30.304	19.910
1.390	30.304	19.938
@
1.390	30.305	19.902
1.390	30.305	19.910
1.390	30.305	19.913
@
1.390	30.307	19.903
1.390	30.307	19.923
1.390	30.307	19.930
1.390	30.307	19.934
@
1.413	30.311	20.232
1.413	30.311	20.251
@
1.413	30.313	20.246
1.413	30.313	20.268
1.413	30.313	20.288
@
1.414	30.311	20.237
1.414	30.311	20.239
1.414	30.311	20.280
@
1.414	30.312	20.237
1.414	30.312	20.238
@
1.422	30.313	20.403
1.422	30.313	20.413
@
1.427	30.314	20.466
1.427	30.314	20.478
@
1.434	30.316	20.539
1.434	30.316	20.570
@
1.435	30.317	20.592
1.435	30.317	20.594
@
1.451	30.319	20.839
1.451	30.319	20.851
1.451	30.319	20.856
@
1.452	30.319	20.846
1.452	30.319	20.853
@
1.454	30.320	20.867
1.454	30.320	20.871
1.454	30.320	20.884
@
1.460	30.316	20.962
1.460	30.316	20.976
1.460	30.316	20.989
@
1.476	30.317	21.087
1.476	30.317	21.095
@
1.484	30.316	21.118
1.484	30.316	21.119
@
1.487	30.317	21.128
1.487	30.317	21.130
1.487	30.317	21.130
@
1.494	30.315	21.153
1.494	30.315	21.154
1.494	30.315	21.155
@
1.502	30.310	21.179
1.502	30.310	21.179
@
1.504	30.313	21.183
1.504	30.313	21.183
@
1.505	30.311	21.186
1.505	30.311	21.190
@
1.506	30.311	21.164
1.506	30.311	21.184
1.506	30.311	21.189
@
1.513	30.306	21.206
1.513	30.306	21.209
@
1.513	30.310	21.204
1.513	30.310	21.204
@
1.519	30.302	21.228
1.519	30.302	21.228
@
1.521	30.301	21.207
1.521	30.301	21.232
@
1.523	30.301	21.235
1.523	30.301	21.237
@
1.524	30.294	21.240
1.524	30.294	21.241
@
1.524	30.296	21.221
1.524	30.296	21.230
@
1.525	30.289	21.220
1.525	30.289	21.245
@
1.525	30.292	21.240
1.525	30.292	21.242
@
1.525	30.298	21.238
1.525	30.298	21.242
@
1.532	30.280	21.266
1.532	30.280	21.271
@
1.533	30.267	21.271
1.533	30.267	21.273
@
1.533	30.277	21.270
1.533	30.277	21.270
@
1.537	30.253	21.269
1.537	30.253	21.274
