0.353	30.067	5.682
0.353	30.067	5.682
0.353	30.067	5.682
@
0.353	30.068	5.682
0.353	30.068	5.683
@
0.353	30.069	5.682
0.353	30.069	5.682
0.353	30.069	5.682
0.353	30.069	5.682
0.353	30.069	5.682
0.353	30.069	5.682
0.353	30.069	5.683
0.353	30.069	5.683
0.353	30.069	5.683
@
0.353	30.070	5.681
0.353	30.070	5.682
0.353	30.070	5.682
0.353	30.070	5.682
0.353	30.070	5.682
0.353	30.070	5.682
0.353	30.070	5.682
0.353	30.070	5.682
@
0.353	30.071	5.682
0.353	30.071	5.683
0.353	30.071	5.683
0.353	30.071	5.683
0.353	30.071	5.683
@
0.353	30.072	5.681
0.353	30.072	5.681
0.353	30.072	5.681
0.353	30.072	5.682
0.353	30.072	5.682
0.353	30.072	5.683
0.353	30.072	5.683
@
0.353	30.073	5.682
0.353	30.073	5.683
0.353	30.073	5.683
@
0.353	30.075	5.682
0.353	30.075	5.683
@
0.354	30.067	5.683
0.354	30.067	5.683
@
0.354	30.069	5.682
0.354	30.069	5.683
@
0.356	30.066	5.681
0.356	30.066	5.682
@
0.365	30.064	5.682
0.365	30.064	5.683
@
0.365	30.066	5.683
0.365	30.066	5.683
0.365	30.066	5.683
@
0.366	30.065	5.681
0.366	30.065	5.682
@
0.367	30.063	5.682
0.367	30.063	5.682
@
0.367	30.064	5.682
0.367	30.064	5.683
@
0.368	30.064	5.683
0.368	30.064	5.683
@
0.370	30.063	5.682
0.370	30.063	5.682
@
0.382	30.060	5.682
0.382	30.060	5.683
@
0.383	30.060	5.682
0.383	30.060	5.683
@
0.383	30.061	5.682
0.383	30.061	5.682
@
0.384	30.061	5.682
0.384	30.061	5.682
0.384	30.061	5.682
0.384	30.061	5.683
@
0.393	30.056	5.682
0.393	30.056	5.683
@
0.405	30.056	5.714
0.405	30.056	5.714
@
0.412	30.055	5.735
0.412	30.055	5.737
@
0.415	30.054	5.742
0.415	30.054	5.746
@
0.415	30.055	5.740
0.415	30.055	5.742
0.415	30.055	5.744
0.415	30.055	5.745
0.415	30.055	5.747
@
0.424	30.054	5.765
0.424	30.054	5.767
@
0.425	30.055	5.768
0.425	30.055	5.769
@
0.447	30.050	5.831
0.447	30.050	5.832
@
0.456	30.049	5.862
0.456	30.049	5.863
0.456	30.049	5.865
@
0.484	30.042	6.152
0.484	30.042	6.167
@
0.486	30.042	6.189
0.486	30.042	6.205
@
0.488	30.041	6.225
0.488	30.041	6.226
@
0.490	30.041	6.250
0.490	30.041	6.258
@
0.503	30.039	6.439
0.503	30.039	6.447
@
0.513	30.035	6.592
0.513	30.035	6.600
@
0.520	30.035	6.689
0.520	30.035	6.697
0.520	30.035	6.709
@
0.527	30.033	6.802
0.527	30.033	6.814
@
0.531	30.032	6.869
0.531	30.032	6.880
@
0.532	30.030	6.882
0.532	30.030	6.891
0.532	30.030	6.897
@
0.532	30.032	6.873
0.532	30.032	6.885
@
0.535	30.030	6.932
0.535	30.030	6.936
0.535	30.030	6.942
@
0.561	30.025	7.312
0.561	30.025	7.319
@
0.567	30.022	7.404
0.567	30.022	7.410
@
0.569	30.022	7.438
0.569	30.022	7.450
@
0.583	30.020	7.635
0.583	30.020	7.642
@
0.590	30.018	7.742
0.590	30.018	7.752
@
0.602	30.018	7.925
0.602	30.018	7.930
@
0.618	30.016	8.153
0.618	30.016	8.160
@
0.628	30.013	8.301
0.628	30.013	8.319
@
0.641	30.013	8.496
0.641	30.013	8.503
@
0.654	30.013	8.704
0.654	30.013	8.707
@
0.656	30.011	8.727
0.656	30.011	8.740
@
0.657	30.011	8.772
0.657	30.011	8.775
@
0.657	30.012	8.763
0.657	30.012	8.774
@
0.661	30.012	8.819
0.661	30.012	8.827
@
0.664	30.009	8.865
0.664	30.009	8.875
@
0.675	30.008	9.016
0.675	30.008	9.021
@
0.700	30.006	9.406
0.700	30.006	9.412
@
0.702	30.007	9.426
0.702	30.007	9.434
@
0.707	30.007	9.494
0.707	30.007	9.503
@
0.714	30.007	9.620
0.714	30.007	9.638
@
0.720	30.005	9.708
0.720	30.005	9.713
@
0.724	30.004	9.766
0.724	30.004	9.773
@
0.728	30.004	9.814
0.728	30.004	9.825
@
0.744	30.004	10.060
0.744	30.004	10.067
@
0.759	30.002	10.294
0.759	30.002	10.302
@
0.763	30.001	10.358
0.763	30.001	10.370
@
0.798	29.992	10.901
0.798	29.992	10.909
@
0.807	29.992	11.041
0.807	29.992	11.051
0.807	29.992	11.060
@
0.815	29.991	11.156
0.815	29.991	11.168
@
0.821	29.989	11.243
0.821	29.989	11.253
@
0.828	29.990	11.353
0.828	29.990	11.369
@
0.837	29.988	11.507
0.837	29.988	11.512
@
0.857	29.986	11.803
0.857	29.986	11.804
@
0.858	29.985	11.799
0.858	29.985	11.802
0.858	29.985	11.810
0.858	29.985	11.816
@
0.874	29.983	12.041
0.874	29.983	12.055
@
0.883	29.981	12.183
0.883	29.981	12.187
@
0.893	29.980	12.320
0.893	29.980	12.321
@
0.901	29.981	12.474
0.901	29.981	12.479
@
0.905	29.979	12.530
0.905	29.979	12.542
@
0.943	29.979	13.116
0.943	29.979	13.116
@
0.945	29.978	13.137
0.945	29.978	13.141
@
0.951	29.976	13.212
0.951	29.976	13.232
0.951	29.976	13.237
@
0.959	29.976	13.349
0.959	29.976	13.357
@
0.962	29.976	13.387
0.962	29.976	13.398
@
0.969	29.975	13.494
0.969	29.975	13.501
@
0.969	29.977	13.500
0.969	29.977	13.508
0.969	29.977	13.516
@
0.975	29.976	13.594
0.975	29.976	13.600
@
0.986	29.976	13.750
0.986	29.976	13.766
@
0.988	29.975	13.784
0.988	29.975	13.790
@
0.989	29.975	13.801
0.989	29.975	13.814
@
0.995	29.976	13.900
0.995	29.976	13.905
0.995	29.976	13.908
0.995	29.976	13.910
@
1.025	29.973	14.357
1.025	29.973	14.359
@
1.073	30.057	15.116
1.073	30.057	15.123
1.073	30.057	15.124
1.073	30.057	15.124
1.073	30.057	15.125
@
1.073	30.058	15.113
1.073	30.058	15.116
1.073	30.058	15.121
1.073	30.058	15.122
1.073	30.058	15.123
1.073	30.058	15.124
1.073	30.058	15.124
1.073	30.058	15.124
1.073	30.058	15.125
1.073	30.058	15.126
@
1.073	30.059	15.112
1.073	30.059	15.123
1.073	30.059	15.123
1.073	30.059	15.124
1.073	30.059	15.124
1.073	30.059	15.124
1.073	30.059	15.124
1.073	30.059	15.124
1.073	30.059	15.124
1.073	30.059	15.125
1.073	30.059	15.137
@
1.073	30.060	15.118
1.073	30.060	15.120
1.073	30.060	15.120
1.073	30.060	15.121
1.073	30.060	15.121
1.073	30.060	15.121
1.073	30.060	15.123
1.073	30.060	15.123
1.073	30.060	15.124
1.073	30.060	15.124
1.073	30.060	15.125
@
1.073	30.061	15.109
1.073	30.061	15.110
1.073	30.061	15.121
1.073	30.061	15.122
1.073	30.061	15.122
1.073	30.061	15.122
1.073	30.061	15.123
1.073	30.061	15.124
1.073	30.061	15.124
1.073	30.061	15.125
1.073	30.061	15.125
@
1.073	30.062	15.107
1.073	30.062	15.121
1.073	30.062	15.121
1.073	30.062	15.122
1.073	30.062	15.123
1.073	30.062	15.123
1.073	30.062	15.124
1.073	30.062	15.125
1.073	30.062	15.125
@
1.073	30.063	15.108
1.073	30.063	15.115
1.073	30.063	15.120
1.073	30.063	15.121
1.073	30.063	15.121
1.073	30.063	15.122
1.073	30.063	15.122
1.073	30.063	15.123
1.073	30.063	15.124
1.073	30.063	15.124
1.073	30.063	15.125
@
1.073	30.064	15.115
1.073	30.064	15.119
1.073	30.064	15.120
1.073	30.064	15.121
1.073	30.064	15.123
1.073	30.064	15.124
1.073	30.064	15.124
1.073	30.064	15.125
@
1.073	30.065	15.122
1.073	30.065	15.122
1.073	30.065	15.122
1.073	30.065	15.122
1.073	30.065	15.123
1.073	30.065	15.123
@
1.073	30.066	15.116
1.073	30.066	15.121
1.073	30.066	15.122
1.073	30.066	15.122
1.073	30.066	15.122
1.073	30.066	15.123
1.073	30.066	15.124
1.073	30.066	15.125
1.073	30.066	15.125
@
1.073	30.067	15.122
1.073	30.067	15.122
1.073	30.067	15.123
1.073	30.067	15.123
1.073	30.067	15.123
1.073	30.067	15.123
1.073	30.067	15.124
1.073	30.067	15.124
1.073	30.067	15.125
1.073	30.067	15.125
@
1.073	30.068	15.109
1.073	30.068	15.109
1.073	30.068	15.111
1.073	30.068	15.117
1.073	30.068	15.120
1.073	30.068	15.123
1.073	30.068	15.123
1.073	30.068	15.123
1.073	30.068	15.124
1.073	30.068	15.124
1.073	30.068	15.124
1.073	30.068	15.124
@
1.073	30.069	15.109
1.073	30.069	15.123
1.073	30.069	15.123
1.073	30.069	15.124
1.073	30.069	15.124
1.073	30.069	15.124
1.073	30.069	15.124
1.073	30.069	15.124
@
1.073	30.070	15.122
1.073	30.070	15.122
1.073	30.070	15.123
1.073	30.070	15.123
1.073	30.070	15.123
1.073	30.070	15.124
1.073	30.070	15.124
1.073	30.070	15.125
@
1.073	30.071	15.112
1.073	30.071	15.116
1.073	30.071	15.122
1.073	30.071	15.123
1.073	30.071	15.123
1.073	30.071	15.124
1.073	30.071	15.124
1.073	30.071	15.124
1.073	30.071	15.124
1.073	30.071	15.124
@
1.073	30.072	15.110
1.073	30.072	15.122
1.073	30.072	15.123
1.073	30.072	15.123
1.073	30.072	15.123
1.073	30.072	15.124
1.073	30.072	15.124
1.073	30.072	15.125
1.073	30.072	15.125
1.073	30.072	15.125
1.073	30.072	15.127
@
1.073	30.073	15.114
1.073	30.073	15.121
1.073	30.073	15.122
1.073	30.073	15.123
1.073	30.073	15.124
1.073	30.073	15.124
1.073	30.073	15.125
@
1.073	30.074	15.112
1.073	30.074	15.120
1.073	30.074	15.120
1.073	30.074	15.120
1.073	30.074	15.121
1.073	30.074	15.121
1.073	30.074	15.122
1.073	30.074	15.123
1.073	30.074	15.123
1.073	30.074	15.123
1.073	30.074	15.124
1.073	30.074	15.124
1.073	30.074	15.125
1.073	30.074	15.125
1.073	30.074	15.125
1.073	30.074	15.125
@
1.073	30.075	15.110
1.073	30.075	15.119
1.073	30.075	15.121
1.073	30.075	15.123
1.073	30.075	15.123
1.073	30.075	15.124
1.073	30.075	15.124
@
1.073	30.076	15.115
1.073	30.076	15.117
1.073	30.076	15.118
1.073	30.076	15.122
1.073	30.076	15.122
1.073	30.076	15.123
1.073	30.076	15.123
1.073	30.076	15.124
1.073	30.076	15.124
1.073	30.076	15.124
1.073	30.076	15.124
1.073	30.076	15.124
1.073	30.076	15.124
1.073	30.076	15.124
1.073	30.076	15.124
1.073	30.076	15.125
@
1.073	30.077	15.122
1.073	30.077	15.123
1.073	30.077	15.123
1.073	30.077	15.124
1.073	30.077	15.124
1.073	30.077	15.124
1.073	30.077	15.124
1.073	30.077	15.125
1.073	30.077	15.125
@
1.073	30.078	15.109
1.073	30.078	15.111
1.073	30.078	15.116
1.073	30.078	15.122
1.073	30.078	15.123
1.073	30.078	15.123
1.073	30.078	15.123
1.073	30.078	15.124
1.073	30.078	15.124
1.073	30.078	15.124
1.073	30.078	15.124
@
1.073	30.079	15.109
1.073	30.079	15.109
1.073	30.079	15.122
1.073	30.079	15.122
1.073	30.079	15.122
1.073	30.079	15.123
1.073	30.079	15.123
1.073	30.079	15.123
1.073	30.079	15.125
@
1.073	30.080	15.108
1.073	30.080	15.108
1.073	30.080	15.119
1.073	30.080	15.120
1.073	30.080	15.122
1.073	30.080	15.122
1.073	30.080	15.123
1.073	30.080	15.123
1.073	30.080	15.124
1.073	30.080	15.124
@
1.073	30.081	15.110
1.073	30.081	15.122
1.073	30.081	15.122
1.073	30.081	15.122
1.073	30.081	15.122
1.073	30.081	15.122
1.073	30.081	15.123
1.073	30.081	15.123
1.073	30.081	15.123
1.073	30.081	15.123
1.073	30.081	15.123
1.073	30.081	15.124
@
1.073	30.082	15.117
1.073	30.082	15.122
1.073	30.082	15.122
1.073	30.082	15.123
1.073	30.082	15.123
1.073	30.082	15.123
1.073	30.082	15.123
1.073	30.082	15.124
1.073	30.082	15.125
1.073	30.082	15.125
@
1.073	30.083	15.108
1.073	30.083	15.122
1.073	30.083	15.122
1.073	30.083	15.122
1.073	30.083	15.123
1.073	30.083	15.123
1.073	30.083	15.124
1.073	30.083	15.124
1.073	30.083	15.124
1.073	30.083	15.124
1.073	30.083	15.124
1.073	30.083	15.124
1.073	30.083	15.125
@
1.073	30.084	15.111
1.073	30.084	15.112
1.073	30.084	15.115
1.073	30.084	15.123
1.073	30.084	15.123
1.073	30.084	15.123
1.073	30.084	15.124
1.073	30.084	15.124
1.073	30.084	15.124
1.073	30.084	15.125
@
1.073	30.085	15.108
1.073	30.085	15.114
1.073	30.085	15.121
1.073	30.085	15.122
1.073	30.085	15.123
1.073	30.085	15.124
@
1.073	30.086	15.112
1.073	30.086	15.113
1.073	30.086	15.117
1.073	30.086	15.117
1.073	30.086	15.123
1.073	30.086	15.123
1.073	30.086	15.124
1.073	30.086	15.124
1.073	30.086	15.124
1.073	30.086	15.124
@
1.073	30.087	15.109
1.073	30.087	15.111
1.073	30.087	15.122
1.073	30.087	15.122
1.073	30.087	15.123
1.073	30.087	15.123
1.073	30.087	15.123
1.073	30.087	15.123
1.073	30.087	15.124
1.073	30.087	15.124
1.073	30.087	15.126
@
1.073	30.088	15.114
1.073	30.088	15.121
1.073	30.088	15.122
1.073	30.088	15.122
1.073	30.088	15.122
1.073	30.088	15.122
1.073	30.088	15.122
1.073	30.088	15.122
1.073	30.088	15.123
1.073	30.088	15.124
1.073	30.088	15.124
1.073	30.088	15.125
@
1.073	30.089	15.109
1.073	30.089	15.114
1.073	30.089	15.121
1.073	30.089	15.122
1.073	30.089	15.122
1.073	30.089	15.123
1.073	30.089	15.123
@
1.073	30.090	15.109
1.073	30.090	15.113
1.073	30.090	15.117
1.073	30.090	15.120
1.073	30.090	15.122
1.073	30.090	15.123
1.073	30.090	15.123
1.073	30.090	15.124
1.073	30.090	15.124
1.073	30.090	15.124
@
1.073	30.091	15.109
1.073	30.091	15.111
1.073	30.091	15.122
1.073	30.091	15.122
1.073	30.091	15.123
1.073	30.091	15.123
1.073	30.091	15.123
1.073	30.091	15.123
1.073	30.091	15.123
1.073	30.091	15.124
1.073	30.091	15.124
1.073	30.091	15.124
1.073	30.091	15.124
@
1.073	30.092	15.117
1.073	30.092	15.122
1.073	30.092	15.122
1.073	30.092	15.123
1.073	30.092	15.123
1.073	30.092	15.123
1.073	30.092	15.125
@
1.073	30.093	15.112
1.073	30.093	15.115
1.073	30.093	15.121
1.073	30.093	15.122
1.073	30.093	15.122
1.073	30.093	15.123
1.073	30.093	15.123
1.073	30.093	15.123
1.073	30.093	15.123
1.073	30.093	15.123
1.073	30.093	15.123
1.073	30.093	15.124
1.073	30.093	15.124
1.073	30.093	15.124
@
1.073	30.094	15.110
1.073	30.094	15.116
1.073	30.094	15.122
1.073	30.094	15.122
1.073	30.094	15.123
1.073	30.094	15.124
1.073	30.094	15.124
1.073	30.094	15.124
@
1.073	30.095	15.115
1.073	30.095	15.116
1.073	30.095	15.121
1.073	30.095	15.122
1.073	30.095	15.122
1.073	30.095	15.123
1.073	30.095	15.123
1.073	30.095	15.123
1.073	30.095	15.123
1.073	30.095	15.124
1.073	30.095	15.125
@
1.073	30.096	15.108
1.073	30.096	15.110
1.073	30.096	15.120
1.073	30.096	15.121
1.073	30.096	15.122
1.073	30.096	15.122
1.073	30.096	15.122
1.073	30.096	15.123
1.073	30.096	15.123
1.073	30.096	15.123
1.073	30.096	15.124
@
1.073	30.097	15.108
1.073	30.097	15.108
1.073	30.097	15.109
1.073	30.097	15.122
1.073	30.097	15.122
1.073	30.097	15.122
1.073	30.097	15.122
1.073	30.097	15.123
1.073	30.097	15.123
1.073	30.097	15.123
1.073	30.097	15.124
@
1.073	30.098	15.108
1.073	30.098	15.118
1.073	30.098	15.119
1.073	30.098	15.120
1.073	30.098	15.121
1.073	30.098	15.121
1.073	30.098	15.122
1.073	30.098	15.122
1.073	30.098	15.123
1.073	30.098	15.123
1.073	30.098	15.123
1.073	30.098	15.123
1.073	30.098	15.124
@
1.073	30.099	15.122
1.073	30.099	15.122
1.073	30.099	15.122
1.073	30.099	15.122
1.073	30.099	15.123
1.073	30.099	15.123
1.073	30.099	15.123
1.073	30.099	15.123
1.073	30.099	15.123
@
1.073	30.100	15.108
1.073	30.100	15.109
1.073	30.100	15.110
1.073	30.100	15.117
1.073	30.100	15.118
1.073	30.100	15.119
1.073	30.100	15.121
1.073	30.100	15.121
1.073	30.100	15.122
1.073	30.100	15.122
1.073	30.100	15.122
1.073	30.100	15.122
1.073	30.100	15.122
1.073	30.100	15.122
1.073	30.100	15.122
1.073	30.100	15.122
1.073	30.100	15.122
1.073	30.100	15.123
1.073	30.100	15.123
1.073	30.100	15.123
1.073	30.100	15.123
1.073	30.100	15.123
1.073	30.100	15.124
1.073	30.100	15.124
1.073	30.100	15.124
1.073	30.100	15.124
@
1.073	30.101	15.121
1.073	30.101	15.121
1.073	30.101	15.121
1.073	30.101	15.121
1.073	30.101	15.122
1.073	30.101	15.122
1.073	30.101	15.122
1.073	30.101	15.122
1.073	30.101	15.122
1.073	30.101	15.122
1.073	30.101	15.122
1.073	30.101	15.122
1.073	30.101	15.122
1.073	30.101	15.122
1.073	30.101	15.123
1.073	30.101	15.123
1.073	30.101	15.123
1.073	30.101	15.123
1.073	30.101	15.123
1.073	30.101	15.123
1.073	30.101	15.124
1.073	30.101	15.124
1.073	30.101	15.124
@
1.073	30.102	15.121
1.073	30.102	15.122
1.073	30.102	15.122
1.073	30.102	15.122
1.073	30.102	15.122
1.073	30.102	15.123
1.073	30.102	15.123
1.073	30.102	15.123
1.073	30.102	15.123
1.073	30.102	15.123
1.073	30.102	15.124
@
1.073	30.103	15.121
1.073	30.103	15.122
1.073	30.103	15.122
@
1.074	29.968	15.110
1.074	29.968	15.120
1.074	29.968	15.121
1.074	29.968	15.121
1.074	29.968	15.121
1.074	29.968	15.122
@
1.074	29.969	15.115
1.074	29.969	15.120
1.074	29.969	15.120
1.074	29.969	15.121
1.074	29.969	15.122
1.074	29.969	15.122
@
1.074	29.970	15.117
1.074	29.970	15.120
1.074	29.970	15.121
1.074	29.970	15.122
@
1.074	29.971	15.092
1.074	29.971	15.107
@
1.074	29.972	15.121
1.074	29.972	15.121
1.074	29.972	15.121
1.074	29.972	15.122
@
1.074	29.976	15.119
1.074	29.976	15.123
@
1.074	29.986	15.118
1.074	29.986	15.119
@
1.074	29.990	15.108
1.074	29.990	15.120
@
1.074	30.001	15.121
1.074	30.001	15.121
@
1.074	30.009	15.108
1.074	30.009	15.119
1.074	30.009	15.120
@
1.074	30.014	15.118
1.074	30.014	15.119
@
1.074	30.025	15.115
1.074	30.025	15.119
@
1.074	30.030	15.118
1.074	30.030	15.119
@
1.074	30.036	15.104
1.074	30.036	15.118
@
1.074	30.039	15.118
1.074	30.039	15.119
@
1.074	30.041	15.119
1.074	30.041	15.120
@
1.074	30.044	15.119
1.074	30.044	15.119
@
1.074	30.048	15.121
1.074	30.048	15.122
@
1.074	30.049	15.119
1.074	30.049	15.121
@
1.074	30.050	15.118
1.074	30.050	15.119
@
1.074	30.051	15.118
1.074	30.051	15.119
1.074	30.051	15.122
@
1.074	30.055	15.117
1.074	30.055	15.120
@
1.074	30.056	15.104
1.074	30.056	15.119
1.074	30.056	15.121
@
1.074	30.058	15.121
1.074	30.058	15.152
@
1.074	30.063	15.122
1.074	30.063	15.123
@
1.074	30.064	15.110
1.074	30.064	15.113
@
1.074	30.066	15.121
1.074	30.066	15.121
1.074	30.066	15.122
@
1.074	30.068	15.121
1.074	30.068	15.122
@
1.074	30.072	15.121
1.074	30.072	15.123
@
1.074	30.074	15.121
1.074	30.074	15.122
1.074	30.074	15.123
1.074	30.074	15.123
@
1.074	30.075	15.110
1.074	30.075	15.123
@
1.074	30.077	15.114
1.074	30.077	15.120
1.074	30.077	15.123
1.074	30.077	15.123
@
1.074	30.078	15.122
1.074	30.078	15.122
1.074	30.078	15.123
@
1.074	30.081	15.112
1.074	30.081	15.122
1.074	30.081	15.122
1.074	30.081	15.123
@
1.074	30.083	15.122
1.074	30.083	15.122
1.074	30.083	15.123
@
1.074	30.085	15.109
1.074	30.085	15.116
1.074	30.085	15.122
1.074	30.085	15.123
@
1.074	30.086	15.123
1.074	30.086	15.124
@
1.074	30.087	15.121
1.074	30.087	15.122
@
1.074	30.088	15.122
1.074	30.088	15.122
1.074	30.088	15.122
@
1.074	30.089	15.109
1.074	30.089	15.116
1.074	30.089	15.124
@
1.074	30.090	15.122
1.074	30.090	15.122
1.074	30.090	15.123
1.074	30.090	15.124
@
1.074	30.091	15.122
1.074	30.091	15.123
@
1.074	30.092	15.118
1.074	30.092	15.121
1.074	30.092	15.123
@
1.074	30.093	15.108
1.074	30.093	15.112
1.074	30.093	15.122
1.074	30.093	15.123
1.074	30.093	15.123
1.074	30.093	15.123
@
1.074	30.094	15.112
1.074	30.094	15.121
1.074	30.094	15.122
1.074	30.094	15.122
1.074	30.094	15.122
1.074	30.094	15.122
1.074	30.094	15.122
@
1.074	30.095	15.108
1.074	30.095	15.122
1.074	30.095	15.123
@
1.074	30.096	15.121
1.074	30.096	15.122
1.074	30.096	15.122
1.074	30.096	15.122
1.074	30.096	15.122
1.074	30.096	15.124
@
1.074	30.097	15.111
1.074	30.097	15.112
1.074	30.097	15.121
1.074	30.097	15.121
1.074	30.097	15.122
1.074	30.097	15.122
1.074	30.097	15.122
1.074	30.097	15.123
1.074	30.097	15.124
@
1.074	30.098	15.108
1.074	30.098	15.118
1.074	30.098	15.121
1.074	30.098	15.122
1.074	30.098	15.122
1.074	30.098	15.122
1.074	30.098	15.122
1.074	30.098	15.122
1.074	30.098	15.123
1.074	30.098	15.123
@
1.074	30.099	15.108
1.074	30.099	15.114
1.074	30.099	15.118
1.074	30.099	15.122
1.074	30.099	15.122
1.074	30.099	15.122
1.074	30.099	15.122
1.074	30.099	15.122
1.074	30.099	15.123
1.074	30.099	15.123
1.074	30.099	15.123
1.074	30.099	15.124
@
1.074	30.100	15.108
1.074	30.100	15.112
1.074	30.100	15.112
1.074	30.100	15.114
1.074	30.100	15.121
1.074	30.100	15.121
1.074	30.100	15.121
1.074	30.100	15.121
1.074	30.100	15.121
1.074	30.100	15.122
1.074	30.100	15.122
1.074	30.100	15.122
1.074	30.100	15.122
1.074	30.100	15.123
1.074	30.100	15.123
1.074	30.100	15.123
1.074	30.100	15.123
1.074	30.100	15.123
1.074	30.100	15.123
1.074	30.100	15.123
1.074	30.100	15.124
@
1.074	30.101	15.110
1.074	30.101	15.113
1.074	30.101	15.121
1.074	30.101	15.121
1.074	30.101	15.122
1.074	30.101	15.122
1.074	30.101	15.122
1.074	30.101	15.122
1.074	30.101	15.122
1.074	30.101	15.122
1.074	30.101	15.122
1.074	30.101	15.123
@
1.074	30.102	15.109
1.074	30.102	15.115
1.074	30.102	15.117
1.074	30.102	15.121
1.074	30.102	15.121
1.074	30.102	15.121
1.074	30.102	15.121
1.074	30.102	15.122
1.074	30.102	15.122
1.074	30.102	15.122
1.074	30.102	15.122
1.074	30.102	15.122
1.074	30.102	15.123
1.074	30.102	15.123
1.074	30.102	15.123
@
1.074	30.103	15.122
1.074	30.103	15.123
1.074	30.103	15.124
@
1.074	30.104	15.121
1.074	30.104	15.121
@
1.075	29.969	15.094
1.075	29.969	15.112
1.075	29.969	15.120
@
1.075	29.970	15.111
1.075	29.970	15.120
1.075	29.970	15.120
1.075	29.970	15.121
1.075	29.970	15.122
1.075	29.970	15.122
@
1.078	30.058	15.205
1.078	30.058	15.207
1.078	30.058	15.213
@
1.079	30.055	15.217
1.079	30.055	15.222
@
1.084	30.058	15.308
1.084	30.058	15.313
@
1.085	30.055	15.320
1.085	30.055	15.324
1.085	30.055	15.328
@
1.085	30.057	15.310
1.085	30.057	15.313
@
1.086	30.055	15.340
1.086	30.055	15.345
@
1.086	30.056	15.330
1.086	30.056	15.339
@
1.094	30.054	15.461
1.094	30.054	15.464
@
1.096	30.052	15.475
1.096	30.052	15.479
1.096	30.052	15.479
1.096	30.052	15.484
@
1.097	30.051	15.484
1.097	30.051	15.487
@
1.098	30.052	15.504
1.098	30.052	15.515
@
1.099	30.050	15.531
1.099	30.050	15.531
@
1.099	30.051	15.518
1.099	30.051	15.531
1.099	30.051	15.534
@
1.099	30.052	15.510
1.099	30.052	15.519
1.099	30.052	15.525
@
1.100	30.051	15.529
1.100	30.051	15.535
1.100	30.051	15.539
@
1.101	30.049	15.551
1.101	30.049	15.560
@
1.102	30.049	15.569
1.102	30.049	15.576
@
1.103	30.048	15.580
1.103	30.048	15.581
@
1.103	30.049	15.583
1.103	30.049	15.587
@
1.105	30.050	15.615
1.105	30.050	15.625
@
1.106	30.050	15.633
1.106	30.050	15.638
@
1.108	30.048	15.655
1.108	30.048	15.661
1.108	30.048	15.663
@
1.114	30.042	15.736
1.114	30.042	15.750
@
1.115	30.040	15.759
1.115	30.040	15.761
1.115	30.040	15.765
1.115	30.040	15.771
1.115	30.040	15.774
@
1.115	30.042	15.759
1.115	30.042	15.760
1.115	30.042	15.761
@
1.115	30.043	15.756
1.115	30.043	15.762
1.115	30.043	15.771
@
1.117	30.038	15.786
1.117	30.038	15.797
@
1.118	30.037	15.808
1.118	30.037	15.818
1.118	30.037	15.823
@
1.119	30.035	15.831
1.119	30.035	15.833
1.119	30.035	15.841
@
1.120	30.035	15.842
1.120	30.035	15.846
@
1.123	30.033	15.881
1.123	30.033	15.888
@
1.128	30.031	15.930
1.128	30.031	15.932
1.128	30.031	15.942
@
1.130	30.026	15.964
1.130	30.026	15.976
@
1.130	30.028	15.961
1.130	30.028	15.979
1.130	30.028	15.991
@
1.130	30.030	15.970
1.130	30.030	15.977
@
1.134	30.024	16.050
1.134	30.024	16.052
@
1.134	30.025	16.048
1.134	30.025	16.048
1.134	30.025	16.049
@
1.145	30.018	16.189
1.145	30.018	16.198
@
1.145	30.019	16.182
1.145	30.019	16.193
@
1.147	30.016	16.242
1.147	30.016	16.251
@
1.149	30.014	16.265
1.149	30.014	16.272
@
1.154	30.010	16.341
1.154	30.010	16.347
1.154	30.010	16.348
@
1.157	30.010	16.364
1.157	30.010	16.370
@
1.163	30.007	16.432
1.163	30.007	16.439
@
1.164	30.006	16.440
1.164	30.006	16.442
1.164	30.006	16.465
@
1.167	30.002	16.487
1.167	30.002	16.505
@
1.167	30.004	16.490
1.167	30.004	16.492
1.167	30.004	16.497
1.167	30.004	16.503
@
1.168	30.003	16.510
1.168	30.003	16.516
@
1.169	30.000	16.533
1.169	30.000	16.541
@
1.169	30.001	16.536
1.169	30.001	16.539
@
1.171	29.996	16.580
1.171	29.996	16.589
@
1.171	29.997	16.582
1.171	29.997	16.589
@
1.172	29.993	16.600
1.172	29.993	16.623
@
1.172	29.994	16.594
1.172	29.994	16.596
1.172	29.994	16.609
@
1.172	29.997	16.577
1.172	29.997	16.589
@
1.172	29.999	16.569
1.172	29.999	16.583
@
1.173	29.993	16.617
1.173	29.993	16.635
@
1.174	29.992	16.643
1.174	29.992	16.648
@
1.175	29.991	16.650
1.175	29.991	16.653
@
1.178	29.988	16.696
1.178	29.988	16.706
@
1.179	29.985	16.723
1.179	29.985	16.728
@
1.181	29.986	16.743
1.181	29.986	16.751
1.181	29.986	16.760
@
1.183	29.985	16.787
1.183	29.985	16.793
@
1.184	29.982	16.800
1.184	29.982	16.805
@
1.186	29.984	16.813
1.186	29.984	16.816
1.186	29.984	16.821
@
1.187	29.981	16.830
1.187	29.981	16.833
@
1.189	29.980	16.844
1.189	29.980	16.851
@
1.190	29.977	16.859
1.190	29.977	16.866
@
1.190	29.978	16.850
1.190	29.978	16.866
1.190	29.978	16.870
@
1.191	29.976	16.868
1.191	29.976	16.872
1.191	29.976	16.882
1.191	29.976	16.883
@
1.196	29.974	16.930
1.196	29.974	16.942
@
1.198	29.972	16.956
1.198	29.972	16.964
1.198	29.972	16.973
@
1.200	29.971	17.001
1.200	29.971	17.012
@
1.203	29.969	17.073
1.203	29.969	17.078
@
1.204	29.966	17.089
1.204	29.966	17.102
@
1.204	29.967	17.078
1.204	29.967	17.104
@
1.204	29.968	17.069
1.204	29.968	17.082
1.204	29.968	17.082
1.204	29.968	17.085
1.204	29.968	17.087
1.204	29.968	17.087
@
1.207	29.964	17.135
1.207	29.964	17.139
@
1.216	29.963	17.275
1.216	29.963	17.279
@
1.220	29.959	17.334
1.220	29.959	17.341
@
1.222	29.958	17.358
1.222	29.958	17.364
@
1.228	29.955	17.433
1.228	29.955	17.455
@
1.231	29.952	17.499
1.231	29.952	17.507
@
1.232	29.948	17.525
1.232	29.948	17.531
@
1.232	29.951	17.513
1.232	29.951	17.517
@
1.233	29.946	17.536
1.233	29.946	17.541
1.233	29.946	17.542
1.233	29.946	17.550
@
1.233	29.948	17.533
1.233	29.948	17.537
@
1.233	29.949	17.534
1.233	29.949	17.539
@
1.237	29.943	17.603
1.237	29.943	17.605
@
1.240	29.940	17.648
1.240	29.940	17.666
@
1.241	29.940	17.682
1.241	29.940	17.690
@
1.246	29.937	17.728
1.246	29.937	17.730
@
1.253	29.934	17.800
1.253	29.934	17.806
@
1.254	29.934	17.827
1.254	29.934	17.834
@
1.260	29.930	17.936
1.260	29.930	17.952
@
1.262	29.928	17.966
1.262	29.928	17.977
@
1.267	29.925	18.041
1.267	29.925	18.069
1.267	29.925	18.080
@
1.280	29.918	18.227
1.280	29.918	18.236
@
1.281	29.917	18.243
1.281	29.917	18.251
@
1.293	29.916	18.424
1.293	29.916	18.434
@
1.294	29.912	18.440
1.294	29.912	18.464
@
1.294	29.914	18.447
1.294	29.914	18.457
@
1.301	29.910	18.582
1.301	29.910	18.589
@
1.303	29.907	18.608
1.303	29.907	18.630
@
1.303	29.908	18.604
1.303	29.908	18.614
@
1.306	29.904	18.659
1.306	29.904	18.665
@
1.310	29.902	18.695
1.310	29.902	18.701
@
1.311	29.901	18.693
1.311	29.901	18.704
@
1.312	29.898	18.738
1.312	29.898	18.745
@
1.312	29.899	18.726
1.312	29.899	18.735
@
1.312	29.900	18.725
1.312	29.900	18.731
1.312	29.900	18.741
@
1.328	29.892	18.970
1.328	29.892	18.989
@
1.337	29.890	19.121
1.337	29.890	19.141
@
1.349	29.884	19.286
1.349	29.884	19.294
@
1.354	29.881	19.357
1.354	29.881	19.366
1.354	29.881	19.388
@
1.355	29.880	19.382
1.355	29.880	19.395
@
1.357	29.881	19.421
1.357	29.881	19.429
@
1.362	29.878	19.524
1.362	29.878	19.538
@
1.376	29.877	19.691
1.376	29.877	19.703
@
1.387	29.873	19.879
1.387	29.873	19.880
@
1.405	29.868	20.136
1.405	29.868	20.162
@
1.406	29.870	20.170
1.406	29.870	20.180
@
1.409	29.869	20.214
1.409	29.869	20.224
@
1.426	29.869	20.488
1.426	29.869	20.509
@
1.435	29.864	20.615
1.435	29.864	20.636
@
1.435	29.865	20.618
1.435	29.865	20.629
@
1.438	29.865	20.693
1.438	29.865	20.700
@
1.443	29.864	20.756
1.443	29.864	20.771
@
1.461	29.861	21.028
1.461	29.861	21.030
@
1.462	29.859	21.032
1.462	29.859	21.035
@
1.466	29.859	21.033
1.466	29.859	21.053
1.466	29.859	21.057
1.466	29.859	21.064
@
1.476	29.862	21.106
1.476	29.862	21.108
@
1.481	29.859	21.100
1.481	29.859	21.123
@
1.486	29.859	21.125
1.486	29.859	21.142
@
1.498	29.857	21.158
1.498	29.857	21.165
@
1.503	29.856	21.190
1.503	29.856	21.192
1.503	29.856	21.197
@
1.513	29.855	21.221
1.513	29.855	21.225
@
1.514	29.855	21.230
1.514	29.855	21.231
@
1.517	29.854	21.221
1.517	29.854	21.240
1.517	29.854	21.240
@
1.526	29.854	21.256
1.526	29.854	21.261
@
1.527	29.853	21.263
1.527	29.853	21.267
@
1.530	29.854	21.268
1.530	29.854	21.273
@
1.535	29.854	21.273
1.535	29.854	21.273
@
1.536	29.855	21.273
1.536	29.855	21.273
@
1.543	29.853	21.251
1.543	29.853	21.276
1.543	29.853	21.276
@
1.550	29.853	21.276
1.550	29.853	21.276
@
1.553	29.853	21.274
1.553	29.853	21.274
@
1.556	29.854	21.275
1.556	29.854	21.276
@
1.559	29.852	21.270
1.559	29.852	21.276
@
1.560	29.850	21.265
1.560	29.850	21.274
1.560	29.850	21.274
1.560	29.850	21.275
@
1.560	29.851	21.267
1.560	29.851	21.271
1.560	29.851	21.273
1.560	29.851	21.273
1.560	29.851	21.275
1.560	29.851	21.275
1.560	29.851	21.276
@
1.560	29.852	21.249
1.560	29.852	21.250
1.560	29.852	21.259
1.560	29.852	21.272
1.560	29.852	21.272
1.560	29.852	21.273
1.560	29.852	21.273
1.560	29.852	21.274
1.560	29.852	21.275
1.560	29.852	21.275
@
1.560	29.853	21.252
1.560	29.853	21.254
1.560	29.853	21.265
1.560	29.853	21.270
1.560	29.853	21.271
1.560	29.853	21.273
1.560	29.853	21.273
1.560	29.853	21.274
1.560	29.853	21.274
1.560	29.853	21.274
1.560	29.853	21.275
1.560	29.853	21.275
@
1.560	29.854	21.274
1.560	29.854	21.276
