0.347	35.027	5.681
0.347	35.027	5.682
@
0.347	35.030	5.681
0.347	35.030	5.682
0.347	35.030	5.682
@
0.347	35.031	5.681
0.347	35.031	5.681
@
0.348	35.028	5.681
0.348	35.028	5.682
0.348	35.028	5.682
0.348	35.028	5.682
@
0.348	35.029	5.682
0.348	35.029	5.682
0.348	35.029	5.683
@
0.348	35.030	5.681
0.348	35.030	5.681
0.348	35.030	5.681
0.348	35.030	5.682
@
0.348	35.031	5.681
0.348	35.031	5.681
0.348	35.031	5.681
0.348	35.031	5.682
0.348	35.031	5.682
0.348	35.031	5.682
@
0.348	35.032	5.681
0.348	35.032	5.681
0.348	35.032	5.681
0.348	35.032	5.681
0.348	35.032	5.681
0.348	35.032	5.682
0.348	35.032	5.682
0.348	35.032	5.682
0.348	35.032	5.682
0.348	35.032	5.682
@
0.348	35.033	5.681
0.348	35.033	5.681
0.348	35.033	5.681
0.348	35.033	5.682
0.348	35.033	5.682
0.348	35.033	5.682
0.348	35.033	5.682
0.348	35.033	5.682
@
0.348	35.034	5.681
0.348	35.034	5.681
0.348	35.034	5.681
0.348	35.034	5.681
0.348	35.034	5.682
0.348	35.034	5.682
0.348	35.034	5.682
@
0.348	35.035	5.681
0.348	35.035	5.681
0.348	35.035	5.681
0.348	35.035	5.681
0.348	35.035	5.681
0.348	35.035	5.682
0.348	35.035	5.682
0.348	35.035	5.682
0.348	35.035	5.683
0.348	35.035	5.683
@
0.348	35.036	5.682
0.348	35.036	5.682
@
0.348	35.037	5.681
0.348	35.037	5.682
0.348	35.037	5.682
@
0.348	35.038	5.681
0.348	35.038	5.682
@
0.349	35.028	5.682
0.349	35.028	5.683
@
0.350	35.029	5.682
0.350	35.029	5.682
0.350	35.029	5.683
@
0.351	35.028	5.681
0.351	35.028	5.682
0.351	35.028	5.682
@
0.354	35.028	5.682
0.354	35.028	5.682
0.354	35.028	5.683
@
0.355	35.024	5.682
0.355	35.024	5.683
0.355	35.024	5.683
0.355	35.024	5.683
0.355	35.024	5.683
@
0.355	35.025	5.682
0.355	35.025	5.683
@
0.355	35.026	5.682
0.355	35.026	5.683
@
0.355	35.027	5.683
0.355	35.027	5.683
0.355	35.027	5.683
@
0.355	35.028	5.682
0.355	35.028	5.683
0.355	35.028	5.683
@
0.356	35.023	5.682
0.356	35.023	5.682
@
0.357	35.025	5.682
0.357	35.025	5.682
@
0.360	35.024	5.681
0.360	35.024	5.681
0.360	35.024	5.682
0.360	35.024	5.683
@
0.360	35.025	5.682
0.360	35.025	5.682
@
0.362	35.021	5.682
0.362	35.021	5.683
@
0.362	35.022	5.682
0.362	35.022	5.683
@
0.363	35.022	5.683
0.363	35.022	5.683
0.363	35.022	5.683
@
0.364	35.024	5.682
0.364	35.024	5.683
@
0.365	35.021	5.682
0.365	35.021	5.683
@
0.365	35.024	5.683
0.365	35.024	5.684
@
0.365	35.025	5.682
0.365	35.025	5.682
0.365	35.025	5.683
@
0.366	35.021	5.682
0.366	35.021	5.683
0.366	35.021	5.684
@
0.366	35.022	5.682
0.366	35.022	5.683
@
0.366	35.023	5.682
0.366	35.023	5.683
@
0.366	35.024	5.682
0.366	35.024	5.683
0.366	35.024	5.683
@
0.367	35.021	5.682
0.367	35.021	5.683
@
0.370	35.021	5.683
0.370	35.021	5.683
@
0.377	35.021	5.682
0.377	35.021	5.683
@
0.380	35.021	5.682
0.380	35.021	5.682
@
0.385	35.021	5.683
0.385	35.021	5.683
@
0.386	35.019	5.683
0.386	35.019	5.683
0.386	35.019	5.683
0.386	35.019	5.684
@
0.386	35.020	5.683
0.386	35.020	5.683
0.386	35.020	5.683
@
0.386	35.021	5.682
0.386	35.021	5.683
@
0.386	35.023	5.682
0.386	35.023	5.682
@
0.387	35.018	5.684
0.387	35.018	5.684
@
0.387	35.019	5.683
0.387	35.019	5.683
0.387	35.019	5.683
0.387	35.019	5.684
@
0.388	35.020	5.685
0.388	35.020	5.687
@
0.389	35.019	5.688
0.389	35.019	5.688
@
0.389	35.020	5.688
0.389	35.020	5.688
@
0.390	35.018	5.692
0.390	35.018	5.692
0.390	35.018	5.694
@
0.390	35.019	5.690
0.390	35.019	5.692
0.390	35.019	5.693
0.390	35.019	5.693
0.390	35.019	5.693
0.390	35.019	5.694
@
0.390	35.020	5.689
0.390	35.020	5.692
@
0.391	35.019	5.693
0.391	35.019	5.694
0.391	35.019	5.697
@
0.391	35.020	5.693
0.391	35.020	5.693
0.391	35.020	5.695
@
0.393	35.019	5.701
0.393	35.019	5.701
0.393	35.019	5.702
@
0.394	35.018	5.703
0.394	35.018	5.703
@
0.395	35.016	5.706
0.395	35.016	5.706
@
0.397	35.017	5.712
0.397	35.017	5.713
@
0.398	35.016	5.714
0.398	35.016	5.715
0.398	35.016	5.715
0.398	35.016	5.715
@
0.398	35.017	5.713
0.398	35.017	5.715
@
0.401	35.016	5.721
0.401	35.016	5.723
0.401	35.016	5.723
@
0.404	35.014	5.732
0.404	35.014	5.732
0.404	35.014	5.733
@
0.404	35.015	5.730
0.404	35.015	5.731
@
0.406	35.014	5.737
0.406	35.014	5.737
@
0.407	35.014	5.738
0.407	35.014	5.739
@
0.409	35.013	5.746
0.409	35.013	5.748
@
0.414	35.011	5.754
0.414	35.011	5.754
@
0.426	35.009	5.790
0.426	35.009	5.791
@
0.426	35.010	5.790
0.426	35.010	5.790
0.426	35.010	5.791
@
0.429	35.008	5.798
0.429	35.008	5.798
@
0.429	35.009	5.798
0.429	35.009	5.798
@
0.430	35.009	5.800
0.430	35.009	5.802
@
0.433	35.007	5.811
0.433	35.007	5.811
@
0.435	35.006	5.816
0.435	35.006	5.818
@
0.436	35.006	5.821
0.436	35.006	5.823
@
0.436	35.008	5.822
0.436	35.008	5.823
@
0.437	35.007	5.823
0.437	35.007	5.824
@
0.441	35.005	5.836
0.441	35.005	5.836
@
0.441	35.006	5.835
0.441	35.006	5.835
@
0.442	35.005	5.842
0.442	35.005	5.842
0.442	35.005	5.842
0.442	35.005	5.843
@
0.442	35.006	5.839
0.442	35.006	5.842
0.442	35.006	5.843
0.442	35.006	5.843
@
0.446	35.006	5.857
0.446	35.006	5.859
@
0.452	35.004	5.881
0.452	35.004	5.884
0.452	35.004	5.884
0.452	35.004	5.884
@
0.456	35.003	5.906
0.456	35.003	5.908
@
0.458	35.005	5.915
0.458	35.005	5.920
@
0.459	35.002	5.922
0.459	35.002	5.928
@
0.465	35.001	5.979
0.465	35.001	5.981
0.465	35.001	5.994
@
0.470	34.998	6.079
0.470	34.998	6.080
@
0.474	34.997	6.139
0.474	34.997	6.144
@
0.474	34.999	6.129
0.474	34.999	6.137
0.474	34.999	6.140
@
0.475	34.997	6.153
0.475	34.997	6.164
@
0.483	34.997	6.273
0.483	34.997	6.279
0.483	34.997	6.285
@
0.487	34.993	6.337
0.487	34.993	6.346
@
0.493	34.993	6.428
0.493	34.993	6.433
@
0.494	34.991	6.458
0.494	34.991	6.462
@
0.497	34.992	6.494
0.497	34.992	6.498
@
0.499	34.989	6.519
0.499	34.989	6.526
0.499	34.989	6.531
@
0.503	34.991	6.581
0.503	34.991	6.592
@
0.505	34.988	6.617
0.505	34.988	6.625
@
0.513	34.985	6.734
0.513	34.985	6.745
@
0.514	34.985	6.753
0.514	34.985	6.763
@
0.516	34.984	6.779
0.516	34.984	6.784
0.516	34.984	6.796
@
0.535	34.980	7.071
0.535	34.980	7.081
@
0.535	34.981	7.066
0.535	34.981	7.081
@
0.537	34.980	7.107
0.537	34.980	7.117
@
0.540	34.979	7.150
0.540	34.979	7.157
@
0.541	34.978	7.166
0.541	34.978	7.175
@
0.552	34.976	7.330
0.552	34.976	7.334
@
0.552	34.977	7.336
0.552	34.977	7.345
@
0.554	34.975	7.357
0.554	34.975	7.368
@
0.566	34.974	7.555
0.566	34.974	7.561
@
0.574	34.970	7.666
0.574	34.970	7.683
@
0.576	34.968	7.703
0.576	34.968	7.710
@
0.578	34.968	7.735
0.578	34.968	7.739
0.578	34.968	7.742
@
0.587	34.968	7.873
0.587	34.968	7.882
@
0.591	34.969	7.940
0.591	34.969	7.949
@
0.597	34.965	8.021
0.597	34.965	8.025
@
0.598	34.964	8.038
0.598	34.964	8.044
@
0.601	34.965	8.081
0.601	34.965	8.081
@
0.608	34.963	8.191
0.608	34.963	8.198
@
0.609	34.964	8.203
0.609	34.964	8.209
@
0.622	34.961	8.400
0.622	34.961	8.410
@
0.634	34.959	8.582
0.634	34.959	8.590
0.634	34.959	8.595
@
0.644	34.957	8.759
0.644	34.957	8.759
@
0.644	34.959	8.752
0.644	34.959	8.759
0.644	34.959	8.759
@
0.645	34.957	8.775
0.645	34.957	8.777
0.645	34.957	8.777
0.645	34.957	8.777
0.645	34.957	8.778
@
0.645	34.958	8.776
0.645	34.958	8.777
@
0.645	34.959	8.777
0.645	34.959	8.777
@
0.650	34.955	8.850
0.650	34.955	8.850
@
0.650	34.957	8.850
0.650	34.957	8.862
@
0.651	34.956	8.864
0.651	34.956	8.867
0.651	34.956	8.872
0.651	34.956	8.875
@
0.656	34.955	8.933
0.656	34.955	8.947
@
0.662	34.956	9.026
0.662	34.956	9.027
@
0.673	34.953	9.187
0.673	34.953	9.192
@
0.673	34.955	9.179
0.673	34.955	9.184
@
0.684	34.951	9.370
0.684	34.951	9.378
0.684	34.951	9.380
0.684	34.951	9.381
0.684	34.951	9.385
@
0.684	34.952	9.365
0.684	34.952	9.365
0.684	34.952	9.380
@
0.684	34.953	9.356
0.684	34.953	9.363
@
0.689	34.952	9.441
0.689	34.952	9.446
@
0.690	34.951	9.448
0.690	34.951	9.461
@
0.691	34.949	9.470
0.691	34.949	9.474
@
0.699	34.939	9.614
0.699	34.939	9.615
0.699	34.939	9.615
0.699	34.939	9.615
0.699	34.939	9.618
@
0.699	34.940	9.615
0.699	34.940	9.615
0.699	34.940	9.615
0.699	34.940	9.616
0.699	34.940	9.616
0.699	34.940	9.616
@
0.699	34.941	9.608
0.699	34.941	9.612
0.699	34.941	9.615
0.699	34.941	9.615
0.699	34.941	9.615
0.699	34.941	9.616
0.699	34.941	9.616
0.699	34.941	9.616
0.699	34.941	9.616
0.699	34.941	9.616
@
0.699	34.942	9.609
0.699	34.942	9.614
0.699	34.942	9.614
0.699	34.942	9.615
0.699	34.942	9.615
0.699	34.942	9.615
0.699	34.942	9.615
0.699	34.942	9.616
@
0.699	34.943	9.615
0.699	34.943	9.615
0.699	34.943	9.615
0.699	34.943	9.615
@
0.699	34.944	9.615
0.699	34.944	9.615
0.699	34.944	9.615
0.699	34.944	9.615
0.699	34.944	9.615
0.699	34.944	9.616
0.699	34.944	9.616
0.699	34.944	9.616
0.699	34.944	9.617
@
0.699	34.945	9.609
0.699	34.945	9.613
0.699	34.945	9.615
0.699	34.945	9.615
0.699	34.945	9.615
0.699	34.945	9.615
0.699	34.945	9.616
0.699	34.945	9.616
0.699	34.945	9.617
@
0.699	34.946	9.609
0.699	34.946	9.615
0.699	34.946	9.616
0.699	34.946	9.616
0.699	34.946	9.616
@
0.699	34.947	9.613
0.699	34.947	9.614
0.699	34.947	9.615
0.699	34.947	9.616
@
0.699	34.948	9.609
0.699	34.948	9.615
@
0.700	34.945	9.613
0.700	34.945	9.616
@
0.700	34.946	9.615
0.700	34.946	9.616
0.700	34.946	9.616
@
0.700	34.947	9.610
0.700	34.947	9.612
0.700	34.947	9.615
0.700	34.947	9.615
@
0.700	34.948	9.616
0.700	34.948	9.617
@
0.700	34.949	9.602
0.700	34.949	9.615
0.700	34.949	9.615
@
0.702	34.939	9.660
0.702	34.939	9.661
@
0.708	34.938	9.740
0.708	34.938	9.747
@
0.709	34.937	9.761
0.709	34.937	9.769
@
0.716	34.935	9.863
0.716	34.935	9.870
0.716	34.935	9.877
@
0.719	34.933	9.909
0.719	34.933	9.917
@
0.719	34.935	9.912
0.719	34.935	9.914
0.719	34.935	9.924
@
0.723	34.935	9.983
0.723	34.935	9.985
@
0.725	34.931	10.010
0.725	34.931	10.015
@
0.726	34.931	10.025
0.726	34.931	10.029
0.726	34.931	10.036
@
0.726	34.932	10.015
0.726	34.932	10.023
0.726	34.932	10.033
@
0.737	34.929	10.195
0.737	34.929	10.196
@
0.741	34.928	10.250
0.741	34.928	10.253
0.741	34.928	10.254
@
0.741	34.930	10.252
0.741	34.930	10.261
@
0.743	34.928	10.281
0.743	34.928	10.291
@
0.747	34.926	10.347
0.747	34.926	10.350
0.747	34.926	10.354
@
0.759	34.925	10.523
0.759	34.925	10.529
@
0.761	34.925	10.552
0.761	34.925	10.566
0.761	34.925	10.566
0.761	34.925	10.568
@
0.762	34.925	10.562
0.762	34.925	10.571
0.762	34.925	10.583
@
0.766	34.923	10.645
0.766	34.923	10.648
@
0.767	34.918	10.661
0.767	34.918	10.668
@
0.767	34.919	10.661
0.767	34.919	10.662
@
0.767	34.921	10.655
0.767	34.921	10.658
0.767	34.921	10.661
0.767	34.921	10.663
@
0.767	34.922	10.656
0.767	34.922	10.657
0.767	34.922	10.657
0.767	34.922	10.662
@
0.786	34.916	10.961
0.786	34.916	10.963
@
0.786	34.918	10.942
0.786	34.918	10.952
0.786	34.918	10.957
0.786	34.918	10.957
@
0.790	34.916	11.012
0.790	34.916	11.014
0.790	34.916	11.018
0.790	34.916	11.023
0.790	34.916	11.028
@
0.791	34.914	11.039
0.791	34.914	11.047
@
0.792	34.916	11.050
0.792	34.916	11.071
@
0.793	34.915	11.072
0.793	34.915	11.090
@
0.793	34.917	11.072
0.793	34.917	11.095
@
0.794	34.914	11.100
0.794	34.914	11.101
0.794	34.914	11.104
0.794	34.914	11.104
@
0.794	34.915	11.104
0.794	34.915	11.105
@
0.795	34.914	11.108
0.795	34.914	11.113
@
0.796	34.913	11.121
0.796	34.913	11.124
0.796	34.913	11.125
@
0.797	34.912	11.136
0.797	34.912	11.139
0.797	34.912	11.140
@
0.797	34.913	11.134
0.797	34.913	11.136
0.797	34.913	11.138
0.797	34.913	11.138
@
0.797	34.915	11.132
0.797	34.915	11.137
0.797	34.915	11.145
@
0.799	34.912	11.161
0.799	34.912	11.172
0.799	34.912	11.174
@
0.799	34.913	11.169
0.799	34.913	11.169
@
0.800	34.912	11.179
0.800	34.912	11.180
@
0.808	34.911	11.293
0.808	34.911	11.301
0.808	34.911	11.304
@
0.811	34.911	11.339
0.811	34.911	11.341
@
0.812	34.910	11.354
0.812	34.910	11.366
@
0.815	34.911	11.392
0.815	34.911	11.399
0.815	34.911	11.410
@
0.819	34.910	11.446
0.819	34.910	11.459
0.819	34.910	11.469
@
0.820	34.908	11.473
0.820	34.908	11.490
0.820	34.908	11.499
@
0.820	34.910	11.475
0.820	34.910	11.481
@
0.821	34.910	11.511
0.821	34.910	11.512
@
0.823	34.910	11.525
0.823	34.910	11.534
0.823	34.910	11.536
@
0.824	34.909	11.551
0.824	34.909	11.558
@
0.825	34.907	11.560
0.825	34.907	11.564
@
0.825	34.908	11.559
0.825	34.908	11.574
@
0.828	34.906	11.609
0.828	34.906	11.621
@
0.829	34.906	11.620
0.829	34.906	11.625
0.829	34.906	11.637
0.829	34.906	11.640
@
0.829	34.907	11.622
0.829	34.907	11.632
0.829	34.907	11.633
@
0.830	34.906	11.644
0.830	34.906	11.651
@
0.830	34.907	11.646
0.830	34.907	11.647
0.830	34.907	11.647
@
0.831	34.905	11.658
0.831	34.905	11.670
@
0.831	34.906	11.664
0.831	34.906	11.667
@
0.834	34.905	11.700
0.834	34.905	11.715
@
0.837	34.904	11.731
0.837	34.904	11.742
0.837	34.904	11.743
@
0.838	34.905	11.753
0.838	34.905	11.755
@
0.843	34.903	11.836
0.843	34.903	11.839
0.843	34.903	11.842
@
0.844	34.902	11.841
0.844	34.902	11.859
@
0.845	34.904	11.863
0.845	34.904	11.865
@
0.847	34.901	11.900
0.847	34.901	11.902
@
0.849	34.899	11.926
0.849	34.899	11.929
@
0.849	34.900	11.925
0.849	34.900	11.926
0.849	34.900	11.926
0.849	34.900	11.945
@
0.851	34.900	11.958
0.851	34.900	11.967
@
0.852	34.898	11.972
0.852	34.898	11.977
@
0.852	34.900	11.975
0.852	34.900	11.984
@
0.854	34.892	12.000
0.854	34.892	12.010
0.854	34.892	12.010
0.854	34.892	12.010
0.854	34.892	12.010
0.854	34.892	12.011
0.854	34.892	12.021
@
0.854	34.893	12.003
0.854	34.893	12.008
0.854	34.893	12.009
0.854	34.893	12.010
0.854	34.893	12.010
0.854	34.893	12.010
0.854	34.893	12.010
0.854	34.893	12.010
0.854	34.893	12.011
@
0.854	34.894	12.000
0.854	34.894	12.000
0.854	34.894	12.009
0.854	34.894	12.009
0.854	34.894	12.009
0.854	34.894	12.010
0.854	34.894	12.010
0.854	34.894	12.010
0.854	34.894	12.010
0.854	34.894	12.010
0.854	34.894	12.010
@
0.854	34.895	12.000
0.854	34.895	12.007
0.854	34.895	12.008
0.854	34.895	12.009
0.854	34.895	12.009
0.854	34.895	12.010
0.854	34.895	12.010
0.854	34.895	12.010
0.854	34.895	12.010
0.854	34.895	12.010
0.854	34.895	12.010
0.854	34.895	12.011
0.854	34.895	12.011
@
0.854	34.896	12.001
0.854	34.896	12.003
0.854	34.896	12.007
0.854	34.896	12.007
0.854	34.896	12.010
0.854	34.896	12.010
0.854	34.896	12.011
0.854	34.896	12.011
@
0.854	34.897	12.001
0.854	34.897	12.005
0.854	34.897	12.010
0.854	34.897	12.010
0.854	34.897	12.010
0.854	34.897	12.010
0.854	34.897	12.012
@
0.854	34.898	12.006
0.854	34.898	12.009
0.854	34.898	12.009
0.854	34.898	12.011
0.854	34.898	12.011
@
0.854	34.899	11.999
0.854	34.899	12.002
0.854	34.899	12.005
0.854	34.899	12.009
0.854	34.899	12.009
0.854	34.899	12.010
@
0.854	34.900	12.007
0.854	34.900	12.010
0.854	34.900	12.010
0.854	34.900	12.010
@
0.858	34.891	12.076
0.858	34.891	12.083
@
0.858	34.892	12.069
0.858	34.892	12.073
0.858	34.892	12.077
@
0.858	34.894	12.073
0.858	34.894	12.077
@
0.859	34.892	12.085
0.859	34.892	12.086
0.859	34.892	12.098
@
0.860	34.890	12.108
0.860	34.890	12.111
@
0.860	34.892	12.102
0.860	34.892	12.116
@
0.862	34.891	12.146
0.862	34.891	12.150
0.862	34.891	12.156
@
0.863	34.890	12.158
0.863	34.890	12.166
@
0.863	34.892	12.160
0.863	34.892	12.164
@
0.865	34.890	12.187
0.865	34.890	12.188
@
0.866	34.889	12.187
0.866	34.889	12.193
@
0.866	34.891	12.189
0.866	34.891	12.194
@
0.867	34.889	12.191
0.867	34.889	12.213
@
0.867	34.890	12.199
0.867	34.890	12.205
@
0.869	34.891	12.240
0.869	34.891	12.244
@
0.873	34.889	12.296
0.873	34.889	12.305
0.873	34.889	12.305
@
0.873	34.890	12.299
0.873	34.890	12.305
@
0.874	34.887	12.317
0.874	34.887	12.324
@
0.874	34.888	12.311
0.874	34.888	12.312
0.874	34.888	12.321
0.874	34.888	12.325
@
0.874	34.889	12.305
0.874	34.889	12.320
@
0.876	34.887	12.347
0.876	34.887	12.352
@
0.876	34.888	12.355
0.876	34.888	12.363
@
0.876	34.889	12.357
0.876	34.889	12.365
@
0.877	34.884	12.362
0.877	34.884	12.378
@
0.877	34.886	12.381
0.877	34.886	12.383
@
0.878	34.885	12.384
0.878	34.885	12.393
@
0.878	34.887	12.386
0.878	34.887	12.387
0.878	34.887	12.396
@
0.879	34.885	12.399
0.879	34.885	12.415
@
0.879	34.886	12.419
0.879	34.886	12.422
@
0.879	34.887	12.405
0.879	34.887	12.418
@
0.880	34.885	12.419
0.880	34.885	12.428
0.880	34.885	12.432
@
0.881	34.885	12.439
0.881	34.885	12.439
0.881	34.885	12.441
@
0.881	34.886	12.434
0.881	34.886	12.439
0.881	34.886	12.446
@
0.882	34.884	12.454
0.882	34.884	12.465
0.882	34.884	12.467
@
0.882	34.885	12.456
0.882	34.885	12.459
0.882	34.885	12.464
0.882	34.885	12.470
@
0.884	34.883	12.481
0.884	34.883	12.488
@
0.884	34.886	12.488
0.884	34.886	12.493
@
0.885	34.885	12.503
0.885	34.885	12.510
@
0.888	34.884	12.551
0.888	34.884	12.558
@
0.889	34.885	12.570
0.889	34.885	12.573
@
0.891	34.881	12.598
0.891	34.881	12.611
@
0.893	34.882	12.645
0.893	34.882	12.652
@
0.893	34.883	12.640
0.893	34.883	12.646
0.893	34.883	12.646
@
0.894	34.884	12.653
0.894	34.884	12.656
0.894	34.884	12.657
@
0.898	34.882	12.694
0.898	34.882	12.699
@
0.899	34.882	12.717
0.899	34.882	12.720
0.899	34.882	12.724
@
0.899	34.883	12.713
0.899	34.883	12.720
@
0.900	34.884	12.732
0.900	34.884	12.740
@
0.901	34.880	12.751
0.901	34.880	12.755
@
0.902	34.880	12.768
0.902	34.880	12.776
@
0.902	34.881	12.760
0.902	34.881	12.770
@
0.903	34.878	12.781
0.903	34.878	12.782
@
0.903	34.879	12.779
0.903	34.879	12.781
0.903	34.879	12.782
0.903	34.879	12.795
@
0.903	34.880	12.780
0.903	34.880	12.781
0.903	34.880	12.784
0.903	34.880	12.791
@
0.905	34.876	12.805
0.905	34.876	12.827
@
0.905	34.879	12.811
0.905	34.879	12.823
@
0.907	34.876	12.844
0.907	34.876	12.849
@
0.908	34.876	12.867
0.908	34.876	12.874
@
0.908	34.877	12.861
0.908	34.877	12.866
@
0.910	34.876	12.890
0.910	34.876	12.896
@
0.910	34.878	12.891
0.910	34.878	12.892
@
0.911	34.875	12.916
0.911	34.875	12.923
@
0.911	34.877	12.914
0.911	34.877	12.920
@
0.912	34.877	12.933
0.912	34.877	12.939
@
0.913	34.874	12.949
0.913	34.874	12.953
@
0.913	34.875	12.939
0.913	34.875	12.942
@
0.914	34.873	12.953
0.914	34.873	12.959
0.914	34.873	12.963
0.914	34.873	12.969
@
0.915	34.873	12.967
0.915	34.873	12.973
0.915	34.873	12.984
@
0.915	34.875	12.980
0.915	34.875	12.981
@
0.916	34.875	12.987
0.916	34.875	12.994
@
0.917	34.873	13.007
0.917	34.873	13.013
0.917	34.873	13.017
@
0.918	34.871	13.025
0.918	34.871	13.032
0.918	34.871	13.032
@
0.918	34.872	13.026
0.918	34.872	13.030
@
0.919	34.869	13.031
0.919	34.869	13.033
0.919	34.869	13.035
@
0.919	34.870	13.032
0.919	34.870	13.037
0.919	34.870	13.040
0.919	34.870	13.047
@
0.919	34.871	13.034
0.919	34.871	13.041
@
0.920	34.869	13.049
0.920	34.869	13.053
@
0.920	34.870	13.054
0.920	34.870	13.056
@
0.920	34.871	13.049
0.920	34.871	13.063
@
0.922	34.868	13.083
0.922	34.868	13.102
@
0.923	34.865	13.098
0.923	34.865	13.112
@
0.923	34.866	13.111
0.923	34.866	13.114
@
0.923	34.867	13.104
0.923	34.867	13.104
0.923	34.867	13.110
@
0.923	34.868	13.106
0.923	34.868	13.110
@
0.926	34.866	13.146
0.926	34.866	13.147
@
0.926	34.867	13.142
0.926	34.867	13.147
@
0.927	34.865	13.154
0.927	34.865	13.160
@
0.928	34.865	13.164
0.928	34.865	13.170
@
0.931	34.864	13.204
0.931	34.864	13.219
@
0.932	34.863	13.220
0.932	34.863	13.221
0.932	34.863	13.233
@
0.932	34.864	13.220
0.932	34.864	13.220
0.932	34.864	13.221
0.932	34.864	13.223
0.932	34.864	13.230
@
0.936	34.864	13.285
0.936	34.864	13.301
0.936	34.864	13.308
@
0.937	34.863	13.311
0.937	34.863	13.313
0.937	34.863	13.314
0.937	34.863	13.318
0.937	34.863	13.320
@
0.938	34.861	13.330
0.938	34.861	13.337
0.938	34.861	13.337
@
0.939	34.862	13.342
0.939	34.862	13.347
@
0.940	34.861	13.354
0.940	34.861	13.368
@
0.943	34.861	13.403
0.943	34.861	13.411
@
0.945	34.861	13.435
0.945	34.861	13.442
@
0.946	34.860	13.447
0.946	34.860	13.450
0.946	34.860	13.452
@
0.948	34.859	13.471
0.948	34.859	13.477
0.948	34.859	13.486
0.948	34.859	13.488
@
0.949	34.857	13.495
0.949	34.857	13.511
@
0.949	34.859	13.491
0.949	34.859	13.491
@
0.950	34.857	13.513
0.950	34.857	13.525
@
0.951	34.856	13.531
0.951	34.856	13.538
@
0.952	34.856	13.542
0.952	34.856	13.551
@
0.953	34.857	13.563
0.953	34.857	13.583
@
0.956	34.855	13.599
0.956	34.855	13.608
@
0.969	34.852	13.806
0.969	34.852	13.807
@
0.971	34.853	13.841
0.971	34.853	13.850
@
0.974	34.851	13.873
0.974	34.851	13.876
0.974	34.851	13.877
@
0.975	34.848	13.906
0.975	34.848	13.913
@
0.976	34.850	13.916
0.976	34.850	13.921
@
0.977	34.851	13.929
0.977	34.851	13.938
@
0.978	34.849	13.949
0.978	34.849	13.953
@
0.979	34.851	13.962
0.979	34.851	13.976
@
0.988	34.847	14.092
0.988	34.847	14.095
@
0.988	34.850	14.087
0.988	34.850	14.100
@
0.990	34.847	14.122
0.990	34.847	14.132
@
0.991	34.847	14.147
0.991	34.847	14.151
0.991	34.847	14.151
@
0.991	34.848	14.145
0.991	34.848	14.148
0.991	34.848	14.149
0.991	34.848	14.149
@
0.994	34.846	14.189
0.994	34.846	14.189
@
0.996	34.845	14.220
0.996	34.845	14.221
0.996	34.845	14.226
@
1.000	34.844	14.291
1.000	34.844	14.299
@
1.000	34.845	14.279
1.000	34.845	14.289
1.000	34.845	14.301
@
1.000	34.846	14.285
1.000	34.846	14.294
@
1.001	34.844	14.302
1.001	34.844	14.308
@
1.001	34.845	14.301
1.001	34.845	14.306
1.001	34.845	14.318
@
1.002	34.843	14.325
1.002	34.843	14.334
1.002	34.843	14.341
@
1.005	34.842	14.366
1.005	34.842	14.380
@
1.005	34.843	14.347
1.005	34.843	14.376
1.005	34.843	14.383
@
1.006	34.842	14.387
1.006	34.842	14.393
@
1.007	34.844	14.397
1.007	34.844	14.407
1.007	34.844	14.424
@
1.008	34.842	14.429
1.008	34.842	14.438
@
1.008	34.844	14.427
1.008	34.844	14.429
@
1.009	34.842	14.434
1.009	34.842	14.454
@
1.012	34.843	14.494
1.012	34.843	14.502
@
1.012	34.845	14.488
1.012	34.845	14.500
@
1.015	34.844	14.522
1.015	34.844	14.527
1.015	34.844	14.532
@
1.025	34.841	14.685
1.025	34.841	14.688
@
1.027	34.841	14.700
1.027	34.841	14.722
@
1.034	34.841	14.835
1.034	34.841	14.845
@
1.036	34.842	14.865
1.036	34.842	14.867
@
1.037	34.842	14.868
1.037	34.842	14.873
@
1.042	34.839	14.960
1.042	34.839	14.962
@
1.043	34.839	14.976
1.043	34.839	14.980
@
1.044	34.841	14.983
1.044	34.841	14.987
1.044	34.841	14.990
@
1.047	34.839	15.022
1.047	34.839	15.028
@
1.057	34.838	15.171
1.057	34.838	15.178
@
1.060	34.837	15.220
1.060	34.837	15.230
@
1.061	34.838	15.241
1.061	34.838	15.250
@
1.063	34.837	15.271
1.063	34.837	15.283
1.063	34.837	15.291
@
1.068	34.837	15.354
1.068	34.837	15.365
1.068	34.837	15.369
@
1.069	34.837	15.373
1.069	34.837	15.379
@
1.077	34.834	15.484
1.077	34.834	15.492
@
1.079	34.833	15.508
1.079	34.833	15.515
@
1.081	34.833	15.541
1.081	34.833	15.555
@
1.082	34.833	15.549
1.082	34.833	15.552
1.082	34.833	15.558
1.082	34.833	15.564
1.082	34.833	15.571
@
1.089	34.831	15.647
1.089	34.831	15.665
@
1.091	34.830	15.701
1.091	34.830	15.708
@
1.092	34.831	15.710
1.092	34.831	15.727
@
1.105	34.827	15.906
1.105	34.827	15.908
@
1.106	34.825	15.917
1.106	34.825	15.926
@
1.109	34.823	15.967
1.109	34.823	15.970
@
1.115	34.825	16.061
1.115	34.825	16.063
1.115	34.825	16.067
@
1.117	34.824	16.079
1.117	34.824	16.084
1.117	34.824	16.087
1.117	34.824	16.088
@
1.119	34.823	16.125
1.119	34.823	16.133
@
1.120	34.822	16.137
1.120	34.822	16.146
@
1.121	34.822	16.162
1.121	34.822	16.169
@
1.124	34.821	16.199
1.124	34.821	16.203
1.124	34.821	16.211
@
1.124	34.822	16.232
1.124	34.822	16.235
@
1.125	34.822	16.225
1.125	34.822	16.238
1.125	34.822	16.240
@
1.126	34.820	16.246
1.126	34.820	16.254
@
1.127	34.821	16.272
1.127	34.821	16.280
@
1.130	34.820	16.323
1.130	34.820	16.333
1.130	34.820	16.339
@
1.130	34.821	16.305
1.130	34.821	16.328
@
1.133	34.819	16.347
1.133	34.819	16.357
@
1.135	34.819	16.370
1.135	34.819	16.371
@
1.136	34.820	16.373
1.136	34.820	16.380
@
1.137	34.819	16.392
1.137	34.819	16.399
@
1.142	34.818	16.466
1.142	34.818	16.472
@
1.142	34.819	16.460
1.142	34.819	16.477
@
1.144	34.818	16.481
1.144	34.818	16.506
@
1.144	34.819	16.492
1.144	34.819	16.496
@
1.145	34.818	16.518
1.145	34.818	16.525
@
1.146	34.817	16.523
1.146	34.817	16.530
@
1.146	34.818	16.531
1.146	34.818	16.544
@
1.147	34.818	16.549
1.147	34.818	16.554
1.147	34.818	16.564
@
1.151	34.819	16.626
1.151	34.819	16.626
1.151	34.819	16.630
@
1.152	34.817	16.631
1.152	34.817	16.638
1.152	34.817	16.644
1.152	34.817	16.647
1.152	34.817	16.647
@
1.152	34.818	16.635
1.152	34.818	16.642
1.152	34.818	16.645
1.152	34.818	16.648
@
1.153	34.816	16.651
1.153	34.816	16.663
@
1.154	34.816	16.659
1.154	34.816	16.670
@
1.155	34.816	16.663
1.155	34.816	16.687
@
1.155	34.819	16.676
1.155	34.819	16.681
@
1.156	34.816	16.696
1.156	34.816	16.701
@
1.156	34.817	16.688
1.156	34.817	16.689
1.156	34.817	16.699
1.156	34.817	16.706
@
1.156	34.818	16.697
1.156	34.818	16.705
@
1.158	34.815	16.747
1.158	34.815	16.749
@
1.158	34.816	16.720
1.158	34.816	16.725
1.158	34.816	16.734
1.158	34.816	16.755
@
1.158	34.817	16.736
1.158	34.817	16.737
1.158	34.817	16.745
@
1.163	34.816	16.818
1.163	34.816	16.820
@
1.168	34.817	16.857
1.168	34.817	16.872
@
1.168	34.818	16.864
1.168	34.818	16.880
@
1.174	34.816	16.950
1.174	34.816	16.955
@
1.175	34.815	16.944
1.175	34.815	16.979
@
1.176	34.814	16.987
1.176	34.814	16.992
@
1.177	34.816	17.003
1.177	34.816	17.008
@
1.178	34.816	17.006
1.178	34.816	17.027
@
1.180	34.814	17.045
1.180	34.814	17.053
@
1.180	34.815	17.048
1.180	34.815	17.059
@
1.181	34.815	17.060
1.181	34.815	17.077
@
1.182	34.813	17.098
1.182	34.813	17.102
@
1.182	34.814	17.083
1.182	34.814	17.094
1.182	34.814	17.099
@
1.183	34.815	17.109
1.183	34.815	17.111
@
1.185	34.813	17.157
1.185	34.813	17.163
@
1.186	34.814	17.144
1.186	34.814	17.158
@
1.186	34.815	17.180
1.186	34.815	17.188
1.186	34.815	17.199
1.186	34.815	17.203
@
1.189	34.814	17.235
1.189	34.814	17.259
@
1.193	34.811	17.294
1.193	34.811	17.297
@
1.201	34.811	17.391
1.201	34.811	17.395
@
1.207	34.811	17.471
1.207	34.811	17.474
@
1.209	34.810	17.515
1.209	34.810	17.518
@
1.210	34.808	17.521
1.210	34.808	17.542
1.210	34.808	17.578
@
1.210	34.810	17.539
1.210	34.810	17.542
@
1.211	34.807	17.567
1.211	34.807	17.581
1.211	34.807	17.581
@
1.211	34.808	17.547
1.211	34.808	17.579
1.211	34.808	17.583
1.211	34.808	17.585
@
1.211	34.809	17.553
1.211	34.809	17.578
@
1.212	34.806	17.576
1.212	34.806	17.589
@
1.212	34.807	17.573
1.212	34.807	17.580
@
1.213	34.806	17.602
1.213	34.806	17.606
@
1.214	34.805	17.624
1.214	34.805	17.625
@
1.215	34.806	17.650
1.215	34.806	17.664
@
1.215	34.807	17.655
1.215	34.807	17.662
1.215	34.807	17.673
@
1.216	34.805	17.663
1.216	34.805	17.687
@
1.236	34.802	17.916
1.236	34.802	17.925
1.236	34.802	17.939
@
1.238	34.799	17.957
1.238	34.799	17.966
@
1.239	34.800	17.960
1.239	34.800	17.988
@
1.243	34.800	18.064
1.243	34.800	18.080
@
1.247	34.795	18.136
1.247	34.795	18.164
@
1.247	34.796	18.151
1.247	34.796	18.161
@
1.267	34.790	18.456
1.267	34.790	18.464
@
1.274	34.791	18.516
1.274	34.791	18.530
@
1.275	34.789	18.536
1.275	34.789	18.542
@
1.277	34.788	18.557
1.277	34.788	18.591
@
1.282	34.788	18.668
1.282	34.788	18.678
@
1.287	34.785	18.726
1.287	34.785	18.736
1.287	34.785	18.753
@
1.288	34.787	18.760
1.288	34.787	18.764
@
1.289	34.787	18.762
1.289	34.787	18.779
@
1.296	34.782	18.882
1.296	34.782	18.888
@
1.298	34.784	18.909
1.298	34.784	18.918
@
1.299	34.781	18.921
1.299	34.781	18.937
1.299	34.781	18.950
@
1.299	34.782	18.936
1.299	34.782	18.941
1.299	34.782	18.942
@
1.300	34.783	18.937
1.300	34.783	18.938
@
1.306	34.784	19.049
1.306	34.784	19.069
@
1.307	34.783	19.071
1.307	34.783	19.104
@
1.308	34.783	19.111
1.308	34.783	19.116
@
1.315	34.783	19.181
1.315	34.783	19.194
@
1.316	34.783	19.204
1.316	34.783	19.213
@
1.318	34.782	19.227
1.318	34.782	19.233
@
1.328	34.778	19.411
1.328	34.778	19.425
@
1.329	34.778	19.445
1.329	34.778	19.450
1.329	34.778	19.470
@
1.329	34.779	19.434
1.329	34.779	19.437
@
1.329	34.781	19.430
1.329	34.781	19.430
@
1.330	34.778	19.439
1.330	34.778	19.474
@
1.331	34.780	19.480
1.331	34.780	19.482
@
1.345	34.776	19.636
1.345	34.776	19.636
@
1.345	34.777	19.651
1.345	34.777	19.666
@
1.349	34.776	19.695
1.349	34.776	19.712
@
1.349	34.777	19.709
1.349	34.777	19.718
@
1.354	34.774	19.825
1.354	34.774	19.832
1.354	34.774	19.839
@
1.362	34.774	19.977
1.362	34.774	19.982
@
1.364	34.775	20.020
1.364	34.775	20.026
@
1.376	34.771	20.160
1.376	34.771	20.163
1.376	34.771	20.166
@
1.378	34.772	20.190
1.378	34.772	20.203
@
1.380	34.769	20.227
1.380	34.769	20.231
@
1.381	34.769	20.238
1.381	34.769	20.255
@
1.382	34.770	20.261
1.382	34.770	20.287
@
1.386	34.770	20.325
1.386	34.770	20.328
@
1.388	34.769	20.347
1.388	34.769	20.368
@
1.390	34.768	20.377
1.390	34.768	20.385
@
1.391	34.768	20.421
1.391	34.768	20.427
1.391	34.768	20.430
@
1.396	34.766	20.505
1.396	34.766	20.520
@
1.396	34.767	20.511
1.396	34.767	20.514
@
1.399	34.767	20.549
1.399	34.767	20.558
@
1.400	34.764	20.568
1.400	34.764	20.572
@
1.415	34.764	20.780
1.415	34.764	20.781
@
1.424	34.761	20.927
1.424	34.761	20.962
@
1.426	34.761	20.983
1.426	34.761	20.993
@
1.436	34.757	21.051
1.436	34.757	21.052
1.436	34.757	21.059
@
1.451	34.756	21.127
1.451	34.756	21.130
@
1.452	34.754	21.136
1.452	34.754	21.138
@
1.461	34.754	21.137
1.461	34.754	21.156
@
1.462	34.756	21.163
1.462	34.756	21.165
@
1.464	34.754	21.166
1.464	34.754	21.167
@
1.475	34.753	21.194
1.475	34.753	21.197
@
1.506	34.750	21.270
1.506	34.750	21.273
@
1.509	34.751	21.255
1.509	34.751	21.273
@
1.513	34.749	21.273
1.513	34.749	21.274
@
1.518	34.749	21.272
1.518	34.749	21.272
@
1.520	34.749	21.251
1.520	34.749	21.275
@
1.525	34.750	21.251
1.525	34.750	21.272
@
1.526	34.749	21.272
1.526	34.749	21.272
@
1.527	34.748	21.268
1.527	34.748	21.272
1.527	34.748	21.274
@
1.527	34.749	21.259
1.527	34.749	21.268
1.527	34.749	21.269
1.527	34.749	21.269
@
1.527	34.750	21.269
1.527	34.750	21.273
@
1.527	34.751	21.246
1.527	34.751	21.267
1.527	34.751	21.270
@
1.528	34.748	21.270
1.528	34.748	21.271
@
1.528	34.749	21.259
1.528	34.749	21.271
1.528	34.749	21.272
@
1.528	34.750	21.262
1.528	34.750	21.267
1.528	34.750	21.268
1.528	34.750	21.268
1.528	34.750	21.268
1.528	34.750	21.269
1.528	34.750	21.269
1.528	34.750	21.270
1.528	34.750	21.271
1.528	34.750	21.271
1.528	34.750	21.273
1.528	34.750	21.274
@
1.528	34.751	21.246
1.528	34.751	21.268
1.528	34.751	21.269
1.528	34.751	21.270
1.528	34.751	21.271
1.528	34.751	21.272
1.528	34.751	21.272
@
1.528	34.752	21.268
1.528	34.752	21.269
1.528	34.752	21.274
1.528	34.752	21.274
@
1.529	34.750	21.251
1.529	34.750	21.271
@
1.529	34.751	21.250
1.529	34.751	21.271
