0.342	39.788	5.682
0.342	39.788	5.683
@
0.342	39.789	5.681
0.342	39.789	5.682
0.342	39.789	5.682
0.342	39.789	5.682
0.342	39.789	5.682
0.342	39.789	5.682
0.342	39.789	5.682
0.342	39.789	5.683
@
0.342	39.790	5.682
0.342	39.790	5.682
0.342	39.790	5.682
0.342	39.790	5.682
0.342	39.790	5.682
0.342	39.790	5.682
0.342	39.790	5.683
@
0.342	39.791	5.682
0.342	39.791	5.682
0.342	39.791	5.682
0.342	39.791	5.683
@
0.342	39.792	5.681
0.342	39.792	5.682
0.342	39.792	5.682
0.342	39.792	5.682
0.342	39.792	5.682
0.342	39.792	5.682
0.342	39.792	5.682
@
0.356	39.793	5.682
0.356	39.793	5.682
@
0.362	39.792	5.682
0.362	39.792	5.682
0.362	39.792	5.683
@
0.365	39.791	5.682
0.365	39.791	5.683
@
0.366	39.793	5.682
0.366	39.793	5.682
@
0.379	39.794	5.682
0.379	39.794	5.682
0.379	39.794	5.682
0.379	39.794	5.683
@
0.381	39.795	5.688
0.381	39.795	5.688
@
0.385	39.795	5.702
0.385	39.795	5.704
@
0.386	39.795	5.704
0.386	39.795	5.708
@
0.392	39.797	5.721
0.392	39.797	5.723
0.392	39.797	5.723
@
0.396	39.796	5.731
0.396	39.796	5.733
@
0.401	39.797	5.747
0.401	39.797	5.747
@
0.402	39.797	5.748
0.402	39.797	5.750
@
0.407	39.798	5.762
0.407	39.798	5.762
@
0.411	39.799	5.771
0.411	39.799	5.772
@
0.412	39.798	5.774
0.412	39.798	5.777
@
0.412	39.800	5.774
0.412	39.800	5.774
0.412	39.800	5.778
@
0.413	39.800	5.780
0.413	39.800	5.781
0.413	39.800	5.781
@
0.415	39.801	5.786
0.415	39.801	5.786
@
0.417	39.801	5.792
0.417	39.801	5.794
@
0.419	39.801	5.798
0.419	39.801	5.798
@
0.421	39.801	5.800
0.421	39.801	5.801
0.421	39.801	5.801
0.421	39.801	5.801
0.421	39.801	5.802
@
0.421	39.802	5.801
0.421	39.802	5.801
@
0.424	39.804	5.811
0.424	39.804	5.811
@
0.426	39.803	5.814
0.426	39.803	5.814
0.426	39.803	5.816
@
0.426	39.804	5.815
0.426	39.804	5.815
@
0.426	39.805	5.816
0.426	39.805	5.818
@
0.429	39.804	5.824
0.429	39.804	5.826
@
0.429	39.806	5.825
0.429	39.806	5.825
0.429	39.806	5.827
@
0.430	39.807	5.829
0.430	39.807	5.830
@
0.434	39.809	5.845
0.434	39.809	5.847
@
0.435	39.808	5.848
0.435	39.808	5.851
@
0.436	39.809	5.853
0.436	39.809	5.858
@
0.436	39.812	5.855
0.436	39.812	5.855
@
0.436	39.813	5.856
0.436	39.813	5.858
@
0.439	39.812	5.865
0.439	39.812	5.866
@
0.441	39.814	5.880
0.441	39.814	5.881
@
0.441	39.816	5.877
0.441	39.816	5.880
@
0.442	39.817	5.884
0.442	39.817	5.884
@
0.444	39.816	5.896
0.444	39.816	5.898
@
0.445	39.819	5.903
0.445	39.819	5.908
@
0.452	39.822	5.957
0.452	39.822	5.959
@
0.453	39.825	5.969
0.453	39.825	5.969
0.453	39.825	5.969
@
0.456	39.825	5.997
0.456	39.825	6.006
@
0.458	39.829	6.039
0.458	39.829	6.042
@
0.460	39.827	6.079
0.460	39.827	6.085
@
0.462	39.830	6.104
0.462	39.830	6.104
@
0.471	39.835	6.248
0.471	39.835	6.250
@
0.473	39.840	6.296
0.473	39.840	6.307
@
0.474	39.840	6.313
0.474	39.840	6.327
@
0.484	39.844	6.458
0.484	39.844	6.463
@
0.485	39.846	6.470
0.485	39.846	6.470
@
0.485	39.848	6.470
0.485	39.848	6.470
@
0.485	39.849	6.470
0.485	39.849	6.470
@
0.486	39.846	6.481
0.486	39.846	6.493
@
0.488	39.849	6.511
0.488	39.849	6.525
@
0.490	39.852	6.538
0.490	39.852	6.553
@
0.494	39.852	6.616
0.494	39.852	6.621
@
0.495	39.852	6.637
0.495	39.852	6.641
@
0.501	39.855	6.731
0.501	39.855	6.735
@
0.501	39.856	6.731
0.501	39.856	6.733
0.501	39.856	6.738
@
0.508	39.860	6.857
0.508	39.860	6.860
0.508	39.860	6.860
@
0.511	39.859	6.891
0.511	39.859	6.894
@
0.522	39.864	7.051
0.522	39.864	7.055
0.522	39.864	7.056
@
0.524	39.867	7.080
0.524	39.867	7.094
@
0.529	39.870	7.162
0.529	39.870	7.169
@
0.531	39.871	7.203
0.531	39.871	7.214
@
0.538	39.874	7.319
0.538	39.874	7.323
@
0.545	39.875	7.405
0.545	39.875	7.411
@
0.545	39.877	7.405
0.545	39.877	7.407
@
0.553	39.875	7.532
0.553	39.875	7.533
@
0.555	39.878	7.568
0.555	39.878	7.574
@
0.555	39.880	7.559
0.555	39.880	7.564
@
0.558	39.879	7.613
0.558	39.879	7.617
0.558	39.879	7.617
0.558	39.879	7.619
0.558	39.879	7.626
@
0.558	39.881	7.621
0.558	39.881	7.621
@
0.558	39.882	7.617
0.558	39.882	7.617
@
0.574	39.885	7.867
0.574	39.885	7.868
0.574	39.885	7.868
@
0.574	39.886	7.864
0.574	39.886	7.867
0.574	39.886	7.868
@
0.578	39.885	7.928
0.578	39.885	7.932
@
0.588	39.889	8.081
0.588	39.889	8.081
0.588	39.889	8.088
@
0.589	39.889	8.105
0.589	39.889	8.118
@
0.591	39.889	8.141
0.591	39.889	8.149
@
0.604	39.889	8.321
0.604	39.889	8.325
@
0.606	39.890	8.353
0.606	39.890	8.353
@
0.606	39.891	8.350
0.606	39.891	8.352
0.606	39.891	8.352
0.606	39.891	8.353
0.606	39.891	8.356
@
0.606	39.893	8.351
0.606	39.893	8.352
0.606	39.893	8.353
0.606	39.893	8.360
@
0.606	39.894	8.352
0.606	39.894	8.353
@
0.607	39.892	8.362
0.607	39.892	8.362
@
0.607	39.893	8.362
0.607	39.893	8.382
@
0.607	39.895	8.363
0.607	39.895	8.363
0.607	39.895	8.363
@
0.609	39.895	8.404
0.609	39.895	8.409
@
0.613	39.897	8.467
0.613	39.897	8.473
@
0.619	39.897	8.557
0.619	39.897	8.576
@
0.619	39.899	8.556
0.619	39.899	8.559
0.619	39.899	8.573
@
0.620	39.898	8.570
0.620	39.898	8.586
@
0.626	39.900	8.692
0.626	39.900	8.699
@
0.627	39.902	8.704
0.627	39.902	8.705
0.627	39.902	8.705
@
0.635	39.901	8.814
0.635	39.901	8.814
@
0.635	39.902	8.814
0.635	39.902	8.815
0.635	39.902	8.816
@
0.636	39.901	8.829
0.636	39.901	8.838
@
0.636	39.902	8.826
0.636	39.902	8.843
@
0.644	39.900	8.948
0.644	39.900	8.949
@
0.645	39.903	8.963
0.645	39.903	8.965
@
0.648	39.903	9.016
0.648	39.903	9.017
0.648	39.903	9.033
@
0.649	39.903	9.021
0.649	39.903	9.024
@
0.649	39.904	9.027
0.649	39.904	9.031
0.649	39.904	9.033
0.649	39.904	9.043
0.649	39.904	9.054
@
0.649	39.905	9.026
0.649	39.905	9.030
@
0.650	39.903	9.062
0.650	39.903	9.070
@
0.651	39.905	9.082
0.651	39.905	9.088
@
0.652	39.905	9.094
0.652	39.905	9.102
@
0.654	39.905	9.144
0.654	39.905	9.148
0.654	39.905	9.150
@
0.658	39.904	9.188
0.658	39.904	9.192
@
0.658	39.905	9.191
0.658	39.905	9.192
@
0.658	39.906	9.189
0.658	39.906	9.191
0.658	39.906	9.192
@
0.659	39.904	9.197
0.659	39.904	9.216
@
0.664	39.904	9.276
0.664	39.904	9.284
@
0.666	39.905	9.302
0.666	39.905	9.310
@
0.672	39.906	9.401
0.672	39.906	9.417
@
0.673	39.905	9.422
0.673	39.905	9.424
@
0.676	39.906	9.457
0.676	39.906	9.474
@
0.683	39.906	9.575
0.683	39.906	9.581
@
0.684	39.905	9.589
0.684	39.905	9.591
0.684	39.905	9.595
0.684	39.905	9.595
@
0.684	39.906	9.584
0.684	39.906	9.585
0.684	39.906	9.591
0.684	39.906	9.592
0.684	39.906	9.595
@
0.684	39.907	9.591
0.684	39.907	9.593
0.684	39.907	9.593
@
0.687	39.907	9.634
0.687	39.907	9.644
@
0.688	39.906	9.652
0.688	39.906	9.656
@
0.688	39.907	9.646
0.688	39.907	9.658
@
0.689	39.906	9.656
0.689	39.906	9.668
@
0.689	39.907	9.660
0.689	39.907	9.661
@
0.690	39.906	9.680
0.690	39.906	9.683
0.690	39.906	9.684
@
0.690	39.907	9.683
0.690	39.907	9.688
@
0.690	39.908	9.684
0.690	39.908	9.685
@
0.693	39.907	9.719
0.693	39.907	9.724
@
0.694	39.904	9.733
0.694	39.904	9.736
@
0.694	39.907	9.730
0.694	39.907	9.740
@
0.697	39.907	9.766
0.697	39.907	9.778
@
0.698	39.906	9.784
0.698	39.906	9.788
@
0.699	39.905	9.799
0.699	39.905	9.802
@
0.700	39.905	9.817
0.700	39.905	9.818
@
0.701	39.905	9.821
0.701	39.905	9.829
@
0.701	39.906	9.828
0.701	39.906	9.835
@
0.702	39.906	9.840
0.702	39.906	9.850
0.702	39.906	9.851
@
0.703	39.906	9.861
0.703	39.906	9.866
0.703	39.906	9.869
0.703	39.906	9.873
@
0.704	39.904	9.883
0.704	39.904	9.886
@
0.704	39.905	9.880
0.704	39.905	9.882
0.704	39.905	9.887
0.704	39.905	9.888
@
0.704	39.906	9.875
0.704	39.906	9.882
0.704	39.906	9.883
@
0.707	39.904	9.947
0.707	39.904	9.955
0.707	39.904	9.960
@
0.707	39.905	9.940
0.707	39.905	9.948
0.707	39.905	9.949
0.707	39.905	9.949
0.707	39.905	9.953
@
0.707	39.906	9.945
0.707	39.906	9.951
@
0.709	39.905	9.987
0.709	39.905	9.991
@
0.710	39.905	10.010
0.710	39.905	9.999
@
0.713	39.906	10.037
0.713	39.906	10.046
@
0.714	39.904	10.048
0.714	39.904	10.060
@
0.714	39.905	10.052
0.714	39.905	10.056
0.714	39.905	10.059
0.714	39.905	10.060
0.714	39.905	10.062
@
0.714	39.906	10.059
0.714	39.906	10.059
0.714	39.906	10.065
@
0.716	39.905	10.095
0.716	39.905	10.096
0.716	39.905	10.097
@
0.720	39.904	10.143
0.720	39.904	10.144
@
0.721	39.906	10.143
0.721	39.906	10.143
@
0.721	39.907	10.143
0.721	39.907	10.145
0.721	39.907	10.149
@
0.723	39.907	10.181
0.723	39.907	10.182
@
0.730	39.908	10.291
0.730	39.908	10.301
@
0.730	39.909	10.293
0.730	39.909	10.302
@
0.732	39.909	10.329
0.732	39.909	10.336
@
0.737	39.911	10.408
0.737	39.911	10.415
@
0.740	39.910	10.456
0.740	39.910	10.465
@
0.747	39.912	10.567
0.747	39.912	10.567
0.747	39.912	10.569
@
0.747	39.914	10.562
0.747	39.914	10.567
0.747	39.914	10.568
@
0.748	39.914	10.571
0.748	39.914	10.585
@
0.752	39.914	10.626
0.752	39.914	10.650
@
0.755	39.917	10.687
0.755	39.917	10.688
@
0.760	39.916	10.767
0.760	39.916	10.767
@
0.760	39.917	10.757
0.760	39.917	10.765
@
0.763	39.916	10.815
0.763	39.916	10.815
@
0.763	39.918	10.812
0.763	39.918	10.820
@
0.769	39.919	10.933
0.769	39.919	10.934
0.769	39.919	10.935
@
0.773	39.922	10.991
0.773	39.922	10.995
@
0.773	39.923	10.987
0.773	39.923	10.987
@
0.774	39.923	11.002
0.774	39.923	11.013
@
0.775	39.921	11.020
0.775	39.921	11.028
@
0.777	39.922	11.050
0.777	39.922	11.060
@
0.777	39.924	11.056
0.777	39.924	11.065
@
0.790	39.926	11.242
0.790	39.926	11.243
@
0.793	39.929	11.291
0.793	39.929	11.300
@
0.794	39.929	11.305
0.794	39.929	11.307
@
0.795	39.929	11.326
0.795	39.929	11.328
@
0.796	39.930	11.331
0.796	39.930	11.353
@
0.796	39.932	11.344
0.796	39.932	11.353
@
0.801	39.937	11.426
0.801	39.937	11.438
@
0.801	39.938	11.416
0.801	39.938	11.434
@
0.802	39.940	11.439
0.802	39.940	11.440
@
0.804	39.941	11.454
0.804	39.941	11.464
0.804	39.941	11.478
@
0.806	39.945	11.512
0.806	39.945	11.514
@
0.819	39.947	11.706
0.819	39.947	11.718
@
0.820	39.949	11.739
0.820	39.949	11.740
@
0.829	39.952	11.865
0.829	39.952	11.872
@
0.837	39.954	11.974
0.837	39.954	11.979
@
0.838	39.955	11.983
0.838	39.955	11.987
@
0.839	39.955	11.992
0.839	39.955	11.995
0.839	39.955	11.995
0.839	39.955	11.996
@
0.839	39.956	11.993
0.839	39.956	11.993
@
0.839	39.958	11.987
0.839	39.958	11.990
0.839	39.958	11.994
0.839	39.958	11.998
0.839	39.958	11.999
0.839	39.958	12.001
@
0.839	39.960	11.998
0.839	39.960	12.000
@
0.841	39.961	12.029
0.841	39.961	12.036
0.841	39.961	12.038
@
0.842	39.961	12.049
0.842	39.961	12.052
@
0.842	39.962	12.048
0.842	39.962	12.048
0.842	39.962	12.059
@
0.846	39.964	12.118
0.846	39.964	12.128
@
0.848	39.964	12.156
0.848	39.964	12.159
@
0.851	39.966	12.189
0.851	39.966	12.189
0.851	39.966	12.190
@
0.854	39.968	12.241
0.854	39.968	12.244
0.854	39.968	12.244
0.854	39.968	12.244
0.854	39.968	12.244
0.854	39.968	12.244
@
0.854	39.970	12.232
0.854	39.970	12.250
0.854	39.970	12.256
@
0.854	39.971	12.243
0.854	39.971	12.248
@
0.855	39.972	12.260
0.855	39.972	12.262
0.855	39.972	12.268
@
0.855	39.976	12.271
0.855	39.976	12.276
@
0.855	39.977	12.266
0.855	39.977	12.275
@
0.855	39.978	12.274
0.855	39.978	12.279
@
0.856	39.975	12.274
0.856	39.975	12.280
@
0.856	39.976	12.275
0.856	39.976	12.276
@
0.857	39.980	12.292
0.857	39.980	12.305
@
0.861	39.983	12.380
0.861	39.983	12.390
@
0.865	39.984	12.423
0.865	39.984	12.427
0.865	39.984	12.429
@
0.868	39.988	12.476
0.868	39.988	12.476
@
0.881	39.993	12.684
0.881	39.993	12.689
@
0.881	39.995	12.675
0.881	39.995	12.683
@
0.882	39.997	12.695
0.882	39.997	12.711
0.882	39.997	12.722
@
0.886	40.002	12.779
0.886	40.002	12.781
@
0.891	40.002	12.844
0.891	40.002	12.851
@
0.893	40.002	12.870
0.893	40.002	12.874
@
0.894	40.003	12.878
0.894	40.003	12.887
@
0.894	40.006	12.884
0.894	40.006	12.887
@
0.899	40.008	12.965
0.899	40.008	12.981
@
0.901	40.009	12.996
0.901	40.009	13.006
0.901	40.009	13.017
@
0.906	40.011	13.063
0.906	40.011	13.069
@
0.907	40.011	13.101
0.907	40.011	13.104
@
0.908	40.012	13.110
0.908	40.012	13.110
@
0.908	40.013	13.110
0.908	40.013	13.111
@
0.909	40.014	13.111
0.909	40.014	13.118
0.909	40.014	13.120
0.909	40.014	13.120
@
0.909	40.016	13.121
0.909	40.016	13.123
0.909	40.016	13.126
0.909	40.016	13.135
@
0.909	40.017	13.123
0.909	40.017	13.139
@
0.910	40.018	13.142
0.910	40.018	13.144
0.910	40.018	13.146
@
0.910	40.019	13.140
0.910	40.019	13.148
@
0.910	40.020	13.134
0.910	40.020	13.145
@
0.911	40.020	13.151
0.911	40.020	13.157
0.911	40.020	13.159
0.911	40.020	13.162
0.911	40.020	13.166
@
0.911	40.021	13.168
0.911	40.021	13.168
0.911	40.021	13.168
@
0.911	40.022	13.158
0.911	40.022	13.169
0.911	40.022	13.169
0.911	40.022	13.171
0.911	40.022	13.174
@
0.911	40.023	13.164
0.911	40.023	13.174
@
0.911	40.024	13.162
0.911	40.024	13.169
@
0.911	40.025	13.167
0.911	40.025	13.171
0.911	40.025	13.174
0.911	40.025	13.175
0.911	40.025	13.177
@
0.913	40.027	13.200
0.913	40.027	13.208
@
0.915	40.027	13.222
0.915	40.027	13.232
@
0.916	40.027	13.237
0.916	40.027	13.244
@
0.923	40.031	13.337
0.923	40.031	13.348
@
0.926	40.034	13.383
0.926	40.034	13.392
0.926	40.034	13.395
@
0.927	40.034	13.388
0.927	40.034	13.405
@
0.928	40.033	13.416
0.928	40.033	13.425
@
0.930	40.034	13.440
0.930	40.034	13.452
@
0.930	40.039	13.450
0.930	40.039	13.461
@
0.931	40.036	13.458
0.931	40.036	13.460
0.931	40.036	13.460
0.931	40.036	13.461
0.931	40.036	13.461
@
0.931	40.037	13.450
0.931	40.037	13.455
0.931	40.037	13.461
0.931	40.037	13.461
@
0.931	40.038	13.460
0.931	40.038	13.460
0.931	40.038	13.462
@
0.931	40.039	13.461
0.931	40.039	13.461
0.931	40.039	13.461
0.931	40.039	13.461
@
0.932	40.039	13.479
0.932	40.039	13.491
@
0.936	40.041	13.544
0.936	40.041	13.559
@
0.937	40.044	13.562
0.937	40.044	13.565
@
0.940	40.042	13.609
0.940	40.042	13.611
@
0.941	40.044	13.623
0.941	40.044	13.632
0.941	40.044	13.637
0.941	40.044	13.637
0.941	40.044	13.645
@
0.944	40.047	13.684
0.944	40.047	13.688
@
0.946	40.047	13.706
0.946	40.047	13.717
0.946	40.047	13.724
@
0.954	40.048	13.838
0.954	40.048	13.856
@
0.965	40.050	14.012
0.965	40.050	14.017
@
0.972	40.052	14.123
0.972	40.052	14.125
0.972	40.052	14.132
@
0.974	40.052	14.153
0.974	40.052	14.157
@
0.974	40.053	14.159
0.974	40.053	14.164
@
0.990	40.055	14.417
0.990	40.055	14.427
@
0.998	40.058	14.518
0.998	40.058	14.538
@
0.999	40.057	14.543
0.999	40.057	14.551
@
1.000	40.058	14.558
1.000	40.058	14.563
@
1.002	40.060	14.598
1.002	40.060	14.602
1.002	40.060	14.613
@
1.008	40.060	14.689
1.008	40.060	14.697
@
1.010	40.062	14.720
1.010	40.062	14.730
1.010	40.062	14.731
1.010	40.062	14.731
@
1.010	40.063	14.722
1.010	40.063	14.728
1.010	40.063	14.732
1.010	40.063	14.732
1.010	40.063	14.732
@
1.011	40.064	14.725
1.011	40.064	14.734
@
1.013	40.066	14.762
1.013	40.066	14.766
1.013	40.066	14.769
1.013	40.066	14.771
@
1.014	40.065	14.778
1.014	40.065	14.781
1.014	40.065	14.781
@
1.020	40.072	14.866
1.020	40.072	14.869
@
1.032	40.073	15.076
1.032	40.073	15.077
1.032	40.073	15.077
1.032	40.073	15.078
1.032	40.073	15.082
@
1.044	40.078	15.248
1.044	40.078	15.271
1.044	40.078	15.283
@
1.065	40.087	15.613
1.065	40.087	15.613
@
1.099	40.095	16.135
1.099	40.095	16.138
@
1.100	40.096	16.151
1.100	40.096	16.159
@
1.115	40.099	16.354
1.115	40.099	16.376
@
1.118	40.102	16.418
1.118	40.102	16.430
@
1.118	40.103	16.410
1.118	40.103	16.410
@
1.120	40.105	16.449
1.120	40.105	16.455
@
1.129	40.104	16.583
1.129	40.104	16.584
@
1.130	40.107	16.590
1.130	40.107	16.605
@
1.134	40.108	16.655
1.134	40.108	16.666
@
1.140	40.110	16.756
1.140	40.110	16.763
@
1.148	40.113	16.867
1.148	40.113	16.870
@
1.148	40.115	16.863
1.148	40.115	16.865
@
1.149	40.113	16.879
1.149	40.113	16.882
@
1.149	40.115	16.880
1.149	40.115	16.896
1.149	40.115	16.897
@
1.149	40.116	16.883
1.149	40.116	16.888
1.149	40.116	16.896
@
1.153	40.115	16.956
1.153	40.115	16.977
@
1.162	40.122	17.085
1.162	40.122	17.094
@
1.165	40.119	17.134
1.165	40.119	17.139
@
1.165	40.120	17.141
1.165	40.120	17.145
@
1.166	40.121	17.154
1.166	40.121	17.169
1.166	40.121	17.174
@
1.172	40.124	17.255
1.172	40.124	17.258
@
1.173	40.124	17.271
1.173	40.124	17.273
@
1.177	40.127	17.343
1.177	40.127	17.348
@
1.180	40.130	17.381
1.180	40.130	17.388
1.180	40.130	17.392
@
1.189	40.132	17.534
1.189	40.132	17.542
@
1.192	40.136	17.538
1.192	40.136	17.554
@
1.201	40.143	17.717
1.201	40.143	17.724
@
1.203	40.143	17.749
1.203	40.143	17.761
@
1.204	40.145	17.755
1.204	40.145	17.773
@
1.206	40.145	17.784
1.206	40.145	17.799
@
1.210	40.151	17.868
1.210	40.151	17.873
@
1.218	40.158	17.987
1.218	40.158	17.990
1.218	40.158	17.994
@
1.228	40.163	18.154
1.228	40.163	18.162
@
1.232	40.165	18.209
1.232	40.165	18.211
@
1.239	40.173	18.323
1.239	40.173	18.329
@
1.240	40.172	18.345
1.240	40.172	18.357
@
1.258	40.183	18.622
1.258	40.183	18.640
@
1.270	40.194	18.826
1.270	40.194	18.829
@
1.274	40.199	18.888
1.274	40.199	18.892
@
1.275	40.201	18.905
1.275	40.201	18.915
@
1.277	40.204	18.922
1.277	40.204	18.930
@
1.278	40.206	18.942
1.278	40.206	18.945
1.278	40.206	18.945
@
1.279	40.209	18.945
1.279	40.209	18.949
@
1.280	40.211	18.972
1.280	40.211	18.980
@
1.282	40.213	19.007
1.282	40.213	19.022
@
1.285	40.213	19.052
1.285	40.213	19.060
@
1.286	40.216	19.061
1.286	40.216	19.080
@
1.287	40.216	19.082
1.287	40.216	19.084
1.287	40.216	19.090
@
1.287	40.217	19.089
1.287	40.217	19.090
@
1.288	40.218	19.110
1.288	40.218	19.118
@
1.298	40.221	19.265
1.298	40.221	19.277
@
1.303	40.227	19.348
1.303	40.227	19.355
@
1.306	40.228	19.391
1.306	40.228	19.396
@
1.306	40.229	19.383
1.306	40.229	19.409
@
1.308	40.230	19.414
1.308	40.230	19.421
@
1.309	40.231	19.436
1.309	40.231	19.446
@
1.312	40.235	19.484
1.312	40.235	19.508
@
1.315	40.238	19.551
1.315	40.238	19.559
@
1.318	40.240	19.584
1.318	40.240	19.591
@
1.322	40.245	19.641
1.322	40.245	19.652
@
1.325	40.245	19.692
1.325	40.245	19.708
@
1.335	40.256	19.861
1.335	40.256	19.873
@
1.344	40.265	20.001
1.344	40.265	20.006
@
1.345	40.266	20.028
1.345	40.266	20.032
@
1.354	40.271	20.174
1.354	40.271	20.181
@
1.355	40.272	20.185
1.355	40.272	20.190
1.355	40.272	20.208
@
1.362	40.276	20.302
1.362	40.276	20.318
@
1.371	40.284	20.445
1.371	40.284	20.446
@
1.373	40.286	20.480
1.373	40.286	20.483
@
1.373	40.291	20.473
1.373	40.291	20.495
@
1.374	40.291	20.497
1.374	40.291	20.503
@
1.377	40.295	20.540
1.377	40.295	20.555
1.377	40.295	20.558
@
1.378	40.299	20.565
1.378	40.299	20.570
@
1.380	40.300	20.588
1.380	40.300	20.601
@
1.390	40.314	20.749
1.390	40.314	20.761
@
1.400	40.322	20.917
1.400	40.322	20.930
@
1.401	40.324	20.938
1.401	40.324	20.953
@
1.403	40.324	20.971
1.403	40.324	20.981
@
1.406	40.327	21.004
1.406	40.327	21.008
1.406	40.327	21.011
@
1.406	40.329	21.010
1.406	40.329	21.012
@
1.408	40.331	21.019
1.408	40.331	21.022
@
1.409	40.333	21.020
1.409	40.333	21.030
@
1.410	40.336	21.037
1.410	40.336	21.041
1.410	40.336	21.044
@
1.415	40.343	21.051
1.415	40.343	21.069
@
1.420	40.348	21.092
1.420	40.348	21.094
@
1.423	40.359	21.108
1.423	40.359	21.110
@
1.424	40.356	21.108
1.424	40.356	21.109
@
1.424	40.357	21.107
1.424	40.357	21.108
@
1.424	40.359	21.086
1.424	40.359	21.112
@
1.425	40.363	21.119
1.425	40.363	21.120
@
1.426	40.362	21.109
1.426	40.362	21.120
@
1.426	40.364	21.121
1.426	40.364	21.122
@
1.431	40.369	21.144
1.431	40.369	21.145
@
1.438	40.373	21.160
1.438	40.373	21.163
@
1.438	40.375	21.163
1.438	40.375	21.164
1.438	40.375	21.166
@
1.439	40.376	21.144
1.439	40.376	21.166
1.439	40.376	21.168
@
1.440	40.377	21.169
1.440	40.377	21.170
1.440	40.377	21.175
@
1.443	40.377	21.179
1.443	40.377	21.179
@
1.443	40.380	21.180
1.443	40.380	21.180
@
1.444	40.380	21.180
1.444	40.380	21.185
@
1.445	40.382	21.182
1.445	40.382	21.187
@
1.445	40.383	21.164
1.445	40.383	21.187
@
1.446	40.385	21.170
1.446	40.385	21.187
@
1.446	40.386	21.175
1.446	40.386	21.189
@
1.447	40.387	21.191
1.447	40.387	21.192
@
1.453	40.394	21.208
1.453	40.394	21.209
@
1.453	40.395	21.206
1.453	40.395	21.208
@
1.458	40.400	21.218
1.458	40.400	21.221
@
1.461	40.404	21.208
1.461	40.404	21.229
1.461	40.404	21.229
@
1.462	40.409	21.230
1.462	40.409	21.235
@
1.463	40.408	21.232
1.463	40.408	21.235
@
1.463	40.411	21.237
1.463	40.411	21.238
@
1.464	40.410	21.220
1.464	40.410	21.239
1.464	40.410	21.239
@
1.465	40.413	21.241
1.465	40.413	21.241
@
1.467	40.418	21.249
1.467	40.418	21.252
@
1.468	40.418	21.232
1.468	40.418	21.252
@
1.472	40.424	21.265
1.472	40.424	21.266
@
1.472	40.425	21.266
1.472	40.425	21.268
1.472	40.425	21.269
@
1.472	40.426	21.246
1.472	40.426	21.256
1.472	40.426	21.266
@
1.473	40.427	21.265
1.473	40.427	21.267
@
1.474	40.425	21.269
1.474	40.425	21.269
@
1.474	40.427	21.268
1.474	40.427	21.268
@
1.474	40.428	21.245
1.474	40.428	21.272
@
1.475	40.427	21.270
1.475	40.427	21.277
@
1.476	40.427	21.274
1.476	40.427	21.274
@
1.476	40.429	21.251
1.476	40.429	21.269
1.476	40.429	21.275
1.476	40.429	21.275
@
1.477	40.430	21.276
1.477	40.430	21.280
@
1.478	40.430	21.253
1.478	40.430	21.274
1.478	40.430	21.275
1.478	40.430	21.275
1.478	40.430	21.276
@
1.478	40.431	21.274
1.478	40.431	21.277
@
1.480	40.431	21.275
1.480	40.431	21.276
@
1.481	40.431	21.275
1.481	40.431	21.275
@
1.481	40.432	21.276
1.481	40.432	21.277
@
1.482	40.431	21.275
1.482	40.431	21.277
@
1.488	40.431	21.276
1.488	40.431	21.277
@
1.493	40.431	21.276
1.493	40.431	21.276
@
1.496	40.431	21.253
1.496	40.431	21.276
@
1.497	40.428	21.277
1.497	40.428	21.277
1.497	40.428	21.278
@
1.497	40.429	21.270
1.497	40.429	21.276
1.497	40.429	21.276
1.497	40.429	21.277
1.497	40.429	21.277
@
1.497	40.430	21.252
1.497	40.430	21.276
1.497	40.430	21.277
1.497	40.430	21.277
1.497	40.430	21.281
@
1.499	40.426	21.276
1.499	40.426	21.277
@
1.500	40.424	21.275
1.500	40.424	21.276
1.500	40.424	21.276
@
1.502	40.358	21.270
1.502	40.358	21.277
@
1.502	40.382	21.257
1.502	40.382	21.260
@
1.502	40.385	21.275
1.502	40.385	21.277
@
1.502	40.391	21.272
1.502	40.391	21.275
@
1.502	40.396	21.273
1.502	40.396	21.275
@
1.502	40.405	21.274
1.502	40.405	21.274
@
1.502	40.406	21.252
1.502	40.406	21.274
@
1.502	40.408	21.273
1.502	40.408	21.274
@
1.502	40.415	21.251
1.502	40.415	21.275
1.502	40.415	21.277
@
1.502	40.417	21.269
1.502	40.417	21.275
1.502	40.417	21.276
@
1.502	40.418	21.273
1.502	40.418	21.277
@
1.502	40.420	21.274
1.502	40.420	21.275
1.502	40.420	21.275
@
1.502	40.423	21.273
1.502	40.423	21.275
@
1.503	40.025	21.275
1.503	40.025	21.275
@
1.503	40.112	21.254
1.503	40.112	21.265
@
1.503	40.119	21.275
1.503	40.119	21.276
@
1.503	40.237	21.261
1.503	40.237	21.277
@
1.503	40.244	21.275
1.503	40.244	21.277
@
1.503	40.279	21.275
1.503	40.279	21.275
@
1.503	40.312	21.275
1.503	40.312	21.275
@
1.503	40.319	21.275
1.503	40.319	21.275
@
1.503	40.325	21.275
1.503	40.325	21.276
@
1.503	40.369	21.275
1.503	40.369	21.276
@
1.503	40.371	21.275
1.503	40.371	21.276
@
1.503	40.375	21.272
1.503	40.375	21.276
@
1.503	40.395	21.276
1.503	40.395	21.277
