5.682	40.008	0.375
5.682	40.008	0.375
5.682	40.008	0.376
@
5.682	40.014	0.377
5.682	40.014	0.379
5.682	40.014	0.380
@
5.688	40.021	0.383
5.688	40.021	0.383
@
5.689	40.022	0.383
5.689	40.022	0.383
@
5.693	40.025	0.384
5.693	40.025	0.384
@
5.701	40.029	0.386
5.701	40.029	0.386
5.701	40.029	0.387
@
5.723	40.029	0.394
5.723	40.029	0.394
@
5.737	40.023	0.400
5.737	40.023	0.400
@
5.752	40.019	0.406
5.752	40.019	0.406
@
5.762	40.018	0.409
5.762	40.018	0.409
@
5.770	40.019	0.411
5.770	40.019	0.411
@
5.799	40.087	0.422
5.799	40.087	0.422
@
5.982	40.476	0.456
5.982	40.476	0.456
@
7.178	40.720	0.532
7.178	40.720	0.532
7.178	40.720	0.532
@
7.385	40.743	0.545
7.385	40.743	0.545
@
7.446	40.745	0.549
7.446	40.745	0.549
@
7.458	40.747	0.549
7.458	40.747	0.550
@
7.593	40.748	0.559
7.593	40.748	0.559
7.593	40.748	0.559
@
9.279	40.760	0.666
9.279	40.760	0.666
@
10.168	40.752	0.722
10.168	40.752	0.723
@
10.386	40.751	0.737
10.386	40.751	0.738
@
10.893	40.743	0.768
10.893	40.743	0.768
@
11.010	40.740	0.775
11.010	40.740	0.775
11.010	40.740	0.775
11.010	40.740	0.775
@
11.011	40.739	0.775
11.011	40.739	0.775
@
12.927	40.702	0.897
12.927	40.702	0.897
@
13.386	40.689	0.925
13.386	40.689	0.926
13.386	40.689	0.926
@
13.415	40.689	0.927
13.415	40.689	0.927
@
13.481	40.686	0.932
13.481	40.686	0.932
@
13.604	40.680	0.939
13.604	40.680	0.939
13.604	40.680	0.939
@
14.611	40.653	1.002
14.611	40.653	1.003
@
15.051	40.645	1.028
15.051	40.645	1.029
@
15.093	40.641	1.032
15.093	40.641	1.032
@
15.320	40.638	1.046
15.320	40.638	1.046
15.320	40.638	1.046
@
15.321	40.639	1.045
15.321	40.639	1.045
@
15.551	40.628	1.060
15.551	40.628	1.061
@
15.552	40.630	1.060
15.552	40.630	1.060
@
16.787	40.590	1.138
16.787	40.590	1.139
@
16.852	40.591	1.144
16.852	40.591	1.144
@
17.600	40.571	1.190
17.600	40.571	1.190
@
17.953	40.559	1.214
17.953	40.559	1.214
@
18.275	40.553	1.234
18.275	40.553	1.235
@
18.625	40.545	1.252
18.625	40.545	1.253
@
18.895	40.536	1.270
18.895	40.536	1.270
@
18.895	40.537	1.270
18.895	40.537	1.270
18.895	40.537	1.270
18.895	40.537	1.270
@
18.896	40.534	1.270
18.896	40.534	1.270
@
18.896	40.535	1.270
18.896	40.535	1.270
@
19.237	40.526	1.293
19.237	40.526	1.295
@
19.434	40.520	1.303
19.434	40.520	1.303
@
20.161	40.505	1.349
20.161	40.505	1.349
@
21.089	40.580	1.413
21.089	40.580	1.413
@
21.118	40.563	1.420
21.118	40.563	1.420
@
21.118	40.564	1.419
21.118	40.564	1.420
@
21.139	40.549	1.420
21.139	40.549	1.421
@
21.268	40.301	1.496
21.268	40.301	1.496
@
21.268	40.325	1.497
21.268	40.325	1.497
@
21.269	40.320	1.497
21.269	40.320	1.497
@
21.270	40.315	1.496
21.270	40.315	1.497
@
21.270	40.330	1.496
21.270	40.330	1.497
@
21.270	40.361	1.493
21.270	40.361	1.494
@
21.270	40.366	1.491
21.270	40.366	1.493
@
21.272	40.357	1.493
21.272	40.357	1.496
@
21.274	40.350	1.495
21.274	40.350	1.496
