0.375	40.000	5.682
0.375	40.000	5.683
@
0.375	40.008	5.682
0.375	40.008	5.682
0.375	40.008	5.683
@
0.382	40.021	5.684
0.382	40.021	5.687
@
0.383	40.021	5.688
0.383	40.021	5.688
@
0.383	40.022	5.689
0.383	40.022	5.689
@
0.383	40.025	5.689
0.383	40.025	5.690
@
0.384	40.025	5.693
0.384	40.025	5.693
@
0.385	40.026	5.694
0.385	40.026	5.695
@
0.385	40.028	5.697
0.385	40.028	5.699
@
0.386	40.029	5.701
0.386	40.029	5.701
@
0.394	40.029	5.723
0.394	40.029	5.723
@
0.400	40.023	5.737
0.400	40.023	5.737
@
0.402	40.019	5.746
0.402	40.019	5.747
@
0.406	40.018	5.752
0.406	40.018	5.753
@
0.406	40.019	5.752
0.406	40.019	5.752
@
0.408	40.019	5.758
0.408	40.019	5.762
@
0.409	40.018	5.762
0.409	40.018	5.762
0.409	40.018	5.764
@
0.411	40.019	5.769
0.411	40.019	5.770
0.411	40.019	5.770
@
0.411	40.021	5.767
0.411	40.021	5.768
@
0.412	40.022	5.770
0.412	40.022	5.773
@
0.414	40.030	5.774
0.414	40.030	5.776
0.414	40.030	5.779
@
0.418	40.057	5.788
0.418	40.057	5.789
@
0.422	40.087	5.799
0.422	40.087	5.799
@
0.424	40.121	5.805
0.424	40.121	5.806
@
0.437	40.319	5.851
0.437	40.319	5.853
@
0.449	40.428	5.911
0.449	40.428	5.915
@
0.454	40.455	5.954
0.454	40.455	5.957
@
0.456	40.476	5.982
0.456	40.476	5.982
@
0.468	40.518	6.174
0.468	40.518	6.177
@
0.471	40.532	6.219
0.471	40.532	6.221
@
0.471	40.534	6.223
0.471	40.534	6.224
@
0.471	40.541	6.225
0.471	40.541	6.226
@
0.477	40.558	6.309
0.477	40.558	6.323
@
0.479	40.567	6.348
0.479	40.567	6.357
@
0.487	40.586	6.468
0.487	40.586	6.477
0.487	40.586	6.481
@
0.491	40.597	6.533
0.491	40.597	6.538
@
0.496	40.612	6.604
0.496	40.612	6.610
@
0.497	40.617	6.621
0.497	40.617	6.625
0.497	40.617	6.630
0.497	40.617	6.637
@
0.498	40.628	6.647
0.498	40.628	6.649
@
0.503	40.640	6.718
0.503	40.640	6.726
@
0.512	40.656	6.859
0.512	40.656	6.871
@
0.515	40.665	6.912
0.515	40.665	6.921
@
0.515	40.667	6.915
0.515	40.667	6.917
@
0.518	40.676	6.965
0.518	40.676	6.970
@
0.519	40.684	6.996
0.519	40.684	7.001
@
0.520	40.685	7.006
0.520	40.685	7.007
@
0.520	40.688	7.007
0.520	40.688	7.015
@
0.521	40.693	7.020
0.521	40.693	7.021
@
0.522	40.693	7.025
0.522	40.693	7.030
@
0.523	40.697	7.043
0.523	40.697	7.049
@
0.525	40.700	7.063
0.525	40.700	7.068
0.525	40.700	7.070
0.525	40.700	7.073
@
0.525	40.701	7.071
0.525	40.701	7.075
0.525	40.701	7.078
@
0.526	40.703	7.081
0.526	40.703	7.095
@
0.527	40.706	7.102
0.527	40.706	7.106
0.527	40.706	7.111
@
0.527	40.708	7.111
0.527	40.708	7.115
@
0.528	40.713	7.125
0.528	40.713	7.131
@
0.529	40.715	7.136
0.529	40.715	7.141
@
0.530	40.714	7.150
0.530	40.714	7.153
@
0.532	40.720	7.178
0.532	40.720	7.178
0.532	40.720	7.178
0.532	40.720	7.186
@
0.532	40.724	7.178
0.532	40.724	7.181
@
0.537	40.731	7.260
0.537	40.731	7.263
@
0.538	40.730	7.275
0.538	40.730	7.280
@
0.541	40.736	7.318
0.541	40.736	7.322
@
0.541	40.737	7.320
0.541	40.737	7.324
@
0.541	40.738	7.324
0.541	40.738	7.325
@
0.541	40.739	7.322
0.541	40.739	7.328
@
0.542	40.739	7.340
0.542	40.739	7.343
@
0.542	40.740	7.333
0.542	40.740	7.338
@
0.545	40.743	7.385
0.545	40.743	7.385
@
0.546	40.742	7.389
0.546	40.742	7.401
@
0.546	40.743	7.393
0.546	40.743	7.394
0.546	40.743	7.397
0.546	40.743	7.405
@
0.546	40.744	7.392
0.546	40.744	7.410
@
0.549	40.745	7.446
0.549	40.745	7.446
0.549	40.745	7.458
@
0.549	40.746	7.445
0.549	40.746	7.454
@
0.550	40.747	7.458
0.550	40.747	7.471
@
0.554	40.746	7.520
0.554	40.746	7.530
@
0.559	40.748	7.593
0.559	40.748	7.593
0.559	40.748	7.593
0.559	40.748	7.597
0.559	40.748	7.605
@
0.562	40.749	7.653
0.562	40.749	7.654
@
0.568	40.751	7.734
0.568	40.751	7.739
@
0.568	40.752	7.729
0.568	40.752	7.731
@
0.574	40.754	7.830
0.574	40.754	7.837
@
0.574	40.757	7.818
0.574	40.757	7.837
@
0.576	40.755	7.857
0.576	40.755	7.864
@
0.577	40.757	7.880
0.577	40.757	7.882
0.577	40.757	7.885
0.577	40.757	7.886
@
0.577	40.759	7.897
0.577	40.759	7.901
@
0.578	40.758	7.915
0.578	40.758	7.919
@
0.579	40.758	7.921
0.579	40.758	7.922
0.579	40.758	7.925
@
0.583	40.759	7.966
0.583	40.759	7.972
@
0.590	40.762	8.069
0.590	40.762	8.080
@
0.591	40.761	8.076
0.591	40.761	8.094
@
0.593	40.761	8.126
0.593	40.761	8.130
@
0.593	40.764	8.130
0.593	40.764	8.134
@
0.606	40.763	8.312
0.606	40.763	8.316
@
0.615	40.764	8.458
0.615	40.764	8.459
@
0.616	40.764	8.466
0.616	40.764	8.467
@
0.620	40.763	8.534
0.620	40.763	8.542
0.620	40.763	8.545
@
0.620	40.765	8.549
0.620	40.765	8.553
@
0.621	40.766	8.554
0.621	40.766	8.567
@
0.622	40.767	8.573
0.622	40.767	8.582
@
0.625	40.766	8.620
0.625	40.766	8.630
@
0.626	40.766	8.641
0.626	40.766	8.646
@
0.632	40.766	8.728
0.632	40.766	8.731
@
0.633	40.765	8.750
0.633	40.765	8.771
@
0.649	40.765	9.011
0.649	40.765	9.018
@
0.665	40.764	9.252
0.665	40.764	9.260
@
0.666	40.760	9.279
0.666	40.760	9.279
0.666	40.760	9.284
0.666	40.760	9.287
@
0.676	40.759	9.434
0.676	40.759	9.448
@
0.676	40.761	9.436
0.676	40.761	9.440
@
0.677	40.759	9.459
0.677	40.759	9.469
@
0.680	40.759	9.509
0.680	40.759	9.521
@
0.681	40.758	9.532
0.681	40.758	9.534
@
0.686	40.758	9.572
0.686	40.758	9.580
@
0.688	40.758	9.607
0.688	40.758	9.618
@
0.689	40.758	9.631
0.689	40.758	9.636
@
0.691	40.759	9.649
0.691	40.759	9.656
@
0.693	40.756	9.683
0.693	40.756	9.702
@
0.701	40.755	9.815
0.701	40.755	9.827
@
0.704	40.756	9.874
0.704	40.756	9.880
@
0.723	40.753	10.167
0.723	40.753	10.172
@
0.724	40.753	10.182
0.724	40.753	10.191
@
0.725	40.752	10.199
0.725	40.752	10.209
@
0.725	40.754	10.198
0.725	40.754	10.204
@
0.726	40.753	10.214
0.726	40.753	10.217
@
0.736	40.750	10.368
0.736	40.750	10.376
@
0.737	40.751	10.386
0.737	40.751	10.388
@
0.739	40.752	10.417
0.739	40.752	10.425
@
0.744	40.749	10.487
0.744	40.749	10.502
0.744	40.749	10.510
@
0.748	40.747	10.561
0.748	40.747	10.570
@
0.756	40.745	10.693
0.756	40.745	10.702
@
0.767	40.743	10.865
0.767	40.743	10.879
@
0.768	40.741	10.889
0.768	40.741	10.895
@
0.768	40.742	10.893
0.768	40.742	10.902
@
0.768	40.743	10.888
0.768	40.743	10.889
0.768	40.743	10.893
0.768	40.743	10.893
0.768	40.743	10.897
0.768	40.743	10.901
@
0.768	40.744	10.881
0.768	40.744	10.883
0.768	40.744	10.886
0.768	40.744	10.889
@
0.775	40.739	11.011
0.775	40.739	11.011
0.775	40.739	11.023
@
0.775	40.740	10.992
0.775	40.740	11.010
0.775	40.740	11.010
0.775	40.740	11.010
0.775	40.740	11.010
@
0.775	40.741	10.987
0.775	40.741	10.994
0.775	40.741	11.008
0.775	40.741	11.009
@
0.775	40.742	11.008
0.775	40.742	11.009
@
0.779	40.736	11.082
0.779	40.736	11.083
@
0.787	40.735	11.182
0.787	40.735	11.188
0.787	40.735	11.199
@
0.790	40.734	11.232
0.790	40.734	11.242
@
0.801	40.729	11.395
0.801	40.729	11.407
0.801	40.729	11.412
@
0.802	40.731	11.426
0.802	40.731	11.438
@
0.804	40.730	11.451
0.804	40.730	11.461
@
0.807	40.726	11.511
0.807	40.726	11.517
@
0.818	40.723	11.668
0.818	40.723	11.673
@
0.832	40.721	11.873
0.832	40.721	11.881
@
0.845	40.716	12.104
0.845	40.716	12.112
@
0.850	40.712	12.162
0.850	40.712	12.181
@
0.871	40.707	12.518
0.871	40.707	12.523
@
0.872	40.708	12.516
0.872	40.708	12.526
@
0.873	40.707	12.538
0.873	40.707	12.554
@
0.875	40.706	12.567
0.875	40.706	12.573
0.875	40.706	12.576
@
0.882	40.703	12.671
0.882	40.703	12.690
@
0.884	40.703	12.711
0.884	40.703	12.726
@
0.887	40.703	12.757
0.887	40.703	12.765
@
0.888	40.703	12.791
0.888	40.703	12.801
@
0.897	40.699	12.927
0.897	40.699	12.930
0.897	40.699	12.938
@
0.897	40.702	12.927
0.897	40.702	12.927
@
0.899	40.698	12.963
0.899	40.698	12.968
0.899	40.698	12.973
@
0.899	40.699	12.963
0.899	40.699	12.975
@
0.900	40.698	12.988
0.900	40.698	12.993
@
0.901	40.695	12.994
0.901	40.695	12.999
0.901	40.695	13.000
@
0.901	40.696	12.992
0.901	40.696	12.999
@
0.916	40.693	13.212
0.916	40.693	13.217
@
0.917	40.693	13.232
0.917	40.693	13.237
@
0.918	40.691	13.258
0.918	40.691	13.259
0.918	40.691	13.260
@
0.918	40.692	13.251
0.918	40.692	13.257
@
0.926	40.689	13.386
0.926	40.689	13.386
0.926	40.689	13.389
0.926	40.689	13.395
@
0.926	40.690	13.374
0.926	40.690	13.386
0.926	40.690	13.391
@
0.927	40.688	13.413
0.927	40.688	13.416
@
0.927	40.689	13.403
0.927	40.689	13.414
0.927	40.689	13.415
0.927	40.689	13.415
@
0.929	40.687	13.437
0.929	40.687	13.441
@
0.930	40.685	13.453
0.930	40.685	13.458
0.930	40.685	13.459
@
0.931	40.688	13.456
0.931	40.688	13.470
@
0.932	40.682	13.476
0.932	40.682	13.481
0.932	40.682	13.491
0.932	40.682	13.501
@
0.932	40.683	13.493
0.932	40.683	13.494
0.932	40.683	13.500
@
0.932	40.684	13.482
0.932	40.684	13.485
0.932	40.684	13.491
@
0.932	40.686	13.479
0.932	40.686	13.481
0.932	40.686	13.481
0.932	40.686	13.488
0.932	40.686	13.489
0.932	40.686	13.490
@
0.936	40.683	13.540
0.936	40.683	13.551
0.936	40.683	13.562
@
0.939	40.679	13.602
0.939	40.679	13.610
@
0.939	40.680	13.599
0.939	40.680	13.604
0.939	40.680	13.604
0.939	40.680	13.604
@
0.943	40.676	13.643
0.943	40.676	13.672
@
0.943	40.678	13.654
0.943	40.678	13.665
@
0.945	40.675	13.684
0.945	40.675	13.690
@
0.945	40.681	13.690
0.945	40.681	13.692
@
0.947	40.677	13.716
0.947	40.677	13.727
@
0.955	40.672	13.862
0.955	40.672	13.863
@
0.956	40.671	13.869
0.956	40.671	13.881
@
0.957	40.670	13.882
0.957	40.670	13.901
@
0.958	40.672	13.911
0.958	40.672	13.915
@
0.960	40.668	13.937
0.960	40.668	13.952
@
0.960	40.669	13.941
0.960	40.669	13.943
@
0.963	40.669	13.987
0.963	40.669	13.994
@
0.971	40.663	14.109
0.971	40.663	14.110
@
0.972	40.665	14.124
0.972	40.665	14.138
@
0.977	40.662	14.185
0.977	40.662	14.191
@
0.977	40.664	14.201
0.977	40.664	14.203
@
0.979	40.662	14.232
0.979	40.662	14.253
@
0.981	40.662	14.268
0.981	40.662	14.294
@
0.982	40.658	14.296
0.982	40.658	14.307
@
0.985	40.659	14.351
0.985	40.659	14.354
0.985	40.659	14.356
@
0.985	40.660	14.345
0.985	40.660	14.355
@
0.986	40.656	14.380
0.986	40.656	14.385
@
0.986	40.658	14.376
0.986	40.658	14.379
@
0.988	40.658	14.397
0.988	40.658	14.406
0.988	40.658	14.417
@
0.993	40.654	14.493
0.993	40.654	14.496
@
0.993	40.657	14.475
0.993	40.657	14.488
@
0.998	40.654	14.559
0.998	40.654	14.568
@
1.000	40.652	14.587
1.000	40.652	14.597
@
1.003	40.653	14.611
1.003	40.653	14.632
@
1.010	40.650	14.719
1.010	40.650	14.725
1.010	40.650	14.730
1.010	40.650	14.741
@
1.017	40.649	14.847
1.017	40.649	14.849
1.017	40.649	14.868
@
1.017	40.650	14.852
1.017	40.650	14.855
1.017	40.650	14.863
@
1.018	40.648	14.868
1.018	40.648	14.874
1.018	40.648	14.880
@
1.019	40.648	14.882
1.019	40.648	14.891
@
1.021	40.649	14.928
1.021	40.649	14.938
1.021	40.649	14.941
@
1.022	40.649	14.943
1.022	40.649	14.950
@
1.025	40.645	14.980
1.025	40.645	14.994
@
1.026	40.642	15.015
1.026	40.642	15.025
@
1.028	40.643	15.040
1.028	40.643	15.045
@
1.029	40.643	15.052
1.029	40.643	15.059
1.029	40.643	15.060
1.029	40.643	15.070
@
1.029	40.644	15.055
1.029	40.644	15.058
1.029	40.644	15.067
@
1.029	40.645	15.051
1.029	40.645	15.074
@
1.031	40.641	15.084
1.031	40.641	15.088
@
1.032	40.641	15.092
1.032	40.641	15.093
1.032	40.641	15.093
@
1.036	40.640	15.150
1.036	40.640	15.155
@
1.038	40.640	15.180
1.038	40.640	15.207
@
1.040	40.640	15.220
1.040	40.640	15.224
@
1.042	40.640	15.239
1.042	40.640	15.258
@
1.044	40.639	15.290
1.044	40.639	15.296
1.044	40.639	15.316
@
1.045	40.637	15.306
1.045	40.637	15.323
@
1.045	40.638	15.302
1.045	40.638	15.307
@
1.045	40.639	15.298
1.045	40.639	15.321
1.045	40.639	15.321
@
1.046	40.636	15.341
1.046	40.636	15.349
@
1.046	40.637	15.320
1.046	40.637	15.335
@
1.046	40.638	15.320
1.046	40.638	15.320
1.046	40.638	15.320
@
1.047	40.636	15.362
1.047	40.636	15.367
@
1.055	40.633	15.456
1.055	40.633	15.463
@
1.055	40.634	15.452
1.055	40.634	15.461
@
1.057	40.630	15.488
1.057	40.630	15.496
@
1.057	40.632	15.492
1.057	40.632	15.504
@
1.058	40.632	15.513
1.058	40.632	15.515
@
1.058	40.633	15.507
1.058	40.633	15.518
@
1.060	40.628	15.547
1.060	40.628	15.551
@
1.060	40.630	15.542
1.060	40.630	15.546
1.060	40.630	15.548
1.060	40.630	15.552
1.060	40.630	15.552
@
1.061	40.628	15.551
1.061	40.628	15.556
@
1.062	40.629	15.568
1.062	40.629	15.580
@
1.064	40.627	15.579
1.064	40.627	15.588
@
1.067	40.627	15.643
1.067	40.627	15.648
@
1.068	40.627	15.662
1.068	40.627	15.674
@
1.071	40.626	15.709
1.071	40.626	15.714
@
1.073	40.622	15.740
1.073	40.622	15.759
1.073	40.622	15.766
@
1.073	40.626	15.755
1.073	40.626	15.764
@
1.074	40.622	15.741
1.074	40.622	15.771
@
1.074	40.624	15.772
1.074	40.624	15.787
@
1.075	40.621	15.792
1.075	40.621	15.797
@
1.077	40.623	15.817
1.077	40.623	15.833
@
1.082	40.618	15.898
1.082	40.618	15.901
@
1.083	40.616	15.903
1.083	40.616	15.914
@
1.083	40.618	15.904
1.083	40.618	15.918
@
1.086	40.617	15.950
1.086	40.617	15.959
@
1.087	40.614	15.968
1.087	40.614	15.971
@
1.088	40.617	15.987
1.088	40.617	16.005
@
1.089	40.614	16.003
1.089	40.614	16.012
@
1.091	40.613	16.043
1.091	40.613	16.046
@
1.096	40.612	16.097
1.096	40.612	16.101
1.096	40.612	16.102
1.096	40.612	16.104
@
1.100	40.610	16.186
1.100	40.610	16.191
1.100	40.610	16.192
@
1.100	40.611	16.177
1.100	40.611	16.188
@
1.102	40.607	16.223
1.102	40.607	16.227
1.102	40.607	16.231
@
1.102	40.610	16.198
1.102	40.610	16.205
@
1.103	40.607	16.241
1.103	40.607	16.256
@
1.108	40.606	16.320
1.108	40.606	16.329
@
1.111	40.604	16.353
1.111	40.604	16.356
@
1.113	40.604	16.368
1.113	40.604	16.371
@
1.116	40.600	16.410
1.116	40.600	16.412
@
1.123	40.598	16.492
1.123	40.598	16.516
@
1.127	40.600	16.561
1.127	40.600	16.566
@
1.130	40.596	16.606
1.130	40.596	16.614
1.130	40.596	16.624
@
1.131	40.597	16.628
1.131	40.597	16.637
1.131	40.597	16.644
@
1.133	40.592	16.701
1.133	40.592	16.708
1.133	40.592	16.711
@
1.133	40.593	16.691
1.133	40.593	16.703
@
1.133	40.594	16.670
1.133	40.594	16.682
1.133	40.594	16.713
@
1.133	40.596	16.675
1.133	40.596	16.686
1.133	40.596	16.697
@
1.136	40.592	16.752
1.136	40.592	16.765
@
1.144	40.591	16.852
1.144	40.591	16.852
@
1.152	40.586	16.946
1.152	40.586	16.956
@
1.155	40.587	16.980
1.155	40.587	16.997
@
1.159	40.587	17.080
1.159	40.587	17.090
@
1.160	40.586	17.100
1.160	40.586	17.111
@
1.161	40.584	17.120
1.161	40.584	17.142
@
1.161	40.586	17.121
1.161	40.586	17.126
1.161	40.586	17.139
@
1.162	40.584	17.148
1.162	40.584	17.149
1.162	40.584	17.153
1.162	40.584	17.155
@
1.162	40.585	17.147
1.162	40.585	17.153
1.162	40.585	17.167
@
1.162	40.586	17.141
1.162	40.586	17.153
@
1.163	40.583	17.172
1.163	40.583	17.177
@
1.168	40.582	17.250
1.168	40.582	17.268
@
1.170	40.582	17.282
1.170	40.582	17.285
@
1.171	40.580	17.289
1.171	40.580	17.302
@
1.172	40.581	17.304
1.172	40.581	17.310
@
1.175	40.579	17.342
1.175	40.579	17.346
@
1.176	40.577	17.344
1.176	40.577	17.364
@
1.184	40.575	17.465
1.184	40.575	17.468
@
1.185	40.573	17.507
1.185	40.573	17.512
@
1.185	40.574	17.469
1.185	40.574	17.505
@
1.185	40.575	17.471
1.185	40.575	17.505
@
1.185	40.576	17.486
1.185	40.576	17.517
@
1.186	40.570	17.537
1.186	40.570	17.538
@
1.186	40.573	17.534
1.186	40.573	17.538
@
1.189	40.569	17.595
1.189	40.569	17.599
1.189	40.569	17.601
@
1.189	40.570	17.587
1.189	40.570	17.599
@
1.190	40.568	17.603
1.190	40.568	17.607
@
1.190	40.569	17.580
1.190	40.569	17.602
@
1.190	40.570	17.581
1.190	40.570	17.591
1.190	40.570	17.601
@
1.190	40.571	17.600
1.190	40.571	17.600
1.190	40.571	17.601
@
1.194	40.565	17.676
1.194	40.565	17.688
@
1.196	40.562	17.714
1.196	40.562	17.741
@
1.196	40.563	17.728
1.196	40.563	17.732
@
1.196	40.569	17.708
1.196	40.569	17.712
1.196	40.569	17.716
@
1.199	40.564	17.754
1.199	40.564	17.759
@
1.200	40.565	17.768
1.200	40.565	17.774
@
1.213	40.561	17.938
1.213	40.561	17.943
@
1.214	40.559	17.953
1.214	40.559	17.953
1.214	40.559	17.957
@
1.215	40.559	17.952
1.215	40.559	17.981
@
1.216	40.559	17.996
1.216	40.559	18.014
@
1.220	40.556	18.047
1.220	40.556	18.052
@
1.221	40.557	18.081
1.221	40.557	18.091
1.221	40.557	18.095
@
1.224	40.556	18.151
1.224	40.556	18.160
@
1.236	40.550	18.311
1.236	40.550	18.333
@
1.237	40.552	18.351
1.237	40.552	18.370
@
1.239	40.551	18.384
1.239	40.551	18.391
@
1.243	40.550	18.451
1.243	40.550	18.468
@
1.244	40.547	18.476
1.244	40.547	18.477
1.244	40.547	18.491
@
1.246	40.549	18.519
1.246	40.549	18.525
@
1.248	40.545	18.537
1.248	40.545	18.565
@
1.249	40.545	18.549
1.249	40.545	18.567
@
1.249	40.546	18.567
1.249	40.546	18.571
@
1.252	40.543	18.631
1.252	40.543	18.634
@
1.252	40.544	18.629
1.252	40.544	18.632
@
1.252	40.545	18.617
1.252	40.545	18.625
@
1.254	40.542	18.655
1.254	40.542	18.659
@
1.254	40.544	18.654
1.254	40.544	18.664
@
1.255	40.544	18.674
1.255	40.544	18.675
@
1.256	40.541	18.670
1.256	40.541	18.695
@
1.256	40.542	18.689
1.256	40.542	18.691
@
1.258	40.542	18.708
1.258	40.542	18.710
@
1.261	40.542	18.740
1.261	40.542	18.757
@
1.262	40.541	18.755
1.262	40.541	18.759
1.262	40.541	18.763
@
1.264	40.540	18.786
1.264	40.540	18.792
1.264	40.540	18.804
@
1.267	40.538	18.821
1.267	40.538	18.852
@
1.269	40.538	18.880
1.269	40.538	18.882
1.269	40.538	18.884
@
1.270	40.533	18.904
1.270	40.533	18.909
@
1.270	40.534	18.887
1.270	40.534	18.895
1.270	40.534	18.896
1.270	40.534	18.896
@
1.270	40.535	18.879
1.270	40.535	18.896
1.270	40.535	18.896
1.270	40.535	18.897
1.270	40.535	18.909
@
1.270	40.536	18.879
1.270	40.536	18.889
1.270	40.536	18.894
1.270	40.536	18.895
1.270	40.536	18.895
1.270	40.536	18.896
1.270	40.536	18.913
@
1.270	40.537	18.895
1.270	40.537	18.895
1.270	40.537	18.895
1.270	40.537	18.895
1.270	40.537	18.896
@
1.270	40.538	18.872
1.270	40.538	18.885
1.270	40.538	18.894
1.270	40.538	18.896
@
1.273	40.534	18.956
1.273	40.534	18.959
@
1.274	40.533	18.948
1.274	40.533	18.971
1.274	40.533	18.974
@
1.275	40.532	18.970
1.275	40.532	19.006
@
1.282	40.529	19.112
1.282	40.529	19.125
@
1.284	40.531	19.137
1.284	40.531	19.139
@
1.285	40.529	19.153
1.285	40.529	19.158
1.285	40.529	19.170
@
1.287	40.529	19.192
1.287	40.529	19.197
@
1.294	40.524	19.243
1.294	40.524	19.290
@
1.295	40.525	19.230
1.295	40.525	19.304
@
1.295	40.526	19.237
1.295	40.526	19.263
1.295	40.526	19.275
1.295	40.526	19.282
@
1.302	40.522	19.418
1.302	40.522	19.431
@
1.303	40.520	19.425
1.303	40.520	19.434
1.303	40.520	19.434
1.303	40.520	19.444
@
1.303	40.521	19.439
1.303	40.521	19.452
@
1.306	40.522	19.482
1.306	40.522	19.501
@
1.307	40.520	19.531
1.307	40.520	19.535
1.307	40.520	19.541
1.307	40.520	19.542
1.307	40.520	19.544
@
1.327	40.513	19.798
1.327	40.513	19.820
1.327	40.513	19.840
@
1.331	40.511	19.885
1.331	40.511	19.898
@
1.332	40.512	19.910
1.332	40.512	19.923
@
1.333	40.510	19.934
1.333	40.510	19.943
@
1.333	40.511	19.949
1.333	40.511	19.958
@
1.341	40.508	20.070
1.341	40.508	20.079
@
1.345	40.505	20.114
1.345	40.505	20.129
@
1.348	40.504	20.151
1.348	40.504	20.166
@
1.349	40.505	20.161
1.349	40.505	20.161
1.349	40.505	20.163
1.349	40.505	20.181
@
1.349	40.508	20.191
1.349	40.508	20.205
@
1.355	40.522	20.274
1.355	40.522	20.304
@
1.360	40.535	20.347
1.360	40.535	20.372
@
1.372	40.582	20.602
1.372	40.582	20.607
@
1.375	40.579	20.592
1.375	40.579	20.593
@
1.380	40.587	20.677
1.380	40.587	20.689
@
1.381	40.589	20.692
1.381	40.589	20.723
@
1.386	40.592	20.780
1.386	40.592	20.840
@
1.401	40.593	21.009
1.401	40.593	21.019
@
1.404	40.593	21.017
1.404	40.593	21.030
@
1.406	40.590	21.057
1.406	40.590	21.064
1.406	40.590	21.067
@
1.411	40.583	21.077
1.411	40.583	21.082
@
1.413	40.580	21.089
1.413	40.580	21.089
1.413	40.580	21.092
@
1.413	40.583	21.089
1.413	40.583	21.090
@
1.416	40.572	21.104
1.416	40.572	21.105
1.416	40.572	21.109
@
1.420	40.553	21.132
1.420	40.553	21.136
@
1.420	40.563	21.118
1.420	40.563	21.118
@
1.420	40.564	21.118
1.420	40.564	21.120
@
1.421	40.559	21.104
1.421	40.559	21.123
@
1.430	40.533	21.154
1.430	40.533	21.160
1.430	40.533	21.162
@
1.440	40.507	21.159
1.440	40.507	21.182
@
1.443	40.489	21.187
1.443	40.489	21.189
@
1.446	40.477	21.200
1.446	40.477	21.203
@
1.449	40.471	21.211
1.449	40.471	21.212
@
1.454	40.461	21.205
1.454	40.461	21.223
@
1.457	40.450	21.215
1.457	40.450	21.239
@
1.463	40.433	21.252
1.463	40.433	21.254
@
1.465	40.431	21.247
1.465	40.431	21.254
@
1.471	40.417	21.270
1.471	40.417	21.271
@
1.475	40.405	21.250
1.475	40.405	21.271
@
1.481	40.388	21.274
1.481	40.388	21.278
@
1.481	40.392	21.250
1.481	40.392	21.269
@
1.482	40.381	21.247
1.482	40.381	21.272
@
1.486	40.375	21.269
1.486	40.375	21.270
@
1.496	40.301	21.268
1.496	40.301	21.268
@
1.496	40.357	21.269
1.496	40.357	21.272
@
1.497	40.319	21.269
1.497	40.319	21.272
@
1.497	40.320	21.269
1.497	40.320	21.269
@
1.497	40.325	21.268
1.497	40.325	21.268
@
1.497	40.326	21.268
1.497	40.326	21.273
@
1.497	40.327	21.268
1.497	40.327	21.272
@
1.497	40.339	21.246
1.497	40.339	21.270
@
1.497	40.351	21.255
1.497	40.351	21.272
