1.842	21.207	2.551
1.842	21.205	2.542
1.841	21.204	2.544
1.840	21.204	2.541
1.840	21.197	2.544
1.840	21.188	2.546
1.839	21.198	2.528
1.839	21.194	2.531
1.837	21.191	2.530
1.836	21.186	2.539
1.836	21.184	2.532
1.834	21.179	2.531
1.834	21.178	2.529
1.833	21.176	2.528
1.833	21.168	2.529
1.832	21.167	2.528
1.831	21.164	2.528
1.830	21.144	2.537
1.829	21.155	2.525
1.828	21.153	2.527
1.827	21.147	2.528
1.826	21.141	2.525
1.826	21.139	2.523
1.825	21.131	2.526
1.824	21.113	2.553
1.824	21.115	2.553
1.822	21.113	2.553
1.822	21.106	2.551
1.821	21.123	2.522
1.818	21.120	2.516
1.819	21.114	2.518
1.818	21.109	2.503
1.817	21.094	2.526
1.815	21.094	2.504
1.816	21.087	2.510
1.816	21.077	2.506
1.815	21.063	2.514
1.815	21.047	2.525
1.814	21.054	2.501
1.813	21.040	2.504
1.812	21.026	2.514
1.814	21.021	2.499
1.812	21.007	2.512
1.810	20.984	2.530
1.811	20.978	2.527
1.809	20.979	2.530
1.810	20.972	2.526
1.810	20.980	2.505
1.809	20.974	2.491
1.809	20.964	2.494
1.808	20.959	2.488
1.808	20.957	2.490
1.807	20.938	2.513
1.807	20.927	2.523
1.806	20.920	2.521
1.805	20.909	2.519
1.805	20.904	2.506
1.804	20.908	2.485
1.803	20.899	2.479
1.804	20.894	2.481
1.804	20.893	2.477
1.804	20.888	2.478
1.802	20.886	2.478
1.802	20.880	2.478
1.801	20.873	2.480
1.800	20.848	2.511
1.801	20.854	2.473
1.800	20.849	2.477
1.799	20.841	2.478
1.799	20.837	2.478
1.799	20.831	2.477
1.799	20.815	2.495
1.798	20.801	2.505
1.798	20.797	2.500
1.797	20.789	2.502
1.795	20.781	2.490
1.794	20.783	2.473
1.793	20.771	2.467
1.793	20.760	2.465
1.792	20.753	2.449
1.792	20.740	2.457
1.790	20.732	2.455
1.789	20.719	2.461
1.787	20.705	2.453
1.786	20.682	2.482
1.786	20.690	2.454
1.786	20.688	2.456
1.785	20.681	2.455
1.784	20.678	2.452
1.784	20.670	2.451
1.783	20.652	2.475
1.782	20.648	2.478
1.782	20.642	2.483
1.782	20.642	2.478
1.782	20.644	2.468
1.780	20.642	2.456
1.779	20.634	2.438
1.778	20.626	2.437
1.778	20.614	2.434
1.778	20.606	2.433
1.777	20.599	2.430
1.776	20.589	2.439
1.775	20.562	2.471
1.775	20.552	2.468
1.772	20.551	2.431
1.771	20.544	2.435
1.771	20.531	2.438
1.770	20.520	2.430
1.770	20.505	2.427
1.769	20.483	2.432
1.768	20.456	2.428
1.767	20.447	2.427
1.766	20.426	2.449
1.766	20.427	2.437
1.765	20.430	2.427
1.765	20.424	2.427
1.763	20.418	2.427
1.762	20.407	2.427
1.762	20.385	2.442
1.761	20.354	2.454
1.758	20.328	2.454
1.757	20.312	2.453
1.756	20.310	2.449
1.755	20.317	2.419
1.754	20.307	2.417
1.754	20.302	2.419
1.755	20.299	2.408
1.754	20.290	2.419
1.753	20.280	2.414
1.752	20.270	2.406
1.750	20.260	2.410
1.749	20.228	2.430
1.747	20.223	2.412
1.746	20.219	2.408
1.745	20.202	2.422
1.743	20.190	2.416
1.741	20.176	2.405
1.739	20.137	2.425
1.737	20.116	2.433
1.735	20.096	2.431
1.735	20.084	2.432
1.735	20.075	2.419
1.733	20.081	2.397
1.733	20.075	2.386
1.732	20.059	2.384
1.732	20.045	2.390
1.731	20.035	2.388
1.731	20.024	2.401
1.731	20.015	2.395
1.730	19.987	2.414
1.730	19.971	2.422
1.727	19.981	2.385
1.726	19.962	2.405
1.726	19.951	2.385
1.725	19.940	2.396
1.724	19.932	2.377
1.723	19.915	2.388
1.721	19.902	2.381
1.720	19.883	2.380
1.718	19.854	2.405
1.718	19.844	2.393
1.717	19.837	2.379
1.715	19.823	2.377
1.715	19.811	2.381
1.714	19.802	2.377
1.712	19.780	2.394
1.711	19.762	2.407
1.709	19.749	2.408
1.709	19.739	2.408
1.708	19.725	2.406
1.707	19.737	2.375
1.706	19.732	2.374
1.706	19.725	2.377
1.705	19.722	2.363
1.705	19.716	2.369
1.704	19.713	2.371
1.703	19.706	2.373
1.703	19.702	2.377
1.703	19.691	2.375
1.702	19.687	2.362
1.700	19.671	2.375
1.698	19.659	2.373
1.697	19.653	2.374
1.696	19.639	2.377
1.695	19.617	2.384
1.695	19.602	2.391
1.695	19.575	2.391
1.694	19.557	2.388
1.695	19.548	2.388
1.693	19.566	2.366
1.692	19.563	2.362
1.693	19.552	2.367
1.692	19.544	2.361
1.691	19.536	2.354
1.690	19.509	2.375
1.689	19.494	2.381
1.689	19.486	2.381
1.688	19.474	2.381
1.687	19.475	2.360
1.687	19.470	2.354
1.687	19.465	2.339
1.685	19.458	2.338
1.683	19.443	2.356
1.682	19.433	2.344
1.681	19.414	2.340
1.679	19.400	2.341
1.679	19.385	2.353
1.678	19.352	2.372
1.676	19.351	2.342
1.675	19.339	2.347
1.673	19.329	2.337
1.672	19.323	2.341
1.671	19.313	2.342
1.670	19.288	2.365
1.670	19.279	2.365
1.670	19.277	2.368
1.669	19.275	2.365
1.668	19.270	2.361
1.667	19.273	2.331
1.666	19.263	2.326
1.665	19.257	2.330
1.663	19.251	2.323
1.663	19.247	2.331
1.664	19.241	2.326
1.662	19.231	2.328
1.661	19.225	2.324
1.661	19.193	2.357
1.660	19.189	2.324
1.656	19.177	2.337
1.657	19.164	2.333
1.657	19.143	2.337
1.656	19.128	2.319
1.655	19.093	2.354
1.654	19.080	2.351
1.654	19.065	2.351
1.653	19.053	2.354
1.652	19.046	2.337
1.651	19.031	2.322
1.649	19.036	2.311
1.649	19.030	2.317
1.648	19.019	2.317
1.648	19.015	2.311
1.648	19.006	2.320
1.647	18.991	2.324
1.645	18.959	2.342
1.644	18.943	2.339
1.643	18.960	2.315
1.643	18.961	2.310
1.643	18.960	2.311
1.644	18.955	2.312
1.642	18.945	2.317
1.641	18.932	2.300
1.638	18.905	2.305
1.635	18.874	2.299
1.634	18.839	2.328
1.632	18.832	2.306
1.631	18.823	2.302
1.630	18.811	2.315
1.629	18.806	2.308
1.629	18.804	2.297
1.629	18.786	2.326
1.629	18.778	2.331
1.628	18.775	2.331
1.628	18.773	2.329
1.627	18.766	2.321
1.627	18.780	2.300
1.626	18.774	2.298
1.623	18.761	2.294
1.622	18.750	2.287
1.622	18.738	2.285
1.621	18.726	2.283
1.620	18.719	2.279
1.620	18.713	2.282
1.621	18.690	2.312
1.620	18.707	2.285
1.618	18.700	2.300
1.617	18.692	2.278
1.617	18.680	2.282
1.617	18.670	2.284
1.616	18.637	2.301
1.616	18.640	2.284
1.615	18.628	2.276
1.615	18.620	2.276
1.614	18.612	2.281
1.614	18.604	2.276
1.613	18.597	2.275
1.612	18.585	2.277
1.611	18.576	2.276
1.610	18.558	2.289
1.610	18.553	2.276
1.609	18.542	2.275
1.609	18.513	2.291
1.607	18.519	2.279
1.606	18.509	2.272
1.604	18.499	2.276
1.605	18.488	2.274
1.604	18.481	2.271
1.604	18.481	2.275
1.603	18.470	2.274
1.602	18.455	2.274
1.601	18.432	2.276
1.599	18.399	2.286
1.597	18.397	2.263
1.597	18.381	2.274
1.595	18.374	2.272
1.595	18.364	2.279
1.594	18.358	2.275
1.593	18.338	2.286
1.592	18.331	2.268
1.591	18.325	2.275
1.590	18.323	2.263
1.589	18.318	2.261
1.588	18.309	2.263
1.587	18.298	2.264
1.586	18.286	2.266
1.585	18.274	2.256
1.582	18.262	2.254
1.580	18.250	2.254
1.580	18.237	2.254
1.579	18.228	2.257
1.579	18.215	2.260
1.579	18.202	2.259
1.578	18.201	2.259
1.577	18.192	2.258
1.577	18.181	2.258
1.577	18.173	2.261
1.575	18.152	2.273
1.574	18.132	2.260
1.574	18.128	2.249
1.573	18.121	2.259
1.572	18.111	2.247
1.571	18.093	2.251
1.571	18.079	2.271
1.570	18.072	2.252
1.569	18.062	2.251
1.567	18.054	2.241
1.567	18.026	2.269
1.567	18.036	2.249
1.567	18.026	2.248
1.566	18.018	2.231
1.566	18.008	2.234
1.565	17.998	2.256
1.565	17.994	2.251
1.564	17.989	2.245
1.563	17.981	2.246
1.561	17.974	2.249
1.561	17.964	2.248
1.560	17.957	2.248
1.560	17.944	2.240
1.559	17.912	2.271
1.558	17.921	2.246
1.558	17.909	2.242
1.556	17.898	2.243
1.555	17.887	2.243
1.555	17.877	2.240
1.553	17.855	2.258
1.553	17.841	2.272
1.551	17.834	2.280
1.550	17.839	2.242
1.549	17.833	2.233
1.548	17.820	2.249
1.546	17.807	2.245
1.544	17.790	2.244
1.542	17.774	2.233
1.542	17.760	2.245
1.540	17.749	2.251
1.538	17.738	2.236
1.538	17.724	2.236
1.537	17.696	2.263
1.536	17.688	2.247
1.537	17.680	2.235
1.536	17.664	2.248
1.535	17.650	2.241
1.533	17.638	2.240
1.532	17.622	2.262
1.532	17.615	2.273
1.532	17.604	2.272
1.531	17.597	2.271
1.531	17.585	2.264
1.530	17.583	2.245
1.529	17.572	2.235
1.527	17.564	2.228
1.526	17.554	2.231
1.525	17.540	2.249
1.524	17.517	2.269
1.524	17.500	2.268
1.523	17.482	2.268
1.521	17.470	2.268
1.521	17.474	2.232
1.520	17.468	2.233
1.519	17.456	2.228
1.519	17.443	2.228
1.516	17.431	2.244
1.516	17.426	2.225
1.515	17.419	2.226
1.514	17.404	2.228
1.513	17.378	2.250
1.511	17.360	2.250
1.510	17.369	2.231
1.509	17.366	2.231
1.509	17.358	2.227
1.509	17.349	2.230
1.508	17.339	2.241
1.508	17.328	2.264
1.508	17.322	2.262
1.508	17.318	2.264
1.507	17.312	2.264
1.505	17.322	2.225
1.504	17.311	2.237
1.504	17.300	2.236
1.503	17.286	2.225
1.502	17.272	2.235
1.502	17.263	2.225
1.502	17.251	2.223
1.500	17.235	2.239
1.499	17.220	2.240
1.498	17.214	2.235
1.498	17.209	2.226
1.497	17.199	2.225
1.496	17.190	2.225
1.495	17.179	2.240
1.494	17.167	2.245
1.494	17.151	2.260
1.493	17.144	2.259
1.494	17.135	2.259
1.493	17.129	2.255
1.492	17.135	2.223
1.492	17.124	2.227
1.490	17.117	2.212
1.488	17.105	2.225
1.488	17.090	2.225
1.487	17.078	2.223
1.486	17.064	2.226
1.484	17.030	2.252
1.483	17.016	2.255
1.483	17.013	2.236
1.482	17.014	2.225
1.480	16.998	2.232
1.478	16.992	2.221
1.479	16.983	2.225
1.477	16.974	2.232
1.477	16.965	2.225
1.476	16.950	2.225
1.475	16.938	2.222
1.474	16.915	2.258
1.473	16.919	2.222
1.472	16.911	2.223
1.472	16.904	2.224
1.471	16.899	2.224
1.471	16.895	2.233
1.470	16.878	2.255
1.470	16.871	2.256
1.469	16.861	2.255
1.469	16.852	2.255
1.468	16.850	2.236
1.467	16.849	2.224
1.465	16.843	2.220
1.465	16.833	2.225
1.465	16.823	2.217
1.464	16.820	2.220
1.464	16.813	2.222
1.463	16.805	2.220
1.461	16.790	2.215
1.461	16.764	2.247
1.460	16.765	2.225
1.460	16.758	2.228
1.460	16.755	2.225
1.459	16.749	2.223
1.459	16.740	2.221
1.458	16.720	2.250
1.457	16.711	2.252
1.455	16.704	2.253
1.455	16.699	2.252
1.455	16.697	2.236
1.454	16.686	2.233
1.453	16.678	2.211
1.451	16.663	2.212
1.450	16.651	2.214
1.450	16.645	2.214
1.449	16.640	2.211
1.449	16.635	2.214
1.449	16.614	2.251
1.448	16.603	2.250
1.446	16.603	2.230
1.446	16.596	2.226
1.445	16.595	2.222
1.445	16.597	2.197
1.445	16.587	2.217
1.444	16.575	2.216
1.444	16.565	2.212
1.441	16.550	2.212
1.441	16.534	2.231
1.440	16.521	2.235
1.438	16.516	2.215
1.436	16.504	2.219
1.435	16.491	2.224
1.434	16.476	2.215
1.434	16.459	2.221
1.433	16.438	2.249
1.432	16.429	2.248
1.431	16.420	2.248
1.430	16.418	2.244
1.429	16.420	2.209
1.428	16.406	2.213
1.426	16.394	2.212
1.425	16.382	2.204
1.424	16.370	2.208
1.424	16.365	2.209
1.424	16.357	2.210
1.423	16.345	2.210
1.422	16.330	2.223
1.421	16.324	2.222
1.421	16.325	2.213
1.420	16.321	2.214
1.420	16.316	2.210
1.420	16.306	2.215
1.419	16.283	2.224
1.418	16.269	2.244
1.417	16.262	2.243
1.417	16.255	2.243
1.416	16.248	2.236
1.415	16.252	2.220
1.415	16.248	2.216
1.415	16.241	2.212
1.414	16.234	2.212
1.413	16.222	2.215
1.412	16.208	2.240
1.412	16.199	2.241
1.411	16.186	2.243
1.410	16.171	2.242
1.409	16.158	2.214
1.406	16.148	2.214
1.405	16.138	2.214
1.405	16.128	2.206
1.404	16.121	2.216
1.404	16.113	2.221
1.402	16.109	2.200
1.401	16.089	2.215
1.400	16.062	2.221
1.399	16.043	2.233
1.399	16.043	2.207
1.397	16.038	2.205
1.396	16.030	2.205
1.395	16.016	2.209
1.395	16.001	2.221
1.393	15.980	2.237
1.392	15.967	2.237
1.391	15.961	2.239
1.391	15.958	2.233
1.390	15.965	2.199
1.389	15.957	2.202
1.388	15.950	2.203
1.387	15.945	2.195
1.386	15.931	2.199
1.385	15.919	2.205
1.384	15.904	2.211
1.383	15.888	2.205
1.382	15.876	2.201
1.382	15.861	2.223
1.381	15.864	2.218
1.381	15.859	2.206
1.381	15.850	2.218
1.380	15.848	2.202
1.380	15.839	2.208
1.380	15.820	2.234
1.378	15.804	2.232
1.377	15.795	2.230
1.376	15.784	2.233
1.376	15.787	2.202
1.376	15.784	2.204
1.376	15.778	2.217
1.375	15.772	2.201
1.374	15.766	2.201
1.373	15.742	2.227
1.372	15.724	2.236
1.371	15.727	2.198
1.368	15.709	2.202
1.366	15.686	2.212
1.364	15.674	2.211
1.364	15.660	2.215
1.363	15.649	2.198
1.363	15.635	2.192
1.362	15.621	2.195
1.360	15.612	2.201
1.360	15.603	2.191
1.359	15.590	2.210
1.358	15.563	2.223
1.357	15.569	2.207
1.356	15.557	2.211
1.355	15.547	2.207
1.354	15.537	2.197
1.354	15.527	2.204
1.353	15.506	2.220
1.351	15.511	2.209
1.351	15.507	2.193
1.350	15.505	2.178
1.350	15.499	2.190
1.349	15.486	2.203
1.348	15.466	2.196
1.347	15.455	2.196
1.346	15.450	2.196
1.345	15.443	2.189
1.344	15.434	2.188
1.343	15.421	2.192
1.342	15.411	2.191
1.342	15.387	2.219
1.341	15.397	2.188
1.341	15.387	2.195
1.340	15.380	2.195
1.339	15.369	2.196
1.339	15.362	2.209
1.338	15.340	2.220
1.338	15.345	2.204
1.337	15.339	2.185
1.336	15.326	2.205
1.336	15.320	2.195
1.335	15.308	2.212
1.335	15.303	2.200
1.335	15.296	2.192
1.333	15.290	2.187
1.333	15.283	2.194
1.332	15.274	2.190
1.331	15.257	2.193
1.329	15.228	2.222
1.328	15.236	2.188
1.327	15.222	2.193
1.326	15.209	2.191
1.325	15.191	2.198
1.324	15.173	2.203
1.322	15.157	2.208
1.321	15.148	2.196
1.320	15.133	2.208
1.320	15.124	2.192
1.319	15.096	2.210
1.318	15.098	2.194
1.316	15.088	2.188
1.315	15.076	2.194
1.314	15.073	2.180
1.313	15.057	2.187
1.312	15.045	2.197
1.311	15.030	2.197
1.311	15.031	2.187
1.310	15.027	2.181
1.309	15.015	2.182
1.307	14.999	2.202
1.306	14.986	2.187
1.305	14.972	2.185
1.305	14.963	2.177
1.305	14.951	2.179
1.304	14.936	2.183
1.302	14.928	2.182
1.302	14.918	2.192
1.302	14.905	2.199
1.301	14.907	2.191
1.301	14.904	2.189
1.299	14.892	2.208
1.299	14.881	2.187
1.298	14.871	2.193
1.298	14.853	2.206
1.297	14.854	2.184
1.296	14.844	2.179
1.295	14.832	2.189
1.294	14.816	2.186
1.292	14.796	2.195
1.290	14.776	2.187
1.289	14.758	2.185
1.287	14.744	2.184
1.287	14.731	2.194
1.286	14.719	2.198
1.285	14.713	2.177
1.283	14.697	2.181
1.283	14.691	2.176
1.282	14.681	2.182
1.281	14.671	2.188
1.281	14.661	2.193
1.279	14.651	2.182
1.279	14.639	2.194
1.278	14.628	2.200
1.277	14.613	2.193
1.276	14.603	2.183
1.274	14.591	2.203
1.274	14.578	2.202
1.273	14.575	2.181
1.271	14.562	2.186
1.271	14.553	2.188
1.270	14.548	2.184
1.269	14.533	2.204
1.267	14.508	2.218
1.267	14.498	2.216
1.266	14.490	2.217
1.266	14.478	2.218
1.265	14.474	2.187
1.264	14.465	2.182
1.263	14.453	2.187
1.263	14.443	2.180
1.262	14.429	2.186
1.261	14.424	2.178
1.261	14.417	2.185
1.259	14.410	2.183
1.259	14.398	2.197
1.258	14.387	2.194
1.257	14.380	2.180
1.256	14.366	2.181
1.254	14.347	2.182
1.252	14.327	2.197
1.251	14.308	2.195
1.250	14.278	2.218
1.247	14.252	2.218
1.247	14.236	2.215
1.244	14.218	2.216
1.243	14.210	2.185
1.241	14.197	2.185
1.240	14.185	2.178
1.239	14.170	2.178
1.239	14.160	2.180
1.239	14.144	2.218
1.238	14.136	2.220
1.237	14.129	2.218
1.236	14.117	2.216
1.235	14.112	2.193
1.234	14.108	2.177
1.233	14.099	2.179
1.232	14.089	2.178
1.231	14.075	2.185
1.231	14.062	2.184
1.229	14.050	2.185
1.229	14.041	2.178
1.228	14.033	2.195
1.228	14.015	2.215
1.227	14.013	2.182
1.226	14.004	2.179
1.225	13.991	2.177
1.225	13.980	2.178
1.223	13.972	2.184
1.223	13.953	2.214
1.222	13.944	2.217
1.222	13.934	2.214
1.221	13.923	2.214
1.220	13.916	2.201
1.220	13.916	2.185
1.218	13.912	2.181
1.217	13.898	2.178
1.215	13.877	2.172
1.213	13.849	2.174
1.211	13.833	2.174
1.211	13.830	2.174
1.211	13.821	2.174
1.210	13.801	2.212
1.210	13.802	2.175
1.208	13.785	2.174
1.207	13.769	2.180
1.206	13.756	2.182
1.205	13.750	2.174
1.205	13.739	2.200
1.204	13.729	2.216
1.203	13.722	2.215
1.203	13.719	2.215
1.202	13.713	2.194
1.201	13.705	2.174
1.200	13.692	2.171
1.200	13.677	2.174
1.199	13.667	2.180
1.197	13.660	2.187
1.196	13.649	2.189
1.195	13.629	2.193
1.193	13.596	2.213
1.192	13.576	2.216
1.190	13.578	2.184
1.189	13.568	2.186
1.189	13.559	2.184
1.188	13.546	2.187
1.187	13.526	2.195
1.186	13.520	2.181
1.186	13.516	2.182
1.186	13.513	2.192
1.185	13.502	2.203
1.185	13.496	2.198
1.185	13.496	2.177
1.184	13.489	2.185
1.184	13.479	2.204
1.183	13.477	2.191
1.182	13.467	2.201
1.182	13.457	2.211
1.182	13.450	2.213
1.181	13.443	2.213
1.181	13.440	2.211
1.180	13.440	2.197
1.179	13.430	2.186
1.178	13.420	2.192
1.177	13.411	2.174
1.175	13.395	2.177
1.173	13.374	2.177
1.171	13.355	2.176
1.171	13.339	2.181
1.169	13.319	2.193
1.169	13.311	2.190
1.169	13.316	2.174
1.169	13.312	2.185
1.169	13.309	2.183
1.168	13.300	2.175
1.166	13.276	2.200
1.165	13.259	2.207
1.163	13.249	2.211
1.162	13.235	2.208
1.161	13.220	2.203
1.160	13.211	2.185
1.159	13.201	2.180
1.158	13.191	2.166
1.156	13.170	2.175
1.155	13.157	2.175
1.153	13.139	2.179
1.152	13.125	2.176
1.152	13.111	2.174
1.150	13.100	2.179
1.149	13.093	2.175
1.149	13.086	2.177
1.148	13.077	2.177
1.146	13.062	2.176
1.146	13.049	2.175
1.145	13.041	2.174
1.145	13.036	2.176
1.144	13.030	2.177
1.145	13.025	2.192
1.145	13.019	2.200
1.145	13.026	2.179
1.144	13.026	2.180
1.145	13.025	2.182
1.145	13.026	2.181
1.145	13.025	2.178
1.145	13.014	2.199
1.145	13.016	2.204
1.144	13.013	2.204
1.143	13.000	2.203
1.142	12.994	2.185
1.141	12.977	2.199
1.140	12.976	2.202
1.139	12.968	2.188
1.138	12.955	2.189
1.137	12.936	2.201
1.136	12.927	2.199
1.135	12.919	2.202
1.134	12.908	2.199
1.133	12.899	2.200
1.133	12.891	2.186
1.131	12.872	2.201
1.131	12.865	2.199
1.130	12.855	2.199
1.129	12.850	2.200
1.128	12.831	2.199
1.127	12.818	2.196
1.126	12.804	2.198
1.124	12.793	2.195
1.124	12.789	2.178
1.123	12.777	2.183
1.122	12.766	2.180
1.121	12.753	2.185
1.121	12.755	2.161
1.120	12.739	2.167
1.119	12.722	2.160
1.118	12.708	2.167
1.117	12.694	2.196
1.116	12.683	2.196
1.115	12.677	2.162
1.114	12.668	2.152
1.113	12.658	2.166
1.112	12.646	2.147
1.112	12.634	2.164
1.111	12.623	2.164
1.110	12.618	2.163
1.110	12.611	2.162
1.109	12.594	2.182
1.108	12.585	2.173
1.108	12.583	2.159
1.107	12.573	2.174
1.106	12.572	2.162
1.106	12.561	2.163
1.105	12.553	2.169
1.104	12.537	2.190
1.104	12.532	2.194
1.102	12.523	2.188
1.101	12.504	2.189
1.099	12.488	2.164
1.098	12.478	2.159
1.098	12.476	2.159
1.098	12.476	2.147
1.097	12.465	2.152
1.096	12.450	2.149
1.095	12.438	2.150
1.094	12.424	2.168
1.093	12.410	2.164
1.092	12.392	2.167
1.091	12.386	2.152
1.091	12.369	2.167
1.089	12.361	2.170
1.088	12.352	2.160
1.088	12.341	2.169
1.087	12.327	2.187
1.086	12.316	2.186
1.085	12.301	2.189
1.083	12.284	2.186
1.082	12.270	2.169
1.082	12.260	2.168
1.080	12.245	2.170
1.080	12.242	2.173
1.080	12.235	2.169
1.080	12.227	2.182
1.079	12.222	2.187
1.079	12.218	2.187
1.077	12.208	2.163
1.076	12.202	2.152
1.074	12.187	2.156
1.074	12.180	2.164
1.074	12.170	2.160
1.074	12.161	2.158
1.073	12.156	2.149
1.073	12.146	2.164
1.071	12.134	2.152
1.071	12.122	2.170
1.070	12.111	2.174
1.070	12.112	2.157
1.068	12.102	2.155
1.068	12.093	2.154
1.067	12.077	2.170
1.066	12.071	2.158
1.065	12.054	2.174
1.065	12.061	2.153
1.065	12.053	2.170
1.064	12.048	2.163
1.064	12.036	2.168
1.063	12.030	2.171
1.063	12.029	2.169
1.062	12.024	2.165
1.060	12.012	2.162
1.060	12.002	2.164
1.059	11.990	2.164
1.058	11.975	2.167
1.057	11.963	2.161
1.055	11.944	2.177
1.054	11.938	2.167
1.053	11.925	2.169
1.052	11.914	2.173
1.051	11.905	2.166
1.051	11.899	2.165
1.050	11.889	2.165
1.049	11.885	2.160
1.049	11.871	2.169
1.048	11.859	2.170
1.047	11.854	2.162
1.046	11.846	2.160
1.045	11.829	2.150
1.043	11.803	2.161
1.041	11.789	2.159
1.040	11.778	2.154
1.040	11.768	2.160
1.038	11.746	2.181
1.037	11.738	2.163
1.036	11.728	2.135
1.036	11.716	2.138
1.035	11.707	2.161
1.034	11.696	2.161
1.033	11.689	2.153
1.033	11.682	2.160
1.032	11.675	2.150
1.031	11.662	2.155
1.031	11.652	2.164
1.030	11.629	2.182
1.029	11.623	2.165
1.028	11.621	2.156
1.028	11.612	2.162
1.027	11.607	2.162
1.027	11.597	2.168
1.026	11.588	2.170
1.026	11.589	2.161
1.025	11.587	2.156
1.024	11.576	2.148
1.023	11.562	2.150
1.022	11.557	2.163
1.021	11.554	2.157
1.020	11.535	2.158
1.018	11.507	2.151
1.018	11.496	2.163
1.017	11.492	2.150
1.016	11.487	2.158
1.016	11.484	2.157
1.015	11.478	2.156
1.015	11.468	2.167
1.014	11.461	2.149
1.013	11.448	2.174
1.013	11.439	2.164
1.012	11.434	2.166
1.012	11.416	2.181
1.011	11.423	2.134
1.010	11.414	2.159
1.009	11.407	2.173
1.009	11.400	2.158
1.008	11.382	2.170
1.006	11.365	2.174
1.005	11.350	2.162
1.003	11.334	2.162
1.003	11.319	2.167
1.002	11.311	2.166
1.002	11.305	2.157
1.001	11.293	2.161
1.001	11.284	2.169
1.000	11.279	2.162
0.999	11.272	2.163
0.998	11.256	2.172
0.997	11.243	2.162
0.995	11.228	2.168
0.995	11.218	2.165
0.993	11.210	2.167
0.993	11.198	2.174
0.992	11.185	2.181
0.992	11.181	2.181
0.991	11.175	2.165
0.991	11.168	2.168
0.990	11.157	2.171
0.989	11.151	2.171
0.988	11.141	2.181
0.987	11.128	2.198
0.986	11.118	2.198
0.984	11.094	2.200
0.983	11.084	2.197
0.982	11.080	2.172
0.982	11.072	2.176
0.981	11.063	2.171
0.979	11.052	2.160
0.978	11.032	2.168
0.977	11.023	2.174
0.976	11.012	2.166
0.976	11.000	2.170
0.975	10.986	2.180
0.974	10.975	2.191
0.974	10.974	2.174
0.973	10.967	2.178
0.972	10.960	2.180
0.972	10.950	2.174
0.971	10.939	2.192
0.971	10.931	2.202
0.970	10.927	2.205
0.970	10.925	2.199
0.969	10.914	2.199
0.968	10.908	2.180
0.967	10.889	2.174
0.966	10.871	2.174
0.964	10.853	2.180
0.963	10.843	2.174
0.963	10.831	2.196
0.962	10.812	2.207
0.961	10.797	2.204
0.960	10.784	2.208
0.958	10.776	2.181
0.957	10.767	2.176
0.957	10.759	2.183
0.956	10.752	2.174
0.956	10.742	2.181
0.955	10.732	2.174
0.955	10.727	2.174
0.954	10.718	2.174
0.953	10.708	2.184
0.952	10.693	2.202
0.951	10.691	2.160
0.951	10.681	2.174
0.950	10.671	2.174
0.949	10.659	2.174
0.948	10.649	2.174
0.947	10.637	2.190
0.946	10.624	2.209
0.945	10.619	2.212
0.945	10.608	2.211
0.943	10.600	2.178
0.943	10.589	2.194
0.941	10.583	2.174
0.941	10.573	2.170
0.940	10.560	2.174
0.939	10.555	2.174
0.938	10.545	2.177
0.938	10.535	2.174
0.937	10.524	2.187
0.937	10.516	2.201
0.936	10.515	2.175
0.936	10.505	2.175
0.935	10.494	2.194
0.934	10.487	2.186
0.934	10.482	2.188
0.933	10.474	2.214
0.932	10.465	2.213
0.932	10.460	2.215
0.931	10.448	2.213
0.930	10.438	2.199
0.930	10.429	2.179
0.929	10.422	2.175
0.928	10.412	2.175
0.928	10.403	2.181
0.927	10.400	2.184
0.926	10.386	2.177
0.925	10.368	2.207
0.924	10.358	2.213
0.923	10.352	2.193
0.923	10.343	2.181
0.922	10.335	2.194
0.921	10.324	2.196
0.920	10.310	2.185
0.920	10.303	2.184
0.919	10.293	2.197
0.918	10.289	2.186
0.917	10.280	2.194
0.917	10.271	2.217
0.917	10.268	2.180
0.916	10.257	2.179
0.916	10.251	2.195
0.915	10.245	2.185
0.914	10.241	2.181
0.914	10.228	2.205
0.913	10.215	2.221
0.912	10.208	2.219
0.912	10.206	2.219
0.911	10.204	2.206
0.910	10.198	2.183
0.909	10.183	2.193
0.909	10.174	2.184
0.907	10.167	2.176
0.906	10.156	2.183
0.906	10.149	2.179
0.906	10.147	2.180
0.906	10.147	2.175
0.905	10.137	2.213
0.904	10.130	2.189
0.902	10.111	2.203
0.901	10.095	2.192
0.900	10.081	2.188
0.899	10.071	2.188
0.897	10.051	2.217
0.896	10.036	2.220
0.895	10.026	2.216
0.894	10.013	2.224
0.893	10.010	2.217
0.893	10.002	2.200
0.892	9.995	2.203
0.892	9.987	2.184
0.891	9.978	2.194
0.890	9.968	2.181
0.890	9.960	2.191
0.889	9.948	2.189
0.888	9.930	2.224
0.887	9.917	2.226
0.886	9.901	2.206
0.885	9.895	2.192
0.884	9.882	2.195
0.883	9.867	2.188
0.882	9.851	2.174
0.881	9.839	2.196
0.880	9.827	2.192
0.879	9.817	2.189
0.879	9.811	2.195
0.878	9.802	2.221
0.878	9.798	2.209
0.877	9.793	2.197
0.876	9.789	2.194
0.876	9.781	2.194
0.875	9.766	2.210
0.873	9.748	2.226
0.873	9.740	2.228
0.872	9.730	2.230
0.871	9.716	2.226
0.870	9.706	2.212
0.869	9.696	2.196
0.868	9.688	2.190
0.867	9.680	2.200
0.867	9.676	2.184
0.865	9.669	2.190
0.864	9.658	2.190
0.863	9.639	2.189
0.863	9.630	2.194
0.862	9.618	2.231
0.862	9.619	2.201
0.862	9.617	2.198
0.861	9.608	2.201
0.860	9.598	2.203
0.859	9.590	2.197
0.858	9.571	2.233
0.857	9.559	2.231
0.856	9.555	2.234
0.855	9.540	2.234
0.854	9.521	2.218
0.853	9.509	2.203
0.852	9.499	2.201
0.852	9.492	2.202
0.851	9.476	2.200
0.849	9.460	2.226
0.848	9.448	2.236
0.848	9.437	2.230
0.847	9.436	2.198
0.846	9.425	2.205
0.844	9.410	2.205
0.844	9.397	2.203
0.843	9.386	2.203
0.842	9.372	2.194
0.841	9.359	2.217
0.841	9.351	2.201
0.840	9.343	2.215
0.839	9.337	2.215
0.838	9.318	2.223
0.837	9.314	2.200
0.837	9.302	2.220
0.836	9.301	2.208
0.835	9.291	2.211
0.834	9.283	2.207
0.833	9.268	2.226
0.832	9.260	2.198
0.831	9.251	2.200
0.831	9.242	2.199
0.830	9.241	2.198
0.830	9.233	2.211
0.830	9.223	2.208
0.829	9.216	2.208
0.828	9.212	2.192
0.827	9.200	2.199
0.826	9.189	2.206
0.825	9.180	2.201
0.823	9.166	2.218
0.822	9.149	2.229
0.821	9.136	2.204
0.820	9.123	2.209
0.819	9.107	2.224
0.818	9.095	2.231
0.817	9.082	2.228
0.816	9.068	2.239
0.815	9.054	2.233
0.814	9.040	2.238
0.813	9.033	2.209
0.813	9.028	2.207
0.812	9.017	2.213
0.811	9.003	2.226
0.810	8.991	2.189
0.809	8.981	2.191
0.808	8.968	2.221
0.807	8.953	2.211
0.806	8.940	2.205
0.804	8.918	2.209
0.804	8.909	2.216
0.804	8.908	2.148
0.803	8.904	2.155
0.802	8.899	2.116
0.802	8.887	2.149
0.801	8.877	2.155
0.799	8.859	2.182
0.798	8.840	2.217
0.796	8.820	2.222
0.795	8.806	2.222
0.793	8.796	2.207
0.792	8.779	2.212
0.792	8.775	2.219
0.791	8.776	2.214
0.791	8.766	2.216
0.790	8.750	2.226
0.790	8.743	2.234
0.788	8.736	2.213
0.787	8.726	2.212
0.786	8.714	2.210
0.785	8.696	2.217
0.784	8.679	2.221
0.783	8.667	2.216
0.782	8.657	2.216
0.781	8.646	2.213
0.781	8.638	2.211
0.779	8.629	2.207
0.779	8.614	2.209
0.778	8.602	2.212
0.778	8.589	2.228
0.777	8.581	2.217
0.776	8.570	2.213
0.775	8.567	2.217
0.774	8.557	2.220
0.773	8.543	2.213
0.773	8.533	2.217
0.773	8.525	2.211
0.772	8.511	2.219
0.771	8.500	2.214
0.769	8.487	2.211
0.768	8.477	2.222
0.767	8.470	2.205
0.766	8.455	2.217
0.765	8.443	2.215
0.765	8.426	2.214
0.764	8.417	2.216
0.762	8.404	2.221
0.761	8.386	2.244
0.761	8.376	2.242
0.760	8.370	2.243
0.759	8.362	2.250
0.758	8.354	2.244
0.758	8.346	2.249
0.757	8.337	2.249
0.755	8.326	2.250
0.754	8.307	2.250
0.752	8.288	2.248
0.752	8.277	2.248
0.751	8.278	2.230
0.751	8.270	2.251
0.750	8.264	2.249
0.749	8.258	2.254
0.748	8.244	2.247
0.746	8.225	2.227
0.745	8.206	2.252
0.744	8.191	2.249
0.743	8.179	2.249
0.742	8.169	2.230
0.741	8.159	2.244
0.740	8.150	2.222
0.739	8.140	2.209
0.738	8.127	2.221
0.737	8.103	2.223
0.736	8.090	2.223
0.735	8.078	2.220
0.733	8.058	2.220
0.732	8.042	2.238
0.731	8.030	2.222
0.730	8.021	2.221
0.729	8.010	2.224
0.729	8.004	2.217
0.729	7.996	2.222
0.728	7.984	2.228
0.728	7.983	2.221
0.728	7.980	2.225
0.727	7.973	2.221
0.726	7.969	2.207
0.725	7.954	2.208
0.724	7.943	2.214
0.723	7.935	2.222
0.722	7.922	2.223
0.721	7.905	2.243
0.720	7.898	2.216
0.719	7.885	2.213
0.718	7.866	2.223
0.717	7.850	2.228
0.716	7.836	2.224
0.714	7.825	2.233
0.713	7.816	2.221
0.713	7.812	2.222
0.712	7.806	2.224
0.711	7.797	2.220
0.710	7.788	2.224
0.709	7.776	2.219
0.709	7.768	2.250
0.708	7.764	2.219
0.708	7.760	2.220
0.707	7.748	2.219
0.706	7.737	2.226
0.705	7.728	2.220
0.705	7.723	2.250
0.705	7.719	2.251
0.705	7.716	2.251
0.704	7.709	2.252
0.703	7.694	2.227
0.701	7.678	2.222
0.700	7.662	2.225
0.698	7.640	2.223
0.697	7.621	2.214
0.695	7.604	2.221
0.694	7.588	2.211
0.692	7.574	2.216
0.692	7.566	2.211
0.692	7.556	2.235
0.691	7.545	2.225
0.690	7.533	2.222
0.689	7.521	2.225
0.688	7.508	2.225
0.686	7.494	2.226
0.685	7.477	2.251
0.684	7.468	2.253
0.683	7.458	2.253
0.682	7.443	2.251
0.682	7.432	2.231
0.681	7.422	2.222
0.681	7.417	2.215
0.680	7.410	2.224
0.679	7.397	2.230
0.678	7.378	2.224
0.677	7.371	2.225
0.677	7.370	2.221
0.677	7.364	2.253
0.676	7.361	2.239
0.675	7.357	2.227
0.674	7.349	2.220
0.673	7.342	2.222
0.672	7.334	2.218
0.671	7.323	2.222
0.670	7.312	2.222
0.669	7.300	2.217
0.668	7.288	2.217
0.667	7.270	2.249
0.666	7.260	2.219
0.666	7.251	2.220
0.665	7.243	2.223
0.664	7.236	2.222
0.663	7.221	2.220
0.661	7.199	2.246
0.660	7.189	2.253
0.660	7.178	2.253
0.658	7.157	2.253
0.656	7.140	2.243
0.655	7.129	2.220
0.655	7.119	2.230
0.655	7.114	2.218
0.654	7.099	2.208
0.652	7.079	2.219
0.651	7.064	2.222
0.649	7.049	2.214
0.649	7.035	2.223
0.647	7.026	2.250
0.646	7.016	2.224
0.645	7.006	2.225
0.644	6.991	2.225
0.643	6.975	2.226
0.642	6.965	2.219
0.641	6.949	2.255
0.640	6.938	2.249
0.638	6.922	2.255
0.636	6.901	2.253
0.635	6.895	2.248
0.634	6.885	2.228
0.634	6.883	2.219
0.634	6.874	2.213
0.633	6.867	2.217
0.632	6.854	2.221
0.632	6.847	2.219
0.631	6.836	2.221
0.630	6.828	2.236
0.630	6.823	2.253
0.629	6.815	2.229
0.629	6.806	2.223
0.628	6.795	2.222
0.627	6.787	2.216
0.627	6.777	2.225
0.626	6.773	2.225
0.625	6.758	2.223
0.624	6.743	2.224
0.623	6.727	2.240
0.622	6.716	2.238
0.621	6.699	2.225
0.619	6.682	2.225
0.618	6.665	2.230
0.617	6.653	2.225
0.616	6.643	2.243
0.616	6.633	2.257
0.615	6.619	2.254
0.614	6.605	2.256
0.613	6.603	2.257
0.613	6.600	2.232
0.613	6.594	2.229
0.612	6.586	2.226
0.611	6.580	2.212
0.611	6.575	2.214
0.610	6.567	2.223
0.610	6.563	2.228
0.610	6.557	2.222
0.609	6.546	2.239
0.609	6.541	2.234
0.608	6.531	2.231
0.607	6.519	2.225
0.606	6.506	2.225
0.605	6.494	2.225
0.604	6.492	2.245
0.604	6.482	2.260
0.603	6.477	2.260
0.602	6.464	2.258
0.600	6.446	2.250
0.600	6.438	2.225
0.600	6.436	2.221
0.600	6.436	2.220
0.600	6.435	2.225
0.599	6.430	2.223
0.597	6.417	2.224
0.596	6.397	2.229
0.595	6.381	2.258
0.593	6.370	2.259
0.592	6.359	2.225
0.591	6.348	2.225
0.590	6.335	2.225
0.588	6.317	2.224
0.587	6.300	2.226
0.586	6.284	2.225
0.585	6.263	2.225
0.585	6.254	2.226
0.584	6.250	2.248
0.584	6.244	2.241
0.584	6.238	2.228
0.583	6.229	2.225
0.583	6.226	2.225
0.583	6.226	2.233
0.583	6.223	2.246
0.582	6.220	2.260
0.581	6.212	2.262
0.580	6.188	2.259
0.578	6.167	2.258
0.576	6.151	2.230
0.575	6.132	2.231
0.573	6.114	2.226
0.572	6.101	2.221
0.572	6.093	2.213
0.571	6.089	2.213
0.571	6.085	2.223
0.571	6.084	2.225
0.570	6.079	2.235
0.570	6.072	2.246
0.569	6.063	2.225
0.569	6.050	2.233
0.568	6.040	2.221
0.567	6.030	2.223
0.566	6.017	2.238
0.565	6.006	2.260
0.564	5.995	2.263
0.564	5.982	2.261
0.563	5.972	2.263
0.562	5.968	2.238
0.561	5.957	2.227
0.560	5.952	2.228
0.559	5.945	2.225
0.559	5.944	2.225
0.558	5.937	2.225
0.556	5.930	2.225
0.555	5.920	2.264
0.555	5.918	2.265
0.554	5.914	2.252
0.554	5.912	2.225
0.553	5.908	2.231
0.552	5.907	2.231
0.552	5.903	2.236
0.551	5.900	2.239
0.550	5.896	2.244

