
0.588	6.489	15.649
0.589	6.498	15.651
0.590	6.510	15.653
0.591	6.522	15.652
0.592	6.534	15.650
0.593	6.552	15.652
0.595	6.573	15.651
0.596	6.587	15.650
0.597	6.592	15.650
0.598	6.604	15.649
0.599	6.620	15.650
0.600	6.631	15.650
0.600	6.641	15.652
0.600	6.641	15.651
0.600	6.643	15.651
0.601	6.647	15.653
0.601	6.653	15.652
0.602	6.663	15.652
0.603	6.673	15.652
0.604	6.683	15.651
0.605	6.693	15.652
0.605	6.707	15.651
0.606	6.718	15.651
0.607	6.726	15.653
0.608	6.735	15.653
0.608	6.745	15.651
0.609	6.750	15.651
0.610	6.763	15.652
0.611	6.769	15.652
0.611	6.780	15.651
0.612	6.792	15.649
0.613	6.800	15.652
0.614	6.815	15.651
0.615	6.824	15.652
0.616	6.842	15.652
0.617	6.860	15.651
0.617	6.862	15.651
0.617	6.863	15.652
0.617	6.865	15.653
0.618	6.874	15.651
0.619	6.889	15.651
0.620	6.894	15.654
0.619	6.897	15.652
0.620	6.897	15.651
0.620	6.902	15.651
0.621	6.910	15.652
0.622	6.927	15.653
0.624	6.945	15.650
0.625	6.959	15.654
0.625	6.967	15.651
0.626	6.972	15.652
0.627	6.990	15.654
0.628	6.996	15.652
0.628	7.005	15.651
0.629	7.014	15.650
0.630	7.019	15.653
0.631	7.031	15.652
0.632	7.037	15.654
0.633	7.052	15.651
0.633	7.055	15.656
0.633	7.056	15.654
0.633	7.059	15.654
0.635	7.074	15.654
0.636	7.089	15.653
0.636	7.099	15.654
0.637	7.106	15.654
0.637	7.106	15.654
0.637	7.113	15.653
0.638	7.122	15.652
0.640	7.135	15.654
0.641	7.153	15.653
0.642	7.167	15.655
0.643	7.178	15.653
0.643	7.178	15.657
0.643	7.178	15.654
0.643	7.184	15.652
0.644	7.193	15.653
0.645	7.204	15.653
0.645	7.214	15.652
0.646	7.222	15.653
0.646	7.227	15.656
0.647	7.234	15.653
0.648	7.239	15.654
0.649	7.251	15.653
0.650	7.266	15.653
0.651	7.283	15.652
0.652	7.294	15.654
0.653	7.305	15.653
0.653	7.312	15.656
0.653	7.314	15.655
0.654	7.326	15.654
0.656	7.339	15.655
0.657	7.349	15.652
0.657	7.353	15.653
0.657	7.356	15.655
0.657	7.353	15.654
0.657	7.360	15.655
0.657	7.361	15.654
0.658	7.369	15.654
0.659	7.385	15.656
0.660	7.394	15.655
0.660	7.397	15.654
0.660	7.407	15.654
0.661	7.420	15.656
0.662	7.428	15.657
0.663	7.438	15.655
0.663	7.446	15.653
0.664	7.449	15.656
0.664	7.458	15.655
0.664	7.458	15.656
0.664	7.461	15.655
0.665	7.471	15.656
0.667	7.483	15.654
0.668	7.501	15.656
0.669	7.518	15.655
0.671	7.530	15.657
0.671	7.536	15.658
0.672	7.543	15.655
0.673	7.554	15.657
0.673	7.559	15.654
0.673	7.560	15.655
0.673	7.567	15.656
0.674	7.580	15.655
0.676	7.590	15.655
0.677	7.600	15.658
0.678	7.612	15.656
0.678	7.617	15.658
0.678	7.619	15.657
0.678	7.627	15.656
0.679	7.635	15.655
0.679	7.642	15.655
0.680	7.651	15.654
0.681	7.659	15.656
0.682	7.666	15.657
0.682	7.674	15.656
0.682	7.680	15.655
0.683	7.690	15.657
0.684	7.701	15.656
0.684	7.706	15.654
0.685	7.711	15.656
0.685	7.715	15.657
0.686	7.724	15.656
0.687	7.732	15.656
0.688	7.743	15.657
0.690	7.766	15.658
0.691	7.779	15.656
0.691	7.785	15.655
0.691	7.788	15.655
0.692	7.798	15.655
0.693	7.803	15.656
0.694	7.812	15.658
0.694	7.819	15.656
0.694	7.825	15.657
0.695	7.836	15.659
0.695	7.841	15.659
0.696	7.849	15.658
0.696	7.863	15.658
0.697	7.874	15.656
0.697	7.880	15.658
0.697	7.885	15.657
0.698	7.888	15.657
0.698	7.894	15.657
0.698	7.898	15.660
0.699	7.898	15.660
0.699	7.906	15.660
0.699	7.910	15.659
0.700	7.917	15.658
0.700	7.922	15.659
0.700	7.922	15.659
0.701	7.924	15.655
0.701	7.928	15.660
0.702	7.935	15.658
0.703	7.950	15.655
0.704	7.959	15.660
0.705	7.964	15.659
0.705	7.969	15.659
0.706	7.973	15.658
0.707	7.983	15.658
0.707	7.993	15.659
0.708	8.005	15.659
0.708	8.008	15.659
0.709	8.009	15.660
0.710	8.020	15.659
0.710	8.032	15.658
0.711	8.039	15.660
0.711	8.044	15.659
0.711	8.044	15.659
0.711	8.044	15.656
0.711	8.044	15.659
0.711	8.044	15.660
0.711	8.047	15.662
0.712	8.057	15.658
0.714	8.072	15.660
0.716	8.091	15.660
0.716	8.105	15.660
0.717	8.116	15.660
0.718	8.125	15.658
0.719	8.139	15.660
0.720	8.152	15.658
0.722	8.172	15.659
0.723	8.184	15.658
0.724	8.193	15.659
0.723	8.191	15.660
0.723	8.192	15.659
0.723	8.196	15.661
0.723	8.199	15.662
0.723	8.198	15.662
0.723	8.200	15.661
0.723	8.200	15.660
0.723	8.198	15.658
0.723	8.195	15.658
0.723	8.195	15.661
0.723	8.195	15.662
0.723	8.196	15.661
0.723	8.200	15.660
0.723	8.202	15.661
0.723	8.206	15.662
0.724	8.215	15.663
0.724	8.215	15.661
0.724	8.223	15.663
0.726	8.244	15.661
0.728	8.257	15.661
0.730	8.279	15.660
0.731	8.296	15.661
0.732	8.313	15.660
0.733	8.325	15.661
0.734	8.335	15.661
0.736	8.347	15.660
0.737	8.356	15.661
0.738	8.363	15.660
0.738	8.372	15.661
0.739	8.381	15.660
0.739	8.388	15.660
0.740	8.398	15.661
0.740	8.407	15.661
0.741	8.419	15.659
0.743	8.440	15.661
0.745	8.464	15.663
0.748	8.482	15.661
0.749	8.495	15.660
0.749	8.500	15.660
0.749	8.503	15.660
0.749	8.508	15.661
0.749	8.514	15.663
0.751	8.539	15.661
0.752	8.550	15.661
0.754	8.563	15.662
0.755	8.578	15.660
0.756	8.594	15.662
0.757	8.607	15.662
0.757	8.611	15.663
0.758	8.616	15.663
0.758	8.624	15.662
0.758	8.631	15.663
0.759	8.644	15.665
0.761	8.655	15.659
0.762	8.672	15.664
0.763	8.684	15.661
0.765	8.709	15.662
0.767	8.731	15.662
0.768	8.751	15.662
0.768	8.760	15.662
0.768	8.764	15.663
0.769	8.770	15.661
0.769	8.777	15.662
0.770	8.779	15.662
0.770	8.785	15.664
0.772	8.799	15.663
0.773	8.813	15.663
0.775	8.828	15.661
0.775	8.844	15.661
0.775	8.850	15.662
0.775	8.855	15.661
0.777	8.869	15.664
0.778	8.881	15.663
0.778	8.887	15.663
0.779	8.887	15.663
0.779	8.898	15.665
0.781	8.927	15.662
0.783	8.947	15.661
0.783	8.955	15.662
0.784	8.959	15.661
0.784	8.961	15.663
0.785	8.968	15.664
0.786	8.978	15.664
0.787	8.995	15.665
0.789	9.009	15.665
0.790	9.020	15.661
0.791	9.034	15.662
0.791	9.046	15.665
0.793	9.061	15.664
0.794	9.073	15.664
0.795	9.087	15.664
0.795	9.093	15.665
0.795	9.094	15.663
0.796	9.100	15.664
0.796	9.111	15.664
0.797	9.119	15.663
0.798	9.133	15.664
0.798	9.140	15.664
0.799	9.144	15.665
0.799	9.154	15.664
0.800	9.159	15.664
0.801	9.166	15.664
0.801	9.167	15.661
0.802	9.178	15.664
0.803	9.191	15.663
0.804	9.201	15.667
0.804	9.207	15.665
0.805	9.218	15.662
0.806	9.233	15.666
0.806	9.243	15.666
0.807	9.251	15.665
0.808	9.261	15.664
0.809	9.265	15.663
0.809	9.277	15.664
0.809	9.277	15.666
0.809	9.279	15.665
0.809	9.280	15.666
0.809	9.282	15.664
0.809	9.284	15.665
0.809	9.286	15.665
0.809	9.287	15.665
0.809	9.283	15.661
0.810	9.293	15.665
0.816	9.356	15.665
0.818	9.376	15.667
0.818	9.387	15.667
0.819	9.406	15.666
0.820	9.415	15.665
0.821	9.421	15.668
0.821	9.424	15.665
0.822	9.431	15.666
0.822	9.435	15.667
0.823	9.436	15.669
0.823	9.448	15.666
0.824	9.455	15.667
0.825	9.468	15.669
0.826	9.482	15.669
0.827	9.492	15.666
0.828	9.503	15.664
0.828	9.517	15.668
0.829	9.533	15.668
0.830	9.541	15.668
0.831	9.546	15.666
0.832	9.552	15.664
0.833	9.570	15.665
0.834	9.582	15.668
0.835	9.592	15.667
0.835	9.603	15.667
0.837	9.619	15.667
0.839	9.642	15.664
0.839	9.644	15.666
0.839	9.653	15.668
0.839	9.654	15.666
0.839	9.655	15.668
0.839	9.656	15.667
0.839	9.660	15.667
0.839	9.661	15.668
0.839	9.663	15.667
0.839	9.664	15.666
0.840	9.664	15.667
0.841	9.688	15.667
0.843	9.710	15.669
0.844	9.718	15.667
0.845	9.724	15.666
0.845	9.726	15.666
0.845	9.729	15.667
0.845	9.734	15.667
0.846	9.744	15.667
0.846	9.753	15.668
0.847	9.753	15.664
0.848	9.761	15.668
0.848	9.771	15.668
0.849	9.778	15.670
0.849	9.783	15.669
0.849	9.785	15.670
0.849	9.785	15.669
0.849	9.784	15.670
0.849	9.786	15.668
0.850	9.791	15.670
0.850	9.801	15.670
0.851	9.802	15.669
0.851	9.803	15.668
0.853	9.819	15.669
0.855	9.849	15.668
0.857	9.872	15.669
0.857	9.879	15.669
0.858	9.888	15.667
0.859	9.896	15.669
0.860	9.901	15.668
0.860	9.911	15.666
0.862	9.925	15.668
0.862	9.937	15.667
0.863	9.954	15.666
0.865	9.971	15.668
0.866	9.985	15.668
0.867	9.999	15.669
0.869	10.014	15.668
0.869	10.023	15.668
0.871	10.039	15.668
0.872	10.056	15.667
0.873	10.071	15.668
0.874	10.086	15.666
0.876	10.111	15.669
0.877	10.121	15.669
0.878	10.132	15.672
0.878	10.139	15.668
0.879	10.144	15.667
0.879	10.145	15.670
0.879	10.148	15.670
0.880	10.160	15.669
0.880	10.167	15.670
0.880	10.173	15.669
0.880	10.178	15.671
0.881	10.181	15.670
0.881	10.182	15.672
0.881	10.185	15.670
0.882	10.190	15.667
0.882	10.193	15.669
0.882	10.199	15.669
0.883	10.201	15.670
0.883	10.205	15.668
0.884	10.217	15.669
0.884	10.220	15.669
0.885	10.225	15.669
0.885	10.235	15.670
0.886	10.242	15.671
0.887	10.253	15.671
0.887	10.262	15.668
0.888	10.266	15.669
0.888	10.271	15.671
0.889	10.285	15.671
0.890	10.295	15.670
0.890	10.303	15.672
0.891	10.310	15.673
0.892	10.317	15.673
0.893	10.329	15.671
0.895	10.343	15.670
0.895	10.359	15.671
0.896	10.364	15.671
0.897	10.365	15.670
0.897	10.373	15.670
0.897	10.376	15.671
0.898	10.382	15.670
0.898	10.388	15.671
0.899	10.401	15.671
0.900	10.416	15.670
0.901	10.429	15.671
0.903	10.438	15.669
0.903	10.449	15.671
0.905	10.463	15.670
0.906	10.486	15.670
0.907	10.506	15.669
0.909	10.525	15.669
0.910	10.535	15.669
0.910	10.536	15.670
0.910	10.535	15.672
0.910	10.539	15.669
0.911	10.545	15.670
0.911	10.554	15.672
0.912	10.570	15.673
0.913	10.584	15.674
0.914	10.596	15.673
0.915	10.606	15.673
0.916	10.618	15.673
0.917	10.627	15.672
0.917	10.634	15.674
0.918	10.644	15.672
0.918	10.640	15.669
0.918	10.645	15.671
0.918	10.654	15.672
0.919	10.657	15.674
0.919	10.659	15.672
0.919	10.665	15.673
0.920	10.669	15.671
0.921	10.679	15.673
0.921	10.688	15.673
0.922	10.693	15.672
0.922	10.701	15.672
0.923	10.711	15.672
0.923	10.715	15.672
0.923	10.718	15.671
0.923	10.718	15.672
0.923	10.722	15.671
0.923	10.727	15.672
0.923	10.730	15.672
0.924	10.728	15.672
0.924	10.728	15.672
0.924	10.730	15.672
0.924	10.735	15.671
0.924	10.738	15.673
0.924	10.742	15.674
0.924	10.743	15.673
0.925	10.742	15.671
0.925	10.742	15.674
0.925	10.743	15.671
0.925	10.748	15.672
0.926	10.756	15.673
0.927	10.771	15.673
0.928	10.788	15.673
0.930	10.801	15.672
0.932	10.815	15.673
0.933	10.828	15.673
0.934	10.837	15.672
0.935	10.850	15.671
0.935	10.863	15.670
0.936	10.876	15.671
0.937	10.887	15.672
0.938	10.901	15.673
0.939	10.913	15.673
0.941	10.927	15.674
0.942	10.947	15.674
0.943	10.962	15.674
0.945	10.972	15.674
0.945	10.988	15.673
0.946	10.999	15.676
0.947	11.005	15.677
0.947	11.007	15.674
0.947	11.016	15.676
0.949	11.033	15.674
0.950	11.053	15.675
0.950	11.060	15.676
0.951	11.072	15.675
0.952	11.087	15.677
0.953	11.096	15.673
0.954	11.098	15.674
0.954	11.107	15.675
0.955	11.119	15.675
0.956	11.126	15.674
0.956	11.133	15.675
0.957	11.142	15.676
0.958	11.152	15.674
0.959	11.159	15.674
0.959	11.169	15.675
0.960	11.169	15.673
0.960	11.174	15.674
0.961	11.187	15.673
0.961	11.193	15.676
0.961	11.194	15.674
0.961	11.196	15.675
0.961	11.197	15.674
0.961	11.194	15.675
0.961	11.196	15.674
0.962	11.204	15.674
0.962	11.206	15.671
0.962	11.214	15.675
0.962	11.219	15.674
0.963	11.226	15.675
0.963	11.230	15.672
0.963	11.236	15.676
0.963	11.236	15.672
0.964	11.234	15.675
0.965	11.239	15.676
0.965	11.243	15.673
0.965	11.251	15.676
0.966	11.269	15.675
0.967	11.279	15.676
0.968	11.283	15.675
0.969	11.290	15.675
0.970	11.301	15.675
0.971	11.307	15.675
0.971	11.316	15.674
0.972	11.329	15.674
0.973	11.340	15.676
0.974	11.346	15.676
0.974	11.364	15.676
0.975	11.371	15.677
0.976	11.376	15.677
0.976	11.377	15.676
0.976	11.381	15.676
0.977	11.392	15.678
0.978	11.407	15.678
0.979	11.423	15.677
0.980	11.424	15.676
0.980	11.436	15.677
0.981	11.441	15.676
0.981	11.448	15.678
0.982	11.449	15.677
0.982	11.450	15.677
0.983	11.460	15.676
0.983	11.467	15.676
0.984	11.475	15.675
0.984	11.478	15.676
0.984	11.495	15.674
0.985	11.512	15.677
0.986	11.519	15.674
0.988	11.526	15.675
0.988	11.538	15.675
0.989	11.541	15.677
0.989	11.545	15.679
0.989	11.553	15.676
0.990	11.559	15.680
0.990	11.560	15.677
0.991	11.568	15.678
0.991	11.575	15.676
0.991	11.579	15.676
0.992	11.583	15.676
0.992	11.583	15.679
0.992	11.584	15.677
0.992	11.574	15.677
0.992	11.584	15.679
0.992	11.586	15.676
0.993	11.589	15.677
0.993	11.592	15.679
0.993	11.597	15.677
0.993	11.603	15.677
0.993	11.607	15.676
0.993	11.605	15.675
0.993	11.610	15.676
0.994	11.618	15.677
0.994	11.620	15.678
0.994	11.621	15.678
0.995	11.624	15.677
0.995	11.628	15.679
0.995	11.634	15.675
0.996	11.642	15.677
0.996	11.645	15.677
0.996	11.646	15.677
0.997	11.647	15.679
0.997	11.651	15.677
0.997	11.653	15.677
0.997	11.653	15.678
0.998	11.668	15.677
0.999	11.677	15.677
1.000	11.690	15.677
1.001	11.705	15.676
1.003	11.715	15.677
1.003	11.724	15.680
1.004	11.732	15.681
1.005	11.743	15.680
1.008	11.759	15.678
1.009	11.788	15.680
1.010	11.799	15.679
1.010	11.804	15.677
1.011	11.807	15.677
1.011	11.813	15.677
1.011	11.806	15.677
1.011	11.819	15.679
1.011	11.821	15.679
1.011	11.826	15.679
1.012	11.829	15.678
1.012	11.835	15.681
1.013	11.843	15.679
1.014	11.855	15.681
1.015	11.863	15.679
1.015	11.861	15.677
1.015	11.864	15.678
1.016	11.880	15.679
1.016	11.888	15.679
1.017	11.892	15.680
1.017	11.901	15.680
1.019	11.917	15.679
1.019	11.921	15.679
1.020	11.925	15.681
1.020	11.926	15.680
1.021	11.933	15.679
1.022	11.956	15.679
1.023	11.965	15.680
1.023	11.974	15.679
1.024	11.980	15.680
1.025	11.987	15.678
1.025	11.990	15.678
1.026	11.997	15.679
1.026	12.001	15.682
1.026	12.010	15.679
1.027	12.012	15.682
1.027	12.018	15.682
1.028	12.025	15.681
1.029	12.034	15.682
1.029	12.034	15.679
1.030	12.048	15.680
1.030	12.059	15.678
1.031	12.068	15.682
1.032	12.076	15.682
1.033	12.079	15.679
1.033	12.081	15.678
1.034	12.094	15.678
1.035	12.100	15.680
1.035	12.108	15.679
1.035	12.121	15.682
1.035	12.122	15.681
1.035	12.122	15.682
1.035	12.124	15.683
1.035	12.126	15.682
1.035	12.122	15.679
1.035	12.126	15.680
1.036	12.131	15.679
1.036	12.134	15.680
1.036	12.146	15.680
1.037	12.158	15.683
1.038	12.164	15.682
1.038	12.169	15.683
1.039	12.174	15.684
1.039	12.182	15.683
1.040	12.182	15.680
1.040	12.183	15.680
1.041	12.183	15.680
1.041	12.183	15.679
1.041	12.194	15.682
1.043	12.197	15.684
1.043	12.207	15.682
1.043	12.219	15.682
1.044	12.229	15.683
1.045	12.232	15.680
1.046	12.243	15.681
1.046	12.254	15.682
1.046	12.256	15.684
1.046	12.260	15.684
1.046	12.259	15.682
1.046	12.261	15.682
1.046	12.261	15.682
1.046	12.262	15.682
1.046	12.263	15.682
1.046	12.264	15.683
1.046	12.264	15.682
1.046	12.264	15.682
1.046	12.264	15.684
1.046	12.262	15.683
1.046	12.263	15.682
1.046	12.265	15.685
1.046	12.265	15.683
1.046	12.267	15.681
1.047	12.273	15.684
1.048	12.280	15.684
1.048	12.283	15.682
1.049	12.285	15.680
1.050	12.298	15.680
1.052	12.321	15.684
1.053	12.336	15.683
1.054	12.348	15.685
1.054	12.355	15.682
1.054	12.360	15.683
1.054	12.358	15.680
1.055	12.363	15.681
1.056	12.373	15.682
1.056	12.384	15.681
1.057	12.394	15.684
1.057	12.408	15.684
1.058	12.417	15.685
1.058	12.430	15.683
1.059	12.428	15.683
1.059	12.431	15.684
1.060	12.438	15.683
1.060	12.441	15.684
1.060	12.450	15.685
1.061	12.451	15.682
1.062	12.464	15.685
1.062	12.468	15.686
1.062	12.474	15.685
1.063	12.477	15.685
1.063	12.482	15.683
1.063	12.477	15.682
1.063	12.480	15.680
1.063	12.483	15.678
1.063	12.486	15.681
1.064	12.490	15.684
1.064	12.499	15.684
1.064	12.502	15.684
1.064	12.504	15.686
1.065	12.507	15.686
1.065	12.514	15.684
1.066	12.520	15.687
1.066	12.526	15.687
1.066	12.533	15.686
1.067	12.537	15.687
1.068	12.540	15.686
1.068	12.548	15.685
1.069	12.555	15.685
1.069	12.561	15.686
1.070	12.564	15.687
1.070	12.562	15.683
1.070	12.566	15.683
1.071	12.569	15.683
1.071	12.573	15.682
1.072	12.581	15.684
1.072	12.597	15.686
1.072	12.601	15.685
1.073	12.604	15.686
1.073	12.609	15.686
1.073	12.611	15.686
1.073	12.610	15.683
1.073	12.614	15.683
1.074	12.621	15.684
1.074	12.627	15.685
1.075	12.642	15.686
1.077	12.658	15.685
1.079	12.665	15.685
1.079	12.674	15.684
1.080	12.683	15.686
1.080	12.692	15.688
1.080	12.695	15.686
1.080	12.697	15.686
1.081	12.698	15.684
1.082	12.704	15.684
1.082	12.714	15.686
1.082	12.719	15.687
1.082	12.728	15.685
1.084	12.740	15.687
1.084	12.752	15.686
1.085	12.754	15.684
1.086	12.763	15.684
1.088	12.777	15.683
1.088	12.796	15.684
1.090	12.813	15.687
1.091	12.830	15.686
1.092	12.841	15.686
1.093	12.855	15.685
1.094	12.867	15.687
1.094	12.872	15.684
1.094	12.873	15.686
1.094	12.876	15.686
1.094	12.878	15.688
1.094	12.882	15.687
1.095	12.888	15.688
1.096	12.892	15.688
1.096	12.903	15.687
1.097	12.915	15.686
1.097	12.923	15.685
1.098	12.926	15.686
1.098	12.927	15.688
1.099	12.927	15.684
1.100	12.936	15.687
1.100	12.948	15.687
1.102	12.964	15.689
1.102	12.975	15.690
1.103	12.979	15.689
1.103	12.984	15.686
1.104	12.988	15.686
1.105	12.991	15.686
1.104	13.000	15.683
1.106	13.018	15.686
1.107	13.025	15.685
1.106	13.036	15.689
1.107	13.037	15.688
1.108	13.041	15.689
1.109	13.049	15.690
1.110	13.057	15.689
1.110	13.058	15.686
1.111	13.066	15.684
1.111	13.075	15.685
1.112	13.094	15.685
1.113	13.110	15.687
1.114	13.119	15.686
1.114	13.123	15.688
1.115	13.124	15.689
1.116	13.135	15.688
1.116	13.140	15.688
1.116	13.139	15.684
1.117	13.155	15.689
1.118	13.163	15.689
1.118	13.170	15.688
1.119	13.171	15.689
1.119	13.179	15.688
1.120	13.184	15.689
1.120	13.186	15.687
1.120	13.193	15.690
1.120	13.195	15.688
1.121	13.201	15.689
1.121	13.209	15.688
1.121	13.210	15.688
1.121	13.211	15.690
1.121	13.211	15.687
1.121	13.211	15.687
1.121	13.212	15.688
1.121	13.211	15.689
1.121	13.213	15.689
1.122	13.218	15.689
1.123	13.220	15.691
1.123	13.220	15.688
1.124	13.228	15.685
1.125	13.249	15.688
1.126	13.263	15.689
1.127	13.274	15.690
1.129	13.300	15.690
1.130	13.312	15.690
1.129	13.308	15.689
1.130	13.306	15.687
1.130	13.312	15.688
1.131	13.322	15.690
1.133	13.349	15.690
1.134	13.366	15.690
1.136	13.385	15.688
1.136	13.398	15.689
1.137	13.402	15.690
1.138	13.407	15.690
1.138	13.407	15.692
1.138	13.418	15.690
1.139	13.425	15.688
1.139	13.429	15.690
1.139	13.437	15.692
1.140	13.440	15.690
1.140	13.445	15.691
1.140	13.450	15.689
1.140	13.451	15.691
1.140	13.443	15.690
1.142	13.461	15.691
1.142	13.467	15.688
1.143	13.476	15.691
1.144	13.489	15.693
1.144	13.496	15.689
1.145	13.501	15.691
1.145	13.510	15.691
1.146	13.520	15.690
1.146	13.525	15.689
1.146	13.528	15.689
1.149	13.540	15.690
1.150	13.561	15.692
1.151	13.584	15.689
1.152	13.596	15.691
1.153	13.599	15.692
1.153	13.602	15.691
1.153	13.604	15.691
1.153	13.607	15.691
1.153	13.608	15.692
1.153	13.608	15.691
1.153	13.611	15.692
1.154	13.597	15.690
1.153	13.599	15.690
1.153	13.606	15.689
1.154	13.605	15.689
1.154	13.614	15.691
1.155	13.623	15.691
1.156	13.638	15.691
1.158	13.639	15.692
1.159	13.666	15.692
1.160	13.683	15.690
1.161	13.690	15.692
1.162	13.699	15.694
1.163	13.714	15.693
1.164	13.728	15.692
1.165	13.745	15.691
1.165	13.752	15.692
1.166	13.752	15.693
1.167	13.764	15.694
1.168	13.783	15.693
1.169	13.796	15.692
1.169	13.805	15.690
1.170	13.811	15.693
1.171	13.825	15.692
1.172	13.837	15.692
1.173	13.850	15.691
1.174	13.861	15.692
1.174	13.853	15.691
1.175	13.871	15.692
1.175	13.879	15.692
1.175	13.882	15.693
1.175	13.887	15.693
1.176	13.889	15.692
1.176	13.893	15.693
1.176	13.898	15.693
1.176	13.903	15.693
1.178	13.918	15.693
1.178	13.925	15.692
1.179	13.932	15.692
1.179	13.945	15.690
1.180	13.952	15.692
1.181	13.955	15.693
1.181	13.955	15.694
1.181	13.957	15.693
1.181	13.960	15.693
1.181	13.965	15.693
1.182	13.968	15.692
1.183	13.989	15.691
1.183	13.993	15.691
1.184	14.001	15.691
1.185	14.012	15.692
1.186	14.029	15.693
1.187	14.038	15.695
1.187	14.044	15.693
1.188	14.050	15.694
1.189	14.047	15.693
1.190	14.059	15.693
1.190	14.072	15.694
1.192	14.081	15.694
1.192	14.087	15.693
1.192	14.089	15.694
1.193	14.098	15.695
1.193	14.105	15.694
1.194	14.111	15.695
1.194	14.112	15.695
1.194	14.116	15.694
1.194	14.108	15.696
1.194	14.124	15.694
1.194	14.126	15.694
1.195	14.132	15.695
1.196	14.138	15.694
1.196	14.148	15.695
1.197	14.156	15.695
1.198	14.164	15.694
1.199	14.172	15.695
1.199	14.177	15.697
1.199	14.183	15.694
1.200	14.186	15.693
1.200	14.188	15.693
1.201	14.204	15.695
1.203	14.223	15.694
1.205	14.247	15.694
1.205	14.258	15.696
1.206	14.268	15.696
1.206	14.266	15.695
1.207	14.284	15.693
1.208	14.298	15.695
1.210	14.323	15.697
1.210	14.333	15.696
1.211	14.342	15.694
1.211	14.347	15.695
1.212	14.355	15.696
1.213	14.361	15.696
1.213	14.364	15.696
1.213	14.359	15.692
1.213	14.363	15.692
1.213	14.366	15.695
1.214	14.370	15.695
1.215	14.387	15.693
1.215	14.400	15.695
1.215	14.404	15.694
1.216	14.406	15.697
1.217	14.417	15.695
1.217	14.420	15.694
1.218	14.422	15.694
1.218	14.427	15.696
1.218	14.432	15.692
1.218	14.435	15.694
1.218	14.448	15.697
1.219	14.455	15.698
1.220	14.465	15.697
1.221	14.476	15.695
1.221	14.479	15.698
1.221	14.470	15.696
1.221	14.470	15.696
1.222	14.475	15.697
1.222	14.486	15.694
1.224	14.510	15.699
1.225	14.525	15.697
1.227	14.536	15.696
1.228	14.549	15.697
1.230	14.568	15.695
1.231	14.580	15.694
1.231	14.586	15.696
1.231	14.590	15.696
1.232	14.599	15.697
1.232	14.596	15.699
1.233	14.611	15.700
1.233	14.613	15.697
1.234	14.623	15.698
1.235	14.627	15.698
1.235	14.636	15.695
1.236	14.645	15.696
1.237	14.666	15.696
1.237	14.673	15.697
1.237	14.673	15.698
1.238	14.680	15.698
1.238	14.684	15.695
1.239	14.693	15.698
1.241	14.709	15.697
1.243	14.730	15.697
1.244	14.749	15.696
1.245	14.763	15.698
1.246	14.770	15.695
1.246	14.766	15.696
1.246	14.773	15.696
1.247	14.798	15.696
1.249	14.810	15.698
1.251	14.831	15.697
1.251	14.848	15.699
1.251	14.853	15.697
1.252	14.846	15.697
1.252	14.850	15.698
1.252	14.853	15.701
1.252	14.856	15.697
1.253	14.868	15.698
1.254	14.876	15.699
1.255	14.887	15.697
1.255	14.894	15.699
1.255	14.904	15.696
1.256	14.901	15.698
1.256	14.899	15.698
1.255	14.902	15.697
1.255	14.902	15.700
1.256	14.909	15.698
1.257	14.932	15.697
1.259	14.954	15.700
1.260	14.968	15.700
1.261	14.978	15.699
1.262	14.986	15.699
1.263	14.990	15.697
1.265	15.012	15.698
1.265	15.014	15.698
1.266	15.017	15.699
1.266	15.026	15.699
1.266	15.028	15.701
1.267	15.034	15.701
1.269	15.045	15.703
1.269	15.062	15.702
1.270	15.059	15.701
1.270	15.074	15.702
1.270	15.078	15.701
1.271	15.088	15.702
1.272	15.100	15.701
1.273	15.111	15.703
1.274	15.123	15.703
1.275	15.143	15.702
1.277	15.160	15.702
1.278	15.177	15.700
1.281	15.204	15.703
1.282	15.225	15.702
1.283	15.233	15.702
1.283	15.236	15.703
1.284	15.254	15.704
1.285	15.267	15.702
1.286	15.273	15.704
1.285	15.278	15.700
1.286	15.283	15.702
1.286	15.283	15.702
1.287	15.288	15.702
1.287	15.296	15.701
1.289	15.308	15.700
1.289	15.323	15.702
1.290	15.342	15.700
1.290	15.345	15.699
1.290	15.348	15.700
1.291	15.356	15.698
1.291	15.364	15.695
1.293	15.359	15.695
1.293	15.365	15.699
1.294	15.369	15.697
1.294	15.376	15.698
1.295	15.392	15.696
1.295	15.395	15.696
1.295	15.402	15.695
1.295	15.415	15.694
1.296	15.430	15.695
1.298	15.430	15.693
1.299	15.442	15.691
1.299	15.447	15.692
1.300	15.453	15.691
1.301	15.462	15.691
1.302	15.481	15.692
1.303	15.492	15.692
1.304	15.503	15.690
1.305	15.513	15.691
1.306	15.521	15.689
1.307	15.518	15.688
1.307	15.529	15.687
1.308	15.546	15.689
1.309	15.552	15.691
1.310	15.563	15.688
1.310	15.571	15.687
1.311	15.582	15.688
1.312	15.589	15.687
1.313	15.601	15.686
1.314	15.613	15.686
1.315	15.624	15.687
1.315	15.630	15.685
1.316	15.636	15.684
1.317	15.645	15.683
1.318	15.666	15.684
1.319	15.688	15.685
1.321	15.707	15.685
1.322	15.721	15.682
1.323	15.734	15.683
1.323	15.735	15.678
1.324	15.740	15.679
1.324	15.746	15.679
1.324	15.749	15.679
1.325	15.772	15.678
1.326	15.783	15.678
1.326	15.783	15.680
1.325	15.784	15.678
1.326	15.787	15.678
1.327	15.796	15.675
1.328	15.793	15.673
1.328	15.796	15.673
1.328	15.803	15.674
1.329	15.812	15.675
1.330	15.832	15.676
1.331	15.840	15.673
1.332	15.853	15.674
1.332	15.862	15.674
1.332	15.870	15.673
1.333	15.870	15.671
1.335	15.880	15.668
1.335	15.901	15.671
1.336	15.907	15.668
1.337	15.918	15.672
1.339	15.931	15.669
1.340	15.942	15.669
1.341	15.955	15.669
1.342	15.967	15.666
1.344	15.959	15.666
1.343	15.974	15.669
1.344	15.981	15.667
1.344	15.985	15.665
1.345	15.992	15.665
1.345	15.995	15.666
1.345	16.003	15.665
1.346	16.027	15.665
1.348	16.040	15.665
1.349	16.053	15.662
1.350	16.064	15.661
1.351	16.074	15.662
1.352	16.063	15.661
1.353	16.093	15.662
1.354	16.106	15.660
1.355	16.125	15.660
1.357	16.142	15.658
1.358	16.153	15.660
1.358	16.168	15.658
1.359	16.166	15.659
1.360	16.192	15.657
1.361	16.199	15.658
1.360	16.201	15.657
1.361	16.207	15.658
1.362	16.211	15.656
1.362	16.222	15.658
1.363	16.235	15.658
1.363	16.247	15.656
1.364	16.250	15.656
1.364	16.252	15.656
1.364	16.262	15.653
1.365	16.268	15.654
1.365	16.272	15.653
1.366	16.273	15.654
1.367	16.284	15.654
1.367	16.296	15.653
1.369	16.318	15.652
1.370	16.337	15.649
1.372	16.332	15.653
1.373	16.359	15.652
1.373	16.364	15.651
1.375	16.372	15.652
1.377	16.385	15.650
1.378	16.398	15.649
1.380	16.414	15.650
1.380	16.426	15.651
1.381	16.431	15.651
1.381	16.434	15.649
1.383	16.442	15.650
1.384	16.463	15.649
1.385	16.474	15.647
1.385	16.482	15.649
1.386	16.496	15.648
1.387	16.511	15.649
1.389	16.532	15.648
1.390	16.546	15.647
1.392	16.561	15.648
1.393	16.571	15.647
1.393	16.586	15.646
1.395	16.599	15.646
1.396	16.609	15.646
1.397	16.629	15.645
1.398	16.639	15.643
1.399	16.662	15.643
1.400	16.667	15.644
1.399	16.670	15.644
1.400	16.673	15.644
1.400	16.659	15.646
1.401	16.680	15.644
1.401	16.687	15.643
1.402	16.696	15.641
1.403	16.711	15.646
1.404	16.721	15.644
1.405	16.733	15.643
1.405	16.736	15.645
1.406	16.749	15.643
1.407	16.756	15.639
1.407	16.772	15.641
1.408	16.785	15.640
1.409	16.799	15.642
1.411	16.809	15.642
1.412	16.818	15.642
1.414	16.826	15.642
1.415	16.837	15.641
1.415	16.846	15.644
1.417	16.855	15.642
1.418	16.856	15.639
1.418	16.880	15.643
1.419	16.894	15.642
1.420	16.905	15.640
1.420	16.913	15.642
1.421	16.919	15.642
1.422	16.930	15.642
1.423	16.941	15.641
1.424	16.956	15.641
1.425	16.960	15.637
1.426	16.970	15.637
1.428	16.985	15.640
1.429	17.003	15.640
1.429	17.021	15.638
1.430	17.034	15.637
1.431	17.046	15.637
1.432	17.056	15.637
1.433	17.066	15.639
1.434	17.078	15.638
1.434	17.077	15.635
1.435	17.093	15.637
1.436	17.106	15.635
1.436	17.116	15.638
1.437	17.134	15.636
1.438	17.145	15.636
1.439	17.151	15.638
1.439	17.164	15.637
1.440	17.175	15.636
1.441	17.175	15.636
1.441	17.175	15.635
1.441	17.176	15.635
1.441	17.183	15.635
1.441	17.190	15.637
1.442	17.208	15.637
1.444	17.230	15.635
1.445	17.249	15.635
1.445	17.262	15.637
1.446	17.260	15.638
1.446	17.266	15.636
1.446	17.270	15.637
1.446	17.273	15.635
1.449	17.279	15.637
1.450	17.290	15.637
1.452	17.314	15.636
1.454	17.334	15.636
1.455	17.346	15.636
1.455	17.348	15.634
1.456	17.346	15.634
1.456	17.347	15.634
1.457	17.359	15.636
1.458	17.371	15.635
1.459	17.380	15.635
1.460	17.403	15.637
1.461	17.419	15.637
1.462	17.434	15.636
1.464	17.461	15.633
1.467	17.477	15.633
1.467	17.483	15.636
1.469	17.499	15.634
1.470	17.522	15.635
1.471	17.553	15.636
1.472	17.567	15.632
1.474	17.580	15.636
1.474	17.590	15.635
1.473	17.590	15.637
1.474	17.594	15.635
1.474	17.589	15.635
1.475	17.596	15.637
1.475	17.604	15.634
1.476	17.609	15.635
1.476	17.617	15.637
1.476	17.632	15.637
1.476	17.641	15.635
1.478	17.658	15.636
1.479	17.673	15.637
1.481	17.690	15.634
1.481	17.688	15.637
1.481	17.694	15.635
1.482	17.705	15.634
1.484	17.714	15.635
1.484	17.740	15.638
1.486	17.748	15.635
1.486	17.751	15.636
1.487	17.761	15.634
1.488	17.767	15.637
1.489	17.773	15.636
1.490	17.782	15.636
1.490	17.786	15.635
1.491	17.788	15.633
1.491	17.791	15.635
1.492	17.808	15.637
1.492	17.811	15.637
1.493	17.818	15.637
1.493	17.828	15.635
1.494	17.832	15.634
1.495	17.832	15.634
1.496	17.844	15.638
1.497	17.855	15.636
1.498	17.866	15.636
1.499	17.897	15.637
1.500	17.909	15.635
1.502	17.923	15.635
1.502	17.933	15.636
1.502	17.941	15.637
1.503	17.939	15.635
1.504	17.949	15.636
1.505	17.961	15.636
1.506	17.975	15.637
1.506	17.990	15.637
1.508	18.014	15.637
1.509	18.035	15.638
1.510	18.045	15.637
1.511	18.063	15.638
1.512	18.082	15.638
1.512	18.076	15.638
1.512	18.079	15.636
1.513	18.080	15.637
1.514	18.085	15.640
1.514	18.108	15.637
1.515	18.121	15.637
1.516	18.133	15.638
1.517	18.150	15.636
1.518	18.164	15.639
1.519	18.156	15.637
1.520	18.158	15.638
1.520	18.166	15.638
1.521	18.175	15.637
1.523	18.184	15.636
1.524	18.201	15.639
1.524	18.213	15.637
1.525	18.234	15.641
1.526	18.244	15.638
1.527	18.248	15.639
1.527	18.246	15.636
1.527	18.250	15.639
1.527	18.254	15.639
1.530	18.262	15.638
1.530	18.282	15.639
1.530	18.288	15.639
1.531	18.294	15.639
1.531	18.298	15.641
1.532	18.311	15.641
1.532	18.312	15.640
1.533	18.327	15.638
1.535	18.347	15.639
1.535	18.366	15.640
1.537	18.377	15.642
1.537	18.385	15.642
1.537	18.393	15.642
1.538	18.396	15.639
1.538	18.409	15.641
1.541	18.414	15.639
1.541	18.417	15.639
1.542	18.427	15.641
1.542	18.433	15.641
1.543	18.443	15.638
1.544	18.471	15.643
1.544	18.475	15.640
1.545	18.490	15.640
1.546	18.503	15.639
1.547	18.515	15.640
1.547	18.513	15.640
1.548	18.511	15.641
1.548	18.518	15.641
1.548	18.526	15.641
1.549	18.542	15.642
1.549	18.554	15.643
1.550	18.566	15.643
1.550	18.571	15.644
1.550	18.577	15.641
1.552	18.576	15.641
1.553	18.584	15.644
1.554	18.603	15.643
1.554	18.616	15.642
1.554	18.627	15.642
1.556	18.647	15.641
1.556	18.654	15.642
1.558	18.668	15.643
1.560	18.691	15.642
1.561	18.700	15.641
1.561	18.687	15.643
1.561	18.689	15.639
1.561	18.689	15.642
1.561	18.690	15.641
1.562	18.704	15.644
1.562	18.719	15.642
1.564	18.726	15.643
1.564	18.733	15.645
1.565	18.743	15.645
1.565	18.745	15.643
1.566	18.744	15.646
1.566	18.768	15.645
1.567	18.773	15.645
1.567	18.774	15.645
1.567	18.779	15.646
1.568	18.783	15.647
1.569	18.793	15.644
1.570	18.808	15.647
1.571	18.817	15.645
1.571	18.813	15.645
1.572	18.826	15.646
1.573	18.835	15.645
1.574	18.869	15.645
1.576	18.880	15.647
1.576	18.889	15.647
1.577	18.896	15.648
1.577	18.902	15.648
1.578	18.909	15.647
1.579	18.918	15.647
1.579	18.924	15.648
1.580	18.933	15.647
1.580	18.923	15.646
1.581	18.949	15.645
1.581	18.955	15.646
1.582	18.968	15.648
1.582	18.979	15.647
1.583	18.987	15.648
1.584	18.995	15.647
1.585	18.986	15.648
1.584	19.011	15.648
1.584	19.018	15.646
1.585	19.024	15.647
1.585	19.031	15.647
1.585	19.031	15.647
1.585	19.035	15.648
1.585	19.039	15.647
1.586	19.042	15.647
1.586	19.035	15.647
1.586	19.047	15.648
1.586	19.055	15.648
1.587	19.065	15.647
1.587	19.067	15.651
1.587	19.067	15.649
1.588	19.075	15.650
1.589	19.080	15.647
1.589	19.088	15.647
1.589	19.093	15.650
1.591	19.082	15.649
1.591	19.116	15.647
1.592	19.128	15.648
1.592	19.140	15.649
1.595	19.153	15.648
1.595	19.162	15.649
1.596	19.171	15.647
1.597	19.179	15.651
1.598	19.189	15.650
1.599	19.198	15.651
1.600	19.204	15.651
1.601	19.211	15.648
1.601	19.215	15.650
1.602	19.205	15.650
1.602	19.230	15.649
1.604	19.239	15.651
1.604	19.242	15.650
1.604	19.250	15.651
1.605	19.260	15.651
1.607	19.272	15.650
1.608	19.291	15.653
1.609	19.287	15.650
1.610	19.321	15.652
1.610	19.335	15.651
1.611	19.341	15.651
1.613	19.350	15.652
1.614	19.359	15.651
1.614	19.366	15.653
1.614	19.371	15.651
1.615	19.380	15.653
1.616	19.399	15.651
1.616	19.410	15.649
1.617	19.419	15.652
1.617	19.425	15.651
1.618	19.432	15.651
1.618	19.434	15.652
1.619	19.442	15.651
1.619	19.449	15.652
1.621	19.459	15.653
1.621	19.446	15.652
1.622	19.475	15.651
1.622	19.482	15.653
1.622	19.494	15.654
1.623	19.505	15.655
1.624	19.512	15.651
1.623	19.519	15.652
1.624	19.527	15.653
1.625	19.538	15.653
1.626	19.551	15.653
1.626	19.557	15.653
1.627	19.561	15.653
1.627	19.566	15.653
1.627	19.572	15.653
1.628	19.582	15.653
1.629	19.599	15.653
1.630	19.615	15.654
1.634	19.631	15.653
1.636	19.636	15.654
1.637	19.647	15.654
1.638	19.656	15.654
1.637	19.660	15.656
1.638	19.665	15.653
1.639	19.683	15.656
1.639	19.690	15.653
1.640	19.699	15.654
1.640	19.702	15.656
1.640	19.706	15.652
1.641	19.711	15.655
1.641	19.716	15.655
1.642	19.714	15.654
1.643	19.720	15.654
1.643	19.743	15.655
1.644	19.766	15.653
1.646	19.781	15.656
1.647	19.790	15.655
1.648	19.801	15.655
1.649	19.809	15.655
1.650	19.812	15.657
1.650	19.821	15.655
1.651	19.832	15.655
1.652	19.838	15.655
1.652	19.862	15.656
1.653	19.873	15.656
1.653	19.880	15.655
1.653	19.885	15.655
1.654	19.885	15.656
1.654	19.875	15.657
1.655	19.881	15.658
1.654	19.883	15.657
1.655	19.885	15.656
1.655	19.899	15.657
1.656	19.915	15.656
1.656	19.926	15.657
1.657	19.934	15.658
1.657	19.940	15.657
1.658	19.946	15.661
1.659	19.954	15.657
1.659	19.958	15.657
1.659	19.968	15.655
1.660	19.977	15.656
1.660	19.982	15.658
1.661	19.985	15.659
1.662	19.997	15.657
1.662	20.008	15.659
1.664	20.015	15.656
1.663	20.008	15.658
1.663	20.020	15.656
1.664	20.032	15.660
1.666	20.048	15.659
1.667	20.068	15.660
1.667	20.081	15.657
1.669	20.094	15.659
1.669	20.096	15.657
1.669	20.103	15.657
1.669	20.105	15.656
1.670	20.112	15.659
1.671	20.116	15.657
1.671	20.105	15.658
1.673	20.114	15.659
1.674	20.142	15.659
1.674	20.152	15.658
1.675	20.157	15.661
1.675	20.165	15.658
1.675	20.171	15.657
1.677	20.166	15.662
1.677	20.171	15.660
1.678	20.178	15.661
1.679	20.185	15.659
1.680	20.203	15.660
1.679	20.214	15.659
1.680	20.217	15.662
1.681	20.224	15.660
1.682	20.229	15.660
1.682	20.227	15.661
1.682	20.224	15.661
1.683	20.234	15.662
1.683	20.244	15.660
1.683	20.249	15.661
1.684	20.269	15.662
1.684	20.273	15.660
1.684	20.280	15.658
1.684	20.289	15.663
1.684	20.294	15.660
1.686	20.286	15.660
1.686	20.295	15.662
1.686	20.311	15.659
1.688	20.315	15.662
1.687	20.323	15.664
1.688	20.325	15.663
1.689	20.329	15.665
1.689	20.335	15.666
1.690	20.337	15.663
1.690	20.339	15.663
1.690	20.330	15.664
1.690	20.336	15.664
1.691	20.345	15.664
1.692	20.359	15.663
1.692	20.388	15.664
1.694	20.399	15.663
1.694	20.414	15.664
1.695	20.423	15.667
1.695	20.431	15.664
1.695	20.435	15.662
1.696	20.442	15.664
1.696	20.447	15.665
1.697	20.435	15.664
1.697	20.445	15.665
1.698	20.470	15.664
1.698	20.478	15.663
1.699	20.484	15.662
1.699	20.491	15.666
1.700	20.495	15.664
1.701	20.487	15.664
1.700	20.494	15.665
1.702	20.500	15.665
1.702	20.508	15.664
1.702	20.536	15.664
1.704	20.552	15.664
1.704	20.558	15.665
1.705	20.568	15.666
1.706	20.572	15.667
1.707	20.563	15.665
1.706	20.559	15.665
1.707	20.560	15.665
1.708	20.561	15.667
1.707	20.565	15.667
1.709	20.584	15.667
1.709	20.591	15.666
1.710	20.597	15.667
1.710	20.605	15.667
1.711	20.620	15.667
1.712	20.617	15.667
1.713	20.629	15.667
1.713	20.639	15.665
1.715	20.647	15.665
1.715	20.661	15.666
1.716	20.679	15.668
1.717	20.688	15.664
1.717	20.693	15.667
1.718	20.703	15.669
1.718	20.703	15.666
1.718	20.697	15.667
1.718	20.703	15.668
1.719	20.714	15.669
1.720	20.722	15.667
1.721	20.748	15.668
1.722	20.751	15.668
1.722	20.757	15.667
1.722	20.762	15.667
1.722	20.765	15.668
1.723	20.770	15.668
1.723	20.775	15.668
1.723	20.780	15.668
1.724	20.765	15.666
1.724	20.782	15.668
1.724	20.791	15.669
1.725	20.796	15.671
1.725	20.801	15.668
1.725	20.803	15.669
1.725	20.797	15.669
1.726	20.801	15.669
1.726	20.812	15.668
1.727	20.825	15.667
1.727	20.832	15.668
1.729	20.861	15.669
1.731	20.874	15.668
1.730	20.879	15.670
1.731	20.885	15.669
1.730	20.888	15.668
1.731	20.884	15.669
1.732	20.879	15.669
1.733	20.889	15.667
1.732	20.898	15.667
1.733	20.924	15.670
1.734	20.944	15.673
1.736	20.965	15.669
1.738	20.976	15.670
1.738	20.983	15.669
1.737	20.972	15.669
1.738	20.963	15.669
1.738	20.990	15.670


