
0.511	5.939	35.076
0.512	5.945	35.076
0.513	5.949	35.076
0.514	5.957	35.072
0.514	5.960	35.072
0.514	5.966	35.073
0.515	5.972	35.073
0.516	5.981	35.070
0.516	5.991	35.070
0.516	5.997	35.071
0.517	6.006	35.072
0.518	6.017	35.069
0.519	6.033	35.071
0.519	6.039	35.071
0.519	6.040	35.068
0.519	6.042	35.067
0.519	6.041	35.068
0.519	6.042	35.068
0.519	6.042	35.064
0.520	6.054	35.064
0.521	6.066	35.066
0.521	6.075	35.067
0.521	6.078	35.063
0.521	6.079	35.063
0.522	6.085	35.064
0.523	6.093	35.064
0.525	6.117	35.061
0.527	6.144	35.063
0.528	6.157	35.063
0.528	6.163	35.060
0.529	6.165	35.058
0.530	6.179	35.063
0.531	6.201	35.060
0.531	6.209	35.059
0.532	6.213	35.060
0.532	6.220	35.059
0.534	6.226	35.057
0.535	6.238	35.058
0.535	6.250	35.058
0.536	6.258	35.058
0.537	6.269	35.058
0.537	6.286	35.056
0.538	6.298	35.055
0.539	6.305	35.056
0.540	6.318	35.056
0.540	6.328	35.053
0.541	6.339	35.054
0.543	6.358	35.056
0.545	6.372	35.055
0.546	6.389	35.053
0.546	6.402	35.051
0.547	6.417	35.050
0.548	6.427	35.048
0.549	6.444	35.048
0.550	6.463	35.049
0.551	6.473	35.048
0.552	6.481	35.049
0.553	6.488	35.049
0.553	6.496	35.047
0.554	6.506	35.045
0.555	6.520	35.043
0.556	6.531	35.043
0.556	6.531	35.045
0.556	6.537	35.044
0.557	6.553	35.041
0.558	6.571	35.040
0.558	6.577	35.043
0.558	6.577	35.041
0.559	6.584	35.038
0.560	6.595	35.038
0.562	6.616	35.036
0.564	6.639	35.038
0.565	6.654	35.037
0.566	6.670	35.036
0.567	6.681	35.035
0.567	6.683	35.033
0.568	6.698	35.033
0.569	6.715	35.033
0.569	6.718	35.030
0.569	6.721	35.031
0.570	6.726	35.028
0.571	6.741	35.031
0.571	6.750	35.029
0.572	6.752	35.027
0.573	6.769	35.028
0.575	6.797	35.028
0.576	6.800	35.023
0.576	6.805	35.026
0.576	6.814	35.024
0.576	6.817	35.025
0.577	6.823	35.025
0.578	6.836	35.024
0.579	6.851	35.019
0.580	6.866	35.021
0.581	6.881	35.019
0.582	6.900	35.022
0.584	6.916	35.020
0.585	6.930	35.019
0.585	6.935	35.018
0.585	6.940	35.017
0.585	6.944	35.016
0.586	6.950	35.017
0.586	6.961	35.015
0.587	6.968	35.015
0.588	6.980	35.013
0.589	7.003	35.014
0.591	7.016	35.011
0.591	7.022	35.012
0.592	7.036	35.014
0.594	7.052	35.012
0.595	7.065	35.011
0.596	7.080	35.010
0.597	7.091	35.009
0.597	7.105	35.011
0.598	7.118	35.008
0.599	7.130	35.008
0.600	7.132	35.005
0.600	7.141	35.009
0.601	7.150	35.006
0.601	7.156	35.007
0.601	7.161	35.004
0.602	7.166	35.005
0.602	7.171	35.004
0.602	7.178	35.003
0.603	7.183	35.003
0.604	7.190	34.999
0.605	7.207	35.002
0.605	7.218	35.002
0.606	7.227	35.000
0.607	7.233	34.998
0.607	7.239	34.997
0.609	7.257	34.995
0.610	7.281	34.995
0.611	7.294	34.992
0.612	7.302	34.994
0.612	7.312	34.995
0.613	7.324	34.992
0.614	7.334	34.989
0.615	7.337	34.987
0.615	7.348	34.989
0.616	7.358	34.988
0.617	7.372	34.984
0.618	7.384	34.987
0.618	7.388	34.985
0.619	7.395	34.982
0.619	7.406	34.984
0.620	7.416	34.985
0.621	7.437	34.981
0.624	7.460	34.980
0.625	7.483	34.980
0.626	7.499	34.978
0.627	7.507	34.977
0.627	7.518	34.976
0.628	7.529	34.976
0.629	7.537	34.973
0.630	7.552	34.975
0.631	7.563	34.973
0.632	7.578	34.970
0.633	7.586	34.973
0.633	7.591	34.971
0.633	7.593	34.970
0.634	7.603	34.969
0.635	7.612	34.968
0.636	7.623	34.968
0.638	7.654	34.968
0.641	7.687	34.968
0.643	7.714	34.965
0.644	7.724	34.964
0.644	7.734	34.963
0.645	7.739	34.964
0.645	7.748	34.962
0.645	7.752	34.960
0.646	7.757	34.959
0.646	7.764	34.961
0.646	7.770	34.960
0.647	7.777	34.958
0.648	7.790	34.959
0.648	7.800	34.957
0.649	7.810	34.957
0.650	7.817	34.956
0.650	7.822	34.958
0.650	7.825	34.953
0.650	7.829	34.952
0.651	7.841	34.952
0.652	7.859	34.954
0.654	7.877	34.953
0.654	7.888	34.955
0.655	7.905	34.950
0.657	7.920	34.950
0.657	7.925	34.949
0.658	7.930	34.948
0.658	7.937	34.946
0.659	7.951	34.946
0.661	7.965	34.946
0.662	7.972	34.946
0.663	7.990	34.944
0.664	8.008	34.941
0.665	8.012	34.938
0.665	8.016	34.939
0.665	8.024	34.938
0.666	8.035	34.937
0.667	8.042	34.937
0.667	8.054	34.940
0.668	8.062	34.935
0.669	8.072	34.934
0.670	8.082	34.934
0.671	8.097	34.935
0.672	8.118	34.933
0.674	8.131	34.931
0.675	8.146	34.931
0.676	8.157	34.932
0.677	8.172	34.930
0.677	8.186	34.926
0.678	8.201	34.929
0.679	8.214	34.929
0.681	8.233	34.931
0.682	8.250	34.929
0.684	8.263	34.926
0.684	8.276	34.924
0.685	8.289	34.925
0.685	8.295	34.924
0.686	8.307	34.925
0.687	8.318	34.925
0.687	8.326	34.922
0.688	8.337	34.923
0.689	8.349	34.921
0.690	8.362	34.922
0.691	8.374	34.921
0.692	8.386	34.922
0.693	8.398	34.921
0.694	8.409	34.920
0.695	8.429	34.921
0.696	8.447	34.916
0.697	8.459	34.917
0.698	8.462	34.919
0.699	8.470	34.918
0.699	8.478	34.917
0.700	8.490	34.916
0.702	8.502	34.914
0.702	8.517	34.918
0.703	8.533	34.915
0.704	8.544	34.914
0.704	8.551	34.913
0.705	8.561	34.913
0.707	8.574	34.914
0.708	8.598	34.913
0.710	8.624	34.914
0.712	8.647	34.913
0.713	8.657	34.914
0.713	8.667	34.912
0.714	8.680	34.912
0.715	8.699	34.913
0.717	8.714	34.911
0.718	8.731	34.911
0.719	8.758	34.908
0.720	8.775	34.911
0.721	8.779	34.910
0.721	8.786	34.910
0.722	8.792	34.908
0.723	8.807	34.907
0.724	8.826	34.909
0.725	8.838	34.907
0.726	8.851	34.906
0.727	8.866	34.907
0.728	8.884	34.906
0.730	8.896	34.905
0.731	8.912	34.905
0.732	8.925	34.905
0.733	8.936	34.906
0.734	8.951	34.905
0.734	8.961	34.903
0.735	8.971	34.906
0.736	8.983	34.904
0.737	8.997	34.905
0.738	9.014	34.903
0.740	9.030	34.905
0.743	9.070	34.903
0.746	9.103	34.904
0.747	9.133	34.904
0.748	9.143	34.902
0.749	9.153	34.898
0.750	9.167	34.903
0.751	9.180	34.900
0.752	9.197	34.903
0.753	9.215	34.901
0.754	9.239	34.899
0.755	9.250	34.897
0.756	9.268	34.897
0.757	9.274	34.899
0.759	9.292	34.897
0.759	9.303	34.901
0.760	9.312	34.899
0.760	9.319	34.898
0.762	9.328	34.899
0.764	9.351	34.896
0.766	9.387	34.897
0.768	9.415	34.897
0.770	9.427	34.897
0.770	9.439	34.897
0.771	9.455	34.895
0.772	9.460	34.896
0.772	9.470	34.896
0.775	9.499	34.896
0.779	9.546	34.895
0.780	9.571	34.895
0.782	9.586	34.892
0.783	9.606	34.894
0.784	9.635	34.895
0.785	9.648	34.894
0.787	9.662	34.893
0.788	9.686	34.892
0.790	9.710	34.893
0.791	9.725	34.890
0.791	9.741	34.891
0.792	9.747	34.892
0.792	9.750	34.890
0.792	9.752	34.890
0.792	9.757	34.889
0.793	9.764	34.889
0.793	9.768	34.891
0.794	9.774	34.891
0.794	9.775	34.889
0.794	9.778	34.888
0.795	9.779	34.890
0.795	9.779	34.889
0.796	9.791	34.887
0.796	9.800	34.890
0.797	9.809	34.887
0.797	9.818	34.889
0.798	9.830	34.888
0.799	9.848	34.887
0.800	9.859	34.887
0.800	9.870	34.886
0.801	9.874	34.884
0.802	9.882	34.888
0.803	9.896	34.885
0.804	9.905	34.884
0.805	9.918	34.888
0.806	9.947	34.886
0.808	9.961	34.884
0.809	9.977	34.884
0.810	9.991	34.883
0.812	10.013	34.881
0.813	10.029	34.886
0.815	10.053	34.884
0.816	10.069	34.883
0.817	10.087	34.884
0.818	10.107	34.884
0.819	10.115	34.882
0.819	10.120	34.883
0.820	10.126	34.882
0.820	10.132	34.880
0.821	10.134	34.883
0.821	10.143	34.879
0.821	10.149	34.881
0.822	10.163	34.881
0.823	10.176	34.882
0.824	10.188	34.881
0.825	10.199	34.882
0.826	10.210	34.880
0.827	10.221	34.881
0.828	10.236	34.880
0.829	10.242	34.879
0.829	10.257	34.878
0.830	10.265	34.882
0.830	10.270	34.879
0.830	10.278	34.878
0.831	10.286	34.880
0.832	10.295	34.879
0.832	10.303	34.878
0.833	10.304	34.878
0.833	10.311	34.876
0.833	10.315	34.877
0.834	10.320	34.876
0.834	10.319	34.877
0.835	10.333	34.878
0.836	10.342	34.878
0.837	10.359	34.877
0.838	10.372	34.877
0.839	10.381	34.877
0.840	10.388	34.879
0.840	10.387	34.878
0.840	10.398	34.877
0.841	10.410	34.877
0.842	10.425	34.877
0.843	10.444	34.874
0.846	10.472	34.874
0.849	10.511	34.877
0.851	10.541	34.878
0.852	10.556	34.878
0.853	10.563	34.877
0.854	10.581	34.877
0.856	10.598	34.878
0.857	10.615	34.876
0.858	10.632	34.877
0.858	10.645	34.874
0.859	10.655	34.876
0.860	10.658	34.875
0.860	10.663	34.872
0.860	10.667	34.873
0.860	10.664	34.874
0.861	10.678	34.876
0.862	10.703	34.875
0.864	10.721	34.874
0.865	10.737	34.874
0.866	10.746	34.873
0.867	10.758	34.873
0.868	10.767	34.873
0.869	10.784	34.876
0.871	10.807	34.872
0.874	10.835	34.874
0.876	10.874	34.874
0.877	10.893	34.872
0.878	10.912	34.872
0.880	10.925	34.872
0.880	10.936	34.874
0.881	10.945	34.872
0.881	10.954	34.875
0.882	10.963	34.872
0.882	10.962	34.873
0.883	10.974	34.873
0.884	10.989	34.873
0.884	10.999	34.871
0.885	11.011	34.875
0.886	11.023	34.871
0.886	11.037	34.874
0.887	11.052	34.872
0.888	11.063	34.872
0.889	11.075	34.872
0.890	11.085	34.871
0.891	11.096	34.872
0.892	11.109	34.873
0.892	11.114	34.872
0.893	11.121	34.870
0.893	11.125	34.870
0.894	11.133	34.870
0.894	11.135	34.869
0.894	11.140	34.872
0.894	11.138	34.872
0.895	11.148	34.872
0.896	11.165	34.871
0.897	11.181	34.870
0.897	11.190	34.871
0.898	11.197	34.871
0.899	11.209	34.869
0.900	11.221	34.869
0.901	11.234	34.870
0.901	11.237	34.869
0.902	11.242	34.870
0.903	11.250	34.870
0.904	11.265	34.870
0.904	11.278	34.868
0.905	11.283	34.867
0.905	11.292	34.869
0.907	11.305	34.868
0.907	11.313	34.867
0.908	11.323	34.867
0.909	11.334	34.868
0.911	11.357	34.871
0.912	11.373	34.871
0.914	11.393	34.869
0.915	11.416	34.868
0.916	11.433	34.868
0.916	11.440	34.865
0.917	11.449	34.869
0.918	11.454	34.867
0.920	11.482	34.867
0.921	11.511	34.868
0.922	11.522	34.866
0.923	11.532	34.869
0.924	11.540	34.867
0.925	11.560	34.865
0.926	11.573	34.864
0.928	11.587	34.868
0.928	11.606	34.866
0.929	11.611	34.863
0.930	11.618	34.863
0.931	11.630	34.865
0.932	11.640	34.864
0.933	11.657	34.867
0.934	11.671	34.864
0.934	11.682	34.862
0.935	11.702	34.862
0.936	11.718	34.865
0.937	11.727	34.865
0.937	11.729	34.865
0.938	11.726	34.863
0.938	11.740	34.865
0.940	11.750	34.866
0.942	11.773	34.864
0.943	11.798	34.866
0.943	11.804	34.864
0.943	11.806	34.863
0.945	11.819	34.864
0.945	11.830	34.862
0.946	11.831	34.862
0.946	11.851	34.865
0.947	11.864	34.862
0.948	11.870	34.865
0.948	11.873	34.862
0.949	11.877	34.861
0.949	11.886	34.862
0.949	11.892	34.862
0.950	11.902	34.860
0.951	11.908	34.858
0.952	11.931	34.861
0.953	11.939	34.863
0.953	11.941	34.862
0.953	11.950	34.862
0.954	11.958	34.861
0.954	11.967	34.861
0.956	11.980	34.861
0.957	11.987	34.860
0.958	12.004	34.858
0.960	12.013	34.856
0.960	12.036	34.858
0.960	12.041	34.859
0.961	12.050	34.858
0.962	12.061	34.858
0.963	12.073	34.858
0.963	12.080	34.857
0.964	12.085	34.856
0.965	12.096	34.857
0.965	12.104	34.857
0.965	12.102	34.855
0.965	12.106	34.857
0.965	12.110	34.854
0.965	12.117	34.857
0.966	12.122	34.856
0.966	12.128	34.856
0.967	12.139	34.855
0.968	12.148	34.856
0.969	12.158	34.854
0.969	12.159	34.851
0.970	12.183	34.854
0.971	12.193	34.853
0.972	12.195	34.855
0.973	12.201	34.856
0.974	12.212	34.853
0.975	12.228	34.855
0.976	12.243	34.853
0.977	12.256	34.853
0.978	12.265	34.852
0.978	12.275	34.852
0.979	12.288	34.853
0.980	12.299	34.853
0.981	12.309	34.852
0.981	12.319	34.851
0.983	12.333	34.849
0.984	12.352	34.852
0.986	12.373	34.851
0.986	12.392	34.851
0.988	12.406	34.850
0.989	12.429	34.849
0.990	12.437	34.850
0.990	12.442	34.849
0.991	12.462	34.849
0.992	12.474	34.849
0.992	12.479	34.850
0.993	12.487	34.848
0.993	12.497	34.847
0.995	12.507	34.851
0.995	12.519	34.849
0.996	12.534	34.850
0.997	12.542	34.848
0.997	12.545	34.847
0.997	12.549	34.849
0.998	12.555	34.848
0.998	12.561	34.849
0.998	12.564	34.848
0.999	12.573	34.846
1.000	12.570	34.847
1.000	12.585	34.845
1.000	12.597	34.848
1.002	12.612	34.845
1.002	12.620	34.847
1.002	12.622	34.847
1.002	12.622	34.846
1.002	12.623	34.845
1.002	12.631	34.847
1.003	12.639	34.846
1.004	12.646	34.843
1.005	12.651	34.844
1.007	12.665	34.844
1.008	12.690	34.844
1.010	12.709	34.842
1.010	12.718	34.846
1.010	12.720	34.845
1.010	12.723	34.845
1.011	12.734	34.841
1.011	12.743	34.842
1.012	12.744	34.843
1.013	12.756	34.844
1.014	12.773	34.841
1.015	12.787	34.843
1.015	12.798	34.846
1.016	12.812	34.842
1.017	12.822	34.843
1.018	12.836	34.842
1.019	12.851	34.840
1.020	12.853	34.841
1.020	12.861	34.838
1.021	12.872	34.841
1.022	12.887	34.838
1.023	12.909	34.843
1.025	12.927	34.842
1.025	12.936	34.844
1.026	12.944	34.843
1.027	12.951	34.842
1.027	12.953	34.843
1.027	12.961	34.843
1.028	12.975	34.841
1.028	12.976	34.842
1.029	12.980	34.841
1.030	12.998	34.842
1.030	13.011	34.840
1.031	13.024	34.839
1.031	13.029	34.842
1.032	13.032	34.842
1.032	13.025	34.841
1.032	13.029	34.841
1.033	13.036	34.840
1.034	13.050	34.839
1.034	13.058	34.840
1.036	13.073	34.840
1.037	13.093	34.840
1.039	13.115	34.839
1.040	13.129	34.839
1.041	13.147	34.841
1.042	13.143	34.837
1.043	13.150	34.838
1.044	13.166	34.839
1.044	13.184	34.837
1.046	13.197	34.839
1.046	13.214	34.838
1.047	13.220	34.838
1.048	13.231	34.839
1.050	13.250	34.839
1.051	13.257	34.839
1.052	13.272	34.837
1.053	13.301	34.839
1.054	13.318	34.837
1.055	13.330	34.839
1.057	13.349	34.839
1.059	13.375	34.836
1.061	13.401	34.836
1.061	13.410	34.838
1.062	13.415	34.839
1.062	13.406	34.838
1.061	13.411	34.840
1.062	13.432	34.836
1.063	13.441	34.835
1.064	13.450	34.836
1.065	13.462	34.834
1.065	13.467	34.837
1.065	13.476	34.837
1.065	13.476	34.837
1.066	13.480	34.837
1.066	13.488	34.839
1.068	13.503	34.839
1.068	13.505	34.838
1.068	13.507	34.835
1.069	13.525	34.836
1.070	13.533	34.838
1.071	13.551	34.835
1.072	13.573	34.838
1.074	13.592	34.839
1.075	13.589	34.838
1.076	13.609	34.836
1.077	13.618	34.836
1.079	13.636	34.837
1.079	13.651	34.837
1.080	13.667	34.835
1.082	13.684	34.835
1.082	13.691	34.835
1.082	13.696	34.838
1.084	13.708	34.835
1.085	13.713	34.836
1.086	13.754	34.835
1.088	13.783	34.835
1.090	13.813	34.836
1.093	13.841	34.837
1.093	13.855	34.835
1.094	13.860	34.836
1.094	13.865	34.835
1.095	13.872	34.837
1.096	13.877	34.836
1.097	13.908	34.835
1.098	13.920	34.835
1.098	13.927	34.835
1.099	13.932	34.837
1.099	13.944	34.835
1.100	13.951	34.836
1.100	13.953	34.833
1.100	13.961	34.835
1.102	13.973	34.835
1.102	13.984	34.838
1.103	13.991	34.834
1.103	13.999	34.836
1.103	14.005	34.836
1.104	14.014	34.837
1.105	14.026	34.833
1.105	14.040	34.836
1.106	14.047	34.835
1.107	14.051	34.836
1.108	14.062	34.837
1.109	14.075	34.836
1.110	14.086	34.834
1.111	14.092	34.837
1.112	14.116	34.835
1.114	14.141	34.836
1.116	14.159	34.836
1.117	14.173	34.837
1.119	14.194	34.835
1.121	14.213	34.834
1.123	14.250	34.834
1.124	14.274	34.834
1.125	14.290	34.833
1.126	14.299	34.834
1.127	14.324	34.835
1.128	14.339	34.835
1.128	14.343	34.835
1.129	14.354	34.832
1.130	14.366	34.836
1.131	14.378	34.833
1.132	14.373	34.838
1.132	14.401	34.836
1.133	14.416	34.832
1.134	14.429	34.835
1.135	14.441	34.835
1.136	14.454	34.833
1.138	14.475	34.835
1.139	14.491	34.834
1.140	14.500	34.834
1.140	14.503	34.837
1.141	14.514	34.837
1.142	14.526	34.833
1.142	14.535	34.834
1.143	14.543	34.833
1.144	14.556	34.834
1.145	14.569	34.834
1.146	14.585	34.830
1.148	14.597	34.833
1.148	14.595	34.835
1.150	14.624	34.832
1.150	14.632	34.834
1.150	14.638	34.832
1.150	14.645	34.832
1.152	14.656	34.832
1.152	14.672	34.836
1.153	14.685	34.834
1.154	14.691	34.834
1.155	14.689	34.834
1.155	14.700	34.833
1.156	14.728	34.833
1.159	14.756	34.834
1.160	14.778	34.836
1.162	14.800	34.832
1.162	14.808	34.834
1.163	14.814	34.833
1.163	14.819	34.830
1.163	14.828	34.835
1.164	14.831	34.834
1.165	14.835	34.834
1.165	14.844	34.835
1.166	14.869	34.834
1.168	14.889	34.835
1.168	14.895	34.836
1.169	14.895	34.833
1.169	14.902	34.835
1.169	14.917	34.835
1.172	14.948	34.835
1.173	14.969	34.835
1.174	14.969	34.834
1.174	14.976	34.833
1.175	14.982	34.834
1.176	14.996	34.833
1.176	15.008	34.834
1.177	15.014	34.832
1.178	15.022	34.834
1.179	15.033	34.833
1.181	15.042	34.833
1.183	15.063	34.832
1.184	15.079	34.833
1.185	15.102	34.834
1.185	15.115	34.832
1.185	15.117	34.830
1.186	15.123	34.830
1.186	15.135	34.833
1.188	15.155	34.832
1.189	15.167	34.830
1.191	15.177	34.833
1.192	15.203	34.832
1.194	15.232	34.831
1.195	15.253	34.833
1.196	15.271	34.831
1.197	15.284	34.832
1.197	15.293	34.832
1.198	15.304	34.832
1.199	15.314	34.832
1.200	15.332	34.834
1.200	15.336	34.832
1.200	15.342	34.832
1.201	15.340	34.832
1.202	15.352	34.833
1.204	15.379	34.833
1.205	15.390	34.834
1.206	15.405	34.832
1.208	15.448	34.832
1.211	15.475	34.830
1.212	15.475	34.831
1.213	15.483	34.832
1.214	15.491	34.832
1.215	15.511	34.833
1.216	15.532	34.831
1.217	15.546	34.831
1.218	15.563	34.832
1.220	15.584	34.833
1.222	15.606	34.830
1.223	15.624	34.833
1.224	15.637	34.835
1.225	15.639	34.832
1.226	15.649	34.832
1.228	15.678	34.832
1.229	15.709	34.835
1.230	15.721	34.830
1.230	15.725	34.832
1.231	15.732	34.833
1.231	15.747	34.833
1.232	15.747	34.832
1.233	15.760	34.832
1.233	15.777	34.833
1.235	15.798	34.833
1.235	15.808	34.835
1.236	15.814	34.834
1.236	15.822	34.832
1.237	15.833	34.831
1.238	15.839	34.832
1.239	15.844	34.834
1.239	15.853	34.831
1.241	15.874	34.835
1.242	15.893	34.834
1.243	15.914	34.832
1.244	15.918	34.833
1.244	15.926	34.833
1.244	15.930	34.833
1.246	15.939	34.832
1.246	15.951	34.833
1.248	15.946	34.833
1.249	15.969	34.833
1.249	15.977	34.831
1.250	15.990	34.834
1.252	16.008	34.834
1.253	16.036	34.834
1.254	16.048	34.833
1.254	16.052	34.834
1.255	16.061	34.834
1.256	16.057	34.834
1.257	16.081	34.831
1.258	16.094	34.833
1.259	16.106	34.832
1.259	16.119	34.833
1.260	16.139	34.831
1.261	16.146	34.832
1.262	16.152	34.833
1.263	16.171	34.832
1.264	16.191	34.832
1.266	16.205	34.831
1.266	16.213	34.832
1.267	16.226	34.831
1.267	16.244	34.833
1.267	16.250	34.833
1.268	16.260	34.832
1.269	16.267	34.831
1.270	16.272	34.831
1.270	16.284	34.836
1.272	16.281	34.834
1.273	16.316	34.835
1.274	16.343	34.833
1.275	16.359	34.830
1.277	16.371	34.835
1.279	16.382	34.834
1.281	16.395	34.831
1.283	16.418	34.837
1.284	16.433	34.832
1.285	16.448	34.832
1.286	16.454	34.835
1.288	16.487	34.834
1.289	16.503	34.833
1.291	16.519	34.833
1.291	16.535	34.836
1.293	16.557	34.835
1.294	16.577	34.833
1.295	16.596	34.835
1.297	16.615	34.834
1.298	16.619	34.834
1.299	16.650	34.834
1.300	16.663	34.832
1.300	16.675	34.832
1.302	16.687	34.831
1.302	16.698	34.834
1.303	16.708	34.832
1.303	16.711	34.832
1.304	16.723	34.832
1.304	16.734	34.832
1.306	16.730	34.836
1.306	16.764	34.833
1.307	16.778	34.834
1.308	16.798	34.834
1.310	16.814	34.834
1.311	16.823	34.833
1.312	16.835	34.834
1.314	16.843	34.833
1.315	16.856	34.832
1.316	16.873	34.835
1.318	16.898	34.833
1.319	16.911	34.833
1.320	16.903	34.835
1.322	16.938	34.832
1.323	16.959	34.836
1.324	16.978	34.834
1.326	17.000	34.834
1.327	17.013	34.835
1.328	17.017	34.832
1.327	17.008	34.833
1.328	17.041	34.835
1.329	17.051	34.834
1.329	17.058	34.833
1.330	17.069	34.833
1.331	17.080	34.832
1.332	17.093	34.833
1.332	17.110	34.834
1.333	17.119	34.835
1.333	17.116	34.835
1.334	17.115	34.835
1.334	17.134	34.833
1.335	17.148	34.835
1.335	17.155	34.834
1.336	17.161	34.835
1.336	17.167	34.832
1.336	17.175	34.834
1.337	17.176	34.832
1.337	17.185	34.834
1.338	17.181	34.834
1.338	17.189	34.834
1.340	17.206	34.834
1.341	17.231	34.834
1.341	17.249	34.835
1.342	17.261	34.837
1.342	17.271	34.835
1.343	17.277	34.834
1.345	17.282	34.834
1.345	17.286	34.836
1.346	17.293	34.833
1.347	17.306	34.837
1.349	17.335	34.833
1.350	17.347	34.834
1.352	17.358	34.833
1.353	17.379	34.836
1.355	17.404	34.833
1.357	17.425	34.834
1.358	17.449	34.834
1.359	17.467	34.835
1.359	17.473	34.835
1.360	17.482	34.835
1.362	17.478	34.833
1.363	17.498	34.833
1.364	17.529	34.834
1.364	17.545	34.832
1.366	17.560	34.833
1.367	17.585	34.835
1.368	17.601	34.834
1.369	17.598	34.835
1.369	17.604	34.835
1.370	17.626	34.837
1.372	17.660	34.834
1.373	17.684	34.834
1.375	17.704	34.835
1.376	17.720	34.837
1.377	17.740	34.832
1.378	17.750	34.831
1.380	17.744	34.834
1.382	17.754	34.833
1.383	17.778	34.833
1.384	17.803	34.832
1.386	17.817	34.833
1.387	17.841	34.832
1.388	17.865	34.835
1.391	17.886	34.833
1.392	17.909	34.833
1.394	17.922	34.833
1.395	17.934	34.834
1.397	17.955	34.832
1.398	17.992	34.834
1.399	18.015	34.833
1.401	18.036	34.835
1.402	18.053	34.832
1.404	18.073	34.835
1.404	18.089	34.831
1.405	18.101	34.833
1.405	18.108	34.833
1.407	18.128	34.832
1.409	18.165	34.833
1.410	18.187	34.834
1.412	18.203	34.834
1.413	18.223	34.833
1.414	18.242	34.832
1.416	18.253	34.832
1.418	18.266	34.831
1.420	18.286	34.834
1.422	18.304	34.833
1.424	18.326	34.833
1.425	18.346	34.833
1.426	18.355	34.833
1.427	18.386	34.835
1.428	18.397	34.831
1.429	18.411	34.831
1.429	18.422	34.833
1.430	18.430	34.835
1.430	18.429	34.832
1.432	18.450	34.833
1.433	18.478	34.831
1.434	18.504	34.833
1.435	18.520	34.832
1.436	18.530	34.836
1.437	18.541	34.832
1.438	18.546	34.831
1.438	18.554	34.833
1.439	18.561	34.832
1.439	18.560	34.834
1.439	18.579	34.831
1.440	18.589	34.832
1.441	18.602	34.831
1.441	18.615	34.831
1.441	18.622	34.832
1.442	18.629	34.831
1.441	18.635	34.831
1.443	18.640	34.833
1.444	18.646	34.833
1.444	18.654	34.831
1.444	18.663	34.831
1.445	18.647	34.831
1.445	18.678	34.832
1.446	18.692	34.829
1.447	18.702	34.832
1.447	18.711	34.829
1.449	18.712	34.830
1.449	18.715	34.830
1.450	18.704	34.831
1.451	18.734	34.831
1.451	18.748	34.832
1.453	18.762	34.832
1.454	18.774	34.831
1.455	18.780	34.830
1.456	18.787	34.834
1.456	18.799	34.831
1.457	18.820	34.830
1.459	18.830	34.832
1.459	18.836	34.834
1.460	18.851	34.831
1.460	18.866	34.831
1.461	18.857	34.832
1.462	18.887	34.829
1.463	18.896	34.830
1.464	18.906	34.833
1.464	18.913	34.831
1.465	18.920	34.831
1.465	18.914	34.833
1.466	18.943	34.831
1.467	18.951	34.830
1.467	18.958	34.830
1.469	18.970	34.829
1.469	18.979	34.832
1.469	18.986	34.831
1.470	18.995	34.831
1.470	19.009	34.831
1.472	19.013	34.831
1.472	19.041	34.831
1.472	19.054	34.829
1.473	19.064	34.829
1.475	19.079	34.829
1.476	19.097	34.832
1.477	19.124	34.831
1.478	19.141	34.831
1.478	19.145	34.833
1.479	19.149	34.832
1.480	19.153	34.832
1.481	19.167	34.832
1.481	19.174	34.833
1.483	19.178	34.829
1.483	19.191	34.830
1.485	19.203	34.831
1.486	19.218	34.830
1.487	19.231	34.828
1.488	19.246	34.830
1.490	19.240	34.831
1.491	19.280	34.830
1.492	19.301	34.827
1.493	19.320	34.829
1.494	19.337	34.828
1.495	19.350	34.829
1.497	19.356	34.830
1.497	19.364	34.830
1.498	19.386	34.830
1.499	19.399	34.830
1.500	19.413	34.830
1.501	19.425	34.830
1.501	19.433	34.827
1.502	19.433	34.830
1.503	19.457	34.829
1.503	19.471	34.829
1.504	19.479	34.830
1.504	19.483	34.828
1.505	19.492	34.830
1.506	19.508	34.828
1.507	19.512	34.828
1.508	19.529	34.830
1.508	19.556	34.828
1.508	19.561	34.830
1.509	19.566	34.830
1.510	19.576	34.829
1.510	19.591	34.828
1.511	19.601	34.828
1.512	19.602	34.830
1.513	19.595	34.829
1.513	19.601	34.831
1.514	19.606	34.829
1.514	19.628	34.829
1.515	19.631	34.827
1.515	19.640	34.830
1.517	19.653	34.829
1.518	19.667	34.828
1.519	19.680	34.828
1.520	19.692	34.830
1.522	19.711	34.827
1.524	19.725	34.829
1.525	19.720	34.827
1.525	19.738	34.829
1.526	19.768	34.826
1.526	19.781	34.828
1.528	19.793	34.827
1.530	19.814	34.828
1.530	19.823	34.828
1.531	19.819	34.828
1.531	19.831	34.827
1.532	19.861	34.828
1.533	19.877	34.825
1.533	19.886	34.827
1.533	19.892	34.826
1.535	19.899	34.824
1.535	19.910	34.826
1.536	19.922	34.827
1.536	19.929	34.827
1.537	19.936	34.827
1.536	19.944	34.826
1.537	19.947	34.829
1.538	19.954	34.827
1.537	19.960	34.827
1.539	19.974	34.827
1.539	19.986	34.825
1.540	19.995	34.828
1.541	20.010	34.826
1.542	20.016	34.825
1.543	20.015	34.830
1.543	20.025	34.826
1.543	20.054	34.828
1.544	20.066	34.826
1.545	20.070	34.827
1.546	20.080	34.826
1.546	20.085	34.825
1.547	20.094	34.825
1.547	20.096	34.827
1.549	20.090	34.825
1.549	20.099	34.826
1.550	20.125	34.825
1.551	20.134	34.826
1.552	20.151	34.828
1.553	20.161	34.824
1.554	20.173	34.827
1.554	20.181	34.825
1.555	20.189	34.825
1.556	20.198	34.824
1.558	20.209	34.825
1.558	20.213	34.825
1.559	20.214	34.826
1.560	20.234	34.825
1.560	20.254	34.824
1.562	20.272	34.825
1.562	20.293	34.824
1.562	20.302	34.824
1.564	20.296	34.825
1.564	20.301	34.825
1.565	20.322	34.824
1.566	20.337	34.826
1.567	20.348	34.826
1.568	20.360	34.826
1.568	20.388	34.825
1.570	20.404	34.823
1.569	20.412	34.824
1.570	20.424	34.827
1.571	20.434	34.824
1.572	20.446	34.824
1.572	20.461	34.822
1.574	20.485	34.826
1.576	20.502	34.822
1.577	20.517	34.825
1.578	20.534	34.824
1.579	20.547	34.825
1.579	20.556	34.823
1.580	20.552	34.824
1.580	20.548	34.824
1.581	20.553	34.823
1.582	20.575	34.824
1.583	20.588	34.822
1.584	20.595	34.822
1.586	20.611	34.825
1.586	20.631	34.822
1.587	20.646	34.824
1.589	20.659	34.823
1.589	20.652	34.824
1.590	20.660	34.824
1.591	20.684	34.823
1.591	20.696	34.824
1.591	20.706	34.822
1.591	20.707	34.823
1.591	20.715	34.822
1.592	20.721	34.824
1.594	20.742	34.824
1.597	20.771	34.823
1.597	20.779	34.822
1.597	20.784	34.823
1.597	20.763	34.822
1.597	20.789	34.821
1.598	20.796	34.822
1.599	20.808	34.822
1.599	20.828	34.823
1.601	20.846	34.822
1.602	20.854	34.823
1.603	20.859	34.821
1.604	20.893	34.822
1.604	20.899	34.820
1.604	20.907	34.820
1.606	20.920	34.820
1.608	20.941	34.821
1.608	20.958	34.819
1.609	20.964	34.820
1.608	20.969	34.817
1.609	20.974	34.821
1.610	20.990	34.820
1.611	21.000	34.820
1.611	21.006	34.819



