1.906	21.279	10.003
1.904	21.277	10.008
1.905	21.276	10.008
1.906	21.277	10.016
1.906	21.277	10.020
1.906	21.277	10.023
1.905	21.290	10.027
1.905	21.277	10.029
1.905	21.276	10.032
1.905	21.277	10.037
1.905	21.275	10.040
1.906	21.276	10.043
1.905	21.276	10.046
1.905	21.277	10.051
1.905	21.277	10.055
1.905	21.277	10.056
1.906	21.276	10.060
1.905	21.277	10.063
1.906	21.275	10.067
1.904	21.271	10.073
1.905	21.277	10.074
1.905	21.277	10.077
1.904	21.276	10.081
1.905	21.276	10.083
1.906	21.263	10.086
1.905	21.256	10.089
1.904	21.257	10.092
1.904	21.256	10.098
1.906	21.256	10.101
1.904	21.276	10.104
1.904	21.276	10.109
1.904	21.277	10.115
1.904	21.277	10.120
1.904	21.277	10.123
1.906	21.275	10.126
1.906	21.275	10.131
1.905	21.257	10.136
1.904	21.256	10.140
1.904	21.272	10.146
1.904	21.277	10.150
1.905	21.276	10.155
1.905	21.276	10.160
1.904	21.277	10.164
1.905	21.262	10.168
1.905	21.257	10.175
1.904	21.257	10.176
1.904	21.256	10.183
1.903	21.258	10.189
1.904	21.276	10.197
1.905	21.277	10.200
1.905	21.275	10.205
1.905	21.276	10.208
1.905	21.277	10.213
1.904	21.277	10.218
1.904	21.276	10.222
1.904	21.277	10.227
1.904	21.277	10.233
1.904	21.277	10.234
1.904	21.276	10.238
1.904	21.276	10.243
1.904	21.276	10.248
1.903	21.278	10.256
1.904	21.277	10.260
1.903	21.277	10.261
1.903	21.277	10.265
1.903	21.276	10.269
1.904	21.269	10.274
1.903	21.277	10.279
1.904	21.276	10.282
1.904	21.275	10.287
1.904	21.275	10.290
1.903	21.276	10.298
1.903	21.257	10.294
1.904	21.256	10.302
1.904	21.256	10.306
1.904	21.255	10.309
1.904	21.265	10.311
1.904	21.275	10.317
1.904	21.275	10.320
1.903	21.276	10.325
1.904	21.275	10.328
1.904	21.270	10.331
1.903	21.255	10.332
1.904	21.256	10.339
1.902	21.257	10.338
1.901	21.258	10.341
1.901	21.275	10.347
1.901	21.277	10.351
1.899	21.277	10.355
1.898	21.277	10.358
1.896	21.277	10.360
1.893	21.261	10.363
1.894	21.258	10.366
1.893	21.258	10.368
1.892	21.256	10.374
1.891	21.263	10.375
1.889	21.276	10.381
1.889	21.277	10.383
1.887	21.277	10.384
1.885	21.276	10.387
1.886	21.277	10.388
1.886	21.277	10.392
1.885	21.277	10.393
1.886	21.277	10.395
1.885	21.267	10.395
1.886	21.276	10.399
1.886	21.276	10.403
1.886	21.276	10.405
1.885	21.277	10.408
1.885	21.278	10.409
1.886	21.277	10.413
1.884	21.277	10.416
1.885	21.277	10.416
1.883	21.277	10.418
1.884	21.270	10.420
1.883	21.277	10.421
1.883	21.277	10.425
1.882	21.277	10.427
1.882	21.277	10.429
1.882	21.271	10.431
1.881	21.257	10.431
1.881	21.257	10.434
1.881	21.257	10.436
1.880	21.257	10.437
1.878	21.274	10.437
1.879	21.277	10.439
1.879	21.277	10.443
1.879	21.276	10.444
1.878	21.276	10.446
1.878	21.260	10.446
1.876	21.257	10.450
1.876	21.258	10.453
1.876	21.256	10.456
1.875	21.260	10.454
1.875	21.275	10.457
1.874	21.276	10.457
1.874	21.276	10.461
1.875	21.277	10.461
1.875	21.277	10.464
1.874	21.257	10.464
1.874	21.256	10.464
1.874	21.256	10.464
1.873	21.257	10.468
1.873	21.270	10.471
1.873	21.276	10.475
1.873	21.275	10.476
1.873	21.276	10.475
1.873	21.276	10.476
1.872	21.268	10.476
1.872	21.256	10.477
1.872	21.255	10.478
1.871	21.255	10.479
1.870	21.256	10.483
1.871	21.275	10.483
1.870	21.276	10.483
1.869	21.275	10.487
1.868	21.276	10.486
1.868	21.279	10.485
1.868	21.277	10.489
1.868	21.277	10.491
1.868	21.277	10.491
1.868	21.277	10.492
1.868	21.272	10.494
1.868	21.275	10.494
1.867	21.275	10.493
1.867	21.275	10.497
1.867	21.275	10.497
1.866	21.268	10.498
1.865	21.256	10.497
1.866	21.256	10.500
1.865	21.253	10.500
1.864	21.252	10.503
1.864	21.269	10.502
1.865	21.270	10.502
1.865	21.269	10.504
1.864	21.269	10.504
1.865	21.269	10.507
1.864	21.255	10.507
1.865	21.251	10.507
1.864	21.252	10.509
1.863	21.251	10.507
1.865	21.254	10.511
1.864	21.266	10.513
1.864	21.265	10.511
1.863	21.265	10.512
1.863	21.265	10.514
1.863	21.265	10.512
1.862	21.247	10.511
1.862	21.246	10.515
1.860	21.246	10.514
1.860	21.244	10.513
1.861	21.259	10.519
1.861	21.262	10.518
1.860	21.261	10.517
1.860	21.261	10.518
1.859	21.260	10.519
1.858	21.245	10.520
1.858	21.239	10.518
1.858	21.238	10.521
1.857	21.238	10.517
1.857	21.239	10.522
1.857	21.252	10.523
1.857	21.252	10.525
1.856	21.252	10.523
1.855	21.254	10.523
1.855	21.252	10.525
1.855	21.250	10.527
1.855	21.251	10.527
1.855	21.249	10.525
1.854	21.249	10.527
1.854	21.245	10.527
1.853	21.247	10.526
1.852	21.245	10.526
1.853	21.245	10.531
1.851	21.243	10.529
1.851	21.229	10.529
1.851	21.228	10.529
1.851	21.226	10.528
1.851	21.226	10.530
1.851	21.229	10.530
1.850	21.241	10.530
1.850	21.243	10.530
1.849	21.242	10.530
1.849	21.240	10.531
1.849	21.242	10.532
1.849	21.240	10.531
1.849	21.241	10.533
1.848	21.220	10.532
1.847	21.218	10.533
1.847	21.231	10.534
1.847	21.236	10.534
1.847	21.234	10.535
1.846	21.233	10.536
1.845	21.233	10.533
1.844	21.222	10.536
1.844	21.215	10.532
1.844	21.214	10.535
1.845	21.212	10.536
1.844	21.213	10.538
1.843	21.229	10.537
1.843	21.228	10.536
1.843	21.228	10.538
1.843	21.228	10.537
1.842	21.226	10.537
1.842	21.206	10.539
1.842	21.206	10.537
1.841	21.204	10.540
1.841	21.204	10.540
1.840	21.213	10.540
1.840	21.219	10.538
1.839	21.217	10.540
1.839	21.216	10.540
1.839	21.216	10.541
1.839	21.216	10.541
1.839	21.216	10.542
1.838	21.218	10.542
1.838	21.214	10.543
1.838	21.215	10.542
1.837	21.214	10.543
1.836	21.212	10.540
1.837	21.210	10.540
1.836	21.210	10.544
1.837	21.210	10.546
1.836	21.195	10.542
1.835	21.191	10.543
1.835	21.187	10.540
1.835	21.199	10.544
1.835	21.208	10.544
1.835	21.204	10.544
1.834	21.205	10.545
1.833	21.204	10.545
1.833	21.203	10.545
1.832	21.201	10.546
1.832	21.201	10.545
1.832	21.201	10.545
1.832	21.178	10.546
1.831	21.201	10.544
1.832	21.199	10.544
1.832	21.197	10.547
1.831	21.195	10.548
1.830	21.195	10.545
1.831	21.194	10.545
1.831	21.171	10.547
1.831	21.194	10.548
1.828	21.194	10.548
1.828	21.193	10.549
1.827	21.192	10.547
1.827	21.190	10.547
1.826	21.189	10.549
1.826	21.187	10.548
1.826	21.187	10.547
1.826	21.187	10.550
1.825	21.161	10.547
1.825	21.187	10.549
1.824	21.186	10.549
1.825	21.185	10.548
1.826	21.182	10.546
1.825	21.179	10.550
1.824	21.179	10.548
1.823	21.179	10.549
1.823	21.179	10.551
1.822	21.181	10.550
1.823	21.179	10.550
1.822	21.179	10.550
1.822	21.178	10.551
1.821	21.178	10.551
1.821	21.178	10.552
1.821	21.176	10.554
1.819	21.173	10.553
1.820	21.172	10.551
1.819	21.172	10.551
1.818	21.170	10.550
1.818	21.170	10.551
1.818	21.169	10.552
1.818	21.170	10.552
1.818	21.144	10.551
1.817	21.167	10.550
1.817	21.168	10.549
1.816	21.168	10.551
1.816	21.167	10.553
1.815	21.167	10.553
1.816	21.166	10.554
1.816	21.164	10.555
1.815	21.143	10.553
1.815	21.163	10.556
1.814	21.162	10.552
1.814	21.160	10.554
1.814	21.160	10.554
1.814	21.160	10.556
1.812	21.158	10.552
1.812	21.135	10.552
1.812	21.158	10.554
1.812	21.159	10.554
1.811	21.159	10.558
1.810	21.158	10.555
1.811	21.155	10.557
1.809	21.155	10.556
1.809	21.155	10.554
1.809	21.154	10.554
1.809	21.151	10.556
1.808	21.138	10.556
1.808	21.154	10.557
1.807	21.154	10.557
1.807	21.153	10.556
1.807	21.147	10.556
1.807	21.146	10.556
1.806	21.145	10.558
1.805	21.144	10.556
1.805	21.144	10.557
1.804	21.132	10.555
1.804	21.143	10.556
1.803	21.143	10.556
1.803	21.142	10.558
1.803	21.141	10.557
1.803	21.135	10.558
1.801	21.133	10.556
1.801	21.130	10.558
1.801	21.130	10.558
1.800	21.130	10.555
1.800	21.129	10.556
1.799	21.126	10.554
1.800	21.125	10.557
1.799	21.121	10.557
1.799	21.111	10.557
1.798	21.120	10.557
1.798	21.121	10.555
1.798	21.118	10.562
1.798	21.118	10.561
1.797	21.117	10.558
1.797	21.116	10.558
1.797	21.111	10.559
1.795	21.095	10.556
1.796	21.096	10.557
1.795	21.113	10.560
1.796	21.112	10.559
1.795	21.112	10.559
1.795	21.111	10.560
1.795	21.109	10.558
1.795	21.091	10.558
1.794	21.089	10.558
1.793	21.087	10.556
1.794	21.086	10.556
1.793	21.092	10.559
1.793	21.101	10.561
1.791	21.098	10.559
1.791	21.096	10.561
1.791	21.094	10.560
1.791	21.087	10.559
1.790	21.074	10.557
1.788	21.072	10.557
1.788	21.070	10.556
1.788	21.069	10.557
1.786	21.083	10.561
1.786	21.082	10.561
1.786	21.081	10.561
1.784	21.080	10.563
1.785	21.078	10.560
1.784	21.063	10.558
1.784	21.080	10.559
1.785	21.076	10.561
1.784	21.075	10.561
1.784	21.075	10.560
1.784	21.072	10.559
1.783	21.072	10.563
1.783	21.071	10.560
1.783	21.071	10.559
1.784	21.069	10.560
1.784	21.069	10.561
1.783	21.068	10.560
1.783	21.065	10.563
1.783	21.059	10.559
1.781	21.054	10.562
1.780	21.059	10.561
1.780	21.057	10.561
1.781	21.055	10.563
1.779	21.053	10.562
1.779	21.039	10.559
1.779	21.030	10.560
1.778	21.027	10.558
1.777	21.021	10.558
1.776	21.016	10.560
1.775	21.032	10.564
1.775	21.029	10.563
1.775	21.027	10.561
1.772	21.024	10.563
1.772	21.022	10.561
1.771	21.000	10.561
1.771	20.998	10.560
1.770	20.990	10.562
1.770	20.987	10.562
1.769	20.990	10.562
1.769	20.994	10.561
1.768	20.991	10.563
1.768	20.987	10.564
1.768	20.986	10.562
1.768	20.981	10.562
1.767	20.965	10.561
1.767	20.956	10.562
1.766	20.947	10.563
1.766	20.944	10.563
1.765	20.957	10.566
1.765	20.954	10.564
1.765	20.948	10.563
1.763	20.939	10.564
1.763	20.929	10.566
1.763	20.899	10.563
1.763	20.893	10.563
1.762	20.901	10.565
1.761	20.896	10.563
1.761	20.892	10.564
1.761	20.886	10.565
1.761	20.881	10.564
1.760	20.876	10.565
1.760	20.871	10.565
1.759	20.858	10.564
1.760	20.843	10.564
1.759	20.838	10.565
1.758	20.837	10.564
1.759	20.832	10.564
1.757	20.841	10.567
1.756	20.835	10.565
1.756	20.827	10.566
1.756	20.818	10.564
1.756	20.811	10.566
1.755	20.779	10.567
1.755	20.780	10.565
1.754	20.774	10.565
1.753	20.768	10.564
1.752	20.772	10.565
1.752	20.757	10.566
1.753	20.772	10.566
1.751	20.761	10.566
1.751	20.745	10.568
1.748	20.733	10.567
1.748	20.727	10.565
1.747	20.719	10.569
1.746	20.710	10.567
1.746	20.687	10.567
1.746	20.695	10.567
1.745	20.688	10.568
1.744	20.673	10.566
1.742	20.659	10.569
1.741	20.647	10.567
1.741	20.619	10.568
1.740	20.611	10.567
1.739	20.597	10.566
1.739	20.582	10.566
1.738	20.591	10.568
1.738	20.588	10.566
1.737	20.585	10.567
1.737	20.582	10.568
1.737	20.581	10.568
1.735	20.564	10.566
1.735	20.557	10.569
1.735	20.568	10.567
1.734	20.568	10.566
1.734	20.568	10.570
1.733	20.564	10.567
1.733	20.560	10.569
1.733	20.558	10.569
1.732	20.556	10.569
1.731	20.550	10.565
1.732	20.530	10.571
1.731	20.522	10.569
1.731	20.511	10.570
1.730	20.507	10.567
1.730	20.514	10.569
1.730	20.516	10.569
1.730	20.510	10.568
1.729	20.506	10.569
1.727	20.496	10.570
1.728	20.482	10.567
1.728	20.473	10.569
1.727	20.470	10.568
1.727	20.467	10.567
1.726	20.461	10.569
1.725	20.470	10.568
1.724	20.453	10.570
1.724	20.441	10.571
1.724	20.435	10.572
1.723	20.428	10.568
1.723	20.404	10.567
1.722	20.398	10.569
1.722	20.395	10.568
1.722	20.391	10.569
1.722	20.399	10.571
1.721	20.401	10.572
1.722	20.398	10.572
1.720	20.392	10.569
1.720	20.384	10.571
1.720	20.365	10.571
1.719	20.338	10.572
1.719	20.332	10.572
1.718	20.326	10.572
1.718	20.323	10.573
1.717	20.336	10.571
1.717	20.328	10.571
1.716	20.325	10.574
1.716	20.323	10.572
1.716	20.319	10.571
1.714	20.288	10.572
1.712	20.271	10.569
1.711	20.256	10.569
1.710	20.251	10.572
1.710	20.248	10.570
1.710	20.242	10.570
1.709	20.237	10.570
1.710	20.234	10.571
1.709	20.229	10.572
1.709	20.220	10.570
1.708	20.203	10.571
1.708	20.194	10.572
1.706	20.186	10.572
1.706	20.181	10.571
1.705	20.195	10.572
1.705	20.188	10.573
1.704	20.176	10.572
1.702	20.166	10.570
1.702	20.160	10.573
1.702	20.154	10.574
1.702	20.152	10.571
1.701	20.125	10.569
1.699	20.112	10.572
1.699	20.115	10.571
1.698	20.119	10.572
1.698	20.117	10.572
1.697	20.112	10.573
1.696	20.105	10.573
1.696	20.088	10.570
1.696	20.081	10.570
1.696	20.081	10.573
1.696	20.081	10.572
1.696	20.077	10.572
1.695	20.089	10.574
1.694	20.081	10.573
1.695	20.074	10.573
1.694	20.065	10.572
1.692	20.055	10.573
1.692	20.048	10.574
1.691	20.047	10.575
1.691	20.046	10.573
1.690	20.037	10.574
1.690	20.033	10.573
1.690	20.023	10.573
1.689	20.016	10.573
1.688	20.008	10.576
1.688	20.000	10.573
1.688	19.978	10.574
1.687	19.962	10.575
1.687	19.955	10.576
1.686	19.955	10.574
1.686	19.958	10.576
1.685	19.953	10.573
1.685	19.948	10.574
1.685	19.945	10.576
1.684	19.942	10.574
1.684	19.941	10.574
1.684	19.921	10.576
1.684	19.921	10.574
1.684	19.919	10.574
1.684	19.913	10.573
1.683	19.921	10.575
1.684	19.920	10.574
1.683	19.913	10.577
1.683	19.910	10.576
1.682	19.906	10.576
1.682	19.889	10.576
1.682	19.879	10.576
1.681	19.875	10.574
1.681	19.870	10.575
1.680	19.885	10.576
1.680	19.875	10.575
1.679	19.870	10.578
1.679	19.866	10.576
1.678	19.860	10.574
1.678	19.849	10.576
1.678	19.840	10.576
1.677	19.840	10.577
1.677	19.831	10.577
1.676	19.824	10.575
1.676	19.814	10.574
1.675	19.808	10.576
1.674	19.797	10.577
1.673	19.783	10.577
1.672	19.779	10.576
1.672	19.762	10.576
1.672	19.770	10.578
1.670	19.768	10.575
1.670	19.761	10.578
1.671	19.758	10.577
1.670	19.753	10.578
1.669	19.749	10.581
1.670	19.748	10.578
1.670	19.739	10.580
1.668	19.730	10.577
1.669	19.704	10.579
1.669	19.725	10.580
1.668	19.718	10.578
1.668	19.714	10.579
1.667	19.714	10.579
1.667	19.706	10.581
1.666	19.702	10.579
1.666	19.700	10.578
1.666	19.693	10.581
1.665	19.684	10.581
1.664	19.679	10.581
1.664	19.682	10.579
1.664	19.680	10.579
1.663	19.678	10.581
1.664	19.678	10.583
1.663	19.674	10.582
1.662	19.670	10.584
1.662	19.665	10.579
1.661	19.660	10.583
1.661	19.658	10.583
1.662	19.656	10.583
1.661	19.636	10.581
1.661	19.653	10.585
1.661	19.653	10.584
1.661	19.648	10.581
1.660	19.646	10.583
1.661	19.642	10.583
1.661	19.641	10.583
1.660	19.637	10.582
1.660	19.632	10.585
1.660	19.641	10.583
1.660	19.639	10.588
1.659	19.633	10.583
1.659	19.629	10.584
1.658	19.626	10.581
1.660	19.625	10.585
1.657	19.621	10.584
1.658	19.619	10.584
1.657	19.596	10.583
1.658	19.617	10.585
1.657	19.617	10.584
1.657	19.617	10.588
1.657	19.616	10.586
1.656	19.613	10.583
1.656	19.611	10.587
1.656	19.609	10.586
1.656	19.606	10.588
1.655	19.602	10.589
1.654	19.577	10.585
1.654	19.592	10.587
1.654	19.589	10.587
1.653	19.584	10.587
1.654	19.577	10.587
1.653	19.570	10.588
1.653	19.568	10.586
1.651	19.565	10.590
1.651	19.560	10.589
1.650	19.540	10.587
1.650	19.556	10.592
1.649	19.554	10.588
1.649	19.547	10.588
1.649	19.544	10.586
1.649	19.536	10.590
1.649	19.529	10.587
1.648	19.518	10.590
1.648	19.507	10.588
1.647	19.495	10.588
1.647	19.485	10.591
1.647	19.480	10.587
1.647	19.458	10.591
1.646	19.455	10.589
1.646	19.468	10.590
1.646	19.469	10.590
1.645	19.461	10.587
1.645	19.456	10.591
1.646	19.449	10.591
1.643	19.429	10.590
1.643	19.421	10.594
1.643	19.416	10.591
1.642	19.409	10.592
1.642	19.405	10.592
1.642	19.408	10.591
1.641	19.400	10.591
1.641	19.396	10.590
1.640	19.385	10.593
1.640	19.369	10.594
1.640	19.351	10.595
1.639	19.348	10.594
1.639	19.346	10.594
1.637	19.341	10.594
1.638	19.351	10.594
1.638	19.348	10.594
1.636	19.342	10.594
1.636	19.334	10.596
1.635	19.331	10.594
1.635	19.329	10.597
1.635	19.324	10.594
1.634	19.320	10.596
1.634	19.321	10.594
1.634	19.311	10.595
1.634	19.304	10.596
1.633	19.299	10.597
1.634	19.298	10.596
1.633	19.297	10.597
1.633	19.293	10.596
1.632	19.272	10.598
1.633	19.268	10.596
1.632	19.265	10.597
1.631	19.263	10.599
1.632	19.275	10.599
1.631	19.271	10.597
1.632	19.268	10.600
1.632	19.264	10.599
1.630	19.261	10.597
1.630	19.243	10.598
1.630	19.238	10.599
1.629	19.233	10.597
1.629	19.226	10.599
1.628	19.224	10.601
1.628	19.234	10.601
1.628	19.231	10.599
1.627	19.226	10.602
1.627	19.224	10.600
1.626	19.221	10.600
1.625	19.201	10.600
1.626	19.198	10.601
1.625	19.191	10.601
1.624	19.189	10.601
1.623	19.198	10.604
1.623	19.201	10.603
1.624	19.200	10.601
1.623	19.198	10.603
1.623	19.191	10.602
1.622	19.177	10.600
1.622	19.165	10.603
1.622	19.162	10.602
1.621	19.160	10.601
1.622	19.162	10.605
1.621	19.170	10.603
1.621	19.166	10.605
1.621	19.165	10.604
1.620	19.166	10.605
1.620	19.164	10.607
1.619	19.156	10.605
1.617	19.145	10.605
1.616	19.140	10.606
1.616	19.133	10.605
1.616	19.137	10.606
1.616	19.136	10.608
1.616	19.132	10.606
1.616	19.130	10.607
1.616	19.128	10.604
1.616	19.123	10.607
1.616	19.118	10.606
1.615	19.118	10.606
1.615	19.108	10.605
1.615	19.106	10.607
1.616	19.113	10.608
1.615	19.105	10.610
1.615	19.104	10.607
1.614	19.104	10.607
1.614	19.097	10.606
1.615	19.080	10.608
1.614	19.074	10.607
1.613	19.067	10.607
1.612	19.064	10.607
1.613	19.071	10.608
1.611	19.067	10.609
1.611	19.065	10.609
1.611	19.055	10.610
1.610	19.051	10.610
1.610	19.031	10.610
1.610	19.023	10.607
1.609	19.020	10.607
1.610	19.012	10.613
1.610	19.005	10.612
1.609	19.007	10.612
1.608	19.005	10.613
1.608	18.999	10.610
1.608	18.993	10.611
1.608	18.985	10.612
1.607	18.965	10.613
1.606	18.959	10.610
1.606	18.952	10.611
1.605	18.944	10.613
1.604	18.943	10.612
1.604	18.945	10.613
1.604	18.942	10.614
1.603	18.937	10.615
1.603	18.933	10.613
1.603	18.926	10.612
1.602	18.923	10.614
1.602	18.921	10.613
1.602	18.914	10.613
1.602	18.909	10.616
1.601	18.901	10.617
1.601	18.895	10.614
1.600	18.891	10.615
1.599	18.888	10.615
1.599	18.887	10.615
1.598	18.881	10.616
1.598	18.860	10.616
1.598	18.855	10.615
1.597	18.848	10.616
1.597	18.851	10.618
1.596	18.845	10.616
1.596	18.836	10.617
1.595	18.835	10.617
1.596	18.829	10.617
1.594	18.814	10.619
1.594	18.805	10.618
1.593	18.800	10.619
1.592	18.796	10.621
1.592	18.790	10.619
1.592	18.796	10.618
1.591	18.789	10.618
1.592	18.787	10.619
1.591	18.783	10.619
1.591	18.780	10.617
1.591	18.764	10.620
1.591	18.762	10.619
1.590	18.761	10.619
1.591	18.758	10.621
1.589	18.763	10.619
1.589	18.765	10.617
1.589	18.757	10.617
1.587	18.747	10.618
1.587	18.738	10.617
1.586	18.728	10.617
1.586	18.709	10.616
1.585	18.702	10.618
1.585	18.696	10.617
1.584	18.690	10.618
1.583	18.702	10.616
1.583	18.699	10.615
1.583	18.692	10.614
1.582	18.689	10.615
1.581	18.684	10.615
1.580	18.661	10.615
1.580	18.652	10.616
1.580	18.656	10.617
1.580	18.663	10.615
1.579	18.660	10.615
1.579	18.652	10.616
1.578	18.647	10.614
1.578	18.644	10.614
1.578	18.642	10.615
1.577	18.639	10.615
1.577	18.634	10.614
1.577	18.616	10.615
1.577	18.614	10.615
1.576	18.610	10.612
1.577	18.620	10.615
1.575	18.616	10.616
1.576	18.622	10.615
1.575	18.616	10.611
1.575	18.613	10.615
1.574	18.607	10.616
1.574	18.595	10.612
1.574	18.588	10.610
1.573	18.574	10.613
1.573	18.579	10.614
1.573	18.580	10.613
1.572	18.578	10.612
1.572	18.572	10.615
1.573	18.567	10.613
1.572	18.550	10.614
1.572	18.536	10.613
1.571	18.524	10.613
1.571	18.520	10.612
1.570	18.518	10.615
1.570	18.526	10.613
1.570	18.520	10.612
1.568	18.512	10.614
1.567	18.500	10.614
1.567	18.488	10.612
1.567	18.469	10.612
1.566	18.468	10.614
1.567	18.468	10.612
1.566	18.459	10.613
1.565	18.455	10.612
1.564	18.451	10.613
1.562	18.442	10.612
1.562	18.428	10.613
1.561	18.420	10.612
1.561	18.407	10.611
1.560	18.396	10.612
1.560	18.396	10.611
1.560	18.392	10.610
1.560	18.380	10.613
1.559	18.389	10.611
1.559	18.387	10.614
1.558	18.383	10.612
1.559	18.378	10.612
1.558	18.374	10.611
1.556	18.360	10.611
1.555	18.347	10.612
1.555	18.340	10.609
1.555	18.335	10.612
1.554	18.317	10.612
1.554	18.322	10.612
1.553	18.315	10.612
1.553	18.306	10.613
1.553	18.298	10.611
1.552	18.294	10.610
1.551	18.286	10.611
1.550	18.279	10.611
1.549	18.255	10.610
1.549	18.250	10.611
1.549	18.255	10.611
1.548	18.257	10.612
1.548	18.251	10.612
1.547	18.246	10.611
1.547	18.236	10.611
1.546	18.233	10.612
1.545	18.224	10.610
1.544	18.207	10.610
1.544	18.199	10.611
1.544	18.193	10.613
1.543	18.188	10.611
1.542	18.186	10.611
1.542	18.179	10.615
1.541	18.178	10.613
1.541	18.176	10.612
1.541	18.159	10.611
1.541	18.156	10.613
1.541	18.169	10.613
1.540	18.174	10.616
1.540	18.172	10.613
1.539	18.164	10.612
1.539	18.154	10.612
1.538	18.139	10.613
1.538	18.134	10.614
1.538	18.122	10.611
1.537	18.123	10.614
1.536	18.120	10.614
1.536	18.116	10.616
1.536	18.114	10.611
1.536	18.103	10.615
1.535	18.095	10.614
1.534	18.092	10.614
1.533	18.079	10.614
1.533	18.071	10.615
1.532	18.062	10.615
1.532	18.054	10.616
1.531	18.054	10.616
1.531	18.046	10.614
1.530	18.027	10.613
1.530	18.037	10.616
1.529	18.035	10.614
1.529	18.030	10.613
1.528	18.019	10.617
1.527	18.007	10.615
1.527	17.998	10.616
1.526	17.988	10.614
1.525	17.972	10.616
1.524	17.967	10.614
1.523	17.956	10.615
1.522	17.943	10.614
1.521	17.930	10.615
1.520	17.912	10.613
1.518	17.898	10.617
1.517	17.864	10.616
1.518	17.879	10.614
1.516	17.874	10.616
1.516	17.870	10.615
1.515	17.864	10.615
1.515	17.859	10.615
1.515	17.858	10.616
1.515	17.850	10.616
1.514	17.847	10.616
1.514	17.838	10.614
1.513	17.822	10.617
1.513	17.825	10.615
1.512	17.814	10.616
1.512	17.810	10.614
1.511	17.799	10.615
1.510	17.788	10.617
1.510	17.786	10.618
1.509	17.785	10.618
1.510	17.784	10.616
1.509	17.764	10.617
1.509	17.786	10.619
1.509	17.783	10.616
1.509	17.778	10.616
1.508	17.773	10.616
1.508	17.770	10.616
1.509	17.766	10.618
1.508	17.763	10.616
1.507	17.760	10.618
1.506	17.755	10.617
1.507	17.754	10.618
1.506	17.754	10.616
1.507	17.754	10.616
1.507	17.740	10.618
1.507	17.755	10.615
1.507	17.753	10.617
1.506	17.753	10.618
1.505	17.743	10.617
1.503	17.727	10.617
1.502	17.712	10.619
1.500	17.696	10.618
1.499	17.682	10.616
1.498	17.667	10.618
1.498	17.670	10.616
1.497	17.661	10.618
1.496	17.645	10.618
1.494	17.625	10.618
1.493	17.611	10.618
1.494	17.603	10.617
1.493	17.591	10.618
1.492	17.579	10.616
1.491	17.565	10.617
1.490	17.552	10.614
1.489	17.537	10.617
1.488	17.538	10.615
1.487	17.524	10.617
1.487	17.514	10.617
1.485	17.496	10.616
1.484	17.472	10.616
1.483	17.458	10.614
1.482	17.447	10.618
1.481	17.437	10.616
1.480	17.420	10.618
1.479	17.419	10.616
1.477	17.407	10.615
1.477	17.401	10.620
1.477	17.395	10.618
1.476	17.390	10.614
1.475	17.364	10.616
1.474	17.346	10.619
1.472	17.335	10.616
1.471	17.324	10.617
1.470	17.314	10.617
1.470	17.310	10.617
1.469	17.305	10.616
1.468	17.296	10.619
1.467	17.287	10.618
1.466	17.278	10.616
1.466	17.273	10.617
1.465	17.271	10.618
1.465	17.267	10.616
1.465	17.249	10.617
1.465	17.253	10.617
1.464	17.249	10.617
1.462	17.244	10.616
1.461	17.230	10.618
1.461	17.209	10.618
1.460	17.184	10.618
1.459	17.172	10.617
1.459	17.157	10.616
1.457	17.149	10.615
1.456	17.143	10.618
1.455	17.139	10.617
1.455	17.133	10.616
1.455	17.126	10.616
1.454	17.123	10.617
1.454	17.117	10.616
1.454	17.112	10.616
1.454	17.101	10.617
1.452	17.088	10.616
1.451	17.074	10.616
1.451	17.071	10.614
1.450	17.065	10.617
1.449	17.056	10.617
1.449	17.048	10.616
1.449	17.041	10.618
1.447	17.017	10.615
1.448	17.008	10.616
1.446	17.004	10.617
1.446	16.997	10.618
1.446	17.000	10.619
1.445	17.002	10.615
1.445	16.996	10.617
1.445	16.992	10.617
1.445	16.990	10.618
1.445	16.984	10.615
1.444	16.968	10.618
1.444	16.968	10.618
1.443	16.960	10.617
1.442	16.954	10.618
1.441	16.955	10.616
1.440	16.950	10.617
1.440	16.939	10.616
1.439	16.931	10.617
1.439	16.926	10.617
1.438	16.919	10.617
1.438	16.912	10.617
1.437	16.907	10.617
1.436	16.899	10.618
1.435	16.879	10.619
1.435	16.880	10.620
1.435	16.871	10.618
1.434	16.864	10.619
1.434	16.858	10.618
1.434	16.850	10.618
1.433	16.832	10.619
1.431	16.822	10.620
1.430	16.812	10.620
1.429	16.808	10.619
1.429	16.816	10.619
1.429	16.811	10.622
1.428	16.802	10.621
1.428	16.796	10.620
1.426	16.786	10.619
1.426	16.770	10.616
1.426	16.764	10.620
1.425	16.763	10.617
1.425	16.762	10.620
1.425	16.765	10.622
1.425	16.772	10.619
1.425	16.763	10.620
1.424	16.760	10.620
1.424	16.754	10.616
1.423	16.747	10.621
1.423	16.743	10.619
1.423	16.740	10.619
1.423	16.745	10.620
1.422	16.735	10.618
1.423	16.733	10.621
1.423	16.727	10.621
1.421	16.724	10.619
1.421	16.720	10.620
1.421	16.715	10.623
1.421	16.699	10.623
1.421	16.694	10.620
1.420	16.687	10.623
1.419	16.679	10.621
1.419	16.676	10.624
1.418	16.678	10.622
1.418	16.673	10.622
1.417	16.667	10.623
1.417	16.665	10.621
1.416	16.661	10.622
1.416	16.656	10.620
1.415	16.650	10.622
1.415	16.647	10.622
1.415	16.644	10.621
1.414	16.636	10.624
1.414	16.632	10.622
1.413	16.622	10.625
1.413	16.614	10.624
1.413	16.611	10.629
1.413	16.600	10.625
1.412	16.593	10.622
1.412	16.589	10.625
1.411	16.581	10.625
1.411	16.577	10.622
1.411	16.583	10.624
1.411	16.578	10.627
1.410	16.575	10.624
1.410	16.570	10.628
1.409	16.565	10.626
1.408	16.543	10.627
1.408	16.540	10.628
1.407	16.535	10.625
1.407	16.528	10.625
1.406	16.528	10.627
1.406	16.531	10.626
1.405	16.524	10.626
1.405	16.518	10.628
1.405	16.516	10.624
1.404	16.514	10.627
1.405	16.511	10.630
1.404	16.504	10.626
1.403	16.497	10.627
1.403	16.493	10.627
1.402	16.492	10.629
1.401	16.484	10.627
1.401	16.476	10.630
1.400	16.467	10.629
1.399	16.458	10.629
1.397	16.434	10.629
1.396	16.422	10.629
1.395	16.404	10.630
1.392	16.378	10.629
1.391	16.361	10.629
1.390	16.363	10.630
1.390	16.358	10.631
1.390	16.357	10.626
1.390	16.357	10.631
1.390	16.355	10.631
1.388	16.348	10.629
1.388	16.343	10.630
1.387	16.337	10.630
1.387	16.333	10.631
1.387	16.327	10.633
1.386	16.316	10.629
1.386	16.312	10.631
1.385	16.297	10.633
1.385	16.290	10.631
1.383	16.284	10.633
1.383	16.274	10.631
1.382	16.269	10.633
1.382	16.248	10.631
1.381	16.239	10.630
1.380	16.241	10.634
1.378	16.233	10.632
1.378	16.221	10.633
1.378	16.210	10.633
1.377	16.203	10.634
1.377	16.186	10.632
1.376	16.177	10.635
1.375	16.173	10.635
1.375	16.169	10.633
1.375	16.168	10.636
1.374	16.169	10.638
1.374	16.162	10.632
1.373	16.150	10.633
1.372	16.139	10.635
1.371	16.131	10.638
1.371	16.122	10.638
1.369	16.109	10.636
1.368	16.103	10.637
1.368	16.087	10.638
1.367	16.081	10.637
1.366	16.073	10.637
1.366	16.066	10.637
1.365	16.059	10.640
1.364	16.054	10.638
1.364	16.039	10.637
1.363	16.031	10.639
1.363	16.028	10.638
1.363	16.025	10.637
1.363	16.030	10.638
1.362	16.029	10.639
1.362	16.023	10.639
1.362	16.011	10.641
1.361	15.999	10.641
1.360	15.992	10.637
1.359	15.980	10.640
1.358	15.975	10.638
1.357	15.967	10.641
1.356	15.950	10.641
1.354	15.936	10.641
1.354	15.926	10.640
1.354	15.920	10.641
1.353	15.910	10.644
1.352	15.906	10.642
1.352	15.904	10.643
1.351	15.898	10.642
1.350	15.884	10.642
1.350	15.877	10.640
1.350	15.879	10.642
1.350	15.879	10.643
1.349	15.874	10.642
1.348	15.869	10.644
1.347	15.857	10.647
1.347	15.849	10.645
1.346	15.838	10.641
1.346	15.833	10.644
1.346	15.824	10.644
1.346	15.817	10.643
1.345	15.820	10.650
1.345	15.812	10.649
1.344	15.808	10.647
1.343	15.800	10.644
1.343	15.796	10.648
1.342	15.783	10.645
1.342	15.782	10.644
1.342	15.778	10.648
1.342	15.774	10.643
1.342	15.776	10.647
1.341	15.777	10.648
1.341	15.771	10.648
1.341	15.765	10.648
1.341	15.761	10.650
1.340	15.757	10.650
1.340	15.750	10.651
1.339	15.747	10.652
1.339	15.742	10.650
1.339	15.730	10.649
1.338	15.727	10.654
1.337	15.723	10.653
1.337	15.720	10.650
1.337	15.715	10.651
1.336	15.710	10.650
1.336	15.700	10.647
1.335	15.698	10.652
1.335	15.688	10.651
1.333	15.680	10.650
1.333	15.669	10.653
1.332	15.662	10.654
1.332	15.661	10.654
1.332	15.652	10.655
1.331	15.646	10.653
1.330	15.637	10.655
1.330	15.626	10.655
1.328	15.620	10.654
1.328	15.601	10.649
1.328	15.598	10.647
1.327	15.599	10.652
1.327	15.590	10.655
1.325	15.587	10.653
1.325	15.584	10.656
1.325	15.580	10.655
1.325	15.571	10.652
1.324	15.563	10.652
1.324	15.554	10.653
1.323	15.550	10.653
1.323	15.544	10.652
1.323	15.551	10.655
1.323	15.548	10.656
1.323	15.545	10.657
1.322	15.540	10.657
1.321	15.533	10.657
1.320	15.514	10.654
1.320	15.504	10.658
1.319	15.500	10.655
1.319	15.491	10.654
1.319	15.499	10.658
1.317	15.488	10.657
1.317	15.478	10.659
1.316	15.467	10.659
1.315	15.463	10.660
1.314	15.454	10.661
1.314	15.448	10.658
1.313	15.442	10.660
1.312	15.436	10.660
1.312	15.419	10.658
1.311	15.420	10.661
1.311	15.416	10.662
1.311	15.400	10.660
1.310	15.393	10.661
1.309	15.389	10.660
1.309	15.365	10.660
1.309	15.380	10.662
1.308	15.378	10.661
1.308	15.376	10.660
1.307	15.372	10.661
1.307	15.368	10.663
1.306	15.356	10.664
1.305	15.344	10.663
1.305	15.335	10.664
1.304	15.329	10.664
1.304	15.322	10.665
1.303	15.311	10.663
1.303	15.316	10.664
1.302	15.313	10.666
1.302	15.307	10.667
1.302	15.298	10.664
1.301	15.291	10.666
1.301	15.283	10.664
1.300	15.280	10.666
1.299	15.257	10.666
1.299	15.264	10.664
1.299	15.257	10.667
1.298	15.248	10.668
1.297	15.240	10.667
1.296	15.230	10.668
1.295	15.223	10.666
1.295	15.218	10.667
1.294	15.212	10.667
1.294	15.198	10.666
1.293	15.198	10.667
1.293	15.196	10.667
1.293	15.186	10.668
1.292	15.180	10.669
1.291	15.173	10.669
1.291	15.172	10.668
1.290	15.164	10.670
1.290	15.161	10.668
1.289	15.156	10.670
1.289	15.150	10.670
1.289	15.147	10.672
1.288	15.137	10.670
1.287	15.128	10.672
1.286	15.115	10.672
1.286	15.111	10.671
1.286	15.103	10.671
1.285	15.096	10.671
1.285	15.088	10.672
1.284	15.078	10.670
1.283	15.077	10.673
1.282	15.066	10.672
1.282	15.057	10.673
1.281	15.047	10.673
1.280	15.037	10.670
1.279	15.027	10.673
1.278	15.018	10.673
1.277	15.008	10.673
1.277	15.002	10.675
1.277	15.000	10.674
1.278	15.001	10.675
1.277	14.982	10.673
1.277	14.995	10.676
1.277	14.991	10.676
1.276	14.985	10.674
1.275	14.971	10.677
1.273	14.958	10.675
1.272	14.944	10.678
1.272	14.927	10.674
1.271	14.929	10.677
1.270	14.927	10.676
1.270	14.919	10.678
1.270	14.912	10.678
1.269	14.897	10.674
1.269	14.890	10.679
1.268	14.881	10.679
1.268	14.874	10.680
1.267	14.869	10.679
1.267	14.855	10.678
1.266	14.864	10.679
1.266	14.859	10.680
1.265	14.856	10.680
1.265	14.847	10.678
1.265	14.844	10.680
1.264	14.842	10.680
1.264	14.840	10.680
1.263	14.833	10.680
1.263	14.813	10.679
1.262	14.801	10.677
1.261	14.795	10.679
1.261	14.789	10.679
1.259	14.781	10.678
1.258	14.765	10.683
1.257	14.756	10.681
1.257	14.753	10.680
1.258	14.753	10.682
1.258	14.753	10.681
1.258	14.742	10.680
1.257	14.737	10.681
1.256	14.736	10.684
1.255	14.733	10.683
1.255	14.730	10.682
1.255	14.721	10.684
1.254	14.714	10.683
1.254	14.709	10.680
1.254	14.704	10.685
1.253	14.697	10.682
1.252	14.685	10.682
1.252	14.681	10.683
1.252	14.676	10.682
1.251	14.673	10.684
1.251	14.674	10.684
1.250	14.668	10.685
1.250	14.661	10.684
1.250	14.656	10.685
1.249	14.654	10.684
1.248	14.640	10.684
1.248	14.632	10.682
1.247	14.619	10.685
1.247	14.612	10.684
1.246	14.612	10.686
1.246	14.616	10.686
1.246	14.612	10.686
1.245	14.601	10.685
1.244	14.594	10.688
1.243	14.587	10.688
1.243	14.570	10.685
1.242	14.563	10.687
1.242	14.551	10.688
1.241	14.542	10.688
1.240	14.541	10.690
1.239	14.537	10.689
1.239	14.526	10.691
1.238	14.520	10.687
1.238	14.512	10.691
1.237	14.503	10.687
1.237	14.491	10.688
1.236	14.481	10.687
1.235	14.475	10.687
1.235	14.471	10.689
1.234	14.470	10.690
1.233	14.465	10.692
1.233	14.456	10.691
1.232	14.454	10.689
1.232	14.447	10.692
1.232	14.442	10.691
1.231	14.440	10.692
1.231	14.429	10.690
1.230	14.418	10.689
1.229	14.412	10.692
1.229	14.405	10.690
1.229	14.404	10.691
1.229	14.399	10.693
1.228	14.393	10.691
1.228	14.390	10.693
1.228	14.386	10.690
1.227	14.375	10.691
1.227	14.365	10.690
1.227	14.365	10.689
1.227	14.368	10.693
1.226	14.367	10.692
1.226	14.360	10.694
1.225	14.352	10.693
1.223	14.340	10.693
1.222	14.317	10.691
1.221	14.306	10.694
1.221	14.298	10.692
1.221	14.296	10.694
1.221	14.299	10.695
1.219	14.285	10.694
1.219	14.281	10.696
1.219	14.281	10.696
1.219	14.280	10.696
1.218	14.266	10.694
1.217	14.254	10.695
1.215	14.232	10.693
1.214	14.208	10.694
1.214	14.203	10.696
1.213	14.201	10.698
1.212	14.190	10.695
1.211	14.177	10.696
1.210	14.168	10.698
1.209	14.156	10.696
1.207	14.136	10.695
1.206	14.122	10.696
1.206	14.115	10.696
1.205	14.102	10.697
1.205	14.109	10.698
1.205	14.107	10.697
1.204	14.102	10.702
1.204	14.095	10.696
1.204	14.087	10.700
1.202	14.073	10.697
1.202	14.062	10.697
1.202	14.068	10.698
1.202	14.064	10.699
1.201	14.064	10.699
1.200	14.051	10.699
1.200	14.049	10.698
1.199	14.035	10.699
1.197	14.026	10.699
1.197	14.020	10.698
1.196	14.007	10.700
1.196	14.000	10.699
1.195	13.981	10.700
1.194	13.977	10.698
1.194	13.980	10.699
1.194	13.977	10.701
1.193	13.969	10.702
1.193	13.961	10.700
1.192	13.954	10.701
1.192	13.943	10.698
1.191	13.932	10.700
1.191	13.924	10.699
1.190	13.919	10.701
1.190	13.918	10.699
1.189	13.919	10.703
1.189	13.916	10.702
1.189	13.904	10.704
1.187	13.891	10.703
1.187	13.880	10.703
1.186	13.862	10.701
1.185	13.855	10.701
1.185	13.850	10.703
1.183	13.841	10.702
1.183	13.838	10.702
1.182	13.830	10.704
1.181	13.818	10.703
1.181	13.809	10.703
1.179	13.797	10.703
1.179	13.785	10.701
1.178	13.772	10.706
1.179	13.770	10.707
1.178	13.764	10.704
1.177	13.757	10.706
1.176	13.757	10.704
1.175	13.737	10.705
1.174	13.721	10.705
1.173	13.708	10.705
1.172	13.698	10.704
1.172	13.683	10.706
1.171	13.678	10.705
1.170	13.675	10.705
1.169	13.676	10.706
1.169	13.670	10.705
1.168	13.660	10.705
1.168	13.649	10.704
1.167	13.640	10.706
1.166	13.630	10.704
1.166	13.619	10.704
1.165	13.612	10.707
1.165	13.609	10.703
1.163	13.602	10.707
1.162	13.599	10.706
1.162	13.586	10.707
1.161	13.575	10.707
1.161	13.564	10.707
1.160	13.559	10.707
1.160	13.551	10.707
1.159	13.533	10.706
1.159	13.529	10.706
1.158	13.522	10.705
1.157	13.513	10.709
1.156	13.513	10.707
1.156	13.510	10.706
1.156	13.505	10.707
1.156	13.501	10.709
1.155	13.490	10.708
1.155	13.475	10.709
1.154	13.464	10.710
1.153	13.459	10.711
1.154	13.458	10.710
1.154	13.455	10.709
1.153	13.464	10.711
1.153	13.464	10.711
1.153	13.461	10.711
1.153	13.461	10.711
1.153	13.460	10.708
1.153	13.450	10.712
1.153	13.450	10.711
1.153	13.449	10.711
1.153	13.448	10.711
1.153	13.454	10.712
1.152	13.452	10.712
1.151	13.441	10.713
1.149	13.421	10.713
1.145	13.387	10.712
1.143	13.363	10.712
1.143	13.352	10.713
1.142	13.345	10.711
1.142	13.346	10.710
1.142	13.346	10.714
1.142	13.342	10.714
1.141	13.331	10.713
1.140	13.320	10.715
1.139	13.307	10.712
1.138	13.293	10.713
1.138	13.283	10.714
1.137	13.277	10.714
1.136	13.263	10.713
1.136	13.257	10.713
1.135	13.254	10.714
1.134	13.249	10.714
1.134	13.242	10.712
1.134	13.236	10.714
1.133	13.235	10.715
1.133	13.230	10.711
1.132	13.222	10.714
1.132	13.220	10.715
1.131	13.216	10.715
1.131	13.206	10.714
1.130	13.207	10.717
1.130	13.197	10.715
1.129	13.186	10.715
1.128	13.171	10.716
1.126	13.152	10.716
1.124	13.128	10.715
1.123	13.105	10.715
1.121	13.093	10.715
1.120	13.074	10.715
1.121	13.074	10.715
1.121	13.075	10.715
1.121	13.074	10.717
1.121	13.074	10.716
1.121	13.074	10.717
1.121	13.071	10.715
1.121	13.062	10.718
1.121	13.063	10.718
1.121	13.068	10.720
1.121	13.074	10.719
1.121	13.073	10.716
1.121	13.071	10.715
1.120	13.062	10.718
1.120	13.056	10.718
1.119	13.050	10.720
1.118	13.036	10.719
1.118	13.043	10.719
1.117	13.037	10.721
1.116	13.030	10.722
1.114	13.010	10.720
1.113	12.994	10.722
1.113	12.989	10.719
1.113	12.985	10.719
1.113	12.983	10.720
1.112	12.978	10.721
1.112	12.968	10.719
1.110	12.957	10.721
1.109	12.941	10.719
1.109	12.947	10.720
1.108	12.935	10.723
1.108	12.926	10.720
1.107	12.920	10.720
1.106	12.915	10.721
1.106	12.905	10.720
1.106	12.892	10.719
1.105	12.894	10.723
1.105	12.891	10.723
1.105	12.889	10.722
1.104	12.888	10.724
1.105	12.885	10.722
1.104	12.879	10.720
1.103	12.874	10.724
1.103	12.868	10.721
1.103	12.865	10.721
1.102	12.859	10.726
1.102	12.854	10.724
1.102	12.852	10.722
1.101	12.849	10.724
1.100	12.832	10.725
1.100	12.830	10.724
1.100	12.827	10.723
1.099	12.819	10.721
1.098	12.812	10.724
1.097	12.798	10.726
1.097	12.796	10.724
1.097	12.792	10.725
1.096	12.784	10.724
1.095	12.774	10.723
1.094	12.758	10.724
1.094	12.751	10.726
1.093	12.745	10.726
1.091	12.725	10.725
1.089	12.697	10.726
1.088	12.673	10.727
1.088	12.678	10.726
1.087	12.670	10.726
1.087	12.665	10.727
1.087	12.663	10.728
1.086	12.655	10.725
1.085	12.650	10.727
1.085	12.646	10.727
1.084	12.631	10.724
1.084	12.624	10.725
1.083	12.618	10.725
1.083	12.618	10.729
1.083	12.612	10.726
1.082	12.609	10.728
1.082	12.601	10.726
1.082	12.596	10.728
1.081	12.589	10.727
1.081	12.585	10.728
1.081	12.585	10.728
1.080	12.565	10.729
1.080	12.571	10.730
1.079	12.567	10.729
1.079	12.562	10.730
1.079	12.559	10.728
1.078	12.549	10.730
1.077	12.539	10.730
1.076	12.533	10.728
1.076	12.530	10.733
1.076	12.524	10.731
1.075	12.516	10.731
1.074	12.507	10.730
1.074	12.500	10.730
1.073	12.499	10.729
1.073	12.494	10.733
1.072	12.488	10.729
1.072	12.483	10.729
1.071	12.478	10.729
1.071	12.472	10.728
1.071	12.455	10.730
1.070	12.458	10.730
1.069	12.445	10.730
1.069	12.439	10.729
1.068	12.435	10.728
1.068	12.427	10.730
1.067	12.419	10.733
1.066	12.414	10.732
1.066	12.407	10.731
1.066	12.398	10.731
1.065	12.393	10.732
1.065	12.393	10.727
1.064	12.390	10.731
1.063	12.383	10.733
1.063	12.373	10.731
1.063	12.365	10.732
1.062	12.354	10.734
1.062	12.352	10.732
1.062	12.350	10.733
1.061	12.335	10.735
1.060	12.321	10.733
1.060	12.314	10.733
1.059	12.302	10.733
1.057	12.292	10.731
1.057	12.285	10.735
1.056	12.273	10.735
1.054	12.258	10.734
1.053	12.241	10.734
1.052	12.230	10.731
1.053	12.219	10.735
1.052	12.217	10.733
1.052	12.207	10.733
1.051	12.194	10.731
1.050	12.191	10.736
1.049	12.188	10.735
1.049	12.185	10.736
1.049	12.181	10.737
1.048	12.178	10.735
1.048	12.172	10.738
1.048	12.168	10.737
1.047	12.162	10.737
1.047	12.158	10.738
1.047	12.154	10.734
1.046	12.152	10.737
1.046	12.147	10.740
1.046	12.144	10.737
1.046	12.140	10.737
1.046	12.136	10.736
1.045	12.123	10.736
1.044	12.113	10.737
1.044	12.105	10.737
1.043	12.097	10.736
1.043	12.099	10.739
1.042	12.092	10.735
1.041	12.084	10.739
1.041	12.081	10.740
1.041	12.078	10.737
1.041	12.072	10.735
1.040	12.064	10.737
1.039	12.061	10.736
1.039	12.054	10.735
1.039	12.053	10.740
1.038	12.051	10.740
1.037	12.036	10.740
1.037	12.026	10.740
1.036	12.024	10.741
1.036	12.024	10.739
1.036	12.012	10.736
1.036	12.011	10.739
1.035	12.005	10.737
1.035	12.003	10.738
1.035	12.005	10.740
1.034	12.001	10.739
1.034	11.997	10.740
1.033	11.992	10.739
1.033	11.988	10.741
1.032	11.980	10.738
1.031	11.969	10.738
1.031	11.963	10.739
1.031	11.963	10.740
1.031	11.960	10.740
1.031	11.963	10.740
1.031	11.959	10.741
1.030	11.955	10.742
1.030	11.951	10.743
1.029	11.944	10.743
1.028	11.929	10.739
1.028	11.923	10.742
1.028	11.921	10.740
1.028	11.917	10.743
1.028	11.920	10.745
1.028	11.921	10.741
1.027	11.918	10.741
1.027	11.914	10.743
1.027	11.913	10.744
1.026	11.907	10.743
1.026	11.902	10.744
1.026	11.902	10.741
1.025	11.897	10.743
1.025	11.885	10.743
1.025	11.883	10.746
1.024	11.877	10.743
1.023	11.872	10.743
1.022	11.865	10.743
1.022	11.858	10.744
1.021	11.844	10.743
1.020	11.831	10.744
1.020	11.823	10.741
1.019	11.812	10.742
1.018	11.810	10.745
1.018	11.811	10.744
1.018	11.805	10.744
1.017	11.797	10.745
1.016	11.790	10.746
1.016	11.780	10.745
1.015	11.773	10.746
1.015	11.761	10.746
1.014	11.747	10.746
1.013	11.743	10.745
1.012	11.738	10.747
1.012	11.731	10.747
1.012	11.731	10.747
1.012	11.729	10.746
1.011	11.724	10.750
1.011	11.715	10.746
1.010	11.707	10.743
1.010	11.698	10.746
1.009	11.690	10.747
1.008	11.681	10.745
1.008	11.677	10.746
1.008	11.673	10.746
1.008	11.670	10.747
1.007	11.670	10.747
1.007	11.665	10.745
1.006	11.655	10.748
1.006	11.650	10.747
1.006	11.646	10.746
1.005	11.640	10.745
1.005	11.642	10.747
1.005	11.641	10.748
1.004	11.635	10.748
1.003	11.627	10.749
1.003	11.616	10.748
1.001	11.602	10.746
1.001	11.587	10.750
1.000	11.584	10.748
1.000	11.573	10.746
0.998	11.558	10.750
0.997	11.555	10.751
0.997	11.548	10.750
0.996	11.541	10.750
0.995	11.528	10.751
0.994	11.521	10.749
0.993	11.511	10.749
0.993	11.508	10.750
0.993	11.509	10.748
0.993	11.507	10.751
0.993	11.507	10.750
0.992	11.505	10.749
0.992	11.491	10.748
0.991	11.476	10.751
0.991	11.463	10.750
0.991	11.460	10.752
0.990	11.461	10.753
0.990	11.450	10.751
0.989	11.448	10.753
0.988	11.447	10.753
0.988	11.439	10.752
0.987	11.432	10.751
0.986	11.416	10.753
0.986	11.407	10.753
0.985	11.403	10.750
0.984	11.385	10.752
0.983	11.376	10.751
0.983	11.367	10.752
0.982	11.364	10.752
0.981	11.362	10.753
0.981	11.355	10.753
0.980	11.343	10.754
0.979	11.337	10.753
0.978	11.317	10.754
0.977	11.303	10.752
0.977	11.293	10.751
0.977	11.292	10.752
0.976	11.288	10.753
0.975	11.274	10.751
0.974	11.270	10.753
0.974	11.257	10.754
0.973	11.251	10.754
0.973	11.245	10.753
0.972	11.241	10.754
0.971	11.233	10.756
0.971	11.230	10.756
0.971	11.226	10.754
0.971	11.222	10.755
0.970	11.220	10.755
0.970	11.212	10.754
0.970	11.208	10.755
0.969	11.204	10.755
0.969	11.197	10.756
0.968	11.188	10.754
0.968	11.182	10.756
0.968	11.181	10.756
0.968	11.178	10.754
0.967	11.170	10.755
0.967	11.173	10.758
0.967	11.169	10.756
0.967	11.167	10.756
0.966	11.162	10.756
0.966	11.157	10.758
0.965	11.149	10.755
0.965	11.143	10.759
0.964	11.134	10.757
0.964	11.129	10.758
0.963	11.123	10.756
0.963	11.119	10.757
0.962	11.113	10.757
0.962	11.108	10.758
0.962	11.107	10.759
0.961	11.099	10.757
0.960	11.087	10.757
0.959	11.084	10.758
0.958	11.078	10.758
0.958	11.070	10.757
0.957	11.062	10.759
0.956	11.047	10.759
0.955	11.036	10.757
0.955	11.025	10.758
0.954	11.021	10.758
0.953	11.010	10.758
0.952	10.994	10.758
0.952	10.979	10.757
0.951	10.972	10.758
0.949	10.958	10.761
0.948	10.948	10.762
0.947	10.937	10.762
0.946	10.930	10.758
0.945	10.925	10.757
0.945	10.918	10.761
0.944	10.908	10.759
0.944	10.902	10.757
0.943	10.894	10.760
0.943	10.895	10.759
0.943	10.892	10.759
0.943	10.889	10.760
0.942	10.883	10.761
0.942	10.876	10.763
0.941	10.866	10.759
0.941	10.851	10.760
0.940	10.838	10.760
0.940	10.829	10.758
0.939	10.819	10.761
0.939	10.815	10.761
0.938	10.815	10.761
0.937	10.807	10.763
0.937	10.801	10.761
0.936	10.799	10.761
0.936	10.796	10.760
0.936	10.794	10.765
0.935	10.771	10.761
0.934	10.763	10.762
0.933	10.754	10.761
0.932	10.740	10.762
0.932	10.732	10.760
0.931	10.725	10.762
0.930	10.716	10.763
0.930	10.709	10.761
0.929	10.699	10.760
0.929	10.692	10.764
0.928	10.683	10.763
0.928	10.679	10.765
0.927	10.674	10.764
0.927	10.669	10.761
0.926	10.662	10.763
0.926	10.654	10.764
0.925	10.646	10.764
0.924	10.641	10.764
0.924	10.629	10.764
0.923	10.617	10.764
0.922	10.610	10.764
0.921	10.605	10.764
0.921	10.599	10.763
0.920	10.595	10.764
0.920	10.586	10.765
0.919	10.576	10.764
0.919	10.571	10.765
0.918	10.569	10.765
0.918	10.563	10.764
0.918	10.559	10.764
0.917	10.559	10.765
0.917	10.554	10.764
0.916	10.549	10.767
0.916	10.547	10.764
0.915	10.542	10.766
0.915	10.529	10.764
0.914	10.521	10.764
0.913	10.510	10.765
0.912	10.503	10.765
0.911	10.494	10.763
0.911	10.489	10.766
0.911	10.487	10.766
0.911	10.487	10.766
0.911	10.487	10.766
0.911	10.486	10.766
0.911	10.485	10.766
0.910	10.474	10.765
0.910	10.466	10.768
0.910	10.461	10.766
0.909	10.457	10.767
0.908	10.445	10.765
0.907	10.438	10.768
0.907	10.433	10.766
0.906	10.425	10.768
0.906	10.420	10.766
0.905	10.410	10.767
0.905	10.387	10.767
0.903	10.379	10.768
0.903	10.368	10.770
0.902	10.369	10.765
0.901	10.363	10.770
0.900	10.349	10.767
0.900	10.339	10.767
0.899	10.328	10.770
0.899	10.324	10.769
0.898	10.311	10.769
0.897	10.305	10.771
0.896	10.292	10.770
0.895	10.280	10.769
0.894	10.275	10.770
0.894	10.266	10.771
0.893	10.259	10.771
0.892	10.247	10.769
0.891	10.234	10.767
0.891	10.223	10.766
0.890	10.216	10.771
0.890	10.217	10.774
0.889	10.212	10.770
0.889	10.208	10.768
0.889	10.205	10.772
0.889	10.200	10.774
0.888	10.193	10.772
0.887	10.184	10.771
0.886	10.180	10.770
0.886	10.174	10.773
0.886	10.170	10.775
0.885	10.168	10.773
0.884	10.153	10.772
0.883	10.137	10.770
0.882	10.132	10.771
0.882	10.128	10.771
0.880	10.120	10.773
0.880	10.110	10.772
0.879	10.099	10.771
0.879	10.095	10.772
0.878	10.088	10.772
0.878	10.072	10.772
0.877	10.071	10.774
0.876	10.063	10.774
0.876	10.054	10.772
0.875	10.044	10.773
0.874	10.038	10.773
0.874	10.034	10.772
0.874	10.023	10.772
0.874	10.024	10.773
0.874	10.024	10.770
0.873	10.022	10.775
0.873	10.020	10.775
0.872	10.009	10.774
0.871	9.998	10.775
0.870	9.991	10.773
0.870	9.985	10.776
0.870	9.981	10.773
0.869	9.971	10.771
0.869	9.969	10.774
0.868	9.957	10.774
0.867	9.946	10.775
0.866	9.933	10.776
0.864	9.912	10.772
0.863	9.899	10.775
0.863	9.889	10.776
0.862	9.876	10.778
0.861	9.866	10.774
0.861	9.869	10.778
0.860	9.862	10.779
0.859	9.849	10.778
0.859	9.842	10.776
0.858	9.828	10.777
0.858	9.819	10.777
0.858	9.814	10.778
0.857	9.808	10.779
0.857	9.802	10.780
0.856	9.790	10.778
0.856	9.780	10.776
0.855	9.778	10.776
0.855	9.774	10.776
0.854	9.771	10.778
0.854	9.768	10.780
0.854	9.766	10.779
0.853	9.762	10.779
0.852	9.757	10.778
0.852	9.753	10.778
0.851	9.739	10.780
0.850	9.725	10.779
0.849	9.707	10.778
0.848	9.695	10.777
0.847	9.698	10.776
0.848	9.698	10.780
0.847	9.693	10.781
0.847	9.691	10.778
0.847	9.686	10.776
0.846	9.680	10.778
0.845	9.669	10.779
0.844	9.658	10.781
0.843	9.648	10.781
0.842	9.642	10.779
0.842	9.635	10.781
0.841	9.624	10.782
0.840	9.610	10.782
0.839	9.599	10.782
0.838	9.590	10.779
0.838	9.583	10.779
0.837	9.573	10.779
0.836	9.565	10.778
0.835	9.553	10.779
0.834	9.546	10.781
0.833	9.537	10.782
0.832	9.531	10.783
0.831	9.515	10.783
0.830	9.499	10.783
0.830	9.482	10.780
0.830	9.473	10.779
0.829	9.464	10.780
0.828	9.451	10.779
0.827	9.443	10.782
0.826	9.436	10.783
0.826	9.430	10.782
0.826	9.428	10.783
0.825	9.424	10.784
0.824	9.419	10.784
0.824	9.412	10.782
0.824	9.406	10.781
0.823	9.401	10.780
0.823	9.394	10.783
0.822	9.386	10.784
0.822	9.377	10.785
0.821	9.374	10.785
0.821	9.365	10.782
0.821	9.362	10.781
0.820	9.352	10.784
0.819	9.340	10.784
0.819	9.328	10.783
0.818	9.320	10.782
0.817	9.316	10.783
0.817	9.314	10.783
0.816	9.300	10.783
0.815	9.290	10.783
0.815	9.288	10.783
0.815	9.283	10.784
0.814	9.280	10.783
0.814	9.278	10.785
0.814	9.277	10.784
0.814	9.276	10.784
0.814	9.276	10.786
0.814	9.276	10.785
0.813	9.271	10.784
0.813	9.265	10.786
0.812	9.258	10.785
0.811	9.246	10.783
0.810	9.235	10.782
0.809	9.228	10.785
0.809	9.217	10.784
0.807	9.204	10.784
0.806	9.192	10.788
0.806	9.185	10.784
0.805	9.180	10.786
0.804	9.172	10.786
0.804	9.167	10.785
0.803	9.155	10.784
0.803	9.151	10.784
0.802	9.144	10.784
0.801	9.137	10.785
0.801	9.131	10.786
0.800	9.117	10.786
0.798	9.105	10.787
0.798	9.093	10.785
0.797	9.081	10.789
0.796	9.066	10.787
0.795	9.053	10.790
0.794	9.043	10.783
0.794	9.033	10.786
0.794	9.026	10.789
0.793	9.021	10.786
0.793	9.014	10.788
0.792	9.008	10.790
0.791	9.000	10.788
0.791	8.997	10.790
0.790	8.983	10.788
0.788	8.966	10.788
0.788	8.960	10.789
0.787	8.952	10.785
0.787	8.944	10.788
0.786	8.936	10.787
0.786	8.934	10.789
0.786	8.930	10.788
0.785	8.924	10.789
0.785	8.919	10.787
0.785	8.911	10.785
0.784	8.904	10.787
0.784	8.899	10.788
0.784	8.894	10.787
0.783	8.889	10.790
0.782	8.886	10.788
0.781	8.876	10.791
0.780	8.860	10.791
0.778	8.845	10.789
0.777	8.827	10.787
0.777	8.821	10.790
0.777	8.815	10.790
0.777	8.813	10.791
0.776	8.806	10.790
0.775	8.794	10.791
0.774	8.786	10.790
0.773	8.777	10.792
0.773	8.777	10.792
0.772	8.773	10.792
0.772	8.765	10.788
0.771	8.754	10.788
0.770	8.745	10.791
0.770	8.735	10.790
0.770	8.732	10.791
0.770	8.728	10.792
0.769	8.728	10.791
0.768	8.723	10.795
0.767	8.707	10.793
0.767	8.704	10.791
0.767	8.703	10.791
0.767	8.698	10.793
0.765	8.680	10.790
0.765	8.677	10.791
0.765	8.676	10.792
0.764	8.667	10.794
0.763	8.658	10.791
0.762	8.647	10.792
0.761	8.634	10.794
0.760	8.618	10.796
0.759	8.611	10.793
0.759	8.602	10.791
0.759	8.593	10.794
0.758	8.588	10.793
0.757	8.576	10.794
0.756	8.558	10.793
0.754	8.545	10.792
0.753	8.525	10.792
0.751	8.496	10.793
0.750	8.480	10.793
0.748	8.462	10.795
0.747	8.454	10.793
0.747	8.447	10.795
0.746	8.439	10.793
0.745	8.430	10.794
0.745	8.421	10.795
0.745	8.413	10.795
0.744	8.408	10.795
0.743	8.398	10.794
0.743	8.389	10.795
0.743	8.386	10.796
0.742	8.382	10.795
0.742	8.375	10.794
0.742	8.369	10.794
0.741	8.362	10.795
0.741	8.358	10.794
0.740	8.350	10.795
0.739	8.340	10.794
0.739	8.337	10.797
0.738	8.326	10.794
0.737	8.315	10.796
0.736	8.311	10.796
0.735	8.300	10.797
0.735	8.292	10.796
0.734	8.285	10.795
0.733	8.276	10.794
0.733	8.269	10.793
0.732	8.258	10.798
0.731	8.246	10.797
0.730	8.240	10.797
0.729	8.236	10.797
0.729	8.228	10.798
0.728	8.216	10.797
0.727	8.213	10.799
0.727	8.207	10.796
0.726	8.200	10.796
0.726	8.192	10.796
0.725	8.188	10.796
0.725	8.179	10.797
0.724	8.170	10.799
0.723	8.154	10.798
0.722	8.146	10.798
0.722	8.136	10.795
0.721	8.127	10.797
0.720	8.120	10.800
0.720	8.116	10.800
0.719	8.105	10.797
0.719	8.094	10.798
0.718	8.085	10.799
0.718	8.081	10.799
0.717	8.075	10.800
0.717	8.069	10.798
0.716	8.057	10.799
0.715	8.044	10.798
0.714	8.033	10.797
0.713	8.020	10.799
0.712	8.014	10.802
0.712	8.008	10.800
0.712	8.006	10.799
0.711	7.996	10.802
0.710	7.983	10.801
0.710	7.975	10.799
0.710	7.971	10.800
0.709	7.971	10.800
0.709	7.965	10.800
0.709	7.960	10.800
0.708	7.959	10.799
0.708	7.955	10.800
0.708	7.950	10.801
0.707	7.947	10.801
0.707	7.943	10.800
0.707	7.940	10.802
0.707	7.934	10.802
0.706	7.928	10.800
0.705	7.922	10.801
0.705	7.917	10.801
0.704	7.910	10.800
0.704	7.907	10.802
0.703	7.902	10.802
0.703	7.901	10.801
0.703	7.898	10.803
0.702	7.884	10.803
0.701	7.871	10.803
0.700	7.861	10.804
0.699	7.847	10.804
0.698	7.824	10.805
0.698	7.822	10.803
0.697	7.821	10.804
0.697	7.815	10.802
0.696	7.804	10.805
0.695	7.800	10.800
0.695	7.799	10.802
0.694	7.789	10.801
0.693	7.776	10.803
0.693	7.772	10.803
0.692	7.768	10.804
0.692	7.764	10.804
0.691	7.760	10.801
0.691	7.757	10.805
0.691	7.753	10.802
0.691	7.751	10.803
0.690	7.749	10.805
0.690	7.739	10.804
0.689	7.729	10.801
0.689	7.725	10.803
0.688	7.715	10.803
0.688	7.714	10.802
0.687	7.709	10.805
0.687	7.706	10.804
0.686	7.701	10.806
0.686	7.692	10.804
0.686	7.688	10.805
0.685	7.682	10.803
0.685	7.678	10.804
0.685	7.672	10.805
0.684	7.666	10.806
0.683	7.654	10.804
0.682	7.637	10.807
0.681	7.624	10.804
0.680	7.612	10.804
0.679	7.599	10.803
0.679	7.593	10.806
0.678	7.584	10.804
0.678	7.581	10.807
0.676	7.564	10.808
0.675	7.549	10.804
0.674	7.540	10.804
0.674	7.536	10.806
0.673	7.529	10.807
0.672	7.514	10.804
0.670	7.496	10.807
0.669	7.476	10.807
0.667	7.460	10.807
0.667	7.458	10.808
0.667	7.455	10.808
0.667	7.453	10.809
0.667	7.447	10.806
0.666	7.434	10.809
0.665	7.423	10.807
0.665	7.422	10.810
0.665	7.419	10.808
0.665	7.413	10.806
0.664	7.410	10.808
0.663	7.400	10.806
0.662	7.387	10.808
0.662	7.384	10.808
0.662	7.384	10.810
0.662	7.380	10.806
0.661	7.365	10.809
0.660	7.361	10.809
0.660	7.361	10.809
0.660	7.357	10.809
0.660	7.351	10.809
0.659	7.346	10.808
0.658	7.338	10.809
0.657	7.336	10.809
0.657	7.335	10.808
0.657	7.331	10.810
0.656	7.324	10.808
0.655	7.321	10.810
0.655	7.312	10.809
0.655	7.308	10.811
0.654	7.301	10.809
0.653	7.290	10.809
0.652	7.276	10.809
0.651	7.263	10.811
0.651	7.259	10.809
0.651	7.252	10.810
0.650	7.250	10.811
0.650	7.240	10.812
0.649	7.230	10.812
0.648	7.223	10.811
0.647	7.211	10.810
0.646	7.202	10.812
0.646	7.192	10.813
0.645	7.186	10.815
0.645	7.180	10.813
0.644	7.177	10.813
0.644	7.170	10.811
0.643	7.156	10.811
0.643	7.149	10.812
0.643	7.146	10.814
0.642	7.137	10.812
0.641	7.130	10.815
0.641	7.129	10.813
0.641	7.129	10.812
0.641	7.129	10.813
0.640	7.118	10.813
0.639	7.107	10.814
0.639	7.093	10.812
0.638	7.084	10.813
0.637	7.075	10.813
0.636	7.062	10.812
0.636	7.057	10.815
0.635	7.050	10.815
0.634	7.042	10.816
0.634	7.033	10.816
0.633	7.028	10.815
0.633	7.019	10.813
0.632	7.018	10.814
0.632	7.016	10.814
0.632	7.015	10.814
0.632	7.009	10.811
0.631	7.004	10.812
0.630	6.997	10.814
0.629	6.984	10.815
0.629	6.970	10.815
0.627	6.961	10.815
0.626	6.940	10.815
0.625	6.927	10.817
0.625	6.921	10.816
0.624	6.914	10.815
0.623	6.909	10.814
0.622	6.898	10.816
0.621	6.892	10.818
0.621	6.885	10.817
0.620	6.880	10.814
0.619	6.871	10.817
0.619	6.864	10.811
0.619	6.862	10.817
0.619	6.860	10.817
0.619	6.860	10.818
0.618	6.853	10.817
0.618	6.845	10.818
0.617	6.838	10.820
0.617	6.834	10.814
0.617	6.828	10.819
0.616	6.824	10.818
0.616	6.821	10.818
0.615	6.816	10.817
0.614	6.806	10.817
0.614	6.794	10.819
0.613	6.783	10.816
0.612	6.773	10.817
0.611	6.765	10.819
0.611	6.757	10.819
0.610	6.744	10.818
0.608	6.726	10.818
0.608	6.718	10.820
0.607	6.703	10.822
0.606	6.687	10.818
0.605	6.676	10.821
0.604	6.665	10.816
0.604	6.658	10.820
0.603	6.652	10.818
0.603	6.646	10.821
0.603	6.641	10.817
0.602	6.640	10.818
0.602	6.638	10.820
0.602	6.632	10.821
0.602	6.628	10.819
0.601	6.618	10.818
0.600	6.616	10.819
0.600	6.604	10.822
0.599	6.596	10.818
0.599	6.592	10.818
0.598	6.587	10.818
0.598	6.584	10.819
0.598	6.582	10.822
0.597	6.576	10.821
0.597	6.567	10.820
0.597	6.564	10.820
0.596	6.555	10.823
0.595	6.542	10.821
0.595	6.533	10.822
0.594	6.531	10.820
0.593	6.520	10.821
0.592	6.512	10.823
0.592	6.501	10.823
0.591	6.494	10.821
0.590	6.487	10.819
0.590	6.482	10.822
0.589	6.477	10.823
0.589	6.470	10.823
0.588	6.463	10.823
0.587	6.454	10.823
0.587	6.445	10.822
0.586	6.438	10.823
0.586	6.433	10.824
0.585	6.427	10.824
0.585	6.421	10.824
0.584	6.419	10.823
0.584	6.411	10.824
0.583	6.404	10.827
0.583	6.392	10.820
0.582	6.384	10.825
0.581	6.378	10.826
0.581	6.373	10.825
0.580	6.371	10.824
0.580	6.368	10.824
0.580	6.364	10.829
0.579	6.361	10.827
0.579	6.358	10.825
0.578	6.348	10.825
0.577	6.337	10.823
0.576	6.331	10.828
0.576	6.322	10.825
0.575	6.309	10.826
0.574	6.299	10.824
0.573	6.288	10.826
0.572	6.274	10.826
0.572	6.258	10.824
0.571	6.249	10.822
0.570	6.230	10.823
0.569	6.222	10.824
0.568	6.215	10.821
0.567	6.207	10.823
0.565	6.185	10.826
0.565	6.173	10.824
0.564	6.165	10.825
0.564	6.158	10.825
0.564	6.152	10.824
0.563	6.146	10.827
0.563	6.140	10.828
0.562	6.135	10.826
0.562	6.130	10.824
0.561	6.122	10.827
0.561	6.115	10.826
0.560	6.105	10.826
0.559	6.096	10.828
0.558	6.088	10.827
0.557	6.079	10.828
0.557	6.071	10.825
0.556	6.057	10.827
0.555	6.046	10.825
0.555	6.042	10.828
0.555	6.039	10.827
0.554	6.035	10.825
0.554	6.030	10.828
0.553	6.017	10.829
0.552	6.003	10.826
0.551	5.991	10.828
0.550	5.979	10.824
0.550	5.971	10.826
0.549	5.965	10.826
0.549	5.961	10.825
0.548	5.960	10.826
0.548	5.957	10.829
0.548	5.957	10.827
0.548	5.954	10.830
0.547	5.951	10.829
0.546	5.945	10.830
0.546	5.940	10.828
0.545	5.936	10.826
0.544	5.933	10.827
0.544	5.930	10.824
0.543	5.922	10.828
0.543	5.920	10.831
0.542	5.918	10.831
0.541	5.912	10.831
0.541	5.908	10.831
0.540	5.906	10.830
0.539	5.903	10.827
0.539	5.902	10.827
0.539	5.900	10.827
0.538	5.896	10.828
0.538	5.896	10.832
0.537	5.893	10.832
0.537	5.889	10.830
0.536	5.884	10.830
0.535	5.884	10.832
0.535	5.883	10.829
0.534	5.877	10.829
0.534	5.874	10.831
0.533	5.873	10.832
0.533	5.872	10.831
0.532	5.869	10.832
0.531	5.862	10.833
0.530	5.862	10.832
0.531	5.862	10.832
0.531	5.861	10.831
0.530	5.860	10.835
0.530	5.859	10.834
0.528	5.856	10.830
0.527	5.853	10.830
0.526	5.847	10.833
0.524	5.844	10.832
0.523	5.838	10.833
0.521	5.834	10.832
0.520	5.830	10.834
0.518	5.826	10.832
0.516	5.822	10.831
0.515	5.819	10.831
0.514	5.817	10.829
0.514	5.815	10.835
0.514	5.814	10.834
0.513	5.811	10.833
0.511	5.811	10.833
0.511	5.807	10.835
0.510	5.807	10.834
0.509	5.802	10.830
0.507	5.799	10.832
0.506	5.798	10.830
0.504	5.795	10.833
0.502	5.790	10.831
0.501	5.786	10.835
0.500	5.784	10.834
0.499	5.782	10.832
0.499	5.781	10.835
0.499	5.782	10.834
0.500	5.781	10.833
0.500	5.782	10.832
0.500	5.782	10.837
0.500	5.782	10.833
0.500	5.782	10.836
0.500	5.781	10.836
0.499	5.779	10.836
0.498	5.776	10.835
0.497	5.774	10.836
0.496	5.774	10.832
0.496	5.771	10.837
0.495	5.770	10.832
0.495	5.769	10.835
0.494	5.768	10.836
0.493	5.766	10.835
0.492	5.764	10.835
0.492	5.764	10.835
0.491	5.762	10.837
0.491	5.762	10.835
0.490	5.761	10.836
0.489	5.755	10.835
0.488	5.752	10.835
0.487	5.751	10.836
0.487	5.751	10.836
0.487	5.750	10.836
0.487	5.750	10.838
0.486	5.750	10.838
0.486	5.750	10.837
0.485	5.750	10.838
0.484	5.748	10.839
0.484	5.747	10.836
0.484	5.745	10.838
0.483	5.745	10.837
0.483	5.742	10.838
0.482	5.742	10.839
0.482	5.740	10.837
0.482	5.738	10.838
0.481	5.737	10.838
0.481	5.737	10.836
0.480	5.737	10.837
0.480	5.737	10.838
0.479	5.736	10.837
0.479	5.736	10.837
0.479	5.735	10.839
0.479	5.735	10.838
0.478	5.734	10.839
0.478	5.733	10.838
0.477	5.731	10.839
0.476	5.726	10.840
0.476	5.726	10.840
0.475	5.725	10.837
0.475	5.725	10.840
0.474	5.724	10.840
0.473	5.722	10.841
0.472	5.720	10.839
0.472	5.719	10.841
0.471	5.716	10.841
0.470	5.713	10.841
0.469	5.713	10.841
0.469	5.713	10.843
0.469	5.713	10.840
0.468	5.713	10.841
0.467	5.709	10.838
0.466	5.706	10.840
0.465	5.704	10.843
0.464	5.703	10.843
0.464	5.702	10.842
0.464	5.701	10.842
0.464	5.701	10.839
0.463	5.701	10.841
0.463	5.701	10.842
0.462	5.700	10.843
0.462	5.696	10.842
0.461	5.693	10.842
0.460	5.690	10.842
0.460	5.689	10.839
0.459	5.688	10.841
0.459	5.688	10.842
0.458	5.688	10.841
0.458	5.686	10.842
0.457	5.684	10.844
0.456	5.681	10.842
0.456	5.681	10.843
0.456	5.681	10.843
0.455	5.680	10.842
0.455	5.680	10.844
0.454	5.680	10.843
0.453	5.680	10.842
0.452	5.681	10.844
0.451	5.680	10.845
0.451	5.680	10.843
0.451	5.679	10.844
0.450	5.680	10.843
0.449	5.680	10.846
0.449	5.679	10.845
0.448	5.679	10.844
0.447	5.680	10.844
0.447	5.679	10.846
0.446	5.680	10.846
0.446	5.680	10.845
0.445	5.680	10.845
0.444	5.680	10.845
0.443	5.679	10.848
0.443	5.680	10.844
0.442	5.680	10.845
0.442	5.680	10.847
0.441	5.680	10.846
0.440	5.681	10.845
0.439	5.680	10.849
0.438	5.679	10.847
0.437	5.681	10.847
0.436	5.680	10.846
0.436	5.680	10.847
0.435	5.680	10.845
0.435	5.679	10.847
0.434	5.680	10.847
0.433	5.679	10.847
0.431	5.680	10.847
0.430	5.679	10.847
0.429	5.680	10.850
0.428	5.680	10.845
0.428	5.679	10.847
0.428	5.680	10.848
0.428	5.681	10.845
0.427	5.679	10.848
0.426	5.680	10.847
0.426	5.681	10.848
0.425	5.680	10.849
0.423	5.681	10.848
0.423	5.681	10.847
0.423	5.680	10.847
0.423	5.680	10.847
0.423	5.680	10.848
0.422	5.679	10.849
0.422	5.680	10.849
0.421	5.679	10.847
0.421	5.679	10.847
0.420	5.680	10.848
0.420	5.680	10.848
0.419	5.680	10.850
0.418	5.680	10.850
0.417	5.678	10.852
0.415	5.680	10.852
0.414	5.680	10.849
0.414	5.679	10.848
0.413	5.680	10.846
0.412	5.681	10.850
0.412	5.680	10.849
0.411	5.680	10.850
0.410	5.679	10.850
0.410	5.679	10.855
0.410	5.679	10.851
0.410	5.680	10.849
0.410	5.679	10.851
0.410	5.679	10.851
0.410	5.680	10.852
0.410	5.679	10.851
0.410	5.680	10.853
0.410	5.680	10.854
0.410	5.680	10.853
0.410	5.679	10.851
0.410	5.680	10.849
0.410	5.679	10.853
0.410	5.679	10.850
0.410	5.679	10.853
0.410	5.680	10.852
0.410	5.680	10.851
0.410	5.680	10.850
0.410	5.680	10.850
0.410	5.680	10.849
0.410	5.679	10.853
0.410	5.680	10.851
0.410	5.679	10.850
0.410	5.679	10.851
0.410	5.679	10.855
0.410	5.680	10.852
0.410	5.680	10.851
0.410	5.680	10.854
0.410	5.680	10.851
0.410	5.680	10.853
0.410	5.680	10.854
0.410	5.680	10.853
0.410	5.680	10.855
0.410	5.680	10.853
