0.395	5.682	25.183
0.395	5.681	25.182
0.395	5.681	25.184
0.395	5.681	25.182
0.395	5.681	25.185
0.395	5.681	25.184
0.395	5.681	25.184
0.395	5.682	25.182
0.395	5.681	25.183
0.395	5.682	25.181
0.395	5.681	25.184
0.395	5.682	25.183
0.396	5.681	25.182
0.396	5.681	25.182
0.396	5.682	25.183
0.396	5.682	25.184
0.397	5.682	25.183
0.398	5.682	25.181
0.399	5.681	25.182
0.399	5.682	25.180
0.400	5.681	25.183
0.401	5.679	25.182
0.402	5.681	25.183
0.403	5.679	25.184
0.403	5.680	25.182
0.403	5.680	25.180
0.404	5.680	25.182
0.405	5.680	25.182
0.405	5.680	25.182
0.405	5.681	25.183
0.405	5.679	25.182
0.406	5.680	25.183
0.406	5.681	25.181
0.406	5.680	25.183
0.407	5.680	25.181
0.408	5.679	25.181
0.408	5.681	25.183
0.409	5.680	25.181
0.409	5.681	25.181
0.409	5.682	25.182
0.409	5.681	25.180
0.409	5.681	25.180
0.409	5.681	25.181
0.409	5.681	25.182
0.409	5.680	25.182
0.409	5.681	25.182
0.410	5.680	25.183
0.410	5.681	25.182
0.411	5.681	25.182
0.411	5.681	25.180
0.411	5.681	25.183
0.412	5.680	25.182
0.412	5.681	25.181
0.413	5.681	25.182
0.413	5.681	25.179
0.414	5.681	25.180
0.416	5.681	25.180
0.417	5.681	25.181
0.417	5.680	25.182
0.417	5.680	25.181
0.418	5.681	25.180
0.419	5.680	25.182
0.421	5.681	25.184
0.422	5.680	25.184
0.422	5.681	25.180
0.422	5.681	25.181
0.423	5.680	25.182
0.423	5.681	25.180
0.423	5.680	25.180
0.423	5.681	25.180
0.424	5.680	25.180
0.425	5.681	25.182
0.425	5.681	25.182
0.425	5.681	25.182
0.426	5.681	25.179
0.426	5.681	25.179
0.426	5.680	25.181
0.426	5.681	25.180
0.426	5.680	25.181
0.426	5.681	25.181
0.427	5.680	25.182
0.427	5.680	25.180
0.428	5.680	25.180
0.428	5.681	25.181
0.428	5.680	25.181
0.429	5.681	25.181
0.429	5.680	25.180
0.430	5.681	25.180
0.430	5.680	25.183
0.431	5.680	25.183
0.432	5.680	25.182
0.432	5.680	25.182
0.432	5.680	25.183
0.433	5.681	25.180
0.433	5.681	25.180
0.433	5.681	25.183
0.434	5.680	25.180
0.434	5.680	25.183
0.435	5.679	25.183
0.437	5.681	25.180
0.438	5.682	25.182
0.438	5.681	25.181
0.438	5.680	25.182
0.438	5.681	25.182
0.439	5.680	25.181
0.439	5.681	25.181
0.440	5.681	25.181
0.441	5.681	25.179
0.442	5.681	25.178
0.442	5.681	25.181
0.442	5.682	25.181
0.442	5.684	25.181
0.443	5.686	25.182
0.444	5.688	25.183
0.445	5.691	25.180
0.446	5.692	25.179
0.446	5.693	25.181
0.447	5.695	25.182
0.447	5.699	25.178
0.448	5.701	25.180
0.448	5.701	25.182
0.448	5.701	25.180
0.448	5.701	25.180
0.448	5.701	25.180
0.449	5.701	25.180
0.449	5.703	25.180
0.450	5.704	25.181
0.450	5.704	25.182
0.451	5.706	25.183
0.451	5.707	25.182
0.452	5.709	25.183
0.453	5.713	25.179
0.454	5.713	25.178
0.455	5.715	25.179
0.456	5.718	25.181
0.456	5.720	25.182
0.457	5.720	25.182
0.457	5.720	25.179
0.457	5.720	25.182
0.457	5.722	25.182
0.458	5.724	25.181
0.459	5.725	25.181
0.459	5.725	25.182
0.460	5.727	25.179
0.460	5.728	25.182
0.461	5.729	25.181
0.461	5.731	25.183
0.461	5.733	25.180
0.462	5.734	25.180
0.462	5.735	25.182
0.462	5.736	25.180
0.463	5.736	25.181
0.463	5.736	25.180
0.463	5.737	25.181
0.463	5.737	25.180
0.464	5.737	25.180
0.464	5.737	25.180
0.464	5.737	25.181
0.465	5.740	25.180
0.466	5.743	25.182
0.467	5.745	25.180
0.468	5.746	25.180
0.468	5.749	25.178
0.469	5.750	25.181
0.469	5.750	25.181
0.470	5.750	25.183
0.470	5.750	25.181
0.471	5.750	25.180
0.471	5.753	25.180
0.472	5.753	25.181
0.472	5.753	25.181
0.473	5.758	25.179
0.474	5.762	25.180
0.475	5.762	25.180
0.476	5.764	25.181
0.476	5.765	25.180
0.477	5.766	25.180
0.477	5.767	25.181
0.478	5.768	25.180
0.479	5.770	25.180
0.480	5.773	25.181
0.480	5.774	25.180
0.481	5.777	25.180
0.482	5.780	25.180
0.483	5.781	25.183
0.485	5.785	25.180
0.486	5.786	25.180
0.487	5.788	25.179
0.487	5.792	25.179
0.488	5.794	25.179
0.488	5.795	25.180
0.489	5.796	25.182
0.490	5.798	25.181
0.491	5.798	25.180
0.491	5.800	25.177
0.492	5.802	25.181
0.493	5.804	25.179
0.494	5.806	25.180
0.494	5.809	25.179
0.494	5.809	25.179
0.495	5.811	25.180
0.495	5.811	25.178
0.496	5.811	25.179
0.496	5.811	25.180
0.496	5.811	25.180
0.496	5.813	25.180
0.496	5.814	25.179
0.498	5.820	25.178
0.500	5.823	25.181
0.502	5.829	25.179
0.504	5.834	25.181
0.505	5.835	25.178
0.505	5.835	25.179
0.505	5.835	25.179
0.505	5.838	25.178
0.506	5.840	25.180
0.506	5.843	25.179
0.507	5.845	25.181
0.507	5.847	25.180
0.507	5.847	25.178
0.508	5.848	25.179
0.508	5.850	25.181
0.509	5.855	25.181
0.510	5.858	25.178
0.512	5.859	25.180
0.514	5.866	25.182
0.516	5.875	25.181
0.517	5.882	25.181
0.518	5.884	25.181
0.519	5.888	25.182
0.520	5.895	25.180
0.521	5.896	25.177
0.521	5.899	25.179
0.521	5.903	25.180
0.522	5.905	25.179
0.522	5.907	25.180
0.523	5.908	25.179
0.523	5.912	25.180
0.524	5.918	25.179
0.525	5.924	25.180
0.526	5.933	25.179
0.527	5.937	25.180
0.528	5.944	25.181
0.529	5.949	25.178
0.530	5.957	25.180
0.530	5.962	25.179
0.530	5.968	25.178
0.531	5.970	25.178
0.531	5.978	25.179
0.532	5.987	25.177
0.532	5.994	25.179
0.532	5.998	25.178
0.533	6.004	25.179
0.533	6.012	25.180
0.534	6.025	25.176
0.535	6.034	25.179
0.535	6.041	25.177
0.536	6.046	25.178
0.537	6.058	25.178
0.537	6.072	25.178
0.538	6.080	25.179
0.539	6.090	25.177
0.540	6.095	25.178
0.540	6.104	25.179
0.541	6.110	25.178
0.541	6.116	25.177
0.541	6.118	25.177
0.542	6.128	25.179
0.543	6.140	25.176
0.544	6.149	25.175
0.544	6.157	25.178
0.545	6.164	25.180
0.545	6.165	25.177
0.546	6.180	25.177
0.548	6.206	25.179
0.550	6.222	25.177
0.551	6.238	25.176
0.553	6.257	25.180
0.554	6.280	25.178
0.555	6.291	25.178
0.555	6.301	25.180
0.557	6.318	25.177
0.557	6.328	25.176
0.558	6.336	25.179
0.558	6.340	25.179
0.558	6.343	25.176
0.560	6.357	25.178
0.561	6.366	25.177
0.561	6.372	25.178
0.562	6.379	25.178
0.562	6.384	25.178
0.563	6.393	25.177
0.564	6.410	25.179
0.565	6.424	25.177
0.566	6.444	25.176
0.568	6.463	25.177
0.569	6.474	25.180
0.569	6.482	25.176
0.570	6.488	25.177
0.571	6.494	25.180
0.571	6.506	25.178
0.573	6.524	25.176
0.574	6.535	25.178
0.574	6.543	25.176
0.574	6.546	25.180
0.575	6.555	25.178
0.575	6.567	25.177
0.576	6.574	25.177
0.576	6.581	25.177
0.577	6.592	25.177
0.579	6.609	25.175
0.580	6.620	25.178
0.580	6.627	25.177
0.580	6.633	25.177
0.581	6.637	25.178
0.581	6.641	25.176
0.581	6.647	25.178
0.582	6.655	25.175
0.583	6.669	25.177
0.584	6.679	25.175
0.585	6.687	25.178
0.585	6.693	25.176
0.586	6.709	25.178
0.587	6.719	25.177
0.588	6.734	25.177
0.589	6.745	25.178
0.589	6.750	25.177
0.590	6.759	25.177
0.591	6.771	25.177
0.591	6.778	25.176
0.591	6.779	25.179
0.591	6.782	25.175
0.592	6.792	25.176
0.594	6.811	25.175
0.595	6.824	25.176
0.596	6.843	25.177
0.597	6.862	25.179
0.598	6.874	25.175
0.599	6.889	25.177
0.601	6.905	25.177
0.602	6.914	25.177
0.603	6.929	25.177
0.604	6.938	25.174
0.604	6.946	25.177
0.604	6.957	25.173
0.605	6.966	25.176
0.606	6.975	25.176
0.607	6.995	25.175
0.608	7.005	25.175
0.608	7.013	25.176
0.609	7.019	25.178
0.609	7.021	25.176
0.610	7.028	25.177
0.611	7.035	25.177
0.611	7.045	25.176
0.612	7.053	25.176
0.612	7.058	25.177
0.613	7.068	25.177
0.614	7.080	25.178
0.615	7.089	25.175
0.616	7.104	25.176
0.617	7.114	25.177
0.618	7.130	25.175
0.619	7.142	25.178
0.620	7.149	25.175
0.620	7.154	25.177
0.621	7.166	25.175
0.621	7.177	25.177
0.623	7.187	25.178
0.623	7.200	25.175
0.625	7.217	25.175
0.627	7.231	25.175
0.628	7.244	25.176
0.629	7.265	25.173
0.631	7.292	25.173
0.632	7.307	25.176
0.633	7.320	25.176
0.634	7.334	25.176
0.634	7.335	25.176
0.635	7.344	25.176
0.636	7.353	25.175
0.636	7.361	25.176
0.637	7.362	25.177
0.636	7.363	25.174
0.636	7.365	25.175
0.637	7.381	25.176
0.638	7.396	25.174
0.639	7.403	25.175
0.639	7.407	25.175
0.639	7.409	25.174
0.639	7.410	25.177
0.639	7.418	25.176
0.640	7.423	25.174
0.640	7.434	25.175
0.641	7.446	25.174
0.642	7.456	25.175
0.643	7.461	25.176
0.644	7.471	25.174
0.645	7.485	25.177
0.646	7.502	25.173
0.647	7.513	25.176
0.648	7.529	25.177
0.650	7.542	25.176
0.650	7.546	25.176
0.650	7.555	25.176
0.652	7.569	25.173
0.652	7.580	25.173
0.652	7.581	25.174
0.653	7.583	25.176
0.654	7.596	25.175
0.655	7.615	25.175
0.656	7.625	25.175
0.657	7.640	25.176
0.658	7.653	25.175
0.659	7.662	25.176
0.659	7.666	25.176
0.660	7.675	25.175
0.661	7.687	25.176
0.662	7.703	25.174
0.664	7.722	25.175
0.666	7.746	25.174
0.668	7.765	25.174
0.669	7.779	25.175
0.669	7.786	25.174
0.669	7.788	25.175
0.670	7.800	25.174
0.671	7.815	25.176
0.672	7.825	25.177
0.673	7.836	25.176
0.673	7.846	25.176
0.674	7.860	25.175
0.675	7.874	25.177
0.675	7.881	25.174
0.675	7.886	25.176
0.676	7.897	25.176
0.677	7.908	25.175
0.678	7.920	25.174
0.679	7.925	25.175
0.680	7.936	25.175
0.680	7.947	25.173
0.681	7.955	25.175
0.681	7.959	25.175
0.682	7.963	25.173
0.682	7.965	25.175
0.682	7.969	25.175
0.683	7.980	25.176
0.685	8.000	25.175
0.685	8.008	25.177
0.686	8.016	25.175
0.687	8.025	25.176
0.688	8.042	25.175
0.689	8.054	25.174
0.690	8.064	25.176
0.691	8.074	25.173
0.692	8.081	25.174
0.692	8.087	25.174
0.693	8.094	25.176
0.693	8.109	25.174
0.694	8.118	25.173
0.694	8.125	25.174
0.695	8.130	25.174
0.696	8.140	25.173
0.696	8.147	25.172
0.697	8.156	25.172
0.698	8.173	25.173
0.699	8.185	25.175
0.700	8.196	25.176
0.701	8.212	25.174
0.702	8.233	25.174
0.703	8.244	25.175
0.703	8.246	25.175
0.703	8.244	25.176
0.703	8.246	25.173
0.702	8.248	25.173
0.703	8.250	25.175
0.703	8.252	25.173
0.703	8.259	25.172
0.704	8.266	25.173
0.705	8.276	25.174
0.706	8.295	25.175
0.708	8.313	25.173
0.709	8.322	25.174
0.710	8.333	25.174
0.711	8.341	25.172
0.711	8.346	25.171
0.712	8.350	25.173
0.713	8.360	25.173
0.714	8.370	25.173
0.714	8.382	25.173
0.715	8.390	25.172
0.716	8.401	25.175
0.717	8.416	25.172
0.718	8.434	25.173
0.719	8.447	25.175
0.719	8.447	25.173
0.719	8.453	25.171
0.720	8.458	25.174
0.720	8.461	25.171
0.721	8.472	25.173
0.721	8.474	25.173
0.722	8.482	25.173
0.722	8.490	25.172
0.724	8.501	25.173
0.724	8.508	25.172
0.724	8.508	25.172
0.724	8.509	25.172
0.725	8.527	25.170
0.726	8.539	25.172
0.727	8.549	25.172
0.728	8.557	25.172
0.729	8.571	25.171
0.730	8.585	25.170
0.731	8.598	25.172
0.732	8.608	25.172
0.732	8.618	25.172
0.734	8.634	25.173
0.735	8.647	25.174
0.735	8.654	25.172
0.735	8.661	25.172
0.735	8.663	25.172
0.736	8.670	25.172
0.736	8.685	25.173
0.737	8.697	25.173
0.738	8.704	25.171
0.738	8.705	25.170
0.738	8.706	25.172
0.738	8.708	25.171
0.738	8.711	25.171
0.739	8.718	25.173
0.740	8.729	25.172
0.740	8.732	25.171
0.740	8.735	25.170
0.740	8.741	25.173
0.741	8.758	25.170
0.743	8.777	25.170
0.745	8.791	25.170
0.746	8.803	25.169
0.746	8.813	25.171
0.747	8.815	25.169
0.747	8.828	25.170
0.748	8.840	25.169
0.750	8.857	25.170
0.751	8.875	25.170
0.753	8.888	25.173
0.754	8.899	25.171
0.754	8.901	25.168
0.755	8.922	25.170
0.756	8.936	25.170
0.757	8.948	25.169
0.757	8.955	25.169
0.758	8.960	25.170
0.758	8.960	25.168
0.759	8.961	25.169
0.760	8.974	25.169
0.761	8.991	25.170
0.762	9.009	25.172
0.764	9.028	25.169
0.767	9.061	25.170
0.769	9.089	25.168
0.770	9.110	25.167
0.771	9.131	25.169
0.771	9.131	25.169
0.772	9.141	25.168
0.774	9.156	25.169
0.775	9.173	25.169
0.776	9.187	25.168
0.777	9.198	25.170
0.777	9.210	25.168
0.778	9.229	25.169
0.779	9.243	25.168
0.781	9.256	25.167
0.782	9.266	25.168
0.782	9.273	25.168
0.782	9.281	25.167
0.784	9.294	25.167
0.785	9.317	25.169
0.787	9.329	25.166
0.788	9.342	25.168
0.789	9.364	25.169
0.790	9.381	25.169
0.791	9.390	25.167
0.792	9.405	25.168
0.792	9.412	25.167
0.793	9.422	25.169
0.796	9.446	25.167
0.798	9.467	25.168
0.799	9.484	25.169
0.799	9.493	25.167
0.799	9.497	25.168
0.800	9.497	25.165
0.801	9.527	25.166
0.804	9.546	25.169
0.805	9.558	25.166
0.805	9.567	25.168
0.806	9.576	25.167
0.807	9.593	25.167
0.809	9.610	25.166
0.810	9.629	25.168
0.811	9.644	25.165
0.813	9.653	25.166
0.814	9.677	25.166
0.815	9.693	25.166
0.815	9.705	25.166
0.815	9.705	25.166
0.815	9.705	25.166
0.815	9.706	25.166
0.815	9.706	25.164
0.815	9.706	25.167
0.815	9.703	25.165
0.815	9.708	25.163
0.815	9.716	25.167
0.816	9.722	25.165
0.817	9.741	25.165
0.818	9.753	25.164
0.819	9.763	25.165
0.820	9.767	25.165
0.820	9.776	25.167
0.820	9.779	25.163
0.821	9.783	25.166
0.821	9.799	25.165
0.822	9.803	25.165
0.822	9.807	25.165
0.822	9.814	25.166
0.824	9.823	25.165
0.824	9.830	25.164
0.824	9.839	25.167
0.825	9.851	25.164
0.827	9.868	25.165
0.829	9.887	25.163
0.831	9.905	25.162
0.833	9.926	25.166
0.834	9.942	25.165
0.835	9.955	25.164
0.836	9.969	25.166
0.837	9.987	25.163
0.838	9.998	25.165
0.840	10.021	25.164
0.841	10.034	25.164
0.842	10.042	25.162
0.842	10.046	25.162
0.843	10.061	25.163
0.845	10.082	25.160
0.847	10.106	25.162
0.848	10.120	25.164
0.848	10.126	25.163
0.849	10.133	25.163
0.849	10.139	25.161
0.850	10.152	25.164
0.851	10.171	25.162
0.852	10.181	25.164
0.852	10.188	25.163
0.853	10.198	25.163
0.853	10.207	25.162
0.854	10.217	25.163
0.855	10.226	25.162
0.855	10.242	25.164
0.856	10.252	25.162
0.856	10.258	25.162
0.857	10.268	25.162
0.858	10.277	25.161
0.858	10.280	25.163
0.858	10.287	25.162
0.859	10.291	25.161
0.859	10.293	25.162
0.859	10.296	25.161
0.859	10.294	25.161
0.859	10.291	25.159
0.859	10.291	25.160
0.859	10.299	25.164
0.858	10.299	25.161
0.858	10.299	25.163
0.858	10.297	25.161
0.858	10.296	25.161
0.858	10.295	25.162
0.858	10.293	25.160
0.858	10.292	25.162
0.858	10.292	25.162
0.858	10.289	25.159
0.858	10.289	25.160
0.859	10.291	25.158
0.859	10.301	25.158
0.860	10.304	25.162
0.861	10.321	25.158
0.862	10.333	25.160
0.864	10.343	25.160
0.865	10.363	25.162
0.867	10.373	25.159
0.868	10.383	25.159
0.869	10.397	25.159
0.870	10.416	25.160
0.871	10.430	25.158
0.872	10.438	25.159
0.873	10.449	25.158
0.873	10.456	25.159
0.875	10.473	25.158
0.876	10.493	25.158
0.877	10.502	25.158
0.878	10.513	25.157
0.880	10.536	25.157
0.881	10.559	25.159
0.882	10.571	25.160
0.883	10.579	25.161
0.883	10.583	25.160
0.883	10.585	25.157
0.883	10.586	25.157
0.884	10.596	25.157
0.885	10.607	25.158
0.885	10.615	25.158
0.886	10.629	25.158
0.886	10.634	25.160
0.886	10.644	25.159
0.887	10.649	25.158
0.888	10.657	25.159
0.888	10.658	25.157
0.889	10.667	25.156
0.889	10.670	25.157
0.889	10.675	25.158
0.889	10.681	25.158
0.890	10.692	25.157
0.891	10.706	25.158
0.891	10.710	25.159
0.891	10.711	25.156
0.891	10.717	25.157
0.892	10.722	25.157
0.892	10.728	25.158
0.892	10.726	25.155
0.893	10.730	25.155
0.894	10.744	25.157
0.894	10.753	25.158
0.895	10.760	25.155
0.896	10.766	25.156
0.896	10.773	25.157
0.897	10.785	25.155
0.899	10.798	25.155
0.901	10.812	25.154
0.902	10.830	25.159
0.903	10.853	25.158
0.905	10.878	25.158
0.906	10.895	25.155
0.907	10.903	25.158
0.907	10.911	25.157
0.907	10.912	25.156
0.907	10.912	25.154
0.907	10.913	25.153
0.907	10.913	25.154
0.907	10.917	25.153
0.908	10.925	25.154
0.908	10.933	25.156
0.910	10.947	25.158
0.911	10.966	25.157
0.912	10.975	25.158
0.913	10.981	25.156
0.914	10.994	25.155
0.916	11.014	25.155
0.917	11.035	25.155
0.918	11.050	25.152
0.919	11.068	25.157
0.919	11.080	25.156
0.920	11.088	25.156
0.921	11.100	25.156
0.922	11.108	25.155
0.923	11.111	25.155
0.924	11.124	25.156
0.925	11.144	25.156
0.925	11.154	25.156
0.926	11.162	25.156
0.927	11.174	25.156
0.927	11.182	25.155
0.927	11.184	25.158
0.928	11.190	25.155
0.928	11.192	25.155
0.928	11.194	25.156
0.928	11.198	25.154
0.929	11.199	25.152
0.929	11.206	25.151
0.930	11.218	25.155
0.930	11.227	25.156
0.931	11.236	25.154
0.932	11.243	25.155
0.933	11.256	25.154
0.934	11.267	25.155
0.934	11.276	25.155
0.935	11.277	25.151
0.936	11.280	25.152
0.937	11.305	25.152
0.938	11.317	25.155
0.940	11.336	25.157
0.941	11.349	25.158
0.941	11.364	25.156
0.942	11.366	25.152
0.943	11.382	25.155
0.945	11.400	25.153
0.946	11.421	25.155
0.948	11.438	25.155
0.949	11.446	25.153
0.950	11.455	25.155
0.951	11.470	25.156
0.951	11.485	25.155
0.952	11.511	25.153
0.952	11.514	25.154
0.954	11.522	25.153
0.954	11.532	25.153
0.956	11.545	25.155
0.956	11.559	25.153
0.958	11.570	25.152
0.958	11.575	25.151
0.959	11.584	25.154
0.960	11.594	25.153
0.961	11.600	25.151
0.961	11.621	25.152
0.962	11.631	25.152
0.962	11.636	25.154
0.963	11.643	25.156
0.963	11.648	25.154
0.963	11.656	25.153
0.964	11.660	25.152
0.964	11.662	25.153
0.964	11.668	25.153
0.965	11.679	25.152
0.967	11.691	25.152
0.968	11.706	25.152
0.970	11.724	25.154
0.971	11.737	25.153
0.972	11.747	25.154
0.973	11.755	25.151
0.974	11.762	25.152
0.974	11.768	25.154
0.974	11.773	25.152
0.976	11.801	25.152
0.978	11.821	25.152
0.979	11.840	25.153
0.979	11.852	25.154
0.979	11.853	25.153
0.979	11.856	25.152
0.980	11.860	25.155
0.981	11.868	25.151
0.981	11.877	25.150
0.982	11.888	25.153
0.983	11.904	25.153
0.985	11.923	25.153
0.987	11.949	25.152
0.989	11.971	25.150
0.990	11.986	25.153
0.991	11.992	25.153
0.991	12.000	25.152
0.992	12.008	25.153
0.993	12.018	25.152
0.994	12.029	25.151
0.995	12.038	25.152
0.995	12.054	25.153
0.996	12.066	25.151
0.997	12.075	25.150
0.998	12.083	25.149
0.998	12.085	25.152
0.998	12.086	25.153
0.998	12.084	25.149
0.998	12.093	25.151
0.998	12.100	25.150
0.999	12.112	25.153
1.001	12.136	25.151
1.002	12.151	25.152
1.003	12.161	25.152
1.003	12.167	25.153
1.003	12.171	25.151
1.003	12.174	25.151
1.004	12.181	25.151
1.005	12.188	25.150
1.006	12.192	25.151
1.006	12.191	25.147
1.007	12.191	25.151
1.007	12.202	25.149
1.008	12.215	25.153
1.009	12.231	25.151
1.010	12.240	25.152
1.010	12.253	25.149
1.011	12.265	25.152
1.013	12.279	25.149
1.014	12.286	25.147
1.015	12.309	25.151
1.016	12.323	25.149
1.018	12.343	25.149
1.019	12.363	25.149
1.020	12.376	25.151
1.021	12.392	25.148
1.023	12.408	25.145
1.024	12.431	25.149
1.025	12.439	25.149
1.025	12.448	25.149
1.025	12.459	25.152
1.026	12.466	25.151
1.027	12.476	25.150
1.028	12.486	25.149
1.028	12.500	25.151
1.029	12.512	25.150
1.030	12.514	25.150
1.030	12.523	25.149
1.031	12.524	25.146
1.031	12.531	25.147
1.031	12.541	25.150
1.032	12.549	25.150
1.032	12.558	25.152
1.033	12.561	25.152
1.034	12.571	25.150
1.034	12.567	25.149
1.034	12.570	25.145
1.035	12.578	25.150
1.035	12.597	25.151
1.036	12.605	25.151
1.036	12.611	25.150
1.036	12.620	25.151
1.037	12.624	25.153
1.038	12.632	25.151
1.038	12.647	25.148
1.040	12.659	25.151
1.041	12.668	25.149
1.042	12.676	25.152
1.043	12.685	25.150
1.044	12.699	25.147
1.045	12.710	25.148
1.046	12.720	25.152
1.047	12.734	25.148
1.048	12.754	25.149
1.049	12.765	25.146
1.051	12.786	25.147
1.052	12.805	25.146
1.053	12.816	25.145
1.054	12.837	25.149
1.055	12.853	25.149
1.056	12.867	25.148
1.058	12.883	25.150
1.059	12.894	25.150
1.060	12.908	25.148
1.060	12.914	25.147
1.061	12.921	25.146
1.062	12.929	25.145
1.062	12.939	25.146
1.063	12.953	25.147
1.064	12.964	25.149
1.065	12.980	25.149
1.065	12.988	25.149
1.066	13.000	25.149
1.067	13.003	25.148
1.067	13.010	25.144
1.068	13.021	25.146
1.068	13.025	25.146
1.069	13.028	25.147
1.069	13.040	25.146
1.070	13.047	25.149
1.070	13.050	25.148
1.070	13.053	25.150
1.070	13.054	25.146
1.071	13.049	25.146
1.071	13.054	25.145
1.071	13.070	25.147
1.072	13.085	25.148
1.073	13.101	25.145
1.074	13.110	25.149
1.075	13.115	25.147
1.076	13.123	25.149
1.077	13.136	25.148
1.078	13.147	25.149
1.079	13.154	25.149
1.080	13.159	25.143
1.080	13.165	25.146
1.080	13.172	25.149
1.081	13.179	25.146
1.081	13.184	25.147
1.082	13.197	25.149
1.083	13.208	25.147
1.083	13.213	25.148
1.083	13.217	25.146
1.084	13.220	25.147
1.084	13.216	25.145
1.085	13.220	25.146
1.086	13.241	25.145
1.087	13.261	25.147
1.088	13.271	25.146
1.089	13.282	25.144
1.090	13.298	25.148
1.091	13.307	25.144
1.092	13.320	25.144
1.093	13.330	25.146
1.094	13.344	25.144
1.095	13.367	25.147
1.096	13.381	25.148
1.097	13.391	25.147
1.097	13.401	25.148
1.098	13.412	25.148
1.099	13.421	25.146
1.099	13.416	25.142
1.100	13.424	25.144
1.100	13.428	25.144
1.100	13.433	25.142
1.101	13.450	25.147
1.102	13.463	25.146
1.103	13.475	25.149
1.104	13.489	25.145
1.105	13.502	25.147
1.106	13.507	25.143
1.106	13.510	25.142
1.106	13.520	25.145
1.109	13.547	25.147
1.110	13.571	25.145
1.112	13.595	25.146
1.114	13.603	25.146
1.115	13.611	25.145
1.117	13.634	25.145
1.118	13.658	25.147
1.119	13.673	25.148
1.120	13.683	25.147
1.121	13.689	25.148
1.122	13.700	25.146
1.122	13.711	25.147
1.123	13.721	25.146
1.124	13.737	25.146
1.125	13.753	25.144
1.126	13.767	25.144
1.127	13.778	25.146
1.127	13.788	25.146
1.128	13.794	25.143
1.129	13.807	25.145
1.130	13.829	25.145
1.130	13.840	25.145
1.132	13.852	25.145
1.132	13.857	25.144
1.132	13.861	25.145
1.133	13.865	25.145
1.133	13.860	25.143
1.133	13.875	25.145
1.134	13.879	25.145
1.134	13.889	25.143
1.135	13.897	25.144
1.135	13.903	25.143
1.136	13.910	25.145
1.136	13.917	25.144
1.137	13.926	25.143
1.137	13.928	25.143
1.138	13.935	25.145
1.139	13.950	25.145
1.139	13.953	25.144
1.140	13.958	25.144
1.140	13.963	25.147
1.140	13.966	25.144
1.140	13.972	25.144
1.140	13.978	25.144
1.141	13.988	25.143
1.141	13.992	25.142
1.142	14.001	25.143
1.143	14.011	25.142
1.143	14.025	25.145
1.145	14.038	25.144
1.146	14.045	25.144
1.147	14.052	25.147
1.149	14.064	25.143
1.150	14.079	25.146
1.151	14.091	25.145
1.152	14.108	25.146
1.153	14.123	25.143
1.154	14.135	25.144
1.155	14.148	25.144
1.156	14.161	25.145
1.157	14.172	25.144
1.158	14.187	25.143
1.159	14.198	25.146
1.161	14.217	25.143
1.162	14.221	25.141
1.162	14.249	25.143
1.163	14.258	25.142
1.163	14.266	25.144
1.164	14.278	25.145
1.165	14.289	25.144
1.166	14.298	25.144
1.167	14.317	25.146
1.168	14.332	25.145
1.169	14.340	25.144
1.169	14.350	25.142
1.171	14.363	25.143
1.171	14.377	25.146
1.172	14.387	25.142
1.172	14.391	25.143
1.172	14.396	25.144
1.173	14.405	25.143
1.174	14.418	25.141
1.175	14.429	25.145
1.176	14.431	25.143
1.176	14.452	25.146
1.178	14.463	25.144
1.179	14.481	25.142
1.180	14.493	25.142
1.180	14.501	25.144
1.181	14.509	25.144
1.182	14.514	25.144
1.182	14.518	25.143
1.182	14.523	25.143
1.183	14.532	25.143
1.184	14.539	25.143
1.185	14.547	25.144
1.186	14.557	25.143
1.186	14.568	25.144
1.187	14.578	25.144
1.187	14.584	25.145
1.188	14.593	25.143
1.190	14.611	25.143
1.192	14.629	25.142
1.194	14.668	25.143
1.195	14.681	25.141
1.196	14.687	25.143
1.196	14.692	25.141
1.197	14.698	25.143
1.197	14.702	25.143
1.197	14.709	25.143
1.198	14.718	25.144
1.199	14.731	25.141
1.200	14.726	25.142
1.200	14.752	25.141
1.201	14.760	25.144
1.202	14.771	25.142
1.202	14.779	25.143
1.203	14.791	25.141
1.204	14.804	25.141
1.204	14.807	25.143
1.204	14.812	25.143
1.205	14.813	25.139
1.205	14.822	25.140
1.206	14.840	25.144
1.207	14.852	25.142
1.207	14.858	25.141
1.208	14.864	25.142
1.209	14.870	25.142
1.210	14.878	25.143
1.210	14.887	25.143
1.210	14.893	25.142
1.211	14.893	25.139
1.213	14.911	25.138
1.214	14.933	25.140
1.215	14.946	25.137
1.215	14.958	25.143
1.216	14.969	25.143
1.217	14.975	25.142
1.218	14.982	25.143
1.219	14.990	25.141
1.220	15.000	25.140
1.221	15.004	25.137
1.222	15.014	25.139
1.222	15.035	25.141
1.224	15.045	25.140
1.225	15.064	25.140
1.226	15.077	25.143
1.226	15.087	25.142
1.227	15.098	25.141
1.228	15.110	25.141
1.229	15.120	25.140
1.230	15.137	25.142
1.230	15.144	25.140
1.231	15.152	25.141
1.232	15.162	25.141
1.232	15.167	25.141
1.232	15.171	25.140
1.232	15.179	25.139
1.233	15.189	25.142
1.235	15.210	25.140
1.235	15.221	25.141
1.236	15.229	25.142
1.238	15.233	25.141
1.238	15.237	25.139
1.239	15.258	25.141
1.239	15.274	25.141
1.240	15.285	25.141
1.241	15.296	25.143
1.241	15.300	25.141
1.242	15.289	25.140
1.243	15.304	25.140
1.243	15.313	25.138
1.243	15.320	25.140
1.244	15.327	25.139
1.244	15.324	25.139
1.245	15.356	25.140
1.246	15.369	25.140
1.247	15.380	25.140
1.248	15.385	25.140
1.250	15.395	25.138
1.251	15.419	25.137
1.251	15.427	25.139
1.252	15.430	25.138
1.252	15.445	25.142
1.252	15.451	25.140
1.253	15.454	25.141
1.254	15.454	25.141
1.254	15.455	25.140
1.254	15.450	25.139
1.256	15.459	25.139
1.256	15.472	25.138
1.258	15.486	25.138
1.259	15.508	25.140
1.260	15.524	25.140
1.261	15.540	25.141
1.262	15.551	25.140
1.263	15.564	25.140
1.265	15.583	25.140
1.265	15.586	25.139
1.266	15.609	25.140
1.266	15.614	25.140
1.267	15.620	25.140
1.267	15.632	25.141
1.269	15.642	25.141
1.270	15.653	25.141
1.270	15.662	25.142
1.271	15.670	25.141
1.271	15.686	25.139
1.273	15.698	25.140
1.273	15.706	25.140
1.274	15.704	25.138
1.275	15.715	25.141
1.275	15.738	25.141
1.277	15.753	25.142
1.277	15.762	25.142
1.278	15.775	25.140
1.279	15.784	25.141
1.279	15.781	25.139
1.279	15.787	25.137
1.281	15.796	25.138
1.281	15.815	25.142
1.282	15.829	25.139
1.282	15.833	25.139
1.283	15.844	25.140
1.285	15.869	25.139
1.286	15.886	25.139
1.286	15.891	25.140
1.287	15.888	25.136
1.288	15.894	25.137
1.289	15.899	25.138
1.290	15.906	25.138
1.291	15.932	25.140
1.293	15.946	25.139
1.294	15.958	25.139
1.294	15.967	25.139
1.295	15.973	25.137
1.296	15.973	25.136
1.297	15.990	25.137
1.299	16.035	25.139
1.300	16.043	25.139
1.300	16.049	25.141
1.301	16.052	25.141
1.301	16.059	25.140
1.302	16.067	25.140
1.303	16.077	25.138
1.303	16.075	25.135
1.304	16.092	25.140
1.305	16.107	25.141
1.306	16.123	25.139
1.307	16.138	25.138
1.308	16.147	25.139
1.309	16.158	25.138
1.310	16.173	25.139
1.310	16.186	25.141
1.311	16.190	25.139
1.311	16.179	25.137
1.311	16.204	25.139
1.312	16.211	25.141
1.312	16.221	25.140
1.313	16.234	25.140
1.314	16.243	25.138
1.314	16.248	25.140
1.314	16.253	25.137
1.314	16.260	25.138
1.315	16.254	25.138
1.316	16.268	25.139
1.316	16.277	25.139
1.316	16.283	25.139
1.317	16.287	25.140
1.317	16.288	25.140
1.318	16.299	25.139
1.319	16.320	25.138
1.320	16.336	25.140
1.321	16.345	25.139
1.322	16.344	25.137
1.323	16.367	25.136
1.324	16.377	25.138
1.325	16.388	25.137
1.326	16.394	25.139
1.327	16.399	25.140
1.327	16.407	25.139
1.328	16.417	25.141
1.329	16.421	25.138
1.330	16.421	25.138
1.331	16.440	25.137
1.332	16.456	25.138
1.333	16.468	25.138
1.334	16.478	25.140
1.336	16.489	25.140
1.336	16.500	25.139
1.337	16.511	25.140
1.338	16.523	25.136
1.338	16.529	25.140
1.340	16.521	25.139
1.340	16.555	25.138
1.341	16.565	25.137
1.341	16.576	25.138
1.342	16.588	25.138
1.344	16.597	25.139
1.344	16.608	25.138
1.344	16.619	25.136
1.345	16.629	25.138
1.345	16.634	25.139
1.345	16.636	25.139
1.346	16.640	25.139
1.346	16.631	25.136
1.348	16.660	25.139
1.348	16.668	25.136
1.349	16.675	25.137
1.349	16.680	25.137
1.349	16.685	25.138
1.350	16.693	25.137
1.351	16.690	25.136
1.351	16.718	25.137
1.352	16.728	25.137
1.353	16.735	25.138
1.353	16.737	25.137
1.353	16.741	25.138
1.354	16.748	25.136
1.354	16.757	25.138
1.354	16.766	25.136
1.355	16.771	25.137
1.355	16.770	25.136
1.356	16.793	25.137
1.357	16.802	25.139
1.357	16.810	25.139
1.358	16.819	25.136
1.359	16.824	25.138
1.359	16.828	25.139
1.360	16.833	25.139
1.361	16.834	25.140
1.362	16.831	25.138
1.362	16.831	25.136
1.363	16.836	25.137
1.364	16.845	25.138
1.364	16.872	25.138
1.366	16.892	25.137
1.367	16.907	25.135
1.368	16.913	25.136
1.368	16.919	25.137
1.369	16.927	25.136
1.370	16.923	25.135
1.370	16.929	25.138
1.370	16.947	25.138
1.371	16.951	25.137
1.371	16.959	25.138
1.372	16.967	25.137
1.373	16.977	25.137
1.374	16.986	25.137
1.374	17.003	25.138
1.376	17.018	25.138
1.377	17.033	25.139
1.378	17.040	25.136
1.378	17.037	25.135
1.379	17.041	25.135
1.379	17.062	25.139
1.379	17.065	25.138
1.380	17.068	25.138
1.381	17.084	25.137
1.381	17.102	25.137
1.382	17.104	25.135
1.383	17.114	25.133
1.383	17.119	25.134
1.383	17.126	25.136
1.384	17.143	25.138
1.385	17.151	25.136
1.385	17.157	25.140
1.386	17.163	25.137
1.386	17.171	25.139
1.386	17.170	25.136
1.387	17.182	25.136
1.387	17.187	25.138
1.388	17.197	25.137
1.388	17.201	25.137
1.389	17.208	25.138
1.389	17.212	25.136
1.390	17.225	25.139
1.390	17.237	25.138
1.390	17.248	25.137
1.391	17.242	25.137
1.391	17.252	25.136
1.392	17.261	25.137
1.394	17.267	25.137
1.394	17.288	25.139
1.395	17.298	25.138
1.396	17.310	25.141
1.397	17.317	25.139
1.399	17.322	25.137
1.399	17.324	25.137
1.399	17.322	25.136
1.400	17.329	25.137
1.401	17.349	25.139
1.402	17.358	25.136
1.403	17.373	25.137
1.404	17.387	25.138
1.405	17.395	25.138
1.406	17.405	25.140
1.406	17.412	25.138
1.407	17.406	25.135
1.407	17.409	25.135
1.407	17.415	25.135
1.408	17.433	25.136
1.409	17.455	25.137
1.409	17.466	25.137
1.410	17.474	25.137
1.411	17.482	25.137
1.412	17.491	25.135
1.412	17.487	25.136
1.412	17.480	25.133
1.412	17.481	25.136
1.413	17.497	25.135
1.414	17.514	25.136
1.414	17.524	25.137
1.415	17.537	25.138
1.415	17.543	25.135
1.415	17.550	25.135
1.416	17.554	25.137
1.416	17.559	25.136
1.417	17.565	25.136
1.418	17.571	25.137
1.418	17.578	25.139
1.419	17.586	25.139
1.418	17.590	25.138
1.419	17.592	25.137
1.419	17.596	25.137
1.419	17.602	25.137
1.420	17.601	25.136
1.420	17.600	25.134
1.420	17.607	25.136
1.421	17.614	25.135
1.421	17.623	25.137
1.422	17.639	25.137
1.422	17.642	25.138
1.422	17.648	25.136
1.423	17.656	25.138
1.424	17.664	25.137
1.424	17.662	25.134
1.425	17.674	25.134
1.425	17.687	25.135
1.425	17.702	25.136
1.426	17.714	25.137
1.427	17.724	25.136
1.428	17.735	25.136
1.428	17.743	25.137
1.430	17.754	25.135
1.430	17.759	25.134
1.432	17.758	25.135
1.433	17.773	25.137
1.434	17.778	25.137
1.435	17.786	25.137
1.435	17.795	25.136
1.435	17.806	25.136
1.436	17.814	25.137
1.438	17.825	25.137
1.439	17.839	25.138
1.439	17.831	25.134
1.439	17.859	25.135
1.440	17.864	25.136
1.440	17.867	25.136
1.441	17.874	25.136
1.442	17.882	25.136
1.443	17.898	25.137
1.444	17.908	25.136
1.445	17.916	25.134
1.446	17.924	25.135
1.446	17.936	25.137
1.448	17.960	25.137
1.449	17.969	25.137
1.449	17.977	25.137
1.450	17.984	25.136
1.450	17.992	25.138
1.450	17.998	25.136
1.451	18.005	25.138
1.451	18.018	25.136
1.452	18.015	25.135
1.453	18.040	25.137
1.453	18.043	25.134
1.453	18.046	25.135
1.454	18.049	25.138
1.454	18.054	25.137
1.454	18.058	25.135
1.455	18.066	25.138
1.455	18.077	25.137
1.456	18.087	25.136
1.456	18.073	25.136
1.456	18.102	25.135
1.457	18.112	25.137
1.457	18.117	25.136
1.459	18.124	25.135
1.459	18.127	25.137
1.459	18.135	25.136
1.460	18.148	25.138
1.460	18.162	25.140
1.462	18.162	25.134
1.461	18.178	25.135
1.462	18.188	25.136
1.463	18.190	25.137
1.464	18.197	25.136
1.465	18.206	25.134
1.465	18.215	25.134
1.466	18.229	25.133
1.467	18.237	25.136
1.467	18.241	25.138
1.469	18.224	25.137
1.470	18.252	25.136
1.470	18.261	25.136
1.470	18.269	25.136
1.471	18.274	25.137
1.471	18.279	25.136
1.472	18.286	25.137
1.473	18.293	25.138
1.475	18.298	25.136
1.474	18.290	25.133
1.475	18.315	25.137
1.475	18.326	25.135
1.476	18.335	25.136
1.477	18.341	25.133
1.477	18.349	25.136
1.477	18.361	25.137
1.479	18.372	25.135
1.480	18.387	25.136
1.481	18.396	25.137
1.481	18.394	25.134
1.482	18.418	25.136
1.482	18.423	25.135
1.483	18.432	25.136
1.483	18.441	25.137
1.484	18.448	25.136
1.485	18.458	25.137
1.486	18.469	25.138
1.487	18.480	25.136
1.487	18.481	25.134
1.488	18.481	25.134
1.488	18.492	25.134
1.489	18.513	25.135
1.489	18.527	25.136
1.489	18.533	25.138
1.490	18.538	25.137
1.491	18.549	25.136
1.491	18.559	25.135
1.492	18.568	25.133
1.493	18.578	25.137
1.493	18.589	25.137
1.494	18.595	25.136
1.496	18.602	25.134
1.497	18.633	25.136
1.498	18.654	25.135
1.498	18.665	25.135
1.499	18.673	25.134
1.500	18.683	25.135
1.501	18.683	25.133
1.501	18.684	25.132
1.502	18.689	25.134
1.503	18.692	25.135
1.504	18.707	25.134
1.506	18.730	25.136
1.507	18.741	25.138
1.508	18.754	25.137
1.508	18.764	25.138
1.509	18.774	25.135
1.510	18.766	25.135
1.510	18.775	25.134
1.512	18.791	25.134
1.513	18.810	25.136
1.513	18.828	25.137
1.513	18.835	25.137
1.514	18.839	25.136
1.514	18.845	25.137
1.515	18.852	25.135
1.515	18.850	25.134
1.515	18.852	25.135
1.516	18.875	25.136
1.518	18.891	25.135
1.519	18.900	25.136
1.519	18.913	25.136
1.521	18.926	25.136
1.521	18.940	25.138
1.522	18.950	25.135
1.523	18.956	25.138
1.523	18.951	25.134
1.524	18.958	25.133
1.524	18.968	25.133
1.525	18.989	25.136
1.525	19.011	25.136
1.526	19.018	25.135
1.526	19.025	25.136
1.526	19.031	25.135
1.526	19.036	25.137
1.527	19.037	25.133
1.528	19.038	25.135
1.528	19.044	25.132
1.529	19.058	25.132
1.530	19.081	25.136
1.530	19.088	25.135
1.531	19.096	25.138
1.531	19.102	25.136
1.531	19.105	25.136
1.531	19.110	25.136
1.532	19.097	25.133
1.532	19.103	25.135
1.532	19.111	25.134
1.534	19.122	25.134
1.535	19.153	25.137
1.536	19.165	25.135
1.537	19.169	25.136
1.538	19.175	25.137
1.538	19.180	25.137
1.539	19.192	25.136
1.542	19.194	25.133
1.544	19.215	25.131
1.544	19.226	25.134
1.545	19.236	25.134
1.547	19.262	25.136
1.548	19.278	25.138
1.550	19.302	25.136
1.550	19.317	25.136
1.551	19.334	25.136
1.553	19.332	25.133
1.554	19.358	25.137
1.556	19.384	25.136
1.557	19.413	25.135
1.559	19.436	25.137
1.560	19.452	25.137
1.560	19.465	25.133
1.561	19.473	25.134
1.561	19.482	25.135
1.562	19.493	25.133
1.565	19.510	25.135
1.565	19.556	25.135
1.567	19.569	25.137
1.567	19.584	25.136
1.567	19.591	25.134
1.569	19.596	25.137
1.569	19.608	25.136
1.571	19.616	25.136
1.571	19.618	25.138
1.572	19.623	25.136
1.573	19.633	25.135
1.574	19.633	25.135
1.576	19.661	25.136
1.577	19.673	25.135
1.577	19.675	25.135
1.577	19.679	25.136
1.577	19.686	25.138
1.578	19.695	25.135
1.579	19.694	25.135
1.579	19.711	25.136
1.580	19.727	25.136
1.582	19.740	25.135
1.582	19.750	25.133
1.583	19.757	25.136
1.583	19.763	25.134
1.584	19.774	25.135
1.584	19.781	25.136
1.586	19.791	25.135
1.586	19.781	25.132
1.588	19.822	25.134
1.589	19.839	25.135
1.590	19.855	25.134
1.591	19.868	25.135
1.591	19.879	25.135
1.591	19.885	25.134
1.592	19.890	25.134
1.592	19.898	25.137
1.594	19.900	25.134
1.595	19.926	25.135
1.596	19.947	25.135
1.597	19.964	25.135
1.598	19.980	25.136
1.598	19.986	25.134
1.599	20.000	25.136
1.601	20.018	25.134
1.602	20.042	25.136
1.603	20.058	25.135
1.604	20.047	25.134
1.605	20.080	25.135
1.606	20.093	25.132
1.607	20.097	25.134
1.608	20.105	25.134
1.608	20.107	25.134
1.609	20.117	25.135
1.610	20.123	25.134
1.610	20.131	25.135
1.611	20.150	25.137
1.613	20.162	25.135
1.613	20.172	25.135
1.614	20.153	25.133
1.614	20.185	25.135
1.615	20.193	25.134
1.617	20.207	25.136
1.617	20.223	25.136
1.618	20.229	25.136
1.619	20.235	25.134
1.618	20.213	25.132
1.618	20.239	25.135
1.619	20.242	25.135
1.620	20.250	25.136
1.620	20.259	25.135
1.621	20.264	25.134
1.621	20.274	25.134
1.622	20.288	25.135
1.623	20.298	25.132
1.623	20.296	25.136
1.624	20.305	25.133
1.623	20.322	25.135
1.624	20.326	25.135
1.625	20.330	25.135
1.626	20.333	25.137
1.626	20.340	25.137
1.627	20.345	25.136
1.628	20.355	25.137
1.628	20.371	25.135
1.629	20.367	25.132
1.630	20.404	25.135
1.630	20.417	25.134
1.630	20.425	25.134
1.631	20.434	25.136
1.632	20.445	25.133
1.633	20.450	25.135
1.633	20.461	25.134
1.634	20.476	25.135
1.634	20.480	25.134
1.635	20.476	25.132
1.636	20.481	25.133
1.635	20.487	25.133
1.636	20.512	25.134
1.637	20.525	25.133
1.639	20.548	25.134
1.641	20.564	25.135
1.642	20.564	25.134
1.642	20.568	25.132
1.643	20.569	25.134
1.643	20.569	25.136
1.643	20.572	25.135
1.644	20.561	25.131
1.645	20.573	25.134
1.646	20.597	25.132
1.647	20.621	25.134
1.650	20.647	25.134
1.652	20.672	25.135
1.651	20.684	25.132
1.653	20.683	25.131
1.654	20.691	25.134
1.655	20.709	25.132
1.655	20.739	25.134
1.657	20.750	25.135
1.658	20.768	25.133
1.659	20.781	25.134
1.660	20.789	25.133
1.661	20.791	25.136
1.661	20.782	25.133
1.662	20.789	25.132
1.662	20.805	25.132
1.663	20.835	25.134
1.663	20.854	25.134
1.664	20.869	25.135
1.665	20.882	25.136
1.666	20.892	25.135
1.667	20.905	25.133
1.668	20.904	25.132
1.669	20.910	25.130
1.669	20.926	25.133
1.669	20.936	25.131
1.670	20.961	25.134
1.670	20.967	25.135
1.671	20.973	25.135
1.673	20.988	25.133
1.674	21.002	25.136
1.675	21.015	25.131
1.677	21.005	25.133
1.677	21.007	25.133
1.679	21.008	25.130
1.679	21.014	25.134
1.678	21.030	25.133
1.680	21.030	25.135
1.679	21.033	25.134
1.681	21.033	25.135
1.682	21.043	25.132
1.683	21.049	25.134
1.685	21.052	25.133
1.685	21.043	25.131
1.687	21.045	25.130
1.686	21.047	25.132
1.687	21.070	25.136
1.688	21.074	25.135
1.689	21.081	25.133
1.690	21.082	25.135
1.691	21.088	25.131
1.691	21.071	25.131
1.691	21.074	25.130
1.693	21.078	25.132
1.693	21.079	25.132
1.694	21.102	25.133
1.695	21.106	25.134
1.696	21.109	25.133
1.696	21.112	25.133
1.696	21.113	25.136
1.698	21.115	25.134
1.698	21.095	25.132
1.698	21.099	25.131
1.698	21.102	25.132
1.700	21.123	25.134
1.701	21.129	25.135
1.701	21.130	25.135
1.702	21.130	25.134
1.703	21.133	25.133
1.703	21.135	25.134
1.704	21.113	25.132
1.704	21.143	25.135
1.705	21.143	25.133
1.705	21.147	25.133
1.707	21.149	25.134
1.708	21.151	25.134
1.709	21.153	25.136
1.709	21.155	25.135
1.710	21.156	25.134
1.712	21.154	25.133
1.713	21.156	25.135
1.716	21.167	25.135
1.716	21.167	25.132
1.717	21.167	25.135
1.717	21.165	25.135
1.717	21.168	25.136
1.718	21.169	25.133
1.721	21.173	25.134
1.723	21.179	25.132
1.725	21.182	25.135
1.726	21.185	25.134
1.726	21.167	25.134
1.727	21.194	25.134
1.730	21.198	25.135
1.731	21.199	25.137
1.731	21.203	25.134
1.732	21.204	25.136
1.734	21.207	25.136
1.735	21.206	25.134
1.737	21.205	25.133
1.739	21.220	25.132
1.738	21.222	25.133
1.739	21.223	25.134
1.740	21.225	25.134
1.741	21.228	25.133
1.742	21.229	25.136
1.743	21.233	25.133
1.745	21.237	25.134
1.745	21.214	25.131
1.745	21.240	25.135
1.745	21.241	25.134
1.746	21.242	25.135
1.746	21.244	25.133
1.747	21.244	25.134
1.749	21.247	25.131
1.748	21.248	25.134
1.749	21.250	25.133
1.749	21.239	25.132
1.752	21.250	25.135
1.753	21.254	25.132
1.754	21.258	25.132
1.754	21.260	25.132
1.756	21.264	25.134
1.757	21.265	25.133
1.759	21.267	25.133
1.760	21.270	25.132
1.760	21.275	25.132
1.761	21.252	25.130
1.763	21.277	25.130
1.764	21.277	25.132
1.764	21.277	25.132
1.765	21.277	25.132
1.765	21.277	25.134
1.766	21.279	25.133
1.767	21.279	25.132
1.768	21.277	25.133
1.769	21.277	25.132
1.769	21.277	25.132
1.770	21.277	25.132
1.770	21.252	25.129
1.771	21.277	25.131
1.771	21.277	25.131
1.771	21.277	25.132
1.771	21.277	25.132
1.772	21.277	25.134
1.772	21.277	25.134
1.773	21.253	25.132
1.774	21.277	25.131
1.776	21.277	25.136
1.777	21.278	25.131
1.778	21.279	25.131
1.777	21.277	25.133
1.778	21.277	25.133
1.779	21.277	25.133
1.779	21.277	25.133
1.779	21.266	25.130
1.780	21.259	25.132
1.780	21.278	25.131
1.782	21.278	25.133
1.782	21.278	25.132
1.784	21.277	25.132
1.785	21.277	25.135
1.784	21.277	25.131
1.785	21.277	25.130
1.785	21.277	25.131
1.786	21.258	25.130
1.787	21.259	25.130
1.788	21.269	25.132
1.787	21.278	25.131
1.790	21.278	25.133
1.790	21.277	25.133
1.792	21.277	25.131
1.793	21.277	25.134
1.794	21.277	25.134
1.794	21.267	25.132
1.795	21.258	25.130
1.795	21.258	25.130
1.795	21.259	25.131
1.796	21.259	25.130
1.795	21.277	25.132
1.796	21.277	25.132
1.797	21.284	25.131
1.797	21.277	25.132
1.797	21.277	25.131
1.796	21.277	25.132
1.797	21.277	25.130
1.797	21.276	25.130
1.797	21.259	25.130
1.797	21.273	25.130
1.796	21.277	25.131
