5.902
5.906
5.908
5.908
5.911
5.917
5.920
5.927
5.933
5.941
5.945
5.945
5.945
5.945
5.946
5.955
5.960
5.969
5.971
5.974
5.981
5.994
5.999
6.006
6.015
6.030
6.036
6.038
6.040
6.041
6.042
6.051
6.062
6.067
6.078
6.079
6.080
6.082
6.082
6.083
6.085
6.090
6.092
6.100
6.110
6.119
6.128
6.140
6.144
6.146
6.150
6.152
6.160
6.165
6.170
6.175
6.182
6.192
6.206
6.215
6.221
6.226
6.233
6.248
6.258
6.266
6.280
6.297
6.305
6.311
6.322
6.332
6.343
6.355
6.362
6.370
6.374
6.383
6.395
6.409
6.418
6.426
6.435
6.451
6.467
6.475
6.480
6.482
6.489
6.492
6.495
6.501
6.507
6.519
6.526
6.532
6.542
6.551
6.561
6.566
6.569
6.575
6.580
6.588
6.597
6.607
6.618
6.619
6.625
6.628
6.633
6.644
6.665
6.685
6.698
6.703
6.712
6.716
6.724
6.726
6.734
6.740
6.751
6.759
6.766
6.773
6.775
6.781
6.791
6.801
6.812
6.824
6.836
6.841
6.854
6.868
6.873
6.879
6.882
6.885
6.886
6.892
6.898
6.903
6.909
6.913
6.921
6.925
6.934
6.939
6.946
6.958
6.970
6.977
6.995
7.006
7.012
7.022
7.029
7.031
7.035
7.041
7.046
7.055
7.063
7.069
7.083
7.094
7.104
7.119
7.134
7.140
7.142
7.149
7.157
7.166
7.182
7.192
7.208
7.223
7.234
7.240
7.248
7.260
7.274
7.285
7.297
7.310
7.319
7.325
7.334
7.338
7.346
7.349
7.357
7.363
7.372
7.375
7.385
7.393
7.397
7.405
7.414
7.422
7.432
7.437
7.446
7.453
7.459
7.469
7.471
7.474
7.479
7.483
7.489
7.494
7.496
7.507
7.516
7.529
7.532
7.542
7.553
7.566
7.571
7.577
7.586
7.593
7.597
7.611
7.620
7.632
7.642
7.650
7.654
7.662
7.667
7.674
7.682
7.690
7.700
7.710
7.715
7.720
7.725
7.729
7.739
7.746
7.756
7.763
7.766
7.776
7.786
7.790
7.800
7.808
7.813
7.824
7.826
7.829
7.832
7.836
7.841
7.851
7.856
7.861
7.870
7.881
7.886
7.890
7.898
7.904
7.914
7.922
7.925
7.929
7.940
7.945
7.954
7.963
7.971
7.976
7.983
7.996
8.013
8.022
8.023
8.025
8.032
8.037
8.053
8.060
8.076
8.093
8.113
8.138
8.158
8.183
8.205
8.226
8.248
8.261
8.269
8.280
8.294
8.311
8.322
8.335
8.346
8.352
8.359
8.364
8.370
8.376
8.385
8.395
8.398
8.402
8.411
8.418
8.425
8.435
8.447
8.453
8.463
8.474
8.476
8.493
8.511
8.528
8.556
8.569
8.571
8.582
8.591
8.608
8.622
8.638
8.655
8.673
8.692
8.700
8.702
8.708
8.716
8.721
8.731
8.739
8.742
8.747
8.748
8.751
8.752
8.760
8.769
8.782
8.789
8.793
8.796
8.799
8.801
8.804
8.806
8.810
8.822
8.834
8.840
8.844
8.849
8.854
8.862
8.872
8.880
8.886
8.896
8.907
8.915
8.924
8.936
8.942
8.948
8.958
8.972
8.988
9.007
9.012
9.022
9.034
9.043
9.046
9.060
9.075
9.087
9.099
9.105
9.106
9.106
9.106
9.106
9.107
9.107
9.106
9.106
9.121
9.159
9.192
9.204
9.204
9.204
9.204
9.205
9.204
9.207
9.211
9.229
9.271
9.296
9.298
9.300
9.301
9.300
9.302
9.302
9.302
9.303
9.303
9.302
9.302
9.309
9.314
9.319
9.326
9.329
9.337
9.342
9.349
9.346
9.350
9.351
9.362
9.371
9.382
9.389
9.397
9.404
9.415
9.431
9.440
9.448
9.452
9.467
9.475
9.485
9.498
9.512
9.532
9.547
9.560
9.567
9.577
9.592
9.608
9.624
9.642
9.655
9.660
9.668
9.672
9.677
9.692
9.696
9.706
9.717
9.723
9.730
9.741
9.743
9.745
9.753
9.759
9.768
9.778
9.786
9.789
9.790
9.793
9.799
9.804
9.812
9.817
9.832
9.843
9.855
9.866
9.875
9.883
9.888
9.901
9.916
9.933
9.954
9.979
9.985
9.999
10.010
10.023
10.030
10.045
10.056
10.068
10.092
10.107
10.118
10.132
10.141
10.144
10.151
10.156
10.159
10.163
10.170
10.180
10.191
10.196
10.200
10.207
10.217
10.218
10.227
10.232
10.238
10.241
10.242
10.244
10.246
10.260
10.266
10.271
10.278
10.281
10.288
10.291
10.300
10.309
10.318
10.328
10.334
10.339
10.352
10.362
10.370
10.384
10.398
10.400
10.417
10.425
10.442
10.454
10.465
10.467
10.473
10.476
10.486
10.494
10.503
10.515
10.522
10.531
10.536
10.535
10.540
10.548
10.559
10.573
10.585
10.596
10.607
10.613
10.610
10.622
10.628
10.632
10.640
10.645
10.652
10.659
10.667
10.669
10.676
10.681
10.683
10.683
10.698
10.705
10.711
10.720
10.730
10.738
10.742
10.746
10.749
10.757
10.766
10.769
10.776
10.781
10.783
10.796
10.802
10.809
10.825
10.836
10.846
10.865
10.883
10.905
10.922
10.935
10.936
10.952
10.970
10.993
11.009
11.019
11.023
11.024
11.047
11.060
11.071
11.082
11.089
11.101
11.118
11.127
11.139
11.145
11.151
11.157
11.151
11.162
11.166
11.171
11.180
11.183
11.193
11.205
11.214
11.220
11.225
11.243
11.249
11.260
11.272
11.275
11.289
11.307
11.318
11.327
11.340
11.360
11.372
11.380
11.388
11.390
11.405
11.412
11.414
11.419
11.424
11.426
11.435
11.438
11.441
11.453
11.466
11.475
11.483
11.499
11.508
11.511
11.512
11.517
11.533
11.546
11.553
11.558
11.561
11.569
11.580
11.585
11.594
11.600
11.607
11.611
11.618
11.614
11.624
11.628
11.636
11.648
11.658
11.658
11.662
11.675
11.689
11.703
11.707
11.709
11.721
11.736
11.748
11.757
11.772
11.784
11.793
11.822
11.844
11.864
11.894
11.914
11.930
11.953
11.971
11.989
11.999
12.005
12.010
12.012
12.020
12.024
12.029
12.036
12.039
12.044
12.053
12.052
12.061
12.067
12.073
12.079
12.088
12.098
12.102
12.104
12.110
12.115
12.119
12.122
12.123
12.124
12.136
12.146
12.160
12.180
12.188
12.200
12.208
12.219
12.221
12.224
12.229
12.231
12.235
12.244
12.247
12.263
12.278
12.285
12.292
12.304
12.307
12.311
12.320
12.327
12.337
12.344
12.351
12.358
12.366
12.368
12.372
12.389
12.408
12.415
12.427
12.435
12.439
12.446
12.455
12.465
12.465
12.476
12.484
12.489
12.500
12.510
12.511
12.514
12.521
12.527
12.544
12.553
12.561
12.572
12.575
12.580
12.585
12.585
12.594
12.600
12.615
12.622
12.626
12.636
12.638
12.638
12.650
12.667
12.689
12.707
12.717
12.721
12.735
12.751
12.762
12.769
12.780
12.792
12.793
12.808
12.814
12.824
12.836
12.852
12.865
12.872
12.883
12.887
12.895
12.909
12.916
12.925
12.935
12.939
12.940
12.952
12.964
12.966
12.976
12.980
12.985
12.987
12.989
12.992
12.999
12.994
12.999
13.010
13.025
13.027
13.032
13.034
13.036
13.037
13.045
13.051
13.058
13.076
13.084
13.089
13.096
13.102
13.107
13.112
13.120
13.126
13.149
13.166
13.171
13.184
13.198
13.203
13.208
13.212
13.220
13.220
13.235
13.248
13.261
13.268
13.270
13.269
13.280
13.293
13.304
13.313
13.318
13.323
13.330
13.339
13.346
13.354
13.367
13.378
13.388
13.404
13.415
13.425
13.430
13.437
13.438
13.442
13.452
13.461
13.475
13.488
13.493
13.498
13.507
13.511
13.514
13.518
13.520
13.519
13.533
13.542
13.555
13.564
13.572
13.581
13.589
13.609
13.635
13.652
13.661
13.670
13.689
13.707
13.721
13.735
13.750
13.765
13.787
13.806
13.817
13.828
13.838
13.843
13.848
13.855
13.859
13.867
13.890
13.901
13.905
13.911
13.915
13.914
13.916
13.921
13.927
13.939
13.946
13.952
13.954
13.961
13.964
13.974
13.978
13.985
13.978
14.004
14.011
14.020
14.031
14.041
14.045
14.051
14.065
14.084
14.092
14.111
14.120
14.125
14.136
14.140
14.143
14.160
14.174
14.191
14.205
14.215
14.228
14.241
14.252
14.263
14.278
14.285
14.308
14.318
14.321
14.331
14.342
14.350
14.353
14.359
14.376
14.384
14.392
14.399
14.404
14.406
14.416
14.419
14.421
14.425
14.429
14.424
14.439
14.444
14.458
14.466
14.483
14.490
14.493
14.500
14.503
14.493
14.513
14.521
14.532
14.541
14.548
14.564
14.586
14.589
14.595
14.600
14.610
14.618
14.624
14.636
14.643
14.647
14.646
14.652
14.674
14.685
14.698
14.717
14.733
14.742
14.747
14.758
14.766
14.769
14.781
14.791
14.799
14.809
14.818
14.824
14.832
14.838
14.840
14.839
14.861
14.867
14.872
14.877
14.879
14.888
14.902
14.910
14.910
14.924
14.929
14.936
14.943
14.960
14.964
14.971
14.979
14.987
14.999
15.017
15.028
15.040
15.050
15.051
15.055
15.064
15.071
15.081
15.103
15.112
15.122
15.136
15.146
15.144
15.149
15.157
15.165
15.176
15.201
15.215
15.225
15.237
15.256
15.273
15.282
15.289
15.285
15.305
15.313
15.323
15.333
15.344
15.353
15.361
15.364
15.370
15.369
15.382
15.392
15.401
15.416
15.428
15.427
15.435
15.440
15.448
15.481
15.503
15.514
15.522
15.530
15.540
15.551
15.551
15.555
15.570
15.588
15.596
15.601
15.611
15.609
15.602
15.608
15.616
15.629
15.652
15.662
15.677
15.689
15.699
15.709
15.711
15.719
15.717
15.729
15.739
15.750
15.763
15.774
15.778
15.784
15.791
15.795
15.791
15.805
15.808
15.820
15.829
15.839
15.838
15.846
15.857
15.866
15.882
15.894
15.901
15.903
15.906
15.916
15.928
15.927
15.931
15.946
15.964
15.971
15.979
15.981
15.989
15.988
15.995
16.003
16.011
16.029
16.033
16.039
16.042
16.046
16.056
16.069
16.084
16.098
16.097
16.112
16.118
16.126
16.138
16.147
16.156
16.167
16.174
16.175
16.190
16.202
16.211
16.214
16.223
16.224
16.239
16.248
16.259
16.271
16.294
16.309
16.320
16.326
16.328
16.321
16.323
16.323
16.324
16.342
16.345
16.352
16.357
16.367
16.365
16.373
16.381
16.394
16.402
16.418
16.422
16.428
16.433
16.439
16.446
16.449
16.455
16.461
16.467
16.469
16.479
16.483
16.492
16.497
16.504
16.512
16.516
16.503
16.524
16.533
16.544
16.556
16.564
16.562
16.574
16.579
16.584
16.604
16.613
16.623
16.626
16.634
16.638
16.644
16.641
16.642
16.656
16.678
16.687
16.695
16.706
16.707
16.706
16.712
16.716
16.724
16.744
16.751
16.755
16.766
16.780
16.789
16.794
16.806
16.809
16.818
16.823
16.836
16.850
16.860
16.873
16.879
16.882
16.893
16.884
16.904
16.907
16.911
16.919
16.917
16.911
16.913
16.917
16.930
16.956
16.978
16.993
17.005
17.029
17.040
17.050
17.062
17.077
17.087
17.118
17.128
17.143
17.159
17.163
17.162
17.178
17.189
17.194
17.200
17.208
17.213
17.217
17.226
17.236
17.244
17.255
17.260
17.260
17.273
17.273
17.273
17.281
17.303
17.339
17.358
17.359
17.352
17.362
17.372
17.380
17.385
17.392
17.380
17.405
17.414
17.418
17.421
17.424
17.431
17.438
17.447
17.458
17.470
17.482
17.494
17.512
17.531
17.545
17.551
17.554
17.563
17.550
17.577
17.584
17.592
17.603
17.613
17.621
17.629
17.638
17.643
17.654
17.664
17.672
17.666
17.699
17.714
17.724
17.740
17.749
17.750
17.754
17.759
17.765
17.763
17.783
17.798
17.809
17.815
17.806
17.821
17.824
17.829
17.834
17.839
17.842
17.848
17.856
17.855
17.854
17.857
17.868
17.882
17.890
17.895
17.911
17.936
17.949
17.945
17.950
17.966
17.979
17.997
18.015
18.024
18.035
18.049
18.061
18.077
18.094
18.122
18.119
18.138
18.144
18.144
18.151
18.163
18.179
18.198
18.210
18.218
18.216
18.231
18.235
18.242
18.248
18.253
18.251
18.259
18.266
18.280
18.297
18.314
18.319
18.324
18.329
18.335
18.338
18.325
18.335
18.348
18.365
18.373
18.376
18.387
18.392
18.389
18.401
18.405
18.420
18.441
18.454
18.459
18.468
18.469
18.480
18.496
18.508
18.521
18.520
18.547
18.562
18.585
18.604
18.613
18.616
18.627
18.631
18.632
18.636
18.646
18.656
18.674
18.694
18.699
18.701
18.702
18.712
18.719
18.737
18.749
18.760
18.762
18.769
18.774
18.782
18.776
18.775
18.791
18.807
18.818
18.831
18.840
18.840
18.844
18.852
18.862
18.881
18.915
18.930
18.946
18.959
18.966
18.971
18.981
18.991
18.994
19.014
19.037
19.053
19.061
19.063
19.067
19.067
19.068
19.074
19.072
19.100
19.119
19.134
19.142
19.152
19.157
19.171
19.187
19.203
19.229
19.232
19.237
19.240
19.239
19.241
19.243
19.238
19.233
19.243
19.251
19.251
19.258
19.258
19.253
19.246
19.251
19.263
19.280
19.308
19.318
19.324
19.329
19.336
19.343
19.348
19.357
19.363
19.376
19.395
19.402
19.415
19.429
19.437
19.444
19.446
19.451
19.448
19.473
19.490
19.501
19.512
19.525
19.523
19.537
19.550
19.554
19.562
19.574
19.579
19.583
19.584
19.598
19.610
19.623
19.621
19.624
19.649
19.655
19.665
19.677
19.689
19.689
19.692
19.695
19.700
19.708
19.721
19.725
19.735
19.748
19.755
19.762
19.765
19.768
19.763
19.786
19.793
19.798
19.809
19.815
19.827
19.844
19.858
19.867
19.868
19.879
19.886
19.896
19.901
19.901
19.889
19.897
19.907
19.916
19.938
19.953
19.961
19.974
19.981
19.972
19.979
19.995
20.001
20.023
20.036
20.044
20.051
20.054
20.053
20.055
20.060
20.081
20.090
20.097
20.105
20.107
20.115
20.125
20.138
20.152
20.164
20.157
20.188
20.190
20.197
20.203
20.211
20.217
20.222
20.232
20.243
20.229
20.261
20.268
20.278
20.284
20.289
20.292
20.322
20.327
20.331
20.332
20.333
20.348
20.362
20.366
20.347
20.387
20.399
20.408
20.412
20.417
20.424
20.428
20.429
20.427
20.440
20.449
20.456
20.465
20.482
20.497
20.508
20.522
20.532
20.540
20.550
20.563
20.568
20.578
20.593
20.596
20.600
20.609
20.617
20.622
20.642
20.657
20.649
20.665
20.667
20.668
20.667
20.671
20.649
20.677
20.680
20.683
20.691
20.694
20.700
20.706
20.714
20.716
20.733
20.743
20.751
20.757
20.763
20.771
20.777
20.790
20.803
20.794
20.800
20.801
20.805
20.814
20.829
20.831
20.834
20.840
20.841
20.852
20.862
20.874
20.872
20.893
20.901
20.908
20.911
20.923
20.935
20.946
20.953
20.959
20.950
20.979
20.990
21.004
21.021
21.036
21.042
21.055
21.056
21.063
21.083
21.093
21.097
21.102
21.105
21.108
21.110
21.100
21.101
21.108
21.130
21.133
21.133
21.131
21.132
21.118
