2.382
2.411
2.409
2.407
2.410
2.375
2.377
2.377
2.377
2.377
2.401
2.409
2.412
2.410
2.399
2.378
2.377
2.377
2.377
2.377
2.377
2.377
2.377
2.407
2.378
2.377
2.377
2.372
2.377
2.377
2.377
2.377
2.378
2.398
2.377
2.377
2.377
2.377
2.388
2.415
2.415
2.414
2.414
2.384
2.377
2.377
2.377
2.377
2.412
2.414
2.415
2.417
2.399
2.378
2.378
2.379
2.379
2.390
2.415
2.416
2.418
2.417
2.384
2.378
2.381
2.376
2.383
2.377
2.382
2.378
2.400
2.402
2.385
2.387
2.380
2.377
2.377
2.382
2.379
2.382
2.410
2.386
2.382
2.389
2.390
2.385
2.417
2.425
2.420
2.421
2.408
2.388
2.388
2.386
2.385
2.404
2.424
2.424
2.424
2.425
2.398
2.391
2.384
2.389
2.387
2.427
2.423
2.422
2.423
2.410
2.389
2.387
2.387
2.384
2.383
2.393
2.392
2.392
2.388
2.395
2.391
2.394
2.384
2.386
2.387
2.389
2.393
2.398
2.400
2.394
2.396
2.394
2.398
2.416
2.427
2.432
2.429
2.424
2.402
2.389
2.400
2.401
2.404
2.406
2.400
2.432
2.433
2.409
2.406
2.400
2.405
2.398
2.429
2.432
2.432
2.434
2.425
2.405
2.400
2.400
2.401
2.399
2.400
2.402
2.401
2.403
2.413
2.406
2.405
2.394
2.395
2.418
2.402
2.400
2.402
2.425
2.408
2.404
2.413
2.404
2.419
2.439
2.440
2.442
2.445
2.408
2.408
2.400
2.409
2.405
2.413
2.409
2.416
2.444
2.428
2.412
2.412
2.411
2.416
2.416
2.446
2.446
2.444
2.407
2.419
2.411
2.415
2.414
2.417
2.416
2.418
2.413
2.425
2.413
2.415
2.417
2.418
2.404
2.405
2.413
2.413
2.414
2.440
2.425
2.416
2.421
2.422
2.425
2.428
2.417
2.415
2.416
2.413
2.418
2.423
2.420
2.424
2.444
2.416
2.416
2.423
2.420
2.416
2.411
2.427
2.437
2.433
2.437
2.427
2.421
2.428
2.418
2.427
2.431
2.424
2.430
2.424
2.422
2.427
2.435
2.433
2.437
2.438
2.426
2.413
2.416
2.425
2.434
2.419
2.443
2.422
2.423
2.424
2.428
2.427
2.447
2.423
2.427
2.424
2.408
2.427
2.418
2.425
2.426
2.426
2.427
2.426
2.441
2.427
2.427
2.426
2.427
2.427
2.427
2.454
2.464
2.465
2.463
2.451
2.429
2.427
2.428
2.427
2.427
2.427
2.427
2.427
2.461
2.428
2.429
2.430
2.421
2.427
2.427
2.427
2.427
2.439
2.450
2.427
2.441
2.430
2.427
2.427
2.427
2.428
2.439
2.467
2.433
2.433
2.432
2.430
2.431
2.465
2.467
2.470
2.469
2.452
2.430
2.429
2.430
2.437
2.452
2.467
2.472
2.472
2.468
2.433
2.434
2.436
2.430
2.432
2.447
2.433
2.433
2.455
2.431
2.436
2.435
2.439
2.442
2.429
2.436
2.431
2.450
2.430
2.433
2.444
2.454
2.438
2.439
2.473
2.472
2.471
2.472
2.455
2.428
2.431
2.434
2.427
2.460
2.474
2.471
2.471
2.467
2.450
2.456
2.444
2.459
2.449
2.476
2.475
2.477
2.476
2.450
2.439
2.447
2.437
2.440
2.441
2.441
2.440
2.456
2.466
2.448
2.447
2.441
2.440
2.460
2.439
2.441
2.441
2.467
2.447
2.448
2.449
2.448
2.444
2.473
2.479
2.478
2.479
2.466
2.444
2.458
2.444
2.447
2.461
2.482
2.481
2.481
2.477
2.454
2.453
2.466
2.466
2.448
2.483
2.481
2.480
2.482
2.477
2.458
2.452
2.454
2.449
2.452
2.448
2.450
2.445
2.486
2.457
2.453
2.471
2.453
2.453
2.450
2.464
2.457
2.454
2.473
2.451
2.455
2.473
2.468
2.463
2.488
2.488
2.490
2.490
2.461
2.457
2.439
2.456
2.463
2.459
2.458
2.471
2.493
2.465
2.468
2.462
2.458
2.461
2.471
2.492
2.494
2.494
2.487
2.466
2.456
2.459
2.458
2.463
2.456
2.465
2.454
2.483
2.462
2.469
2.460
2.453
2.452
2.456
2.458
2.457
2.460
2.485
2.467
2.459
2.468
2.462
2.473
2.493
2.495
2.496
2.494
2.460
2.462
2.452
2.459
2.459
2.464
2.459
2.487
2.499
2.481
2.466
2.473
2.478
2.475
2.469
2.500
2.501
2.501
2.503
2.462
2.475
2.465
2.460
2.469
2.466
2.465
2.472
2.473
2.481
2.468
2.470
2.465
2.469
2.463
2.465
2.460
2.463
2.492
2.465
2.470
2.476
2.478
2.470
2.494
2.502
2.499
2.504
2.485
2.472
2.476
2.477
2.471
2.482
2.503
2.504
2.508
2.507
2.475
2.473
2.478
2.476
2.482
2.506
2.470
2.478
2.478
2.478
2.483
2.478
2.475
2.468
2.478
2.477
2.472
2.481
2.494
2.471
2.476
2.477
2.470
2.477
2.473
2.478
2.478
2.477
2.480
2.476
2.476
2.476
2.478
2.492
2.475
2.476
2.479
2.473
2.486
2.478
2.467
2.474
2.478
2.476
2.477
2.495
2.486
2.475
2.481
2.478
2.478
2.477
2.504
2.478
2.478
2.477
2.478
2.495
2.478
2.478
2.474
2.478
2.484
2.478
2.478
2.500
2.478
2.478
2.478
2.468
2.478
2.478
2.478
2.478
2.496
2.494
2.479
2.481
2.479
2.485
2.494
2.484
2.483
2.478
2.482
2.502
2.479
2.485
2.478
2.480
2.514
2.481
2.478
2.480
2.479
2.486
2.500
2.483
2.482
2.509
2.520
2.519
2.519
2.514
2.488
2.484
2.499
2.485
2.478
2.472
2.486
2.483
2.481
2.485
2.494
2.478
2.483
2.485
2.479
2.481
2.478
2.489
2.519
2.483
2.487
2.501
2.486
2.481
2.522
2.522
2.525
2.523
2.499
2.486
2.487
2.485
2.491
2.503
2.526
2.529
2.525
2.527
2.492
2.487
2.506
2.490
2.478
2.527
2.529
2.526
2.527
2.503
2.497
2.496
2.503
2.493
2.494
2.489
2.486
2.489
2.492
2.493
2.514
2.492
2.492
2.488
2.491
2.489
2.485
2.499
2.506
2.492
2.496
2.509
2.495
2.518
2.530
2.533
2.534
2.531
2.490
2.504
2.501
2.496
2.498
2.535
2.533
2.533
2.531
2.518
2.499
2.515
2.500
2.503
2.524
2.535
2.539
2.534
2.527
2.508
2.517
2.502
2.497
2.515
2.503
2.500
2.514
2.526
2.519
2.502
2.503
2.497
2.494
2.494
2.490
2.501
2.495
2.524
2.512
2.506
2.503
2.515
2.505
2.543
2.540
2.542
2.541
2.515
2.506
2.500
2.503
2.509
2.510
2.510
2.536
2.544
2.533
2.504
2.511
2.511
2.505
2.528
2.547
2.545
2.545
2.545
2.519
2.507
2.507
2.508
2.515
2.521
2.517
2.509
2.511
2.541
2.509
2.520
2.513
2.500
2.506
2.509
2.523
2.511
2.531
2.530
2.514
2.519
2.517
2.514
2.509
2.552
2.551
2.552
2.546
2.526
2.514
2.507
2.514
2.510
2.514
2.511
2.551
2.552
2.524
2.518
2.516
2.516
2.529
2.539
2.553
2.551
2.553
2.551
2.526
2.520
2.515
2.521
2.523
2.520
2.522
2.527
2.541
2.529
2.513
2.527
2.522
2.510
2.514
2.516
2.518
2.516
2.548
2.527
2.524
2.523
2.521
2.520
2.555
2.556
2.558
2.558
2.531
2.524
2.527
2.525
2.529
2.550
2.560
2.557
2.555
2.547
2.534
2.535
2.527
2.532
2.536
2.561
2.559
2.557
2.556
2.530
2.520
2.512
2.521
2.514
2.529
2.521
2.521
2.525
2.541
2.522
2.531
2.526
2.510
2.525
2.518
2.523
2.523
2.520
2.523
2.526
2.524
2.523
2.528
2.553
2.559
2.558
2.556
2.546
2.527
2.515
2.520
2.521
2.520
2.520
2.525
2.559
2.557
2.523
2.525
2.525
2.524
2.524
2.551
2.558
2.555
2.558
2.514
2.527
2.527
2.523
2.516
2.525
2.521
2.519
2.524
2.547
2.517
2.524
2.521
2.516
2.518
2.519
2.517
2.518
2.519
2.540
2.522
2.525
2.524
2.525
2.523
2.528
2.518
2.511
2.516
2.529
2.524
2.513
2.522
2.519
2.530
2.524
2.537
2.521
2.518
2.528
2.521
2.528
2.524
2.527
2.531
2.510
2.512
2.517
2.526
2.520
2.517
2.515
2.520
2.524
2.520
2.522
2.540
2.520
2.526
2.517
2.524
2.504
2.511
2.518
2.514
2.515
2.541
2.522
2.518
2.519
2.515
2.529
2.526
2.511
2.510
2.508
2.518
2.500
2.498
2.528
2.512
2.511
2.517
2.521
2.525
2.505
2.515
2.520
2.509
2.513
2.525
2.546
2.542
2.547
2.543
2.525
2.513
2.505
2.503
2.503
2.502
2.522
2.499
2.512
2.528
2.505
2.515
2.500
2.493
2.517
2.515
2.498
2.499
2.522
2.505
2.502
2.502
2.515
2.505
2.528
2.535
2.531
2.535
2.523
2.515
2.510
2.496
2.506
2.520
2.532
2.527
2.530
2.530
2.500
2.493
2.503
2.493
2.495
2.528
2.530
2.528
2.530
2.519
2.493
2.505
2.495
2.499
2.484
2.483
2.495
2.481
2.521
2.491
2.490
2.493
2.485
2.483
2.483
2.486
2.498
2.488
2.509
2.495
2.502
2.494
2.479
2.502
2.520
2.521
2.521
2.519
2.496
2.487
2.486
2.484
2.483
2.478
2.482
2.512
2.517
2.497
2.479
2.482
2.478
2.478
2.490
2.514
2.516
2.515
2.514
2.478
2.478
2.478
2.477
2.477
2.478
2.478
2.478
2.498
2.484
2.477
2.478
2.478
2.454
2.474
2.475
2.473
2.474
2.495
2.477
2.476
2.477
2.477
2.484
2.509
2.509
2.507
2.508
2.481
2.473
2.462
2.472
2.470
2.465
2.465
2.482
2.506
2.495
2.477
2.476
2.474
2.484
2.476
2.505
2.505
2.506
2.504
2.469
2.471
2.473
2.465
2.470
2.478
2.474
2.466
2.480
2.490
2.475
2.466
2.467
2.455
2.465
2.464
2.462
2.478
2.492
2.472
2.469
2.463
2.475
2.465
2.495
2.498
2.499
2.502
2.488
2.467
2.464
2.468
2.469
2.471
2.501
2.501
2.499
2.500
2.461
2.468
2.463
2.462
2.454
2.487
2.495
2.496
2.494
2.492
2.469
2.477
2.476
2.460
2.467
2.455
2.466
2.476
2.463
2.458
2.464
2.461
2.458
2.452
2.458
2.463
2.444
2.457
2.482
2.462
2.470
2.465
2.466
2.466
2.495
2.491
2.497
2.492
2.471
2.472
2.451
2.455
2.453
2.457
2.457
2.481
2.491
2.482
2.463
2.459
2.474
2.463
2.477
2.493
2.495
2.491
2.492
2.468
2.463
2.471
2.460
2.458
2.454
2.475
2.456
2.465
2.455
2.474
2.466
2.457
2.466
2.448
2.461
2.472
2.462
2.483
2.459
2.465
2.470
2.459
2.473
2.495
2.491
2.492
2.490
2.463
2.460
2.459
2.472
2.469
2.473
2.492
2.494
2.489
2.467
2.463
2.464
2.459
2.456
2.460
2.467
2.471
2.452
2.469
2.468
2.455
2.447
2.463
2.459
2.452
2.458
2.457
2.463
2.472
2.465
2.465
2.464
2.453
2.456
2.459
2.448
2.458
2.469
2.463
2.458
2.455
2.465
2.464
2.486
2.461
2.449
2.464
2.457
2.463
2.459
2.464
2.469
2.473
2.465
2.452
2.449
2.456
2.455
2.458
2.462
2.478
2.461
2.484
2.459
2.473
2.471
2.453
2.469
2.477
2.467
2.460
2.462
2.459
2.460
2.460
2.480
2.460
2.465
2.466
2.457
2.455
2.456
2.459
2.463
2.464
2.473
2.474
2.465
2.461
2.462
2.475
2.460
2.456
2.459
2.466
2.468
2.478
2.470
2.466
2.479
2.496
2.498
2.500
2.476
2.469
2.478
2.470
2.467
2.469
2.493
2.500
2.500
2.502
2.490
2.473
2.469
2.465
2.461
2.464
2.471
2.477
2.470
2.492
2.463
2.466
2.471
2.458
2.469
2.463
2.461
2.466
2.474
2.489
2.466
2.464
2.468
2.479
2.472
2.502
2.504
2.501
2.502
2.476
2.473
2.478
2.478
2.474
2.472
2.467
2.496
2.502
2.491
2.478
2.471
2.478
2.469
2.476
2.505
2.502
2.509
2.506
2.474
2.469
2.472
2.466
2.478
2.477
2.473
2.471
2.477
2.502
2.477
2.472
2.471
2.460
2.467
2.478
2.471
2.470
2.477
2.472
2.475
2.480
2.478
2.474
2.490
2.502
2.505
2.504
2.499
2.478
2.477
2.448
2.467
2.469
2.467
2.472
2.499
2.506
2.478
2.474
2.471
2.471
2.476
2.493
2.508
2.504
2.508
2.505
2.465
2.476
2.476
2.474
2.478
2.485
2.478
2.471
2.494
2.482
2.477
2.477
2.470
2.476
2.473
2.475
2.477
2.471
2.496
2.474
2.473
2.473
2.478
2.486
2.510
2.511
2.510
2.510
2.472
2.477
2.473
2.472
2.478
2.476
2.478
2.500
2.511
2.495
2.482
2.485
2.477
2.478
2.492
2.511
2.512
2.513
2.512
2.478
2.478
2.478
2.476
2.477
2.478
2.478
2.476
2.487
2.493
2.478
2.478
2.478
2.466
2.477
2.477
2.476
2.478
2.503
2.480
2.478
2.478
2.480
2.478
2.511
2.516
2.517
2.516
2.495
2.478
2.473
2.471
2.478
2.478
2.478
2.478
2.499
2.518
2.482
2.478
2.478
2.478
2.478
2.516
2.516
2.516
2.518
2.497
2.478
2.501
2.497
2.478
2.478
2.479
2.479
2.492
2.519
2.478
2.482
2.495
2.482
2.492
2.492
2.478
2.478
2.481
2.496
2.490
2.478
2.479
2.484
2.499
2.523
2.522
2.519
2.521
2.500
2.478
2.478
2.483
2.495
2.517
2.523
2.523
2.524
2.501
2.503
2.487
2.481
2.490
2.500
2.522
2.523
2.490
2.480
2.497
2.487
2.496
2.486
2.485
2.487
2.484
2.494
2.513
2.475
2.490
2.488
2.489
2.482
2.480
2.495
2.482
2.486
2.515
2.485
2.490
2.488
2.500
2.496
2.501
2.480
2.488
2.488
2.485
2.495
2.496
2.497
2.503
2.520
2.487
2.483
2.485
2.488
2.494
2.491
2.497
2.508
2.505
2.495
2.481
2.487
2.494
2.502
2.496
2.505
2.493
2.489
2.491
2.491
2.493
2.511
2.508
2.492
2.491
2.491
2.487
2.485
2.505
2.488
2.488
2.505
2.493
2.491
2.490
2.510
2.489
2.514
2.485
2.490
2.504
2.490
2.498
2.499
2.494
2.499
2.506
2.493
2.489
2.488
2.486
2.489
2.495
2.497
2.490
2.492
2.522
2.531
2.528
2.530
2.517
2.494
2.491
2.494
2.485
2.501
2.487
2.492
2.491
2.527
2.495
2.493
2.489
2.492
2.482
2.485
2.488
2.488
2.488
2.520
2.478
2.493
2.491
2.495
2.502
2.530
2.531
2.529
2.529
2.507
2.491
2.492
2.495
2.496
2.493
2.497
2.522
2.533
2.526
2.497
2.490
2.491
2.497
2.497
2.533
