21.207
21.205
21.204
21.204
21.197
21.188
21.198
21.194
21.191
21.186
21.184
21.179
21.178
21.176
21.168
21.167
21.164
21.144
21.155
21.153
21.147
21.141
21.139
21.131
21.113
21.115
21.113
21.106
21.123
21.120
21.114
21.109
21.094
21.094
21.087
21.077
21.063
21.047
21.054
21.040
21.026
21.021
21.007
20.984
20.978
20.979
20.972
20.980
20.974
20.964
20.959
20.957
20.938
20.927
20.920
20.909
20.904
20.908
20.899
20.894
20.893
20.888
20.886
20.880
20.873
20.848
20.854
20.849
20.841
20.837
20.831
20.815
20.801
20.797
20.789
20.781
20.783
20.771
20.760
20.753
20.740
20.732
20.719
20.705
20.682
20.690
20.688
20.681
20.678
20.670
20.652
20.648
20.642
20.642
20.644
20.642
20.634
20.626
20.614
20.606
20.599
20.589
20.562
20.552
20.551
20.544
20.531
20.520
20.505
20.483
20.456
20.447
20.426
20.427
20.430
20.424
20.418
20.407
20.385
20.354
20.328
20.312
20.310
20.317
20.307
20.302
20.299
20.290
20.280
20.270
20.260
20.228
20.223
20.219
20.202
20.190
20.176
20.137
20.116
20.096
20.084
20.075
20.081
20.075
20.059
20.045
20.035
20.024
20.015
19.987
19.971
19.981
19.962
19.951
19.940
19.932
19.915
19.902
19.883
19.854
19.844
19.837
19.823
19.811
19.802
19.780
19.762
19.749
19.739
19.725
19.737
19.732
19.725
19.722
19.716
19.713
19.706
19.702
19.691
19.687
19.671
19.659
19.653
19.639
19.617
19.602
19.575
19.557
19.548
19.566
19.563
19.552
19.544
19.536
19.509
19.494
19.486
19.474
19.475
19.470
19.465
19.458
19.443
19.433
19.414
19.400
19.385
19.352
19.351
19.339
19.329
19.323
19.313
19.288
19.279
19.277
19.275
19.270
19.273
19.263
19.257
19.251
19.247
19.241
19.231
19.225
19.193
19.189
19.177
19.164
19.143
19.128
19.093
19.080
19.065
19.053
19.046
19.031
19.036
19.030
19.019
19.015
19.006
18.991
18.959
18.943
18.960
18.961
18.960
18.955
18.945
18.932
18.905
18.874
18.839
18.832
18.823
18.811
18.806
18.804
18.786
18.778
18.775
18.773
18.766
18.780
18.774
18.761
18.750
18.738
18.726
18.719
18.713
18.690
18.707
18.700
18.692
18.680
18.670
18.637
18.640
18.628
18.620
18.612
18.604
18.597
18.585
18.576
18.558
18.553
18.542
18.513
18.519
18.509
18.499
18.488
18.481
18.481
18.470
18.455
18.432
18.399
18.397
18.381
18.374
18.364
18.358
18.338
18.331
18.325
18.323
18.318
18.309
18.298
18.286
18.274
18.262
18.250
18.237
18.228
18.215
18.202
18.201
18.192
18.181
18.173
18.152
18.132
18.128
18.121
18.111
18.093
18.079
18.072
18.062
18.054
18.026
18.036
18.026
18.018
18.008
17.998
17.994
17.989
17.981
17.974
17.964
17.957
17.944
17.912
17.921
17.909
17.898
17.887
17.877
17.855
17.841
17.834
17.839
17.833
17.820
17.807
17.790
17.774
17.760
17.749
17.738
17.724
17.696
17.688
17.680
17.664
17.650
17.638
17.622
17.615
17.604
17.597
17.585
17.583
17.572
17.564
17.554
17.540
17.517
17.500
17.482
17.470
17.474
17.468
17.456
17.443
17.431
17.426
17.419
17.404
17.378
17.360
17.369
17.366
17.358
17.349
17.339
17.328
17.322
17.318
17.312
17.322
17.311
17.300
17.286
17.272
17.263
17.251
17.235
17.220
17.214
17.209
17.199
17.190
17.179
17.167
17.151
17.144
17.135
17.129
17.135
17.124
17.117
17.105
17.090
17.078
17.064
17.030
17.016
17.013
17.014
16.998
16.992
16.983
16.974
16.965
16.950
16.938
16.915
16.919
16.911
16.904
16.899
16.895
16.878
16.871
16.861
16.852
16.850
16.849
16.843
16.833
16.823
16.820
16.813
16.805
16.790
16.764
16.765
16.758
16.755
16.749
16.740
16.720
16.711
16.704
16.699
16.697
16.686
16.678
16.663
16.651
16.645
16.640
16.635
16.614
16.603
16.603
16.596
16.595
16.597
16.587
16.575
16.565
16.550
16.534
16.521
16.516
16.504
16.491
16.476
16.459
16.438
16.429
16.420
16.418
16.420
16.406
16.394
16.382
16.370
16.365
16.357
16.345
16.330
16.324
16.325
16.321
16.316
16.306
16.283
16.269
16.262
16.255
16.248
16.252
16.248
16.241
16.234
16.222
16.208
16.199
16.186
16.171
16.158
16.148
16.138
16.128
16.121
16.113
16.109
16.089
16.062
16.043
16.043
16.038
16.030
16.016
16.001
15.980
15.967
15.961
15.958
15.965
15.957
15.950
15.945
15.931
15.919
15.904
15.888
15.876
15.861
15.864
15.859
15.850
15.848
15.839
15.820
15.804
15.795
15.784
15.787
15.784
15.778
15.772
15.766
15.742
15.724
15.727
15.709
15.686
15.674
15.660
15.649
15.635
15.621
15.612
15.603
15.590
15.563
15.569
15.557
15.547
15.537
15.527
15.506
15.511
15.507
15.505
15.499
15.486
15.466
15.455
15.450
15.443
15.434
15.421
15.411
15.387
15.397
15.387
15.380
15.369
15.362
15.340
15.345
15.339
15.326
15.320
15.308
15.303
15.296
15.290
15.283
15.274
15.257
15.228
15.236
15.222
15.209
15.191
15.173
15.157
15.148
15.133
15.124
15.096
15.098
15.088
15.076
15.073
15.057
15.045
15.030
15.031
15.027
15.015
14.999
14.986
14.972
14.963
14.951
14.936
14.928
14.918
14.905
14.907
14.904
14.892
14.881
14.871
14.853
14.854
14.844
14.832
14.816
14.796
14.776
14.758
14.744
14.731
14.719
14.713
14.697
14.691
14.681
14.671
14.661
14.651
14.639
14.628
14.613
14.603
14.591
14.578
14.575
14.562
14.553
14.548
14.533
14.508
14.498
14.490
14.478
14.474
14.465
14.453
14.443
14.429
14.424
14.417
14.410
14.398
14.387
14.380
14.366
14.347
14.327
14.308
14.278
14.252
14.236
14.218
14.210
14.197
14.185
14.170
14.160
14.144
14.136
14.129
14.117
14.112
14.108
14.099
14.089
14.075
14.062
14.050
14.041
14.033
14.015
14.013
14.004
13.991
13.980
13.972
13.953
13.944
13.934
13.923
13.916
13.916
13.912
13.898
13.877
13.849
13.833
13.830
13.821
13.801
13.802
13.785
13.769
13.756
13.750
13.739
13.729
13.722
13.719
13.713
13.705
13.692
13.677
13.667
13.660
13.649
13.629
13.596
13.576
13.578
13.568
13.559
13.546
13.526
13.520
13.516
13.513
13.502
13.496
13.496
13.489
13.479
13.477
13.467
13.457
13.450
13.443
13.440
13.440
13.430
13.420
13.411
13.395
13.374
13.355
13.339
13.319
13.311
13.316
13.312
13.309
13.300
13.276
13.259
13.249
13.235
13.220
13.211
13.201
13.191
13.170
13.157
13.139
13.125
13.111
13.100
13.093
13.086
13.077
13.062
13.049
13.041
13.036
13.030
13.025
13.019
13.026
13.026
13.025
13.026
13.025
13.014
13.016
13.013
13.000
12.994
12.977
12.976
12.968
12.955
12.936
12.927
12.919
12.908
12.899
12.891
12.872
12.865
12.855
12.850
12.831
12.818
12.804
12.793
12.789
12.777
12.766
12.753
12.755
12.739
12.722
12.708
12.694
12.683
12.677
12.668
12.658
12.646
12.634
12.623
12.618
12.611
12.594
12.585
12.583
12.573
12.572
12.561
12.553
12.537
12.532
12.523
12.504
12.488
12.478
12.476
12.476
12.465
12.450
12.438
12.424
12.410
12.392
12.386
12.369
12.361
12.352
12.341
12.327
12.316
12.301
12.284
12.270
12.260
12.245
12.242
12.235
12.227
12.222
12.218
12.208
12.202
12.187
12.180
12.170
12.161
12.156
12.146
12.134
12.122
12.111
12.112
12.102
12.093
12.077
12.071
12.054
12.061
12.053
12.048
12.036
12.030
12.029
12.024
12.012
12.002
11.990
11.975
11.963
11.944
11.938
11.925
11.914
11.905
11.899
11.889
11.885
11.871
11.859
11.854
11.846
11.829
11.803
11.789
11.778
11.768
11.746
11.738
11.728
11.716
11.707
11.696
11.689
11.682
11.675
11.662
11.652
11.629
11.623
11.621
11.612
11.607
11.597
11.588
11.589
11.587
11.576
11.562
11.557
11.554
11.535
11.507
11.496
11.492
11.487
11.484
11.478
11.468
11.461
11.448
11.439
11.434
11.416
11.423
11.414
11.407
11.400
11.382
11.365
11.350
11.334
11.319
11.311
11.305
11.293
11.284
11.279
11.272
11.256
11.243
11.228
11.218
11.210
11.198
11.185
11.181
11.175
11.168
11.157
11.151
11.141
11.128
11.118
11.094
11.084
11.080
11.072
11.063
11.052
11.032
11.023
11.012
11.000
10.986
10.975
10.974
10.967
10.960
10.950
10.939
10.931
10.927
10.925
10.914
10.908
10.889
10.871
10.853
10.843
10.831
10.812
10.797
10.784
10.776
10.767
10.759
10.752
10.742
10.732
10.727
10.718
10.708
10.693
10.691
10.681
10.671
10.659
10.649
10.637
10.624
10.619
10.608
10.600
10.589
10.583
10.573
10.560
10.555
10.545
10.535
10.524
10.516
10.515
10.505
10.494
10.487
10.482
10.474
10.465
10.460
10.448
10.438
10.429
10.422
10.412
10.403
10.400
10.386
10.368
10.358
10.352
10.343
10.335
10.324
10.310
10.303
10.293
10.289
10.280
10.271
10.268
10.257
10.251
10.245
10.241
10.228
10.215
10.208
10.206
10.204
10.198
10.183
10.174
10.167
10.156
10.149
10.147
10.147
10.137
10.130
10.111
10.095
10.081
10.071
10.051
10.036
10.026
10.013
10.010
10.002
9.995
9.987
9.978
9.968
9.960
9.948
9.930
9.917
9.901
9.895
9.882
9.867
9.851
9.839
9.827
9.817
9.811
9.802
9.798
9.793
9.789
9.781
9.766
9.748
9.740
9.730
9.716
9.706
9.696
9.688
9.680
9.676
9.669
9.658
9.639
9.630
9.618
9.619
9.617
9.608
9.598
9.590
9.571
9.559
9.555
9.540
9.521
9.509
9.499
9.492
9.476
9.460
9.448
9.437
9.436
9.425
9.410
9.397
9.386
9.372
9.359
9.351
9.343
9.337
9.318
9.314
9.302
9.301
9.291
9.283
9.268
9.260
9.251
9.242
9.241
9.233
9.223
9.216
9.212
9.200
9.189
9.180
9.166
9.149
9.136
9.123
9.107
9.095
9.082
9.068
9.054
9.040
9.033
9.028
9.017
9.003
8.991
8.981
8.968
8.953
8.940
8.918
8.909
8.908
8.904
8.899
8.887
8.877
8.859
8.840
8.820
8.806
8.796
8.779
8.775
8.776
8.766
8.750
8.743
8.736
8.726
8.714
8.696
8.679
8.667
8.657
8.646
8.638
8.629
8.614
8.602
8.589
8.581
8.570
8.567
8.557
8.543
8.533
8.525
8.511
8.500
8.487
8.477
8.470
8.455
8.443
8.426
8.417
8.404
8.386
8.376
8.370
8.362
8.354
8.346
8.337
8.326
8.307
8.288
8.277
8.278
8.270
8.264
8.258
8.244
8.225
8.206
8.191
8.179
8.169
8.159
8.150
8.140
8.127
8.103
8.090
8.078
8.058
8.042
8.030
8.021
8.010
8.004
7.996
7.984
7.983
7.980
7.973
7.969
7.954
7.943
7.935
7.922
7.905
7.898
7.885
7.866
7.850
7.836
7.825
7.816
7.812
7.806
7.797
7.788
7.776
7.768
7.764
7.760
7.748
7.737
7.728
7.723
7.719
7.716
7.709
7.694
7.678
7.662
7.640
7.621
7.604
7.588
7.574
7.566
7.556
7.545
7.533
7.521
7.508
7.494
7.477
7.468
7.458
7.443
7.432
7.422
7.417
7.410
7.397
7.378
7.371
7.370
7.364
7.361
7.357
7.349
7.342
7.334
7.323
7.312
7.300
7.288
7.270
7.260
7.251
7.243
7.236
7.221
7.199
7.189
7.178
7.157
7.140
7.129
7.119
7.114
7.099
7.079
7.064
7.049
7.035
7.026
7.016
7.006
6.991
6.975
6.965
6.949
6.938
6.922
6.901
6.895
6.885
6.883
6.874
6.867
6.854
6.847
6.836
6.828
6.823
6.815
6.806
6.795
6.787
6.777
6.773
6.758
6.743
6.727
6.716
6.699
6.682
6.665
6.653
6.643
6.633
6.619
6.605
6.603
6.600
6.594
6.586
6.580
6.575
6.567
6.563
6.557
6.546
6.541
6.531
6.519
6.506
6.494
6.492
6.482
6.477
6.464
6.446
6.438
6.436
6.436
6.435
6.430
6.417
6.397
6.381
6.370
6.359
6.348
6.335
6.317
6.300
6.284
6.263
6.254
6.250
6.244
6.238
6.229
6.226
6.226
6.223
6.220
6.212
6.188
6.167
6.151
6.132
6.114
6.101
6.093
6.089
6.085
6.084
6.079
6.072
6.063
6.050
6.040
6.030
6.017
6.006
5.995
5.982
5.972
5.968
5.957
5.952
5.945
5.944
5.937
5.930
5.920
5.918
5.914
5.912
5.908
5.907
5.903
5.900
5.896

