0.558
0.559
0.559
0.560
0.560
0.561
0.562
0.563
0.564
0.565
0.565
0.565
0.565
0.565
0.565
0.566
0.567
0.568
0.568
0.569
0.569
0.570
0.570
0.571
0.572
0.573
0.573
0.573
0.573
0.573
0.574
0.574
0.575
0.575
0.576
0.576
0.576
0.576
0.576
0.576
0.577
0.577
0.578
0.578
0.579
0.580
0.581
0.582
0.582
0.582
0.583
0.583
0.584
0.584
0.584
0.585
0.585
0.586
0.587
0.588
0.589
0.590
0.590
0.591
0.592
0.593
0.594
0.595
0.596
0.596
0.597
0.597
0.598
0.600
0.600
0.601
0.602
0.603
0.604
0.605
0.605
0.606
0.607
0.608
0.609
0.610
0.610
0.611
0.611
0.611
0.612
0.612
0.613
0.614
0.614
0.615
0.616
0.616
0.617
0.617
0.617
0.618
0.618
0.618
0.620
0.621
0.622
0.622
0.622
0.623
0.623
0.624
0.626
0.628
0.629
0.629
0.629
0.630
0.630
0.630
0.631
0.632
0.633
0.633
0.634
0.634
0.635
0.635
0.636
0.637
0.638
0.639
0.640
0.640
0.641
0.642
0.643
0.643
0.643
0.643
0.643
0.644
0.644
0.644
0.645
0.645
0.646
0.647
0.647
0.647
0.648
0.649
0.650
0.651
0.652
0.653
0.654
0.655
0.655
0.656
0.656
0.656
0.657
0.658
0.658
0.659
0.660
0.661
0.662
0.663
0.664
0.664
0.665
0.666
0.666
0.667
0.668
0.670
0.671
0.672
0.673
0.674
0.675
0.676
0.677
0.677
0.678
0.679
0.680
0.680
0.681
0.681
0.682
0.683
0.683
0.684
0.685
0.685
0.686
0.686
0.686
0.687
0.688
0.688
0.689
0.689
0.690
0.690
0.691
0.691
0.692
0.692
0.693
0.693
0.693
0.694
0.694
0.695
0.696
0.697
0.697
0.698
0.699
0.700
0.700
0.701
0.702
0.702
0.703
0.704
0.705
0.706
0.707
0.707
0.707
0.708
0.709
0.709
0.710
0.711
0.711
0.712
0.712
0.713
0.713
0.714
0.714
0.715
0.716
0.716
0.717
0.717
0.718
0.719
0.719
0.720
0.721
0.722
0.722
0.722
0.722
0.722
0.723
0.723
0.723
0.724
0.724
0.725
0.726
0.726
0.726
0.727
0.727
0.728
0.729
0.729
0.730
0.731
0.732
0.732
0.733
0.734
0.735
0.736
0.737
0.738
0.738
0.738
0.738
0.739
0.740
0.741
0.743
0.744
0.747
0.748
0.751
0.753
0.754
0.756
0.758
0.758
0.759
0.761
0.761
0.762
0.763
0.764
0.765
0.766
0.766
0.766
0.767
0.768
0.768
0.769
0.769
0.770
0.770
0.771
0.772
0.772
0.773
0.773
0.774
0.775
0.776
0.778
0.780
0.781
0.783
0.784
0.785
0.786
0.786
0.787
0.788
0.790
0.791
0.793
0.794
0.795
0.794
0.795
0.796
0.796
0.796
0.797
0.797
0.798
0.798
0.798
0.798
0.798
0.799
0.799
0.799
0.800
0.800
0.801
0.801
0.801
0.801
0.802
0.803
0.804
0.805
0.805
0.805
0.806
0.807
0.807
0.808
0.809
0.809
0.810
0.812
0.812
0.813
0.813
0.814
0.815
0.817
0.818
0.819
0.820
0.820
0.822
0.822
0.823
0.824
0.825
0.826
0.827
0.827
0.827
0.827
0.827
0.827
0.826
0.827
0.826
0.827
0.828
0.831
0.835
0.835
0.835
0.835
0.835
0.835
0.835
0.835
0.835
0.837
0.840
0.842
0.843
0.843
0.843
0.842
0.842
0.842
0.842
0.842
0.842
0.842
0.843
0.843
0.844
0.844
0.845
0.845
0.845
0.846
0.847
0.847
0.847
0.848
0.849
0.849
0.850
0.850
0.851
0.852
0.853
0.854
0.855
0.856
0.857
0.858
0.859
0.860
0.861
0.862
0.863
0.864
0.864
0.865
0.867
0.867
0.869
0.871
0.872
0.872
0.873
0.874
0.874
0.875
0.876
0.876
0.876
0.877
0.878
0.878
0.879
0.880
0.881
0.881
0.881
0.882
0.882
0.883
0.883
0.884
0.884
0.885
0.885
0.886
0.886
0.887
0.888
0.890
0.890
0.891
0.892
0.892
0.894
0.895
0.896
0.898
0.900
0.901
0.901
0.903
0.903
0.904
0.905
0.906
0.907
0.909
0.911
0.912
0.913
0.913
0.913
0.914
0.914
0.914
0.915
0.916
0.916
0.917
0.918
0.918
0.919
0.919
0.920
0.920
0.920
0.921
0.922
0.922
0.922
0.922
0.923
0.923
0.923
0.924
0.924
0.924
0.925
0.926
0.927
0.927
0.928
0.929
0.930
0.930
0.932
0.932
0.934
0.935
0.936
0.937
0.938
0.939
0.939
0.940
0.941
0.941
0.942
0.943
0.943
0.943
0.944
0.945
0.945
0.946
0.946
0.946
0.947
0.948
0.949
0.950
0.951
0.952
0.952
0.952
0.953
0.953
0.954
0.954
0.955
0.955
0.956
0.956
0.956
0.957
0.958
0.958
0.959
0.959
0.960
0.960
0.961
0.962
0.962
0.962
0.963
0.963
0.963
0.964
0.964
0.965
0.965
0.966
0.967
0.967
0.968
0.969
0.970
0.972
0.974
0.975
0.976
0.977
0.979
0.980
0.981
0.982
0.984
0.986
0.986
0.986
0.987
0.988
0.989
0.990
0.990
0.991
0.992
0.993
0.993
0.995
0.996
0.996
0.996
0.997
0.997
0.997
0.998
0.998
0.999
1.000
1.000
1.001
1.002
1.003
1.003
1.004
1.005
1.006
1.006
1.008
1.009
1.010
1.012
1.013
1.015
1.015
1.016
1.017
1.017
1.017
1.018
1.018
1.018
1.020
1.020
1.020
1.021
1.021
1.022
1.023
1.025
1.025
1.026
1.026
1.027
1.027
1.027
1.028
1.028
1.028
1.030
1.030
1.031
1.032
1.033
1.033
1.034
1.034
1.035
1.035
1.036
1.036
1.036
1.037
1.038
1.038
1.038
1.039
1.040
1.041
1.042
1.042
1.042
1.043
1.045
1.046
1.047
1.049
1.051
1.052
1.054
1.055
1.058
1.060
1.062
1.063
1.065
1.067
1.068
1.068
1.068
1.069
1.069
1.070
1.070
1.071
1.071
1.071
1.071
1.072
1.073
1.073
1.073
1.074
1.075
1.075
1.076
1.076
1.076
1.077
1.077
1.077
1.077
1.078
1.079
1.079
1.080
1.082
1.082
1.083
1.084
1.084
1.085
1.086
1.087
1.087
1.088
1.088
1.088
1.089
1.091
1.091
1.092
1.093
1.094
1.094
1.094
1.094
1.095
1.096
1.097
1.097
1.098
1.098
1.099
1.099
1.101
1.102
1.102
1.102
1.103
1.104
1.105
1.105
1.105
1.106
1.107
1.107
1.108
1.109
1.109
1.110
1.110
1.111
1.111
1.112
1.112
1.114
1.114
1.114
1.115
1.115
1.116
1.117
1.117
1.118
1.118
1.119
1.120
1.120
1.120
1.121
1.123
1.124
1.126
1.127
1.128
1.129
1.130
1.131
1.131
1.132
1.133
1.134
1.135
1.135
1.136
1.137
1.137
1.139
1.140
1.140
1.141
1.142
1.142
1.143
1.144
1.145
1.145
1.146
1.147
1.147
1.148
1.148
1.149
1.148
1.149
1.149
1.149
1.150
1.150
1.151
1.152
1.152
1.152
1.152
1.153
1.153
1.154
1.154
1.155
1.155
1.156
1.157
1.158
1.159
1.159
1.159
1.160
1.161
1.162
1.163
1.165
1.165
1.166
1.167
1.168
1.169
1.169
1.169
1.170
1.171
1.172
1.173
1.174
1.174
1.175
1.176
1.176
1.178
1.178
1.178
1.179
1.179
1.179
1.181
1.181
1.182
1.183
1.184
1.185
1.186
1.186
1.187
1.188
1.189
1.189
1.189
1.190
1.191
1.192
1.193
1.193
1.193
1.193
1.194
1.194
1.195
1.195
1.195
1.196
1.197
1.198
1.199
1.199
1.200
1.202
1.204
1.206
1.207
1.209
1.210
1.211
1.213
1.215
1.217
1.217
1.219
1.220
1.221
1.221
1.222
1.222
1.223
1.223
1.224
1.224
1.225
1.225
1.226
1.227
1.227
1.228
1.228
1.229
1.229
1.230
1.230
1.230
1.230
1.231
1.231
1.232
1.232
1.233
1.233
1.234
1.235
1.236
1.236
1.236
1.237
1.238
1.240
1.242
1.243
1.244
1.245
1.246
1.247
1.247
1.247
1.249
1.250
1.251
1.252
1.253
1.254
1.255
1.256
1.258
1.258
1.259
1.260
1.261
1.262
1.262
1.263
1.264
1.264
1.265
1.266
1.266
1.266
1.267
1.267
1.267
1.267
1.269
1.269
1.270
1.270
1.270
1.270
1.271
1.272
1.273
1.273
1.274
1.274
1.274
1.275
1.275
1.276
1.277
1.278
1.279
1.279
1.281
1.282
1.282
1.283
1.285
1.285
1.286
1.286
1.287
1.288
1.289
1.289
1.290
1.290
1.292
1.293
1.294
1.296
1.297
1.298
1.299
1.300
1.299
1.300
1.300
1.301
1.302
1.302
1.303
1.303
1.304
1.304
1.304
1.305
1.306
1.306
1.307
1.307
1.308
1.309
1.310
1.310
1.311
1.312
1.312
1.314
1.314
1.315
1.316
1.316
1.316
1.318
1.319
1.319
1.320
1.321
1.322
1.323
1.324
1.325
1.326
1.328
1.328
1.329
1.330
1.331
1.331
1.332
1.332
1.333
1.334
1.335
1.336
1.337
1.338
1.340
1.341
1.341
1.342
1.343
1.344
1.344
1.345
1.345
1.346
1.346
1.348
1.348
1.349
1.349
1.350
1.350
1.350
1.352
1.353
1.354
1.355
1.356
1.357
1.358
1.359
1.360
1.361
1.362
1.363
1.364
1.366
1.366
1.367
1.368
1.368
1.369
1.369
1.369
1.369
1.370
1.371
1.372
1.373
1.374
1.375
1.376
1.377
1.378
1.378
1.379
1.379
1.380
1.381
1.381
1.382
1.383
1.383
1.384
1.385
1.385
1.385
1.385
1.386
1.386
1.387
1.388
1.389
1.390
1.391
1.391
1.392
1.392
1.394
1.393
1.394
1.395
1.395
1.395
1.396
1.398
1.399
1.399
1.400
1.402
1.402
1.403
1.404
1.405
1.405
1.406
1.406
1.406
1.407
1.409
1.409
1.410
1.411
1.411
1.412
1.412
1.413
1.414
1.415
1.416
1.417
1.419
1.419
1.419
1.420
1.420
1.421
1.422
1.423
1.423
1.424
1.425
1.426
1.427
1.427
1.429
1.429
1.430
1.430
1.430
1.430
1.430
1.431
1.431
1.431
1.432
1.432
1.433
1.435
1.435
1.435
1.436
1.436
1.436
1.438
1.438
1.439
1.439
1.440
1.441
1.441
1.442
1.443
1.443
1.444
1.444
1.445
1.445
1.445
1.447
1.448
1.448
1.449
1.449
1.450
1.451
1.452
1.453
1.455
1.454
1.454
1.455
1.456
1.457
1.458
1.458
1.458
1.459
1.459
1.460
1.460
1.461
1.461
1.462
1.462
1.463
1.464
1.464
1.465
1.466
1.466
1.466
1.468
1.469
1.469
1.470
1.471
1.471
1.471
1.472
1.473
1.474
1.474
1.475
1.476
1.476
1.477
1.477
1.479
1.480
1.481
1.481
1.482
1.482
1.483
1.483
1.483
1.486
1.486
1.488
1.489
1.491
1.492
1.494
1.496
1.497
1.498
1.498
1.499
1.501
1.502
1.503
1.504
1.503
1.503
1.504
1.504
1.504
1.505
1.505
1.506
1.507
1.508
1.508
1.509
1.510
1.510
1.511
1.510
1.510
1.511
1.513
1.515
1.517
1.518
1.518
1.518
1.518
1.519
1.520
1.520
1.520
1.522
1.523
1.524
1.524
1.525
1.525
1.526
1.527
1.528
1.530
1.530
1.531
1.532
1.533
1.535
1.536
1.536
1.536
1.537
1.538
1.538
1.539
1.539
1.540
1.541
1.542
1.543
1.543
1.543
1.544
1.544
1.545
1.547
1.548
1.548
1.549
1.549
1.550
1.550
1.550
1.551
1.551
1.553
1.553
1.554
1.555
1.555
1.555
1.555
1.556
1.556
1.557
1.558
1.559
1.560
1.561
1.561
1.562
1.562
1.564
1.564
1.565
1.566
1.567
1.569
1.570
1.571
1.571
1.572
1.574
1.574
1.575
1.575
1.577
1.578
1.579
1.580
1.583
1.583
1.584
1.584
1.584
1.584
1.585
1.585
1.586
1.588
1.590
1.590
1.589
1.589
1.590
1.591
1.591
1.592
1.593
1.595
1.596
1.596
1.597
1.598
1.598
1.599
1.599
1.599
1.601
1.602
1.602
1.603
1.603
1.604
1.605
1.606
1.606
1.608
1.609
1.609
1.609
1.610
1.610
1.611
1.611
1.612
1.614
1.615
1.615
1.617
1.617
1.619
1.621
1.621
1.622
1.623
1.623
1.624
1.623
1.624
1.624
1.625
1.627
1.628
1.629
1.629
1.629
1.630
1.630
1.631
1.632
1.633
1.633
1.634
1.635
1.635
1.635
1.636
1.637
1.638
1.640
1.641
1.642
1.642
1.643
1.644
1.645
1.647
1.648
1.650
1.651
1.651
1.653
1.653
1.654
1.654
1.656
1.657
1.658
1.659
1.660
1.660
1.660
1.660
1.660
1.660
1.661
1.662
1.663
1.663
1.664
1.665
1.667
1.668
1.669
1.670
1.671
1.671
1.672
1.671
1.671
1.672
1.673
1.673
1.674
1.674
1.674
1.674
1.674
1.674
1.675
1.674
1.675
1.677
1.678
1.680
1.681
1.682
1.682
1.682
1.683
1.683
1.684
1.685
1.687
1.687
1.688
1.689
1.689
1.690
1.691
1.690
1.692
1.693
1.694
1.694
1.695
1.697
1.697
1.698
1.699
1.700
1.700
1.701
1.701
1.701
1.701
1.702
1.702
1.703
1.703
1.704
1.704
1.705
1.706
1.707
1.708
1.709
1.711
1.711
1.711
1.712
1.712
1.714
1.715
1.716
1.715
1.716
1.717
1.717
1.717
1.718
1.718
1.719
1.720
1.722
1.722
1.724
1.725
1.725
1.726
1.727
1.726
1.727
1.728
1.729
1.730
1.730
1.730
1.731
1.732
1.732
1.732
1.732
1.733
1.734
1.734
1.735
1.737
1.737
1.739
1.738
1.739
1.738
1.739
1.740
1.740
1.740
1.742
1.742
1.743
1.742
1.743
1.744
1.744
1.745
1.747
1.748
1.748
1.749
1.751
1.751
1.752
1.752
1.753
1.754
1.755
1.755
1.756
1.756
1.757
1.760
1.760
1.761
1.762
1.763
1.763
1.763
1.763
1.764
1.766
1.767
1.767
1.766
1.768
1.769
1.769
1.769
1.769
1.770
1.771
1.771
1.772
1.772
1.773
1.773
1.775
1.775
1.775
1.776
1.777
1.777
1.778
1.779
1.780
1.782
1.783
1.782
1.783
1.784
1.784
1.784
1.785
1.787
1.788
1.788
1.790
1.789
1.789
1.789
1.789
1.790
1.792
1.791
1.793
1.793
1.793
1.795
1.795
1.795
1.795
1.797
1.796
1.798
1.798
1.798
1.799
1.800
1.801
1.802
1.802
1.802
1.803
1.803
1.803
1.802
1.803
1.803
1.804
1.805
1.806
1.807
1.808
1.808
1.809
1.810
1.810
1.810
1.811
1.812
1.812
1.814
1.813
1.813
1.815
1.816
1.818
1.818
1.819
1.820
1.821
1.822
1.823
1.823
1.823
1.823
1.824
1.824
1.824
1.825
1.825
1.826
1.827
1.828
1.829
1.830
1.831
1.831
1.831

