21.039
21.030
21.027
21.021
21.016
21.032
21.029
21.027
21.024
21.022
21.000
20.998
20.990
20.987
20.990
20.994
20.991
20.987
20.986
20.981
20.965
20.956
20.947
20.944
20.957
20.954
20.948
20.939
20.929
20.899
20.893
20.901
20.896
20.892
20.886
20.881
20.876
20.871
20.858
20.843
20.838
20.837
20.832
20.841
20.835
20.827
20.818
20.811
20.779
20.780
20.774
20.768
20.772
20.757
20.772
20.761
20.745
20.733
20.727
20.719
20.710
20.687
20.695
20.688
20.673
20.659
20.647
20.619
20.611
20.597
20.582
20.591
20.588
20.585
20.582
20.581
20.564
20.557
20.568
20.568
20.568
20.564
20.560
20.558
20.556
20.550
20.530
20.522
20.511
20.507
20.514
20.516
20.510
20.506
20.496
20.482
20.473
20.470
20.467
20.461
20.470
20.453
20.441
20.435
20.428
20.404
20.398
20.395
20.391
20.399
20.401
20.398
20.392
20.384
20.365
20.338
20.332
20.326
20.323
20.336
20.328
20.325
20.323
20.319
20.288
20.271
20.256
20.251
20.248
20.242
20.237
20.234
20.229
20.220
20.203
20.194
20.186
20.181
20.195
20.188
20.176
20.166
20.160
20.154
20.152
20.125
20.112
20.115
20.119
20.117
20.112
20.105
20.088
20.081
20.081
20.081
20.077
20.089
20.081
20.074
20.065
20.055
20.048
20.047
20.046
20.037
20.033
20.023
20.016
20.008
20.000
19.978
19.962
19.955
19.955
19.958
19.953
19.948
19.945
19.942
19.941
19.921
19.921
19.919
19.913
19.921
19.920
19.913
19.910
19.906
19.889
19.879
19.875
19.870
19.885
19.875
19.870
19.866
19.860
19.849
19.840
19.840
19.831
19.824
19.814
19.808
19.797
19.783
19.779
19.762
19.770
19.768
19.761
19.758
19.753
19.749
19.748
19.739
19.730
19.704
19.725
19.718
19.714
19.714
19.706
19.702
19.700
19.693
19.684
19.679
19.682
19.680
19.678
19.678
19.674
19.670
19.665
19.660
19.658
19.656
19.636
19.653
19.653
19.648
19.646
19.642
19.641
19.637
19.632
19.641
19.639
19.633
19.629
19.626
19.625
19.621
19.619
19.596
19.617
19.617
19.617
19.616
19.613
19.611
19.609
19.606
19.602
19.577
19.592
19.589
19.584
19.577
19.570
19.568
19.565
19.560
19.540
19.556
19.554
19.547
19.544
19.536
19.529
19.518
19.507
19.495
19.485
19.480
19.458
19.455
19.468
19.469
19.461
19.456
19.449
19.429
19.421
19.416
19.409
19.405
19.408
19.400
19.396
19.385
19.369
19.351
19.348
19.346
19.341
19.351
19.348
19.342
19.334
19.331
19.329
19.324
19.320
19.321
19.311
19.304
19.299
19.298
19.297
19.293
19.272
19.268
19.265
19.263
19.275
19.271
19.268
19.264
19.261
19.243
19.238
19.233
19.226
19.224
19.234
19.231
19.226
19.224
19.221
19.201
19.198
19.191
19.189
19.198
19.201
19.200
19.198
19.191
19.177
19.165
19.162
19.160
19.162
19.170
19.166
19.165
19.166
19.164
19.156
19.145
19.140
19.133
19.137
19.136
19.132
19.130
19.128
19.123
19.118
19.118
19.108
19.106
19.113
19.105
19.104
19.104
19.097
19.080
19.074
19.067
19.064
19.071
19.067
19.065
19.055
19.051
19.031
19.023
19.020
19.012
19.005
19.007
19.005
18.999
18.993
18.985
18.965
18.959
18.952
18.944
18.943
18.945
18.942
18.937
18.933
18.926
18.923
18.921
18.914
18.909
18.901
18.895
18.891
18.888
18.887
18.881
18.860
18.855
18.848
18.851
18.845
18.836
18.835
18.829
18.814
18.805
18.800
18.796
18.790
18.796
18.789
18.787
18.783
18.780
18.764
18.762
18.761
18.758
18.763
18.765
18.757
18.747
18.738
18.728
18.709
18.702
18.696
18.690
18.702
18.699
18.692
18.689
18.684
18.661
18.652
18.656
18.663
18.660
18.652
18.647
18.644
18.642
18.639
18.634
18.616
18.614
18.610
18.620
18.616
18.622
18.616
18.613
18.607
18.595
18.588
18.574
18.579
18.580
18.578
18.572
18.567
18.550
18.536
18.524
18.520
18.518
18.526
18.520
18.512
18.500
18.488
18.469
18.468
18.468
18.459
18.455
18.451
18.442
18.428
18.420
18.407
18.396
18.396
18.392
18.380
18.389
18.387
18.383
18.378
18.374
18.360
18.347
18.340
18.335
18.317
18.322
18.315
18.306
18.298
18.294
18.286
18.279
18.255
18.250
18.255
18.257
18.251
18.246
18.236
18.233
18.224
18.207
18.199
18.193
18.188
18.186
18.179
18.178
18.176
18.159
18.156
18.169
18.174
18.172
18.164
18.154
18.139
18.134
18.122
18.123
18.120
18.116
18.114
18.103
18.095
18.092
18.079
18.071
18.062
18.054
18.054
18.046
18.027
18.037
18.035
18.030
18.019
18.007
17.998
17.988
17.972
17.967
17.956
17.943
17.930
17.912
17.898
17.864
17.879
17.874
17.870
17.864
17.859
17.858
17.850
17.847
17.838
17.822
17.825
17.814
17.810
17.799
17.788
17.786
17.785
17.784
17.764
17.786
17.783
17.778
17.773
17.770
17.766
17.763
17.760
17.755
17.754
17.754
17.754
17.740
17.755
17.753
17.753
17.743
17.727
17.712
17.696
17.682
17.667
17.670
17.661
17.645
17.625
17.611
17.603
17.591
17.579
17.565
17.552
17.537
17.538
17.524
17.514
17.496
17.472
17.458
17.447
17.437
17.420
17.419
17.407
17.401
17.395
17.390
17.364
17.346
17.335
17.324
17.314
17.310
17.305
17.296
17.287
17.278
17.273
17.271
17.267
17.249
17.253
17.249
17.244
17.230
17.209
17.184
17.172
17.157
17.149
17.143
17.139
17.133
17.126
17.123
17.117
17.112
17.101
17.088
17.074
17.071
17.065
17.056
17.048
17.041
17.017
17.008
17.004
16.997
17.000
17.002
16.996
16.992
16.990
16.984
16.968
16.968
16.960
16.954
16.955
16.950
16.939
16.931
16.926
16.919
16.912
16.907
16.899
16.879
16.880
16.871
16.864
16.858
16.850
16.832
16.822
16.812
16.808
16.816
16.811
16.802
16.796
16.786
16.770
16.764
16.763
16.762
16.765
16.772
16.763
16.760
16.754
16.747
16.743
16.740
16.745
16.735
16.733
16.727
16.724
16.720
16.715
16.699
16.694
16.687
16.679
16.676
16.678
16.673
16.667
16.665
16.661
16.656
16.650
16.647
16.644
16.636
16.632
16.622
16.614
16.611
16.600
16.593
16.589
16.581
16.577
16.583
16.578
16.575
16.570
16.565
16.543
16.540
16.535
16.528
16.528
16.531
16.524
16.518
16.516
16.514
16.511
16.504
16.497
16.493
16.492
16.484
16.476
16.467
16.458
16.434
16.422
16.404
16.378
16.361
16.363
16.358
16.357
16.357
16.355
16.348
16.343
16.337
16.333
16.327
16.316
16.312
16.297
16.290
16.284
16.274
16.269
16.248
16.239
16.241
16.233
16.221
16.210
16.203
16.186
16.177
16.173
16.169
16.168
16.169
16.162
16.150
16.139
16.131
16.122
16.109
16.103
16.087
16.081
16.073
16.066
16.059
16.054
16.039
16.031
16.028
16.025
16.030
16.029
16.023
16.011
15.999
15.992
15.980
15.975
15.967
15.950
15.936
15.926
15.920
15.910
15.906
15.904
15.898
15.884
15.877
15.879
15.879
15.874
15.869
15.857
15.849
15.838
15.833
15.824
15.817
15.820
15.812
15.808
15.800
15.796
15.783
15.782
15.778
15.774
15.776
15.777
15.771
15.765
15.761
15.757
15.750
15.747
15.742
15.730
15.727
15.723
15.720
15.715
15.710
15.700
15.698
15.688
15.680
15.669
15.662
15.661
15.652
15.646
15.637
15.626
15.620
15.601
15.598
15.599
15.590
15.587
15.584
15.580
15.571
15.563
15.554
15.550
15.544
15.551
15.548
15.545
15.540
15.533
15.514
15.504
15.500
15.491
15.499
15.488
15.478
15.467
15.463
15.454
15.448
15.442
15.436
15.419
15.420
15.416
15.400
15.393
15.389
15.365
15.380
15.378
15.376
15.372
15.368
15.356
15.344
15.335
15.329
15.322
15.311
15.316
15.313
15.307
15.298
15.291
15.283
15.280
15.257
15.264
15.257
15.248
15.240
15.230
15.223
15.218
15.212
15.198
15.198
15.196
15.186
15.180
15.173
15.172
15.164
15.161
15.156
15.150
15.147
15.137
15.128
15.115
15.111
15.103
15.096
15.088
15.078
15.077
15.066
15.057
15.047
15.037
15.027
15.018
15.008
15.002
15.000
15.001
14.982
14.995
14.991
14.985
14.971
14.958
14.944
14.927
14.929
14.927
14.919
14.912
14.897
14.890
14.881
14.874
14.869
14.855
14.864
14.859
14.856
14.847
14.844
14.842
14.840
14.833
14.813
14.801
14.795
14.789
14.781
14.765
14.756
14.753
14.753
14.753
14.742
14.737
14.736
14.733
14.730
14.721
14.714
14.709
14.704
14.697
14.685
14.681
14.676
14.673
14.674
14.668
14.661
14.656
14.654
14.640
14.632
14.619
14.612
14.612
14.616
14.612
14.601
14.594
14.587
14.570
14.563
14.551
14.542
14.541
14.537
14.526
14.520
14.512
14.503
14.491
14.481
14.475
14.471
14.470
14.465
14.456
14.454
14.447
14.442
14.440
14.429
14.418
14.412
14.405
14.404
14.399
14.393
14.390
14.386
14.375
14.365
14.365
14.368
14.367
14.360
14.352
14.340
14.317
14.306
14.298
14.296
14.299
14.285
14.281
14.281
14.280
14.266
14.254
14.232
14.208
14.203
14.201
14.190
14.177
14.168
14.156
14.136
14.122
14.115
14.102
14.109
14.107
14.102
14.095
14.087
14.073
14.062
14.068
14.064
14.064
14.051
14.049
14.035
14.026
14.020
14.007
14.000
13.981
13.977
13.980
13.977
13.969
13.961
13.954
13.943
13.932
13.924
13.919
13.918
13.919
13.916
13.904
13.891
13.880
13.862
13.855
13.850
13.841
13.838
13.830
13.818
13.809
13.797
13.785
13.772
13.770
13.764
13.757
13.757
13.737
13.721
13.708
13.698
13.683
13.678
13.675
13.676
13.670
13.660
13.649
13.640
13.630
13.619
13.612
13.609
13.602
13.599
13.586
13.575
13.564
13.559
13.551
13.533
13.529
13.522
13.513
13.513
13.510
13.505
13.501
13.490
13.475
13.464
13.459
13.458
13.455
13.464
13.464
13.461
13.461
13.460
13.450
13.450
13.449
13.448
13.454
13.452
13.441
13.421
13.387
13.363
13.352
13.345
13.346
13.346
13.342
13.331
13.320
13.307
13.293
13.283
13.277
13.263
13.257
13.254
13.249
13.242
13.236
13.235
13.230
13.222
13.220
13.216
13.206
13.207
13.197
13.186
13.171
13.152
13.128
13.105
13.093
13.074
13.074
13.075
13.074
13.074
13.074
13.071
13.062
13.063
13.068
13.074
13.073
13.071
13.062
13.056
13.050
13.036
13.043
13.037
13.030
13.010
12.994
12.989
12.985
12.983
12.978
12.968
12.957
12.941
12.947
12.935
12.926
12.920
12.915
12.905
12.892
12.894
12.891
12.889
12.888
12.885
12.879
12.874
12.868
12.865
12.859
12.854
12.852
12.849
12.832
12.830
12.827
12.819
12.812
12.798
12.796
12.792
12.784
12.774
12.758
12.751
12.745
12.725
12.697
12.673
12.678
12.670
12.665
12.663
12.655
12.650
12.646
12.631
12.624
12.618
12.618
12.612
12.609
12.601
12.596
12.589
12.585
12.585
12.565
12.571
12.567
12.562
12.559
12.549
12.539
12.533
12.530
12.524
12.516
12.507
12.500
12.499
12.494
12.488
12.483
12.478
12.472
12.455
12.458
12.445
12.439
12.435
12.427
12.419
12.414
12.407
12.398
12.393
12.393
12.390
12.383
12.373
12.365
12.354
12.352
12.350
12.335
12.321
12.314
12.302
12.292
12.285
12.273
12.258
12.241
12.230
12.219
12.217
12.207
12.194
12.191
12.188
12.185
12.181
12.178
12.172
12.168
12.162
12.158
12.154
12.152
12.147
12.144
12.140
12.136
12.123
12.113
12.105
12.097
12.099
12.092
12.084
12.081
12.078
12.072
12.064
12.061
12.054
12.053
12.051
12.036
12.026
12.024
12.024
12.012
12.011
12.005
12.003
12.005
12.001
11.997
11.992
11.988
11.980
11.969
11.963
11.963
11.960
11.963
11.959
11.955
11.951
11.944
11.929
11.923
11.921
11.917
11.920
11.921
11.918
11.914
11.913
11.907
11.902
11.902
11.897
11.885
11.883
11.877
11.872
11.865
11.858
11.844
11.831
11.823
11.812
11.810
11.811
11.805
11.797
11.790
11.780
11.773
11.761
11.747
11.743
11.738
11.731
11.731
11.729
11.724
11.715
11.707
11.698
11.690
11.681
11.677
11.673
11.670
11.670
11.665
11.655
11.650
11.646
11.640
11.642
11.641
11.635
11.627
11.616
11.602
11.587
11.584
11.573
11.558
11.555
11.548
11.541
11.528
11.521
11.511
11.508
11.509
11.507
11.507
11.505
11.491
11.476
11.463
11.460
11.461
11.450
11.448
11.447
11.439
11.432
11.416
11.407
11.403
11.385
11.376
11.367
11.364
11.362
11.355
11.343
11.337
11.317
11.303
11.293
11.292
11.288
11.274
11.270
11.257
11.251
11.245
11.241
11.233
11.230
11.226
11.222
11.220
11.212
11.208
11.204
11.197
11.188
11.182
11.181
11.178
11.170
11.173
11.169
11.167
11.162
11.157
11.149
11.143
11.134
11.129
11.123
11.119
11.113
11.108
11.107
11.099
11.087
11.084
11.078
11.070
11.062
11.047
11.036
11.025
11.021
11.010
10.994
10.979
10.972
10.958
10.948
10.937
10.930
10.925
10.918
10.908
10.902
10.894
10.895
10.892
10.889
10.883
10.876
10.866
10.851
10.838
10.829
10.819
10.815
10.815
10.807
10.801
10.799
10.796
10.794
10.771
10.763
10.754
10.740
10.732
10.725
10.716
10.709
10.699
10.692
10.683
10.679
10.674
10.669
10.662
10.654
10.646
10.641
10.629
10.617
10.610
10.605
10.599
10.595
10.586
10.576
10.571
10.569
10.563
10.559
10.559
10.554
10.549
10.547
10.542
10.529
10.521
10.510
10.503
10.494
10.489
10.487
10.487
10.487
10.486
10.485
10.474
10.466
10.461
10.457
10.445
10.438
10.433
10.425
10.420
10.410
10.387
10.379
10.368
10.369
10.363
10.349
10.339
10.328
10.324
10.311
10.305
10.292
10.280
10.275
10.266
10.259
10.247
10.234
10.223
10.216
10.217
10.212
10.208
10.205
10.200
10.193
10.184
10.180
10.174
10.170
10.168
10.153
10.137
10.132
10.128
10.120
10.110
10.099
10.095
10.088
10.072
10.071
10.063
10.054
10.044
10.038
10.034
10.023
10.024
10.024
10.022
10.020
10.009
9.998
9.991
9.985
9.981
9.971
9.969
9.957
9.946
9.933
9.912
9.899
9.889
9.876
9.866
9.869
9.862
9.849
9.842
9.828
9.819
9.814
9.808
9.802
9.790
9.780
9.778
9.774
9.771
9.768
9.766
9.762
9.757
9.753
9.739
9.725
9.707
9.695
9.698
9.698
9.693
9.691
9.686
9.680
9.669
9.658
9.648
9.642
9.635
9.624
9.610
9.599
9.590
9.583
9.573
9.565
9.553
9.546
9.537
9.531
9.515
9.499
9.482
9.473
9.464
9.451
9.443
9.436
9.430
9.428
9.424
9.419
9.412
9.406
9.401
9.394
9.386
9.377
9.374
9.365
9.362
9.352
9.340
9.328
9.320
9.316
9.314
9.300
9.290
9.288
9.283
9.280
9.278
9.277
9.276
9.276
9.276
9.271
9.265
9.258
9.246
9.235
9.228
9.217
9.204
9.192
9.185
9.180
9.172
9.167
9.155
9.151
9.144
9.137
9.131
9.117
9.105
9.093
9.081
9.066
9.053
9.043
9.033
9.026
9.021
9.014
9.008
9.000
8.997
8.983
8.966
8.960
8.952
8.944
8.936
8.934
8.930
8.924
8.919
8.911
8.904
8.899
8.894
8.889
8.886
8.876
8.860
8.845
8.827
8.821
8.815
8.813
8.806
8.794
8.786
8.777
8.777
8.773
8.765
8.754
8.745
8.735
8.732
8.728
8.728
8.723
8.707
8.704
8.703
8.698
8.680
8.677
8.676
8.667
8.658
8.647
8.634
8.618
8.611
8.602
8.593
8.588
8.576
8.558
8.545
8.525
8.496
8.480
8.462
8.454
8.447
8.439
8.430
8.421
8.413
8.408
8.398
8.389
8.386
8.382
8.375
8.369
8.362
8.358
8.350
8.340
8.337
8.326
8.315
8.311
8.300
8.292
8.285
8.276
8.269
8.258
8.246
8.240
8.236
8.228
8.216
8.213
8.207
8.200
8.192
8.188
8.179
8.170
8.154
8.146
8.136
8.127
8.120
8.116
8.105
8.094
8.085
8.081
8.075
8.069
8.057
8.044
8.033
8.020
8.014
8.008
8.006
7.996
7.983
7.975
7.971
7.971
7.965
7.960
7.959
7.955
7.950
7.947
7.943
7.940
7.934
7.928
7.922
7.917
7.910
7.907
7.902
7.901
7.898
7.884
7.871
7.861
7.847
7.824
7.822
7.821
7.815
7.804
7.800
7.799
7.789
7.776
7.772
7.768
7.764
7.760
7.757
7.753
7.751
7.749
7.739
7.729
7.725
7.715
7.714
7.709
7.706
7.701
7.692
7.688
7.682
7.678
7.672
7.666
7.654
7.637
7.624
7.612
7.599
7.593
7.584
7.581
7.564
7.549
7.540
7.536
7.529
7.514
7.496
7.476
7.460
7.458
7.455
7.453
7.447
7.434
7.423
7.422
7.419
7.413
7.410
7.400
7.387
7.384
7.384
7.380
7.365
7.361
7.361
7.357
7.351
7.346
7.338
7.336
7.335
7.331
7.324
7.321
7.312
7.308
7.301
7.290
7.276
7.263
7.259
7.252
7.250
7.240
7.230
7.223
7.211
7.202
7.192
7.186
7.180
7.177
7.170
7.156
7.149
7.146
7.137
7.130
7.129
7.129
7.129
7.118
7.107
7.093
7.084
7.075
7.062
7.057
7.050
7.042
7.033
7.028
7.019
7.018
7.016
7.015
7.009
7.004
6.997
6.984
6.970
6.961
6.940
6.927
6.921
6.914
6.909
6.898
6.892
6.885
6.880
6.871
6.864
6.862
6.860
6.860
6.853
6.845
6.838
6.834
6.828
6.824
6.821
6.816
6.806
6.794
6.783
6.773
6.765
6.757
6.744
6.726
6.718
6.703
6.687
6.676
6.665
6.658
6.652
6.646
6.641
6.640
6.638
6.632
6.628
6.618
6.616
6.604
6.596
6.592
6.587
6.584
6.582
6.576
6.567
6.564
6.555
6.542
6.533
6.531
6.520
6.512
6.501
6.494
6.487
6.482
6.477
6.470
6.463
6.454
6.445
6.438
6.433
6.427
6.421
6.419
6.411
6.404
6.392
6.384
6.378
6.373
6.371
6.368
6.364
6.361
6.358
6.348
6.337
6.331
6.322
6.309
6.299
6.288
6.274
6.258
6.249
6.230
6.222
6.215
6.207
6.185
6.173
6.165
6.158
6.152
6.146
6.140
6.135
6.130
6.122
6.115
6.105
6.096
6.088
6.079
6.071
6.057
6.046
6.042
6.039
6.035
6.030
6.017
6.003
5.991
5.979
