11.262
11.261
11.261
11.264
11.261
11.263
11.262
11.261
11.261
11.261
11.262
11.261
11.264
11.262
11.262
11.264
11.260
11.264
11.262
11.263
11.263
11.262
11.265
11.263
11.263
11.264
11.263
11.263
11.261
11.262
11.264
11.265
11.266
11.265
11.264
11.264
11.262
11.264
11.264
11.264
11.265
11.267
11.267
11.265
11.267
11.263
11.266
11.265
11.267
11.265
11.266
11.265
11.266
11.266
11.268
11.264
11.264
11.264
11.266
11.265
11.264
11.265
11.266
11.268
11.266
11.266
11.268
11.266
11.263
11.270
11.267
11.267
11.268
11.269
11.265
11.266
11.267
11.268
11.270
11.269
11.270
11.270
11.271
11.271
11.268
11.267
11.269
11.268
11.271
11.269
11.271
11.269
11.270
11.267
11.270
11.269
11.269
11.271
11.270
11.269
11.271
11.272
11.270
11.269
11.268
11.268
11.270
11.272
11.269
11.270
11.271
11.272
11.268
11.269
11.272
11.270
11.273
11.271
11.271
11.270
11.274
11.273
11.269
11.270
11.270
11.272
11.272
11.275
11.274
11.273
11.272
11.273
11.274
11.271
11.271
11.273
11.275
11.274
11.276
11.274
11.274
11.272
11.273
11.274
11.273
11.273
11.275
11.272
11.275
11.275
11.276
11.273
11.273
11.273
11.273
11.275
11.275
11.276
11.275
11.275
11.276
11.274
11.276
11.275
11.277
11.274
11.277
11.277
11.277
11.277
11.277
11.277
11.277
11.277
11.279
11.278
11.277
11.278
11.279
11.278
11.278
11.277
11.276
11.276
11.276
11.275
11.279
11.279
11.277
11.280
11.278
11.278
11.279
11.277
11.279
11.277
11.278
11.280
11.277
11.278
11.279
11.280
11.279
11.279
11.277
11.280
11.278
11.279
11.278
11.279
11.281
11.280
11.279
11.279
11.278
11.277
11.281
11.281
11.282
11.280
11.279
11.279
11.281
11.283
11.281
11.281
11.281
11.280
11.283
11.280
11.281
11.280
11.281
11.280
11.282
11.280
11.282
11.284
11.281
11.280
11.282
11.284
11.281
11.284
11.281
11.283
11.284
11.283
11.284
11.284
11.285
11.283
11.283
11.282
11.281
11.281
11.284
11.283
11.281
11.284
11.285
11.283
11.282
11.283
11.284
11.284
11.284
11.284
11.282
11.285
11.287
11.286
11.287
11.286
11.288
11.285
11.284
11.284
11.286
11.288
11.285
11.284
11.286
11.287
11.284
11.286
11.286
11.287
11.288
11.285
11.287
11.287
11.287
11.287
11.286
11.287
11.287
11.288
11.290
11.289
11.288
11.287
11.289
11.288
11.287
11.288
11.286
11.291
11.287
11.292
11.288
11.288
11.289
11.288
11.289
11.288
11.288
11.290
11.287
11.292
11.288
11.289
11.289
11.288
11.290
11.290
11.289
11.290
11.289
11.292
11.290
11.294
11.291
11.293
11.289
11.291
11.291
11.291
11.290
11.292
11.291
11.291
11.292
11.294
11.292
11.291
11.291
11.291
11.291
11.293
11.292
11.292
11.292
11.290
11.292
11.291
11.292
11.294
11.292
11.291
11.296
11.295
11.294
11.294
11.294
11.294
11.294
11.295
11.294
11.296
11.296
11.296
11.293
11.295
11.295
11.294
11.295
11.296
11.296
11.298
11.295
11.294
11.295
11.294
11.296
11.296
11.296
11.295
11.298
11.296
11.296
11.297
11.297
11.296
11.296
11.297
11.299
11.299
11.298
11.298
11.297
11.296
11.298
11.298
11.297
11.299
11.297
11.299
11.296
11.297
11.300
11.297
11.300
11.297
11.299
11.298
11.298
11.299
11.301
11.296
11.298
11.298
11.298
11.299
11.297
11.295
11.299
11.298
11.299
11.300
11.298
11.298
11.300
11.301
11.301
11.298
11.300
11.301
11.300
11.301
11.301
11.301
11.301
11.301
11.302
11.302
11.304
11.301
11.301
11.302
11.303
11.302
11.301
11.303
11.303
11.301
11.304
11.302
11.300
11.300
11.304
11.303
11.303
11.303
11.304
11.303
11.304
11.301
11.303
11.301
11.304
11.302
11.302
11.303
11.303
11.303
11.304
11.307
11.304
11.306
11.304
11.305
11.304
11.307
11.301
11.302
11.305
11.306
11.305
11.305
11.306
11.302
11.306
11.303
11.302
11.305
11.304
11.306
11.306
11.306
11.306
11.304
11.305
11.307
11.304
11.308
11.308
11.309
11.306
11.306
11.308
11.308
11.307
11.306
11.305
11.307
11.309
11.307
11.307
11.307
11.307
11.307
11.311
11.308
11.310
11.307
11.306
11.308
11.306
11.309
11.306
11.308
11.308
11.310
11.309
11.311
11.309
11.309
11.310
11.312
11.311
11.310
11.308
11.309
11.310
11.312
11.310
11.310
11.310
11.310
11.310
11.309
11.312
11.311
11.310
11.311
11.310
11.312
11.311
11.310
11.312
11.308
11.308
11.311
11.310
11.309
11.310
11.311
11.313
11.314
11.313
11.312
11.314
11.313
11.313
11.312
11.314
11.312
11.311
11.312
11.312
11.312
11.313
11.310
11.311
11.311
11.313
11.313
11.313
11.314
11.314
11.312
11.313
11.312
11.315
11.313
11.315
11.312
11.315
11.311
11.312
11.314
11.313
11.314
11.316
11.314
11.314
11.315
11.316
11.314
11.312
11.312
11.315
11.315
11.315
11.315
11.315
11.316
11.314
11.315
11.315
11.314
11.314
11.317
11.317
11.317
11.317
11.315
11.318
11.316
11.317
11.316
11.318
11.317
11.317
11.319
11.318
11.315
11.316
11.316
11.317
11.317
11.317
11.318
11.319
11.317
11.319
11.320
11.318
11.317
11.318
11.317
11.318
11.318
11.320
11.319
11.318
11.321
11.316
11.319
11.317
11.319
11.320
11.319
11.320
11.317
11.322
11.318
11.318
11.318
11.319
11.320
11.320
11.320
11.321
11.320
11.320
11.320
11.321
11.318
11.322
11.319
11.321
11.323
11.320
11.320
11.321
11.320
11.321
11.320
11.320
11.320
11.322
11.322
11.320
11.321
11.320
11.323
11.322
11.320
11.323
11.322
11.323
11.322
11.322
11.322
11.321
11.325
11.324
11.324
11.324
11.323
11.325
11.323
11.325
11.325
11.323
11.325
11.325
11.323
11.324
11.323
11.322
11.325
11.324
11.321
11.325
11.325
11.325
11.324
11.326
11.325
11.325
11.325
11.325
11.326
11.324
11.323
11.325
11.324
11.327
11.323
11.326
11.327
11.325
11.323
11.325
11.325
11.326
11.326
11.325
11.326
11.327
11.327
11.326
11.328
11.327
11.328
11.325
11.324
11.326
11.328
11.328
11.328
11.328
11.326
11.328
11.330
11.328
11.329
11.328
11.328
11.331
11.330
11.327
11.328
11.327
11.326
11.329
11.328
11.327
11.329
11.328
11.332
11.329
11.328
11.329
11.329
11.329
11.330
11.328
11.332
11.331
11.331
11.329
11.330
11.332
11.330
11.328
11.328
11.329
11.330
11.331
11.331
11.330
11.333
11.330
11.331
11.333
11.335
11.333
11.333
11.333
11.333
11.334
11.334
11.332
11.332
11.333
11.333
11.335
11.332
11.336
11.333
11.331
11.331
11.335
11.336
11.332
11.332
11.332
11.335
11.334
11.332
11.334
11.334
11.331
11.334
11.332
11.335
11.336
11.337
11.336
11.338
11.335
11.337
11.339
11.337
11.335
11.335
11.334
11.338
11.336
11.335
11.338
11.335
11.337
11.335
11.335
11.337
11.335
11.335
11.337
11.335
11.337
11.337
11.336
11.336
11.337
11.338
11.337
11.338
11.338
11.338
11.338
11.337
11.337
11.336
11.337
11.339
11.340
11.340
11.339
11.339
11.341
11.336
11.340
11.341
11.339
11.342
11.340
11.340
11.342
11.339
11.340
11.339
11.341
11.337
11.343
11.337
11.342
11.340
11.339
11.340
11.338
11.343
11.342
11.343
11.340
11.341
11.340
11.343
11.341
11.341
11.337
11.341
11.343
11.343
11.340
11.344
11.341
11.342
11.343
11.343
11.341
11.342
11.342
11.343
11.343
11.340
11.343
11.344
11.341
11.343
11.345
11.344
11.343
11.344
11.342
11.344
11.343
11.345
11.341
11.341
11.343
11.343
11.342
11.343
11.346
11.344
11.344
11.345
11.345
11.346
11.343
11.346
11.344
11.346
11.345
11.344
11.345
11.345
11.343
11.345
11.346
11.345
11.348
11.345
11.348
11.347
11.349
11.347
11.348
11.348
11.346
11.348
11.349
11.346
11.348
11.350
11.347
11.345
11.347
11.347
11.346
11.348
11.350
11.347
11.347
11.347
11.347
11.345
11.345
11.347
11.349
11.349
11.350
11.349
11.347
11.347
11.348
11.349
11.348
11.349
11.349
11.351
11.351
11.351
11.349
11.349
11.347
11.346
11.346
11.349
11.350
11.350
11.349
11.347
11.348
11.352
11.350
11.352
11.352
11.350
11.350
11.351
11.353
11.351
11.350
11.348
11.349
11.348
11.349
11.353
11.355
11.353
11.354
11.354
11.348
11.350
11.350
11.351
11.352
11.351
11.356
11.355
11.355
11.352
11.352
11.350
11.353
11.352
11.352
11.351
11.354
11.355
11.352
11.352
11.352
11.349
11.352
11.353
11.355
11.356
11.354
11.354
11.356
11.352
11.353
11.356
11.357
11.356
11.356
11.357
11.355
11.354
11.353
11.353
11.353
11.354
11.354
11.357
11.356
11.355
11.358
11.358
11.358
11.353
11.353
11.353
11.356
11.357
11.358
11.357
11.357
11.357
11.357
11.356
11.358
11.357
11.357
11.360
11.358
11.356
11.360
11.355
11.354
11.356
11.356
11.359
11.358
11.360
11.358
11.358
11.360
11.359
11.359
11.359
11.357
11.358
11.361
11.358
11.362
11.361
11.359
11.357
11.358
11.357
11.356
11.360
11.359
11.358
11.360
11.360
11.358
11.356
11.357
11.358
11.362
11.360
11.361
11.361
11.362
11.359
11.361
11.359
11.361
11.357
11.363
11.361
11.360
11.360
11.363
11.357
11.357
11.359
11.359
11.365
11.364
11.362
11.362
11.364
11.366
11.365
11.364
11.365
11.363
11.365
11.365
11.365
11.365
11.363
11.364
11.361
11.363
11.364
11.364
11.365
11.365
11.366
11.365
11.363
11.360
11.363
11.364
11.365
11.365
11.365
11.365
11.365
11.365
11.365
11.364
11.365
11.367
11.367
11.367
11.366
11.367
11.365
11.367
11.368
11.365
11.367
11.366
11.365
11.367
11.366
11.367
11.366
11.368
11.368
11.365
11.367
11.366
11.369
11.366
11.370
11.369
11.366
11.368
11.369
11.368
11.367
11.369
11.368
11.368
11.366
11.369
11.368
11.369
11.367
11.370
11.368
11.371
11.371
11.369
11.368
11.369
11.369
11.368
11.369
11.369
11.369
11.369
11.369
11.370
11.369
11.369
11.369
11.369
11.370
11.371
11.372
11.370
11.370
11.369
11.369
11.372
11.369
11.369
11.369
11.372
11.370
11.372
11.372
11.370
11.373
11.372
11.374
11.373
11.373
11.373
11.372
11.373
11.372
11.372
11.370
11.371
11.372
11.373
11.371
11.370
11.372
11.372
11.375
11.371
11.374
11.373
11.371
11.373
11.374
11.375
11.373
11.373
11.371
11.373
11.374
11.375
11.374
11.375
11.372
11.374
11.375
11.376
11.375
11.373
11.375
11.376
11.378
11.376
11.375
11.377
11.376
11.377
11.375
11.378
11.376
11.376
11.377
11.377
11.376
11.375
11.374
11.376
11.376
11.377
11.373
11.376
11.378
11.377
11.378
11.380
11.378
11.378
11.381
11.379
11.381
11.379
11.379
11.379
