15.386
15.390
15.389
15.387
15.389
15.389
15.389
15.389
15.392
15.392
15.392
15.393
15.392
15.392
15.395
15.392
15.391
15.392
15.395
15.394
15.394
15.393
15.394
15.396
15.397
15.397
15.397
15.396
15.397
15.398
15.397
15.398
15.398
15.397
15.398
15.400
15.401
15.397
15.400
15.400
15.400
15.402
15.401
15.402
15.401
15.402
15.404
15.401
15.402
15.402
15.403
15.402
15.405
15.403
15.402
15.404
15.404
15.405
15.402
15.404
15.403
15.405
15.405
15.407
15.405
15.406
15.407
15.406
15.406
15.405
15.407
15.408
15.407
15.407
15.409
15.408
15.408
15.409
15.409
15.407
15.409
15.410
15.409
15.411
15.410
15.410
15.409
15.411
15.410
15.412
15.409
15.410
15.408
15.412
15.410
15.411
15.409
15.410
15.409
15.411
15.412
15.413
15.412
15.412
15.410
15.410
15.410
15.411
15.412
15.414
15.412
15.414
15.412
15.414
15.408
15.410
15.411
15.415
15.412
15.411
15.413
15.413
15.411
15.414
15.412
15.415
15.413
15.414
15.414
15.414
15.416
15.415
15.414
15.414
15.415
15.416
15.415
15.414
15.415
15.416
15.415
15.418
15.416
15.418
15.418
15.418
15.416
15.416
15.418
15.417
15.417
15.417
15.418
15.416
15.419
15.418
15.417
15.419
15.421
15.419
15.419
15.416
15.421
15.416
15.416
15.420
15.419
15.418
15.419
15.418
15.417
15.417
15.421
15.417
15.420
15.417
15.420
15.422
15.421
15.420
15.419
15.420
15.421
15.419
15.420
15.420
15.419
15.420
15.419
15.423
15.419
15.422
15.422
15.422
15.422
15.421
15.423
15.422
15.420
15.420
15.425
15.423
15.424
15.422
15.421
15.424
15.422
15.422
15.422
15.426
15.424
15.422
15.423
15.424
15.423
15.424
15.422
15.424
15.424
15.424
15.424
15.423
15.425
15.423
15.426
15.426
15.424
15.425
15.425
15.424
15.424
15.424
15.426
15.423
15.424
15.426
15.425
15.428
15.426
15.426
15.425
15.428
15.427
15.427
15.425
15.427
15.428
15.424
15.429
15.430
15.429
15.430
15.427
15.426
15.427
15.428
15.428
15.428
15.430
15.430
15.430
15.427
15.428
15.430
15.429
15.432
15.430
15.431
15.431
15.429
15.430
15.430
15.428
15.429
15.432
15.431
15.433
15.432
15.433
15.433
15.430
15.434
15.433
15.434
15.432
15.434
15.436
15.434
15.436
15.436
15.435
15.435
15.435
15.434
15.435
15.435
15.436
15.437
15.437
15.434
15.435
15.440
15.436
15.436
15.436
15.438
15.437
15.439
15.438
15.438
15.436
15.436
15.435
15.438
15.437
15.439
15.438
15.437
15.439
15.440
15.440
15.440
15.439
15.439
15.439
15.439
15.441
15.441
15.441
15.442
15.444
15.444
15.444
15.444
15.442
15.442
15.442
15.444
15.445
15.443
15.444
15.445
15.445
15.444
15.447
15.445
15.445
15.446
15.447
15.449
15.445
15.448
15.447
15.448
15.448
15.450
15.449
15.449
15.449
15.445
15.445
15.447
15.447
15.448
15.446
15.448
15.448
15.448
15.449
15.448
15.448
15.449
15.450
15.450
15.452
15.450
15.451
15.450
15.451
15.452
15.452
15.451
15.451
15.452
15.451
15.452
15.453
15.453
15.454
15.453
15.454
15.455
15.453
15.455
15.453
15.458
15.456
15.453
15.455
15.455
15.457
15.454
15.457
15.456
15.459
15.457
15.458
15.459
15.459
15.457
15.458
15.457
15.457
15.456
15.461
15.461
15.460
15.459
15.458
15.459
15.460
15.459
15.462
15.460
15.460
15.461
15.461
15.461
15.464
15.460
15.459
15.462
15.462
15.465
15.465
15.463
15.465
15.463
15.463
15.465
15.465
15.463
15.466
15.465
15.466
15.465
15.466
15.467
15.466
15.466
15.466
15.464
15.466
15.467
15.468
15.467
15.468
15.466
15.467
15.468
15.470
15.467
15.469
15.470
15.469
15.470
15.469
15.469
15.470
15.469
15.469
15.471
15.470
15.469
15.470
15.471
15.470
15.473
15.470
15.473
15.473
15.470
15.473
15.471
15.473
15.474
15.474
15.475
15.472
15.474
15.474
15.477
15.475
15.475
15.476
15.476
15.477
15.476
15.476
15.473
15.475
15.477
15.476
15.477
15.477
15.475
15.477
15.476
15.476
15.478
15.475
15.477
15.479
15.478
15.479
15.478
15.477
15.478
15.479
15.479
15.480
15.480
15.479
15.480
15.478
15.480
15.479
15.481
15.481
15.480
15.479
15.482
15.480
15.483
15.483
15.481
15.481
15.483
15.485
15.486
15.483
15.485
15.483
15.484
15.483
15.482
15.484
15.484
15.486
15.487
15.485
15.485
15.484
15.484
15.483
15.484
15.484
15.486
15.486
15.484
15.486
15.486
15.486
15.487
15.483
15.484
15.485
15.486
15.487
15.488
15.488
15.488
15.489
15.488
15.487
15.488
15.488
15.489
15.489
15.490
15.491
15.490
15.490
15.488
15.489
15.489
15.492
15.491
15.492
15.491
15.492
15.490
15.492
15.491
15.495
15.492
15.494
15.494
15.493
15.494
15.494
15.493
15.493
15.496
15.496
15.498
15.497
15.496
15.496
15.496
15.496
15.495
15.496
15.497
15.497
15.497
15.495
15.496
15.496
15.497
15.497
15.497
15.499
15.497
15.496
15.497
15.494
15.498
15.497
15.499
15.497
15.499
15.497
15.498
15.501
15.499
15.498
15.499
15.499
15.498
15.499
15.500
15.498
15.500
15.498
15.497
15.502
15.500
15.502
15.502
15.502
15.502
15.503
15.501
15.502
15.503
15.504
15.502
15.502
15.504
15.504
15.506
15.505
15.502
15.505
15.503
15.504
15.503
15.505
15.504
15.506
15.505
15.501
15.504
15.505
15.506
15.506
15.506
15.506
15.506
15.506
15.505
15.505
15.506
15.504
15.507
15.508
15.508
15.510
15.508
15.508
15.508
15.506
15.505
15.507
15.507
15.510
15.510
15.509
15.510
15.507
15.509
15.508
15.514
15.511
15.510
15.511
15.512
15.510
15.511
15.513
15.513
15.510
15.509
15.512
15.512
15.512
15.513
15.512
15.512
15.514
15.514
15.512
15.513
15.514
15.512
15.514
15.514
15.514
15.512
15.513
15.511
15.513
15.515
15.515
15.516
15.517
15.518
15.515
15.513
15.514
15.514
15.514
15.519
15.519
15.517
15.516
15.519
15.517
15.517
15.518
15.518
15.518
15.519
15.518
15.517
15.518
15.518
15.519
15.518
15.518
15.518
15.519
15.518
15.518
15.519
15.519
15.520
15.520
15.520
15.517
15.518
15.522
15.520
15.521
15.521
15.521
15.519
15.518
15.518
15.519
15.521
15.521
15.522
15.521
15.523
15.520
15.519
15.521
15.522
15.519
15.523
15.523
15.524
15.523
15.522
15.521
15.524
15.526
15.524
15.522
15.525
15.525
15.525
15.524
15.524
15.525
15.526
15.526
15.526
15.526
15.526
15.528
15.526
15.524
15.527
15.527
15.524
15.523
15.526
15.526
15.526
15.526
15.525
15.525
15.526
15.527
15.525
15.526
15.526
15.529
15.527
15.527
15.528
15.527
15.528
15.530
15.529
15.529
15.529
15.530
15.530
15.529
15.529
15.530
15.529
15.529
15.531
15.530
15.531
15.531
15.532
15.529
15.529
15.529
15.532
15.530
15.532
15.534
15.533
15.532
15.533
15.532
15.531
15.534
15.533
15.531
15.533
15.533
15.532
15.532
15.533
15.529
15.533
15.532
15.533
15.532
15.533
15.533
15.534
15.533
15.534
15.532
15.533
15.535
15.533
15.534
15.537
15.533
15.534
15.537
15.535
15.535
15.536
15.534
15.536
15.536
15.535
15.535
15.536
15.538
15.536
15.536
15.540
15.537
15.537
15.539
15.536
15.538
15.537
15.536
15.538
15.538
15.540
15.536
15.537
15.538
15.536
15.535
15.538
15.537
15.537
15.536
15.536
15.537
15.538
15.540
15.536
15.538
15.537
15.539
15.539
15.538
15.538
15.541
15.540
15.539
15.539
15.539
15.539
15.538
15.541
15.541
15.540
15.540
15.540
15.541
15.543
15.542
15.542
15.540
15.540
15.541
15.543
15.540
15.541
15.540
15.542
15.543
15.540
15.540
15.542
15.543
15.542
15.544
15.541
15.542
15.540
15.539
15.541
15.541
15.544
15.544
15.544
15.544
15.543
15.543
15.544
15.542
15.544
15.546
15.544
15.545
15.544
15.543
15.546
15.544
15.544
15.544
15.544
15.545
15.543
15.542
15.544
15.543
15.543
15.545
15.546
15.545
15.546
15.546
15.547
15.547
15.544
15.548
15.546
15.546
15.545
15.544
15.543
15.546
15.546
15.543
15.545
15.544
15.545
15.544
15.546
15.545
15.548
15.546
15.547
15.545
15.547
15.548
15.547
15.545
15.550
15.545
15.545
15.548
15.549
15.548
15.547
15.546
15.546
15.548
15.549
15.547
15.547
15.547
15.548
15.546
15.548
15.549
15.549
15.549
15.552
15.552
15.550
15.549
15.552
15.550
15.547
15.552
15.545
15.550
15.550
15.549
15.548
15.550
15.548
15.548
15.551
15.550
15.548
15.549
15.550
15.552
15.552
15.552
15.552
15.550
15.549
15.550
15.552
15.552
15.552
15.552
15.552
15.553
15.553
15.551
15.552
15.550
15.550
15.551
15.553
15.554
15.553
15.551
15.551
15.551
15.551
15.552
15.552
15.553
15.551
15.554
15.552
15.550
15.550
15.551
15.552
15.551
15.554
15.554
15.552
15.555
15.553
15.552
15.553
15.551
15.552
15.551
15.555
15.552
15.555
15.553
15.552
15.554
15.552
15.553
15.556
15.555
15.555
15.555
15.554
15.553
15.555
15.556
15.554
15.555
15.556
15.554
15.557
15.555
15.555
15.553
15.557
15.555
15.555
15.556
15.557
15.556
15.555
15.556
15.557
15.553
15.554
15.556
15.558
15.557
15.557
15.557
15.557
15.557
15.557
15.558
15.558
15.557
15.558
15.556
15.557
15.556
15.557
15.556
15.558
15.557
15.559
15.557
15.558
15.557
15.558
15.556
15.559
15.558
15.556
15.556
15.558
15.557
15.555
15.556
15.558
15.559
15.555
15.559
15.556
15.559
15.559
15.558
15.559
15.559
15.557
15.557
15.560
15.558
15.559
15.560
15.558
15.560
15.559
15.559
15.561
15.561
15.560
15.558
15.559
15.559
15.559
15.561
15.560
15.561
15.559
15.563
15.560
15.559
15.558
15.561
15.559
15.559
15.561
15.560
15.562
15.561
15.561
15.562
15.561
15.563
15.560
15.561
15.561
15.563
15.561
15.563
15.561
15.561
15.564
15.562
15.562
15.563
15.563
15.562
15.559
15.560
15.562
15.560
15.561
15.562
15.560
15.561
15.562
15.562
15.562
15.562
15.563
15.562
15.562
15.561
15.563
15.563
15.562
15.561
15.560
15.562
15.562
15.564
15.564
15.564
15.563
15.564
15.562
15.564
15.563
15.565
15.565
15.567
15.565
15.565
15.563
15.565
15.563
15.560
15.564
15.563
15.564
15.564
15.564
15.565
15.565
15.564
15.563
15.565
15.563
15.564
15.566
15.565
15.565
15.564
15.563
15.565
15.562
15.565
15.563
15.564
15.565
15.565
15.567
15.566
15.564
15.567
15.566
15.568
15.565
15.567
15.564
15.565
15.566
15.566
15.569
15.565
15.563
15.566
15.566
15.566
15.566
15.566
15.568
15.565
15.567
15.564
15.567
15.567
15.567
15.568
15.567
15.566
15.568
15.566
15.567
15.568
15.566
15.570
15.568
15.568
15.569
15.566
15.565
15.568
15.569
15.568
15.569
15.568
15.569
15.569
15.567
15.568
15.568
15.568
15.571
15.568
15.569
15.566
15.568
15.568
15.568
15.568
15.571
15.569
15.569
15.569
15.569
15.570
15.570
15.570
15.569
15.570
15.569
15.569
15.571
15.570
15.570
15.572
15.570
15.570
15.570
15.573
15.569
15.569
15.572
15.569
15.570
15.574
15.573
15.570
15.572
15.572
15.571
15.571
15.570
15.575
15.570
15.570
15.571
15.572
15.573
15.572
15.572
15.571
15.569
15.571
15.570
15.573
15.570
15.572
15.573
15.570
15.571
15.573
15.572
15.573
15.571
15.572
15.571
15.571
15.575
15.574
15.575
15.573
15.571
15.572
15.572
15.574
15.573
15.574
15.573
15.573
15.575
15.572
15.575
15.574
15.573
15.573
15.574
15.574
15.576
15.574
15.577
15.573
15.573
15.573
15.571
15.573
15.574
15.573
15.574
15.574
15.574
15.574
15.575
15.575
15.573
15.574
15.574
15.575
15.575
15.574
15.574
15.574
15.574
15.577
15.576
15.575
15.577
15.575
15.575
15.575
15.576
15.574
15.574
15.574
15.574
15.578
15.576
15.577
15.576
15.578
15.575
15.577
15.577
15.579
15.575
15.576
15.578
15.578
15.577
15.577
15.577
15.579
15.578
15.576
15.577
15.578
15.578
15.578
15.576
15.577
15.577
15.575
15.576
15.575
15.575
15.575
15.575
15.580
15.577
15.577
15.576
15.578
15.577
15.578
15.577
15.580
15.581
15.578
15.580
15.580
15.579
15.578
15.581
15.578
15.580
15.579
15.579
15.578
15.580
15.578
15.577
15.581
15.579
15.581
15.581
15.581
15.580
15.582
15.580
15.581
15.579
15.582
15.579
15.581
15.579
15.580
15.578
15.580
15.579
15.582
15.581
15.582
15.582
15.580
15.581
15.581
15.581
15.580
15.579
15.581
15.579
15.580
15.580
15.580
15.581
15.581
15.583
15.580
15.584
15.581
15.582
15.583
15.584
15.583
15.584
15.582
15.582
15.582
15.584
15.581
15.582
15.582
15.583
15.581
15.583
15.583
15.583
15.583
15.585
15.583
15.584
15.581
15.582
15.585
15.581
15.582
15.584
15.582
15.583
15.580
15.583
15.581
15.582
15.584
15.584
15.583
15.583
15.585
15.582
15.582
15.582
15.583
15.582
15.584
15.585
15.583
15.584
15.584
15.582
15.585
15.584
15.584
15.585
15.583
15.583
15.583
15.585
15.583
15.582
15.585
15.585
15.584
15.586
15.586
15.586
15.586
15.588
15.587
15.584
15.585
15.587
15.584
15.585
15.586
15.582
15.585
15.583
15.584
15.585
15.585
15.585
15.586
15.586
15.587
15.589
15.587
15.586
15.585
15.586
15.588
15.586
15.587
15.589
15.588
15.588
15.587
15.584
15.586
15.586
15.586
15.587
15.590
15.587
15.589
15.588
15.588
15.589
15.587
15.588
15.588
15.589
15.589
15.588
15.588
15.590
15.589
15.588
15.587
15.589
15.584
15.589
15.588
15.588
15.588
15.586
15.589
15.589
15.588
15.590
15.587
15.589
15.588
15.588
15.588
15.589
15.587
15.587
15.588
15.590
15.591
15.588
15.589
15.590
15.589
15.591
15.588
15.588
15.590
15.590
15.590
15.588
15.590
15.592
15.589
15.591
15.591
15.591
15.589
15.591
15.590
15.589
15.590
15.591
15.589
15.590
15.590
15.591
15.591
15.590
15.590
15.592
15.589
15.592
15.592
15.593
15.591
15.590
15.590
15.590
15.591
15.593
15.591
15.593
15.592
15.591
15.591
15.594
15.593
15.593
15.592
15.593
15.592
15.593
15.592
15.592
15.593
15.594
15.592
15.595
15.594
15.591
15.594
15.593
15.594
15.592
15.594
15.595
15.596
15.593
15.590
15.592
15.590
15.592
15.592
15.590
15.592
15.592
15.592
15.593
15.591
15.593
15.593
15.593
15.594
15.593
15.594
15.593
15.591
15.595
15.594
15.593
15.592
15.596
15.594
15.595
15.594
15.595
