21.081
21.077
21.073
21.070
21.049
21.045
21.043
21.041
21.050
21.052
21.049
21.045
21.045
21.031
21.020
21.016
21.014
21.013
21.027
21.027
21.023
21.021
21.009
20.983
20.972
20.969
20.964
20.970
20.972
20.972
20.969
20.961
20.946
20.937
20.940
20.927
20.915
20.907
20.898
20.891
20.889
20.886
20.867
20.862
20.858
20.852
20.855
20.863
20.862
20.860
20.858
20.857
20.854
20.853
20.834
20.830
20.846
20.846
20.844
20.840
20.837
20.820
20.814
20.809
20.803
20.805
20.811
20.805
20.801
20.798
20.793
20.774
20.772
20.770
20.767
20.777
20.779
20.776
20.773
20.771
20.756
20.740
20.733
20.743
20.738
20.738
20.733
20.728
20.725
20.720
20.698
20.693
20.687
20.704
20.705
20.697
20.690
20.680
20.671
20.656
20.656
20.657
20.652
20.641
20.625
20.613
20.601
20.596
20.593
20.572
20.586
20.583
20.581
20.578
20.575
20.572
20.569
20.569
20.569
20.563
20.560
20.565
20.563
20.560
20.557
20.551
20.544
20.533
20.503
20.522
20.522
20.509
20.507
20.498
20.493
20.483
20.476
20.468
20.457
20.459
20.451
20.446
20.439
20.432
20.429
20.422
20.420
20.391
20.406
20.398
20.394
20.383
20.361
20.349
20.343
20.337
20.322
20.321
20.317
20.308
20.301
20.299
20.293
20.289
20.283
20.264
20.235
20.251
20.239
20.229
20.218
20.207
20.194
20.186
20.178
20.156
20.150
20.137
20.131
20.119
20.115
20.106
20.105
20.104
20.103
20.079
20.075
20.068
20.061
20.062
20.063
20.058
20.053
20.047
20.044
20.043
20.039
20.016
20.010
20.024
20.021
20.012
20.007
20.000
19.976
19.966
19.958
19.948
19.942
19.947
19.944
19.938
19.934
19.926
19.905
19.898
19.893
19.885
19.895
19.896
19.894
19.890
19.885
19.869
19.879
19.880
19.879
19.878
19.871
19.863
19.858
19.852
19.847
19.824
19.817
19.812
19.809
19.815
19.811
19.804
19.790
19.783
19.777
19.769
19.758
19.727
19.721
19.722
19.706
19.681
19.656
19.637
19.620
19.614
19.604
19.596
19.605
19.601
19.595
19.584
19.571
19.554
19.545
19.539
19.529
19.519
19.499
19.479
19.470
19.458
19.443
19.422
19.421
19.418
19.427
19.424
19.407
19.394
19.377
19.367
19.346
19.334
19.330
19.324
19.316
19.307
19.288
19.277
19.271
19.262
19.253
19.246
19.231
19.226
19.237
19.235
19.230
19.225
19.215
19.191
19.184
19.179
19.171
19.171
19.175
19.169
19.164
19.160
19.157
19.148
19.129
19.126
19.120
19.130
19.123
19.116
19.110
19.104
19.080
19.069
19.060
19.051
19.047
19.039
19.020
19.005
18.995
18.988
18.965
18.959
18.956
18.946
18.948
18.944
18.936
18.929
18.923
18.907
18.899
18.896
18.891
18.887
18.896
18.888
18.882
18.872
18.866
18.846
18.839
18.832
18.823
18.827
18.823
18.815
18.800
18.787
18.768
18.759
18.748
18.738
18.727
18.727
18.719
18.716
18.714
18.713
18.701
18.710
18.705
18.701
18.702
18.692
18.689
18.679
18.674
18.669
18.651
18.648
18.643
18.642
18.649
18.644
18.636
18.623
18.607
18.590
18.576
18.544
18.533
18.542
18.537
18.530
18.524
18.518
18.501
18.496
18.494
18.490
18.487
18.485
18.474
18.466
18.456
18.441
18.421
18.412
18.409
18.406
18.414
18.416
18.410
18.403
18.391
18.374
18.376
18.368
18.351
18.336
18.325
18.306
18.292
18.285
18.279
18.269
18.246
18.237
18.233
18.239
18.237
18.233
18.226
18.218
18.197
18.182
18.173
18.164
18.161
18.170
18.164
18.155
18.151
18.139
18.107
18.086
18.068
18.060
18.052
18.042
18.037
18.034
18.030
18.013
18.017
18.013
17.998
17.985
17.972
17.961
17.951
17.935
17.929
17.907
17.917
17.905
17.888
17.879
17.871
17.860
17.848
17.831
17.812
17.799
17.758
17.768
17.765
17.763
17.761
17.761
17.756
17.748
17.723
17.735
17.725
17.717
17.711
17.699
17.677
17.664
17.654
17.633
17.621
17.619
17.613
17.609
17.605
17.606
17.603
17.598
17.590
17.585
17.565
17.577
17.576
17.572
17.564
17.551
17.545
17.543
17.540
17.533
17.540
17.531
17.523
17.517
17.510
17.507
17.503
17.495
17.482
17.468
17.440
17.446
17.428
17.412
17.404
17.395
17.389
17.382
17.355
17.358
17.347
17.343
17.336
17.334
17.322
17.319
17.317
17.305
17.291
17.280
17.273
17.268
17.272
17.266
17.261
17.257
17.253
17.231
17.213
17.202
17.192
17.183
17.181
17.173
17.164
17.163
17.163
17.150
17.158
17.151
17.148
17.145
17.140
17.142
17.139
17.135
17.129
17.125
17.110
17.104
17.103
17.106
17.100
17.090
17.082
17.074
17.053
17.047
17.041
17.035
17.038
17.036
17.030
17.027
17.017
16.997
16.982
16.976
16.972
16.973
16.980
16.975
16.968
16.966
16.957
16.931
16.919
16.908
16.902
16.904
16.901
16.894
16.884
16.874
16.860
16.850
16.845
16.837
16.833
16.832
16.826
16.826
16.821
16.821
16.814
16.805
16.795
16.773
16.772
16.772
16.765
16.757
16.750
16.745
16.736
16.731
16.713
16.710
16.714
16.711
16.704
16.699
16.691
16.676
16.670
16.666
16.663
16.659
16.661
16.658
16.655
16.651
16.646
16.633
16.629
16.627
16.626
16.630
16.632
16.627
16.622
16.615
16.603
16.589
16.585
16.577
16.570
16.575
16.567
16.559
16.554
16.546
16.541
16.538
16.530
16.513
16.507
16.506
16.499
16.490
16.482
16.473
16.455
16.440
16.429
16.423
16.432
16.431
16.428
16.423
16.418
16.403
16.382
16.370
16.365
16.362
16.367
16.366
16.365
16.361
16.357
16.354
16.328
16.321
16.310
16.308
16.306
16.303
16.301
16.300
16.289
16.284
16.278
16.285
16.278
16.273
16.272
16.273
16.272
16.268
16.260
16.259
16.256
16.235
16.243
16.238
16.234
16.224
16.219
16.214
16.211
16.204
16.190
16.192
16.199
16.198
16.191
16.185
16.179
16.162
16.154
16.148
16.141
16.147
16.150
16.147
16.142
16.136
16.120
16.109
16.098
16.083
16.076
16.082
16.078
16.075
16.072
16.070
16.056
16.065
16.063
16.057
16.053
16.045
16.039
16.033
16.023
16.007
15.996
15.988
15.979
15.965
15.974
15.971
15.972
15.969
15.970
15.970
15.968
15.961
15.944
15.941
15.944
15.937
15.930
15.924
15.920
15.901
15.896
15.894
15.894
15.900
15.896
15.889
15.876
15.862
15.844
15.830
15.824
15.820
15.817
15.826
15.820
15.816
15.808
15.805
15.784
15.795
15.789
15.784
15.783
15.775
15.770
15.761
15.760
15.756
15.748
15.739
15.728
15.711
15.720
15.715
15.710
15.700
15.683
15.659
15.635
15.611
15.599
15.592
15.581
15.588
15.586
15.582
15.563
15.559
15.545
15.522
15.507
15.502
15.495
15.489
15.479
15.471
15.446
15.448
15.439
15.433
15.423
15.411
15.407
15.401
15.393
15.374
15.385
15.378
15.370
15.362
15.352
15.343
15.333
15.334
15.324
15.318
15.308
15.302
15.289
15.280
15.281
15.275
15.271
15.264
15.253
15.253
15.252
15.247
15.245
15.235
15.224
15.215
15.194
15.180
15.155
15.164
15.162
15.161
15.155
15.140
15.123
15.113
15.103
15.097
15.089
15.075
15.075
15.063
15.052
15.042
15.034
15.027
15.022
15.001
15.010
15.002
14.995
14.990
14.979
14.973
14.966
14.956
14.945
14.935
14.929
14.915
14.898
14.876
14.870
14.865
14.859
14.854
14.837
14.831
14.818
14.809
14.806
14.795
14.791
14.783
14.775
14.768
14.743
14.733
14.722
14.707
14.703
14.697
14.685
14.669
14.652
14.634
14.618
14.605
14.586
14.569
14.556
14.546
14.539
14.529
14.520
14.501
14.502
14.493
14.490
14.486
14.479
14.477
14.467
14.457
14.444
14.434
14.419
14.404
14.394
14.381
14.368
14.359
14.350
14.338
14.329
14.317
14.298
14.293
14.292
14.293
14.286
14.276
14.267
14.247
14.235
14.222
14.209
14.199
14.191
14.183
14.172
14.164
14.154
14.139
14.126
14.115
14.103
14.087
14.076
14.064
14.050
14.039
14.014
14.005
14.001
13.995
13.981
13.955
13.948
13.929
13.915
13.897
13.879
13.866
13.857
13.850
13.833
13.798
13.775
13.756
13.739
13.701
13.694
13.680
13.666
13.661
13.660
13.658
13.651
13.640
13.624
13.607
13.602
13.598
13.592
13.588
13.584
13.582
13.583
13.578
13.570
13.562
13.559
13.565
13.562
13.561
13.559
13.557
13.551
13.529
13.504
13.489
13.476
13.464
13.464
13.455
13.446
13.441
13.440
13.436
13.440
13.430
13.422
13.416
13.405
13.401
13.393
13.380
13.364
13.348
13.335
13.316
13.305
13.295
13.276
13.263
13.247
13.227
13.207
13.190
13.166
13.147
13.135
13.119
13.110
13.100
13.091
13.082
13.070
13.054
13.049
13.047
13.037
13.025
13.015
13.007
13.000
12.986
12.976
12.971
12.962
12.953
12.948
12.936
12.925
12.916
12.897
12.885
12.878
12.868
12.862
12.854
12.848
12.839
12.827
12.817
12.801
12.793
12.781
12.768
12.757
12.754
12.746
12.737
12.724
12.703
12.680
12.662
12.652
12.637
12.624
12.604
12.588
12.572
12.557
12.537
12.529
12.524
12.522
12.519
12.508
12.488
12.468
12.441
12.422
12.406
12.387
12.365
12.346
12.325
12.303
12.280
12.268
12.250
12.219
12.195
12.172
12.146
12.134
12.114
12.109
12.097
12.085
12.076
12.050
12.026
12.004
11.989
11.977
11.969
11.963
11.959
11.951
11.923
11.914
11.898
11.886
11.876
11.858
11.833
11.811
11.794
11.762
11.762
11.755
11.746
11.737
11.726
11.706
11.694
11.680
11.668
11.653
11.649
11.645
11.635
11.623
11.610
11.600
11.585
11.580
11.563
11.559
11.552
11.541
11.528
11.519
11.516
11.515
11.512
11.504
11.471
11.461
11.450
11.442
11.426
11.400
11.379
11.363
11.347
11.331
11.322
11.314
11.312
11.307
11.299
11.287
11.276
11.252
11.239
11.218
11.206
11.190
11.174
11.163
11.156
11.150
11.144
11.136
11.125
11.129
11.125
11.121
11.115
11.108
11.098
11.094
11.083
11.070
11.049
11.044
11.033
11.016
10.994
10.984
10.976
10.969
10.952
10.938
10.923
10.911
10.894
10.886
10.877
10.854
10.843
10.840
10.833
10.811
10.793
10.761
10.740
10.730
10.726
10.715
10.706
10.696
10.686
10.672
10.657
10.649
10.645
10.643
10.632
10.621
10.618
10.613
10.601
10.586
10.560
10.559
10.560
10.559
10.558
10.555
10.546
10.526
10.510
10.500
10.500
10.498
10.488
10.461
10.449
10.443
10.434
10.416
10.402
10.387
10.383
10.384
10.382
10.376
10.375
10.372
10.366
10.352
10.339
10.329
10.319
10.306
10.291
10.277
10.267
10.258
10.244
10.235
10.218
10.214
10.208
10.200
10.191
10.182
10.171
10.150
10.135
10.132
10.132
10.125
10.121
10.113
10.097
10.079
10.069
10.056
10.043
10.032
10.018
10.014
10.008
10.007
10.007
10.003
9.994
9.985
9.970
9.951
9.939
9.929
9.921
9.911
9.897
9.883
9.861
9.834
9.812
9.801
9.790
9.788
9.778
9.767
9.758
9.744
9.723
9.717
9.714
9.710
9.701
9.689
9.683
9.677
9.662
9.656
9.649
9.645
9.638
9.614
9.598
9.590
9.587
9.583
9.582
9.569
9.554
9.537
9.534
9.535
9.527
9.514
9.505
9.491
9.485
9.476
9.466
9.452
9.438
9.439
9.435
9.427
9.420
9.406
9.379
9.368
9.359
9.351
9.340
9.326
9.328
9.326
9.322
9.314
9.306
9.300
9.294
9.287
9.283
9.279
9.277
9.277
9.277
9.271
9.266
9.265
9.263
9.260
9.260
9.253
9.249
9.243
9.236
9.225
9.216
9.204
9.195
9.196
9.185
9.178
9.168
9.155
9.138
9.122
9.113
9.108
9.106
9.101
9.084
9.063
9.037
9.021
9.014
9.008
8.997
8.994
8.990
8.987
8.980
8.972
8.964
8.960
8.950
8.939
8.931
8.923
8.913
8.901
8.896
8.890
8.887
8.879
8.874
8.868
8.861
8.850
8.841
8.838
8.836
8.830
8.828
8.822
8.816
8.813
8.807
8.802
8.792
8.784
8.777
8.774
8.765
8.753
8.742
8.728
8.719
8.713
8.705
8.702
8.691
8.679
8.665
8.661
8.653
8.643
8.629
8.618
8.614
8.606
8.597
8.579
8.571
8.569
8.559
8.556
8.552
8.545
8.535
8.529
8.521
8.510
8.508
8.491
8.476
8.470
8.465
8.458
8.447
8.433
8.413
8.399
8.391
8.386
8.383
8.373
8.362
8.361
8.359
8.356
8.349
8.347
8.338
8.327
8.317
8.303
8.294
8.289
8.285
8.275
8.264
8.260
8.252
8.249
8.240
8.220
8.203
8.189
8.179
8.173
8.176
8.171
8.160
8.153
8.145
8.137
8.130
8.126
8.120
8.118
8.111
8.102
8.089
8.081
8.071
8.067
8.059
8.056
8.044
8.036
8.032
8.022
8.014
8.007
7.996
7.988
7.984
7.979
7.971
7.967
7.961
7.955
7.948
7.943
7.933
7.923
7.916
7.904
7.890
7.880
7.870
7.859
7.850
7.849
7.845
7.841
7.828
7.817
7.813
7.809
7.800
7.800
7.796
7.788
7.781
7.776
7.773
7.764
7.760
7.751
7.742
7.739
7.729
7.718
7.714
7.709
7.703
7.700
7.690
7.678
7.667
7.662
7.653
7.643
7.630
7.622
7.611
7.599
7.589
7.585
7.584
7.581
7.574
7.568
7.557
7.546
7.540
7.532
7.528
7.521
7.515
7.507
7.496
7.487
7.483
7.471
7.458
7.451
7.446
7.436
7.422
7.410
7.398
7.391
7.382
7.364
7.351
7.348
7.342
7.336
7.324
7.317
7.310
7.296
7.288
7.285
7.282
7.275
7.268
7.251
7.240
7.232
7.223
7.212
7.197
7.186
7.177
7.166
7.154
7.146
7.142
7.141
7.138
7.130
7.125
7.107
7.097
7.092
7.085
7.074
7.058
7.044
7.038
7.031
7.023
7.019
7.017
7.015
7.008
7.003
6.995
6.985
6.970
6.966
6.958
6.945
6.934
6.933
6.924
6.921
6.919
6.911
6.903
6.894
6.887
6.877
6.867
6.855
6.837
6.825
6.819
6.812
6.801
6.791
6.777
6.764
6.750
6.741
6.729
6.715
6.689
6.679
6.677
6.666
6.661
6.658
6.653
6.650
6.642
6.634
6.621
6.616
6.601
6.587
6.577
6.565
6.555
6.542
6.531
6.520
6.505
6.494
6.486
6.482
6.480
6.473
6.467
6.452
6.445
6.438
6.433
6.428
6.421
6.418
6.412
6.409
6.397
6.385
6.381
6.372
6.365
6.359
6.352
6.348
6.347
6.346
6.339
6.332
6.319
6.311
6.305
6.299
6.293
6.280
6.262
6.251
6.242
6.226
6.218
6.213
6.208
6.199
6.183
6.171
6.165
6.153
6.140
6.124
6.106
6.092
6.088
6.080
6.079
6.075
6.067
6.057
6.044
6.036
6.022
6.006
5.994
5.979
5.965
5.957
5.953
