15.630
15.633
15.630
15.630
15.632
15.631
15.632
15.632
15.631
15.631
15.632
15.632
15.631
15.629
15.632
15.632
15.631
15.632
15.631
15.632
15.632
15.632
15.635
15.631
15.632
15.633
15.633
15.633
15.630
15.634
15.632
15.633
15.633
15.634
15.634
15.635
15.632
15.631
15.632
15.632
15.633
15.635
15.636
15.633
15.634
15.636
15.633
15.633
15.632
15.634
15.634
15.634
15.632
15.632
15.634
15.631
15.632
15.632
15.634
15.632
15.634
15.632
15.633
15.633
15.632
15.632
15.634
15.634
15.634
15.635
15.635
15.633
15.633
15.633
15.633
15.634
15.633
15.635
15.632
15.635
15.636
15.636
15.634
15.635
15.633
15.632
15.635
15.636
15.636
15.637
15.633
15.634
15.634
15.636
15.633
15.635
15.633
15.635
15.635
15.638
15.635
15.634
15.633
15.636
15.635
15.636
15.637
15.634
15.634
15.637
15.635
15.635
15.635
15.636
15.639
15.637
15.640
15.634
15.637
15.636
15.637
15.636
15.638
15.635
15.634
15.637
15.636
15.637
15.636
15.636
15.639
15.634
15.638
15.637
15.636
15.636
15.637
15.638
15.639
15.638
15.637
15.639
15.638
15.636
15.636
15.640
15.637
15.639
15.636
15.639
15.639
15.638
15.634
15.638
15.639
15.637
15.639
15.637
15.638
15.639
15.638
15.638
15.640
15.639
15.639
15.640
15.639
15.636
15.639
15.638
15.636
15.640
15.639
15.638
15.637
15.641
15.642
15.636
15.638
15.637
15.640
15.636
15.638
15.638
15.638
15.641
15.639
15.639
15.640
15.638
15.640
15.641
15.639
15.641
15.635
15.639
15.642
15.640
15.641
15.640
15.641
15.642
15.640
15.641
15.643
15.638
15.638
15.638
15.640
15.638
15.641
15.642
15.640
15.642
15.642
15.640
15.641
15.643
15.640
15.640
15.643
15.639
15.641
15.642
15.642
15.643
15.639
15.643
15.642
15.639
15.642
15.642
15.641
15.643
15.641
15.642
15.642
15.641
15.642
15.641
15.642
15.641
15.642
15.644
15.641
15.642
15.640
15.640
15.642
15.641
15.640
15.642
15.641
15.641
15.642
15.643
15.644
15.642
15.642
15.643
15.643
15.641
15.644
15.641
15.642
15.642
15.645
15.641
15.643
15.639
15.642
15.644
15.643
15.644
15.646
15.642
15.644
15.642
15.643
15.641
15.643
15.644
15.646
15.646
15.644
15.640
15.644
15.644
15.643
15.641
15.646
15.645
15.643
15.643
15.644
15.646
15.644
15.644
15.641
15.644
15.645
15.646
15.644
15.643
15.644
15.643
15.642
15.642
15.644
15.644
15.645
15.644
15.644
15.644
15.644
15.645
15.642
15.645
15.647
15.643
15.643
15.645
15.646
15.644
15.644
15.642
15.643
15.645
15.646
15.646
15.646
15.646
15.646
15.644
15.646
15.644
15.645
15.647
15.647
15.646
15.646
15.648
15.644
15.647
15.645
15.647
15.647
15.646
15.646
15.647
15.649
15.646
15.646
15.646
15.645
15.646
15.648
15.647
15.646
15.648
15.648
15.646
15.647
15.646
15.647
15.646
15.648
15.649
15.649
15.645
15.645
15.647
15.647
15.647
15.645
15.647
15.649
15.646
15.647
15.646
15.645
15.645
15.645
15.646
15.647
15.648
15.648
15.647
15.649
15.649
15.647
15.644
15.647
15.647
15.650
15.647
15.647
15.648
15.649
15.647
15.645
15.647
15.646
15.647
15.648
15.648
15.649
15.646
15.647
15.647
15.648
15.649
15.649
15.649
15.650
15.650
15.649
15.649
15.648
15.648
15.648
15.650
15.652
15.650
15.649
15.648
15.650
15.650
15.650
15.651
15.647
15.653
15.648
15.650
15.648
15.651
15.652
15.651
15.651
15.651
15.652
15.650
15.651
15.652
15.651
15.652
15.651
15.651
15.649
15.651
15.653
15.652
15.650
15.652
15.651
15.650
15.650
15.649
15.650
15.650
15.652
15.651
15.651
15.653
15.652
15.652
15.652
15.651
15.652
15.651
15.651
15.653
15.653
15.651
15.651
15.652
15.652
15.651
15.649
15.652
15.651
15.652
15.652
15.651
15.651
15.652
15.653
15.651
15.651
15.654
15.652
15.651
15.651
15.652
15.653
15.650
15.654
15.651
15.652
15.654
15.652
15.651
15.650
15.653
15.652
15.654
15.651
15.656
15.654
15.654
15.654
15.653
15.654
15.654
15.654
15.653
15.652
15.654
15.653
15.655
15.653
15.657
15.654
15.652
15.653
15.653
15.652
15.653
15.656
15.653
15.654
15.653
15.653
15.652
15.654
15.653
15.656
15.655
15.654
15.655
15.652
15.653
15.655
15.654
15.655
15.654
15.654
15.656
15.655
15.654
15.654
15.656
15.657
15.655
15.653
15.656
15.655
15.656
15.655
15.656
15.654
15.656
15.655
15.657
15.658
15.655
15.657
15.654
15.655
15.656
15.655
15.655
15.658
15.656
15.658
15.657
15.656
15.655
15.655
15.654
15.656
15.657
15.656
15.655
15.657
15.656
15.654
15.656
15.657
15.656
15.656
15.657
15.658
15.656
15.655
15.655
15.655
15.656
15.658
15.656
15.657
15.659
15.659
15.658
15.658
15.656
15.658
15.657
15.657
15.657
15.660
15.660
15.660
15.659
15.658
15.659
15.659
15.655
15.660
15.658
15.655
15.660
15.659
15.659
15.658
15.658
15.659
15.659
15.659
15.660
15.659
15.658
15.660
15.659
15.659
15.656
15.659
15.660
15.662
15.658
15.660
15.660
15.660
15.660
15.658
15.660
15.658
15.659
15.658
15.659
15.660
15.659
15.661
15.662
15.662
15.661
15.660
15.658
15.658
15.661
15.662
15.661
15.660
15.661
15.662
15.663
15.661
15.663
15.661
15.661
15.660
15.661
15.660
15.661
15.661
15.660
15.661
15.660
15.661
15.660
15.660
15.661
15.661
15.659
15.661
15.663
15.661
15.660
15.660
15.660
15.661
15.663
15.661
15.661
15.662
15.660
15.662
15.662
15.663
15.663
15.662
15.663
15.665
15.659
15.664
15.661
15.662
15.662
15.662
15.662
15.663
15.661
15.662
15.662
15.664
15.663
15.663
15.661
15.661
15.662
15.661
15.664
15.663
15.663
15.663
15.665
15.662
15.661
15.662
15.661
15.663
15.664
15.664
15.665
15.665
15.661
15.662
15.665
15.664
15.664
15.664
15.665
15.663
15.664
15.664
15.663
15.664
15.664
15.665
15.664
15.664
15.664
15.661
15.664
15.663
15.667
15.665
15.662
15.666
15.666
15.665
15.664
15.663
15.664
15.666
15.665
15.666
15.664
15.665
15.665
15.665
15.661
15.665
15.665
15.667
15.667
15.666
15.665
15.668
15.665
15.666
15.667
15.669
15.666
15.667
15.669
15.669
15.666
15.664
15.668
15.668
15.668
15.666
15.664
15.665
15.668
15.667
15.667
15.667
15.664
15.666
15.668
15.666
15.668
15.667
15.667
15.668
15.667
15.666
15.667
15.667
15.669
15.667
15.666
15.666
15.667
15.667
15.667
15.668
15.664
15.668
15.668
15.670
15.669
15.670
15.669
15.670
15.668
15.670
15.670
15.669
15.668
15.669
15.668
15.669
15.669
15.667
15.669
15.668
15.666
15.668
15.667
15.666
15.668
15.668
15.669
15.668
15.668
15.668
15.667
15.668
15.666
15.669
15.669
15.672
15.668
15.667
15.670
15.670
15.669
15.670
15.669
15.671
15.670
15.672
15.670
15.667
15.669
15.669
15.670
15.668
15.669
15.669
15.669
15.670
15.671
15.671
15.668
15.669
15.671
15.671
15.670
15.672
15.673
15.673
15.671
15.670
15.671
15.671
15.670
15.670
15.671
15.670
15.671
15.671
15.670
15.671
15.669
15.671
15.670
15.670
15.669
15.669
15.669
15.670
15.672
15.669
15.670
15.672
15.673
15.674
15.673
15.673
15.673
15.672
15.674
15.672
15.669
15.671
15.672
15.674
15.672
15.673
15.671
15.673
15.673
15.672
15.672
15.672
15.672
15.671
15.672
15.671
15.672
15.672
15.672
15.672
15.672
15.671
15.673
15.674
15.673
15.671
15.674
15.671
15.672
15.673
15.673
15.673
15.672
15.673
15.673
15.672
15.671
15.670
15.671
15.672
15.673
15.673
15.674
15.674
15.674
15.674
15.673
15.676
15.677
15.674
15.676
15.674
15.675
15.676
15.675
15.677
15.673
15.674
15.675
15.675
15.674
15.675
15.676
15.674
15.674
15.675
15.673
15.674
15.673
15.676
15.674
15.675
15.674
15.675
15.674
15.674
15.671
15.675
15.674
15.675
15.672
15.676
15.672
15.675
15.676
15.673
15.676
15.675
15.676
15.675
15.675
15.675
15.675
15.674
15.674
15.676
15.676
15.676
15.677
15.677
15.676
15.676
15.678
15.678
15.677
15.676
15.677
15.676
15.678
15.677
15.677
15.676
15.676
15.675
15.676
15.674
15.677
15.674
15.675
15.675
15.677
15.679
15.676
15.680
15.677
15.678
15.676
15.676
15.676
15.679
15.677
15.677
15.679
15.676
15.677
15.679
15.677
15.677
15.676
15.675
15.676
15.677
15.678
15.678
15.677
15.679
15.675
15.677
15.677
15.677
15.679
15.677
15.677
15.678
15.677
15.677
15.677
15.676
15.677
15.680
15.681
15.680
15.678
15.680
15.679
15.677
15.677
15.677
15.677
15.679
15.679
15.679
15.678
15.681
15.679
15.681
15.679
15.677
15.678
15.679
15.679
15.680
15.680
15.679
15.679
15.681
15.680
15.679
15.679
15.680
15.679
15.680
15.678
15.678
15.679
15.682
15.679
15.682
15.682
15.681
15.682
15.679
15.680
15.678
15.682
15.682
15.679
15.678
15.678
15.680
15.679
15.682
15.681
15.682
15.683
15.682
15.679
15.680
15.679
15.680
15.680
15.683
15.682
15.683
15.684
15.683
15.680
15.680
15.680
15.679
15.682
15.684
15.682
15.682
15.683
15.680
15.681
15.682
15.684
15.684
15.682
15.682
15.682
15.682
15.682
15.683
15.682
15.682
15.684
15.683
15.682
15.685
15.683
15.681
15.684
15.684
15.682
15.680
15.680
15.684
15.683
15.685
15.682
15.683
15.680
15.681
15.682
15.681
15.684
15.684
15.685
15.683
15.683
15.684
15.683
15.684
15.685
15.682
15.685
15.686
15.685
15.685
15.683
15.682
15.680
15.678
15.681
15.684
15.684
15.684
15.686
15.686
15.684
15.687
15.687
15.686
15.687
15.686
15.685
15.685
15.686
15.687
15.683
15.683
15.683
15.682
15.684
15.686
15.685
15.686
15.686
15.686
15.683
15.683
15.684
15.685
15.686
15.685
15.685
15.684
15.686
15.688
15.686
15.686
15.684
15.684
15.686
15.687
15.685
15.687
15.686
15.684
15.684
15.683
15.684
15.687
15.686
15.686
15.685
15.687
15.684
15.686
15.686
15.688
15.687
15.688
15.688
15.687
15.686
15.685
15.686
15.688
15.684
15.687
15.687
15.689
15.690
15.689
15.686
15.686
15.686
15.683
15.686
15.685
15.689
15.688
15.689
15.690
15.689
15.686
15.684
15.685
15.685
15.687
15.686
15.688
15.689
15.688
15.688
15.684
15.689
15.689
15.688
15.689
15.688
15.689
15.687
15.690
15.688
15.689
15.688
15.688
15.690
15.687
15.687
15.688
15.689
15.689
15.689
15.691
15.688
15.685
15.688
15.689
15.690
15.690
15.690
15.689
15.687
15.688
15.690
15.690
15.690
15.688
15.689
15.690
15.690
15.692
15.690
15.688
15.690
15.692
15.690
15.691
15.689
15.691
15.690
15.691
15.688
15.691
15.693
15.689
15.691
15.691
15.690
15.689
15.689
15.690
15.692
15.689
15.691
15.692
15.691
15.691
15.691
15.692
15.691
15.692
15.690
15.690
15.689
15.689
15.691
15.691
15.691
15.692
15.692
15.690
15.692
15.694
15.693
15.692
15.691
15.692
15.693
15.694
15.693
15.692
15.690
15.693
15.692
15.692
15.691
15.692
15.691
15.692
15.692
15.693
15.693
15.692
15.693
15.693
15.693
15.693
15.692
15.692
15.690
15.692
15.693
15.694
15.693
15.693
15.693
15.692
15.691
15.691
15.691
15.692
15.693
15.695
15.693
15.694
15.693
15.693
15.694
15.694
15.693
15.694
15.695
15.694
15.695
15.695
15.694
15.696
15.694
15.694
15.695
15.694
15.695
15.695
15.694
15.695
15.697
15.694
15.693
15.693
15.695
15.694
15.694
15.696
15.696
15.695
15.693
15.695
15.697
15.696
15.694
15.695
15.696
15.696
15.696
15.692
15.692
15.695
15.695
15.693
15.695
15.694
15.697
15.695
15.694
15.694
15.696
15.692
15.694
15.697
15.698
15.697
15.695
15.698
15.696
15.696
15.697
15.694
15.699
15.697
15.696
15.697
15.695
15.694
15.696
15.696
15.697
15.699
15.700
15.697
15.698
15.698
15.695
15.696
15.696
15.697
15.698
15.698
15.695
15.698
15.697
15.697
15.696
15.698
15.695
15.696
15.696
15.696
15.698
15.697
15.699
15.697
15.697
15.698
15.701
15.697
15.698
15.699
15.697
15.699
15.696
15.698
15.698
15.697
15.700
15.698
15.697
15.700
15.700
15.699
15.699
15.697
15.698
15.698
15.699
15.699
15.701
15.701
15.703
15.702
15.701
15.702
15.701
15.702
15.701
15.703
15.703
15.702
15.702
15.700
15.703
15.702
15.702
15.703
15.704
15.702
15.704
15.700
15.702
15.702
15.702
15.701
15.700
15.702
15.700
15.699
15.700
15.698
15.695
15.695
15.699
15.697
15.698
15.696
15.696
15.695
15.694
15.695
15.693
15.691
15.692
15.691
15.691
15.692
15.692
15.690
15.691
15.689
15.688
15.687
15.689
15.691
15.688
15.687
15.688
15.687
15.686
15.686
15.687
15.685
15.684
15.683
15.684
15.685
15.685
15.682
15.683
15.678
15.679
15.679
15.679
15.678
15.678
15.680
15.678
15.678
15.675
15.673
15.673
15.674
15.675
15.676
15.673
15.674
15.674
15.673
15.671
15.668
15.671
15.668
15.672
15.669
15.669
15.669
15.666
15.666
15.669
15.667
15.665
15.665
15.666
15.665
15.665
15.665
15.662
15.661
15.662
15.661
15.662
15.660
15.660
15.658
15.660
15.658
15.659
15.657
15.658
15.657
15.658
15.656
15.658
15.658
15.656
15.656
15.656
15.653
15.654
15.653
15.654
15.654
15.653
15.652
15.649
15.653
15.652
15.651
15.652
15.650
15.649
15.650
15.651
15.651
15.649
15.650
15.649
15.647
15.649
15.648
15.649
15.648
15.647
15.648
15.647
15.646
15.646
15.646
15.645
15.643
15.643
15.644
15.644
15.644
15.646
15.644
15.643
15.641
15.646
15.644
15.643
15.645
15.643
15.639
15.641
15.640
15.642
15.642
15.642
15.642
15.641
15.644
15.642
15.639
15.643
15.642
15.640
15.642
15.642
15.642
15.641
15.641
15.637
15.637
15.640
15.640
15.638
15.637
15.637
15.637
15.639
15.638
15.635
15.637
15.635
15.638
15.636
15.636
15.638
15.637
15.636
15.636
15.635
15.635
15.635
15.637
15.637
15.635
15.635
15.637
15.638
15.636
15.637
15.635
15.637
15.637
15.636
15.636
15.636
15.634
15.634
15.634
15.636
15.635
15.635
15.637
15.637
15.636
15.633
15.633
15.636
15.634
15.635
15.636
15.632
15.636
15.635
15.637
15.635
15.635
15.637
15.634
15.635
15.637
15.637
15.635
15.636
15.637
15.634
15.637
15.635
15.634
15.635
15.638
15.635
15.636
15.634
15.637
15.636
15.636
15.635
15.633
15.635
15.637
15.637
15.637
15.635
15.634
15.634
15.638
15.636
15.636
15.637
15.635
15.635
15.636
15.637
15.635
15.636
15.636
15.637
15.637
15.637
15.638
15.637
15.638
15.638
15.638
15.636
15.637
15.640
15.637
15.637
15.638
15.636
15.639
15.637
15.638
15.638
15.637
15.636
15.639
15.637
15.641
15.638
15.639
15.636
15.639
15.639
15.638
15.639
15.639
15.639
15.641
15.641
15.640
15.638
15.639
15.640
15.642
15.642
15.642
15.639
15.641
15.639
15.639
15.641
15.641
15.638
15.643
15.640
15.640
15.639
15.640
15.640
15.641
15.641
15.641
15.642
15.643
15.643
15.644
15.641
15.641
15.644
15.643
15.642
15.642
15.641
15.642
15.643
15.642
15.641
15.643
15.639
15.642
15.641
15.644
15.642
15.643
15.645
15.645
15.643
15.646
15.645
15.645
15.645
15.646
15.647
15.644
15.647
15.645
15.645
15.646
15.645
15.645
15.647
15.647
15.648
15.648
15.647
15.647
15.648
15.647
15.646
15.645
15.646
15.648
15.647
15.648
15.647
15.648
15.648
15.646
15.647
15.647
15.647
15.648
15.647
15.647
15.647
15.648
15.648
15.647
15.651
15.649
15.650
15.647
15.647
15.650
15.649
15.647
15.648
15.649
15.648
15.649
15.647
15.651
15.650
15.651
15.651
15.648
15.650
15.650
15.649
15.651
15.650
15.651
15.651
15.650
15.653
15.650
15.652
15.651
15.651
15.652
15.651
15.653
15.651
15.653
15.651
15.649
15.652
15.651
15.651
15.652
15.651
15.652
15.653
15.652
15.651
15.653
15.654
15.655
15.651
15.652
15.653
15.653
15.653
15.653
15.653
15.653
15.653
15.653
15.653
15.654
15.653
15.654
15.654
15.654
15.656
15.653
15.656
15.653
15.654
15.656
15.652
15.655
15.655
15.654
15.654
15.655
15.653
15.656
15.655
15.655
15.655
15.657
15.655
15.655
15.655
15.656
15.656
15.655
15.655
15.656
15.657
15.658
15.657
15.656
15.657
15.656
15.657
15.658
15.657
15.661
15.657
15.657
15.655
15.656
15.658
15.659
15.657
15.659
15.656
15.658
15.656
15.660
15.659
15.660
15.657
15.659
15.657
15.657
15.656
15.659
15.657
15.658
15.659
15.659
15.658
15.661
15.658
15.657
15.662
15.660
15.661
15.659
15.660
15.659
15.662
15.660
15.660
15.661
15.661
15.662
15.660
15.661
15.662
15.660
15.658
15.663
15.660
15.660
15.662
15.659
15.662
15.664
15.663
15.665
15.666
15.663
15.663
15.664
15.664
15.664
15.663
15.664
15.663
15.664
15.667
15.664
15.662
15.664
15.665
15.664
15.665
15.664
15.663
15.662
15.666
15.664
15.664
15.665
15.665
15.664
15.664
15.664
15.665
15.666
15.667
15.665
15.665
15.665
15.667
15.667
15.667
15.666
15.667
15.667
15.667
15.667
15.667
15.665
15.665
15.666
15.668
15.664
15.667
15.669
15.666
15.667
15.668
15.669
15.667
15.668
15.668
15.667
15.667
15.668
15.668
15.668
15.668
15.666
15.668
15.669
15.671
15.668
15.669
15.669
15.669
15.668
15.667
15.668
15.669
15.668
15.670
15.669
15.668
15.669
15.669
15.667
15.667
15.670
15.673
15.669
15.670
15.669
15.669
15.669
15.670
15.669
15.670
15.669
15.670
15.669
15.671
15.670
15.672
15.672
15.671
15.670
15.670
15.670
15.672
15.670
15.672
15.672
15.670
15.672
15.671
15.672
15.670
15.674
15.670
15.672
15.671
15.671
15.673
15.675
15.673
15.674
15.670
15.673
15.674
15.675
15.672
15.676
15.676
15.675
15.675
15.675
15.672
15.674
15.673
15.675
15.676
15.674
15.676
15.675
15.676
15.673
15.675
15.676
15.675
15.674
15.675
15.676
15.676
15.677
15.675
15.676
15.676
15.674
15.674
15.675
15.677
15.676
15.674
15.675
15.675
15.676
15.676
15.676
15.676
15.676
15.677
15.677
15.676
15.677
15.673
15.678
15.676
15.676
15.677
15.675
15.678
15.679
15.677
15.677
15.678
15.677
15.678
15.677
15.676
15.676
15.677
15.677
15.675
15.676
15.676
15.678
15.679
15.676
15.677
15.677
15.677
15.676
15.677
15.678
15.678
15.677
15.677
15.677
15.678
15.678
15.678
15.677
15.677
15.677
15.679
15.679
15.677
15.677
15.678
15.678
15.680
15.678
15.681
15.680
15.680
15.679
15.680
15.679
15.680
15.678
15.679
15.679
15.679
15.678
15.679
15.679
15.677
15.679
15.678
15.679
15.680
15.682
15.679
15.681
15.680
15.679
15.678
15.678
15.679
15.681
15.680
15.680
15.681
15.682
15.682
15.681
15.682
15.681
15.681
15.680
15.680
15.680
15.679
15.678
15.680
15.680
15.681
15.679
15.680
15.680
15.682
15.680
15.682
15.681
15.684
15.680
15.683
15.681
15.681
15.683
15.682
15.683
15.682
15.680
15.680
15.682
15.680
15.683
15.681
15.682
15.680
15.682
15.681
15.680
15.681
15.679
15.681
15.682
15.683
15.685
15.683
15.682
15.680
15.683
15.684
15.682
15.682
15.683
15.683
15.686
15.684
15.682
15.681
15.680
15.682
15.682
15.685
15.685
15.683
