0.588
0.589
0.590
0.591
0.592
0.593
0.595
0.596
0.597
0.598
0.599
0.600
0.600
0.600
0.600
0.601
0.601
0.602
0.603
0.604
0.605
0.605
0.606
0.607
0.608
0.608
0.609
0.610
0.611
0.611
0.612
0.613
0.614
0.615
0.616
0.617
0.617
0.617
0.617
0.618
0.619
0.620
0.619
0.620
0.620
0.621
0.622
0.624
0.625
0.625
0.626
0.627
0.628
0.628
0.629
0.630
0.631
0.632
0.633
0.633
0.633
0.633
0.635
0.636
0.636
0.637
0.637
0.637
0.638
0.640
0.641
0.642
0.643
0.643
0.643
0.643
0.644
0.645
0.645
0.646
0.646
0.647
0.648
0.649
0.650
0.651
0.652
0.653
0.653
0.653
0.654
0.656
0.657
0.657
0.657
0.657
0.657
0.657
0.658
0.659
0.660
0.660
0.660
0.661
0.662
0.663
0.663
0.664
0.664
0.664
0.664
0.665
0.667
0.668
0.669
0.671
0.671
0.672
0.673
0.673
0.673
0.673
0.674
0.676
0.677
0.678
0.678
0.678
0.678
0.679
0.679
0.680
0.681
0.682
0.682
0.682
0.683
0.684
0.684
0.685
0.685
0.686
0.687
0.688
0.690
0.691
0.691
0.691
0.692
0.693
0.694
0.694
0.694
0.695
0.695
0.696
0.696
0.697
0.697
0.697
0.698
0.698
0.698
0.699
0.699
0.699
0.700
0.700
0.700
0.701
0.701
0.702
0.703
0.704
0.705
0.705
0.706
0.707
0.707
0.708
0.708
0.709
0.710
0.710
0.711
0.711
0.711
0.711
0.711
0.711
0.711
0.712
0.714
0.716
0.716
0.717
0.718
0.719
0.720
0.722
0.723
0.724
0.723
0.723
0.723
0.723
0.723
0.723
0.723
0.723
0.723
0.723
0.723
0.723
0.723
0.723
0.723
0.724
0.724
0.724
0.726
0.728
0.730
0.731
0.732
0.733
0.734
0.736
0.737
0.738
0.738
0.739
0.739
0.740
0.740
0.741
0.743
0.745
0.748
0.749
0.749
0.749
0.749
0.749
0.751
0.752
0.754
0.755
0.756
0.757
0.757
0.758
0.758
0.758
0.759
0.761
0.762
0.763
0.765
0.767
0.768
0.768
0.768
0.769
0.769
0.770
0.770
0.772
0.773
0.775
0.775
0.775
0.775
0.777
0.778
0.778
0.779
0.779
0.781
0.783
0.783
0.784
0.784
0.785
0.786
0.787
0.789
0.790
0.791
0.791
0.793
0.794
0.795
0.795
0.795
0.796
0.796
0.797
0.798
0.798
0.799
0.799
0.800
0.801
0.801
0.802
0.803
0.804
0.804
0.805
0.806
0.806
0.807
0.808
0.809
0.809
0.809
0.809
0.809
0.809
0.809
0.809
0.809
0.809
0.810
0.816
0.818
0.818
0.819
0.820
0.821
0.821
0.822
0.822
0.823
0.823
0.824
0.825
0.826
0.827
0.828
0.828
0.829
0.830
0.831
0.832
0.833
0.834
0.835
0.835
0.837
0.839
0.839
0.839
0.839
0.839
0.839
0.839
0.839
0.839
0.839
0.840
0.841
0.843
0.844
0.845
0.845
0.845
0.845
0.846
0.846
0.847
0.848
0.848
0.849
0.849
0.849
0.849
0.849
0.849
0.850
0.850
0.851
0.851
0.853
0.855
0.857
0.857
0.858
0.859
0.860
0.860
0.862
0.862
0.863
0.865
0.866
0.867
0.869
0.869
0.871
0.872
0.873
0.874
0.876
0.877
0.878
0.878
0.879
0.879
0.879
0.880
0.880
0.880
0.880
0.881
0.881
0.881
0.882
0.882
0.882
0.883
0.883
0.884
0.884
0.885
0.885
0.886
0.887
0.887
0.888
0.888
0.889
0.890
0.890
0.891
0.892
0.893
0.895
0.895
0.896
0.897
0.897
0.897
0.898
0.898
0.899
0.900
0.901
0.903
0.903
0.905
0.906
0.907
0.909
0.910
0.910
0.910
0.910
0.911
0.911
0.912
0.913
0.914
0.915
0.916
0.917
0.917
0.918
0.918
0.918
0.918
0.919
0.919
0.919
0.920
0.921
0.921
0.922
0.922
0.923
0.923
0.923
0.923
0.923
0.923
0.923
0.924
0.924
0.924
0.924
0.924
0.924
0.924
0.925
0.925
0.925
0.925
0.926
0.927
0.928
0.930
0.932
0.933
0.934
0.935
0.935
0.936
0.937
0.938
0.939
0.941
0.942
0.943
0.945
0.945
0.946
0.947
0.947
0.947
0.949
0.950
0.950
0.951
0.952
0.953
0.954
0.954
0.955
0.956
0.956
0.957
0.958
0.959
0.959
0.960
0.960
0.961
0.961
0.961
0.961
0.961
0.961
0.961
0.962
0.962
0.962
0.962
0.963
0.963
0.963
0.963
0.964
0.965
0.965
0.965
0.966
0.967
0.968
0.969
0.970
0.971
0.971
0.972
0.973
0.974
0.974
0.975
0.976
0.976
0.976
0.977
0.978
0.979
0.980
0.980
0.981
0.981
0.982
0.982
0.983
0.983
0.984
0.984
0.984
0.985
0.986
0.988
0.988
0.989
0.989
0.989
0.990
0.990
0.991
0.991
0.991
0.992
0.992
0.992
0.992
0.992
0.992
0.993
0.993
0.993
0.993
0.993
0.993
0.993
0.994
0.994
0.994
0.995
0.995
0.995
0.996
0.996
0.996
0.997
0.997
0.997
0.997
0.998
0.999
1.000
1.001
1.003
1.003
1.004
1.005
1.008
1.009
1.010
1.010
1.011
1.011
1.011
1.011
1.011
1.011
1.012
1.012
1.013
1.014
1.015
1.015
1.015
1.016
1.016
1.017
1.017
1.019
1.019
1.020
1.020
1.021
1.022
1.023
1.023
1.024
1.025
1.025
1.026
1.026
1.026
1.027
1.027
1.028
1.029
1.029
1.030
1.030
1.031
1.032
1.033
1.033
1.034
1.035
1.035
1.035
1.035
1.035
1.035
1.035
1.035
1.035
1.036
1.036
1.036
1.037
1.038
1.038
1.039
1.039
1.040
1.040
1.041
1.041
1.041
1.043
1.043
1.043
1.044
1.045
1.046
1.046
1.046
1.046
1.046
1.046
1.046
1.046
1.046
1.046
1.046
1.046
1.046
1.046
1.046
1.046
1.046
1.046
1.047
1.048
1.048
1.049
1.050
1.052
1.053
1.054
1.054
1.054
1.054
1.055
1.056
1.056
1.057
1.057
1.058
1.058
1.059
1.059
1.060
1.060
1.060
1.061
1.062
1.062
1.062
1.063
1.063
1.063
1.063
1.063
1.063
1.064
1.064
1.064
1.064
1.065
1.065
1.066
1.066
1.066
1.067
1.068
1.068
1.069
1.069
1.070
1.070
1.070
1.071
1.071
1.072
1.072
1.072
1.073
1.073
1.073
1.073
1.073
1.074
1.074
1.075
1.077
1.079
1.079
1.080
1.080
1.080
1.080
1.081
1.082
1.082
1.082
1.082
1.084
1.084
1.085
1.086
1.088
1.088
1.090
1.091
1.092
1.093
1.094
1.094
1.094
1.094
1.094
1.094
1.095
1.096
1.096
1.097
1.097
1.098
1.098
1.099
1.100
1.100
1.102
1.102
1.103
1.103
1.104
1.105
1.104
1.106
1.107
1.106
1.107
1.108
1.109
1.110
1.110
1.111
1.111
1.112
1.113
1.114
1.114
1.115
1.116
1.116
1.116
1.117
1.118
1.118
1.119
1.119
1.120
1.120
1.120
1.120
1.121
1.121
1.121
1.121
1.121
1.121
1.121
1.121
1.121
1.122
1.123
1.123
1.124
1.125
1.126
1.127
1.129
1.130
1.129
1.130
1.130
1.131
1.133
1.134
1.136
1.136
1.137
1.138
1.138
1.138
1.139
1.139
1.139
1.140
1.140
1.140
1.140
1.140
1.142
1.142
1.143
1.144
1.144
1.145
1.145
1.146
1.146
1.146
1.149
1.150
1.151
1.152
1.153
1.153
1.153
1.153
1.153
1.153
1.153
1.154
1.153
1.153
1.154
1.154
1.155
1.156
1.158
1.159
1.160
1.161
1.162
1.163
1.164
1.165
1.165
1.166
1.167
1.168
1.169
1.169
1.170
1.171
1.172
1.173
1.174
1.174
1.175
1.175
1.175
1.175
1.176
1.176
1.176
1.176
1.178
1.178
1.179
1.179
1.180
1.181
1.181
1.181
1.181
1.181
1.182
1.183
1.183
1.184
1.185
1.186
1.187
1.187
1.188
1.189
1.190
1.190
1.192
1.192
1.192
1.193
1.193
1.194
1.194
1.194
1.194
1.194
1.194
1.195
1.196
1.196
1.197
1.198
1.199
1.199
1.199
1.200
1.200
1.201
1.203
1.205
1.205
1.206
1.206
1.207
1.208
1.210
1.210
1.211
1.211
1.212
1.213
1.213
1.213
1.213
1.213
1.214
1.215
1.215
1.215
1.216
1.217
1.217
1.218
1.218
1.218
1.218
1.218
1.219
1.220
1.221
1.221
1.221
1.221
1.222
1.222
1.224
1.225
1.227
1.228
1.230
1.231
1.231
1.231
1.232
1.232
1.233
1.233
1.234
1.235
1.235
1.236
1.237
1.237
1.237
1.238
1.238
1.239
1.241
1.243
1.244
1.245
1.246
1.246
1.246
1.247
1.249
1.251
1.251
1.251
1.252
1.252
1.252
1.252
1.253
1.254
1.255
1.255
1.255
1.256
1.256
1.255
1.255
1.256
1.257
1.259
1.260
1.261
1.262
1.263
1.265
1.265
1.266
1.266
1.266
1.267
1.269
1.269
1.270
1.270
1.270
1.271
1.272
1.273
1.274
1.275
1.277
1.278
1.281
1.282
1.283
1.283
1.284
1.285
1.286
1.285
1.286
1.286
1.287
1.287
1.289
1.289
1.290
1.290
1.290
1.291
1.291
1.293
1.293
1.294
1.294
1.295
1.295
1.295
1.295
1.296
1.298
1.299
1.299
1.300
1.301
1.302
1.303
1.304
1.305
1.306
1.307
1.307
1.308
1.309
1.310
1.310
1.311
1.312
1.313
1.314
1.315
1.315
1.316
1.317
1.318
1.319
1.321
1.322
1.323
1.323
1.324
1.324
1.324
1.325
1.326
1.326
1.325
1.326
1.327
1.328
1.328
1.328
1.329
1.330
1.331
1.332
1.332
1.332
1.333
1.335
1.335
1.336
1.337
1.339
1.340
1.341
1.342
1.344
1.343
1.344
1.344
1.345
1.345
1.345
1.346
1.348
1.349
1.350
1.351
1.352
1.353
1.354
1.355
1.357
1.358
1.358
1.359
1.360
1.361
1.360
1.361
1.362
1.362
1.363
1.363
1.364
1.364
1.364
1.365
1.365
1.366
1.367
1.367
1.369
1.370
1.372
1.373
1.373
1.375
1.377
1.378
1.380
1.380
1.381
1.381
1.383
1.384
1.385
1.385
1.386
1.387
1.389
1.390
1.392
1.393
1.393
1.395
1.396
1.397
1.398
1.399
1.400
1.399
1.400
1.400
1.401
1.401
1.402
1.403
1.404
1.405
1.405
1.406
1.407
1.407
1.408
1.409
1.411
1.412
1.414
1.415
1.415
1.417
1.418
1.418
1.419
1.420
1.420
1.421
1.422
1.423
1.424
1.425
1.426
1.428
1.429
1.429
1.430
1.431
1.432
1.433
1.434
1.434
1.435
1.436
1.436
1.437
1.438
1.439
1.439
1.440
1.441
1.441
1.441
1.441
1.441
1.442
1.444
1.445
1.445
1.446
1.446
1.446
1.446
1.449
1.450
1.452
1.454
1.455
1.455
1.456
1.456
1.457
1.458
1.459
1.460
1.461
1.462
1.464
1.467
1.467
1.469
1.470
1.471
1.472
1.474
1.474
1.473
1.474
1.474
1.475
1.475
1.476
1.476
1.476
1.476
1.478
1.479
1.481
1.481
1.481
1.482
1.484
1.484
1.486
1.486
1.487
1.488
1.489
1.490
1.490
1.491
1.491
1.492
1.492
1.493
1.493
1.494
1.495
1.496
1.497
1.498
1.499
1.500
1.502
1.502
1.502
1.503
1.504
1.505
1.506
1.506
1.508
1.509
1.510
1.511
1.512
1.512
1.512
1.513
1.514
1.514
1.515
1.516
1.517
1.518
1.519
1.520
1.520
1.521
1.523
1.524
1.524
1.525
1.526
1.527
1.527
1.527
1.527
1.530
1.530
1.530
1.531
1.531
1.532
1.532
1.533
1.535
1.535
1.537
1.537
1.537
1.538
1.538
1.541
1.541
1.542
1.542
1.543
1.544
1.544
1.545
1.546
1.547
1.547
1.548
1.548
1.548
1.549
1.549
1.550
1.550
1.550
1.552
1.553
1.554
1.554
1.554
1.556
1.556
1.558
1.560
1.561
1.561
1.561
1.561
1.561
1.562
1.562
1.564
1.564
1.565
1.565
1.566
1.566
1.567
1.567
1.567
1.568
1.569
1.570
1.571
1.571
1.572
1.573
1.574
1.576
1.576
1.577
1.577
1.578
1.579
1.579
1.580
1.580
1.581
1.581
1.582
1.582
1.583
1.584
1.585
1.584
1.584
1.585
1.585
1.585
1.585
1.585
1.586
1.586
1.586
1.586
1.587
1.587
1.587
1.588
1.589
1.589
1.589
1.591
1.591
1.592
1.592
1.595
1.595
1.596
1.597
1.598
1.599
1.600
1.601
1.601
1.602
1.602
1.604
1.604
1.604
1.605
1.607
1.608
1.609
1.610
1.610
1.611
1.613
1.614
1.614
1.614
1.615
1.616
1.616
1.617
1.617
1.618
1.618
1.619
1.619
1.621
1.621
1.622
1.622
1.622
1.623
1.624
1.623
1.624
1.625
1.626
1.626
1.627
1.627
1.627
1.628
1.629
1.630
1.634
1.636
1.637
1.638
1.637
1.638
1.639
1.639
1.640
1.640
1.640
1.641
1.641
1.642
1.643
1.643
1.644
1.646
1.647
1.648
1.649
1.650
1.650
1.651
1.652
1.652
1.653
1.653
1.653
1.654
1.654
1.655
1.654
1.655
1.655
1.656
1.656
1.657
1.657
1.658
1.659
1.659
1.659
1.660
1.660
1.661
1.662
1.662
1.664
1.663
1.663
1.664
1.666
1.667
1.667
1.669
1.669
1.669
1.669
1.670
1.671
1.671
1.673
1.674
1.674
1.675
1.675
1.675
1.677
1.677
1.678
1.679
1.680
1.679
1.680
1.681
1.682
1.682
1.682
1.683
1.683
1.683
1.684
1.684
1.684
1.684
1.684
1.686
1.686
1.686
1.688
1.687
1.688
1.689
1.689
1.690
1.690
1.690
1.690
1.691
1.692
1.692
1.694
1.694
1.695
1.695
1.695
1.696
1.696
1.697
1.697
1.698
1.698
1.699
1.699
1.700
1.701
1.700
1.702
1.702
1.702
1.704
1.704
1.705
1.706
1.707
1.706
1.707
1.708
1.707
1.709
1.709
1.710
1.710
1.711
1.712
1.713
1.713
1.715
1.715
1.716
1.717
1.717
1.718
1.718
1.718
1.718
1.719
1.720
1.721
1.722
1.722
1.722
1.722
1.723
1.723
1.723
1.724
1.724
1.724
1.725
1.725
1.725
1.725
1.726
1.726
1.727
1.727
1.729
1.731
1.730
1.731
1.730
1.731
1.732
1.733
1.732
1.733
1.734
1.736
1.738
1.738
1.737
1.738
1.738
