21.279
21.277
21.277
21.277
21.277
21.277
21.252
21.277
21.278
21.277
21.277
21.277
21.277
21.262
21.276
21.277
21.278
21.279
21.277
21.277
21.277
21.277
21.275
21.261
21.277
21.277
21.277
21.275
21.277
21.277
21.277
21.277
21.253
21.278
21.278
21.277
21.279
21.277
21.277
21.277
21.277
21.278
21.262
21.278
21.279
21.279
21.279
21.278
21.280
21.278
21.278
21.279
21.278
21.279
21.260
21.279
21.279
21.278
21.277
21.277
21.277
21.258
21.261
21.261
21.267
21.281
21.277
21.277
21.277
21.277
21.274
21.260
21.259
21.259
21.262
21.277
21.277
21.277
21.277
21.277
21.261
21.261
21.278
21.278
21.278
21.278
21.277
21.277
21.277
21.277
21.259
21.261
21.258
21.260
21.271
21.277
21.279
21.279
21.275
21.272
21.272
21.269
21.251
21.249
21.266
21.265
21.265
21.265
21.263
21.245
21.242
21.242
21.240
21.246
21.256
21.257
21.254
21.252
21.249
21.232
21.233
21.241
21.251
21.249
21.248
21.247
21.245
21.245
21.228
21.226
21.225
21.224
21.227
21.240
21.239
21.236
21.236
21.226
21.215
21.214
21.212
21.210
21.223
21.224
21.218
21.218
21.216
21.216
21.215
21.215
21.213
21.197
21.209
21.205
21.204
21.204
21.204
21.183
21.182
21.180
21.180
21.199
21.199
21.197
21.196
21.195
21.194
21.176
21.174
21.191
21.189
21.186
21.185
21.185
21.183
21.179
21.164
21.163
21.161
21.161
21.176
21.177
21.173
21.171
21.170
21.154
21.151
21.149
21.157
21.166
21.160
21.162
21.160
21.160
21.158
21.158
21.156
21.156
21.155
21.143
21.147
21.143
21.142
21.138
21.118
21.134
21.133
21.131
21.130
21.129
21.126
21.126
21.124
21.121
21.099
21.120
21.118
21.117
21.112
21.112
21.112
21.111
21.108
21.094
21.106
21.107
21.106
21.106
21.104
21.101
21.097
21.096
21.094
21.065
21.085
21.083
21.082
21.078
21.072
21.068
21.061
21.059
21.061
21.058
21.057
21.057
21.055
21.052
21.047
21.045
21.045
21.042
21.012
21.034
21.033
21.032
21.032
21.026
21.022
21.021
21.014
21.006
20.984
20.996
20.995
20.992
20.986
20.978
20.969
20.964
20.959
20.914
20.922
20.916
20.911
20.906
20.899
20.898
20.892
20.885
20.874
20.855
20.862
20.854
20.851
20.844
20.831
20.820
20.807
20.802
20.791
20.789
20.786
20.779
20.776
20.770
20.763
20.753
20.742
20.736
20.716
20.710
20.703
20.702
20.715
20.705
20.691
20.678
20.666
20.637
20.620
20.609
20.605
20.601
20.607
20.599
20.593
20.588
20.578
20.561
20.557
20.555
20.551
20.559
20.556
20.545
20.532
20.520
20.500
20.487
20.483
20.471
20.464
20.471
20.459
20.448
20.437
20.428
20.412
20.399
20.390
20.373
20.359
20.349
20.342
20.337
20.331
20.319
20.307
20.303
20.300
20.298
20.311
20.307
20.303
20.298
20.284
20.268
20.239
20.226
20.217
20.218
20.217
20.211
20.205
20.202
20.189
20.178
20.171
20.166
20.175
20.169
20.154
20.142
20.137
20.129
20.105
20.099
20.083
20.077
20.076
20.079
20.074
20.068
20.062
20.053
20.044
20.032
20.017
20.001
19.994
19.984
19.975
19.958
19.946
19.922
19.911
19.906
19.901
19.904
19.903
19.897
19.891
19.885
19.867
19.845
19.837
19.830
19.822
19.825
19.817
19.806
19.794
19.781
19.747
19.736
19.728
19.715
19.704
19.690
19.680
19.672
19.662
19.641
19.621
19.606
19.597
19.592
19.606
19.597
19.590
19.575
19.567
19.561
19.554
19.542
19.520
19.504
19.488
19.480
19.472
19.466
19.452
19.432
19.422
19.416
19.409
19.412
19.399
19.386
19.369
19.360
19.337
19.333
19.348
19.351
19.350
19.345
19.336
19.322
19.306
19.284
19.280
19.274
19.262
19.250
19.236
19.218
19.213
19.209
19.204
19.166
19.177
19.167
19.158
19.152
19.143
19.133
19.126
19.112
19.092
19.074
19.055
19.028
19.001
18.984
18.965
18.950
18.942
18.930
18.900
18.900
18.888
18.872
18.846
18.828
18.813
18.797
18.784
18.777
18.762
18.774
18.768
18.762
18.751
18.743
18.731
18.717
18.708
18.681
18.701
18.698
18.689
18.680
18.666
18.661
18.650
18.638
18.624
18.606
18.602
18.586
18.567
18.543
18.530
18.518
18.506
18.493
18.459
18.469
18.450
18.433
18.417
18.393
18.368
18.341
18.325
18.306
18.277
18.279
18.264
18.250
18.240
18.233
18.219
18.204
18.194
18.188
18.161
18.172
18.158
18.155
18.152
18.141
18.127
18.110
18.089
18.058
18.051
18.045
18.044
18.056
18.053
18.049
18.045
18.041
18.024
18.015
18.008
18.001
17.997
18.005
17.999
17.993
17.989
17.983
17.957
17.960
17.965
17.952
17.935
17.918
17.904
17.886
17.873
17.857
17.845
17.826
17.809
17.793
17.778
17.764
17.755
17.743
17.733
17.708
17.698
17.685
17.682
17.689
17.691
17.688
17.677
17.676
17.660
17.648
17.647
17.635
17.625
17.613
17.607
17.603
17.593
17.582
17.551
17.541
17.533
17.528
17.527
17.523
17.518
17.506
17.497
17.489
17.479
17.469
17.449
17.432
17.418
17.400
17.385
17.365
17.353
17.328
17.312
17.293
17.273
17.270
17.267
17.259
17.249
17.247
17.236
17.226
17.224
17.210
17.196
17.198
17.189
17.176
17.168
17.161
17.139
17.136
17.140
17.133
17.126
17.114
17.102
17.087
17.074
17.059
17.044
17.041
17.035
17.029
17.039
17.026
17.016
16.998
16.981
16.978
16.971
16.969
16.957
16.951
16.935
16.925
16.912
16.894
16.872
16.846
16.837
16.834
16.826
16.828
16.820
16.803
16.790
16.781
16.753
16.740
16.736
16.730
16.746
16.724
16.713
16.700
16.687
16.676
16.657
16.652
16.643
16.638
16.626
16.604
16.592
16.583
16.571
16.542
16.546
16.541
16.540
16.529
16.516
16.504
16.497
16.486
16.465
16.440
16.429
16.415
16.384
16.372
16.363
16.357
16.343
16.333
16.292
16.301
16.290
16.274
16.257
16.244
16.218
16.201
16.194
16.188
16.170
16.166
16.153
16.148
16.142
16.128
16.114
16.105
16.091
16.054
16.058
16.044
16.022
15.993
15.978
15.975
15.973
15.967
15.949
15.924
15.917
15.908
15.903
15.891
15.879
15.871
15.856
15.838
15.830
15.820
15.803
15.789
15.782
15.762
15.748
15.738
15.728
15.720
15.703
15.714
15.711
15.708
15.700
15.696
15.686
15.679
15.669
15.656
15.644
15.634
15.623
15.614
15.620
15.612
15.601
15.588
15.579
15.554
15.539
15.540
15.525
15.511
15.496
15.491
15.486
15.481
15.470
15.452
15.442
15.431
15.423
15.424
15.410
15.394
15.388
15.380
15.361
15.348
15.344
15.340
15.357
15.348
15.346
15.344
15.327
15.312
15.295
15.294
15.282
15.270
15.268
15.255
15.247
15.237
15.227
15.212
15.181
15.154
15.128
15.107
15.104
15.100
15.092
15.080
15.061
15.034
15.025
15.023
15.009
14.992
14.980
14.969
14.962
14.948
14.932
14.918
14.912
14.901
14.897
14.905
14.895
14.889
14.882
14.877
14.862
14.858
14.857
14.856
14.863
14.857
14.855
14.850
14.846
14.841
14.829
14.820
14.809
14.802
14.807
14.803
14.794
14.786
14.783
14.771
14.769
14.765
14.763
14.768
14.772
14.772
14.771
14.771
14.771
14.758
14.751
14.735
14.670
14.647
14.636
14.624
14.615
14.601
14.589
14.580
14.564
14.541
14.528
14.517
14.503
14.487
14.475
14.461
14.453
14.445
14.436
14.434
14.445
14.440
14.439
14.435
14.434
14.426
14.421
14.421
14.429
14.429
14.429
14.428
14.428
14.426
14.426
14.418
14.419
14.422
14.417
14.409
14.400
14.392
14.382
14.378
14.365
14.366
14.364
14.357
14.355
14.353
14.344
14.339
14.331
14.317
14.298
14.289
14.286
14.279
14.270
14.266
14.265
14.258
14.246
14.233
14.222
14.215
14.195
14.198
14.190
14.181
14.171
14.160
14.143
14.082
14.049
14.026
14.021
14.015
14.014
14.013
14.011
14.009
14.002
14.005
14.008
14.007
14.007
14.007
14.007
14.007
14.008
14.007
13.994
14.008
14.005
14.001
13.996
13.986
13.976
13.961
13.953
13.939
13.920
13.911
13.899
13.892
13.892
13.890
13.885
13.879
13.869
13.867
13.865
13.857
13.852
13.860
13.855
13.847
13.842
13.840
13.837
13.824
13.820
13.818
13.818
13.817
13.800
13.783
13.775
13.765
13.750
13.745
13.731
13.712
13.697
13.693
13.683
13.668
13.654
13.642
13.623
13.610
13.599
13.594
13.592
13.581
13.567
13.555
13.541
13.530
13.503
13.473
13.460
13.459
13.464
13.460
13.447
13.439
13.428
13.418
13.403
13.383
13.367
13.359
13.356
13.354
13.346
13.339
13.325
13.301
13.277
13.261
13.255
13.250
13.232
13.219
13.208
13.195
13.178
13.173
13.171
13.165
13.161
13.152
13.146
13.131
13.123
13.111
13.105
13.101
13.098
13.098
13.087
13.083
13.076
13.069
13.063
13.050
13.049
13.047
13.041
13.041
13.037
13.034
13.025
13.022
13.012
13.002
12.992
12.975
12.964
12.964
12.956
12.944
12.933
12.927
12.928
12.917
12.912
12.889
12.887
12.888
12.881
12.870
12.856
12.845
12.827
12.820
12.816
12.810
12.814
12.807
12.798
12.791
12.781
12.758
12.751
12.744
12.741
12.730
12.720
12.712
12.695
12.677
12.664
12.654
12.654
12.646
12.629
12.617
12.609
12.600
12.597
12.588
12.574
12.575
12.565
12.561
12.553
12.541
12.534
12.524
12.512
12.503
12.500
12.486
12.491
12.488
12.484
12.477
12.470
12.462
12.444
12.427
12.427
12.416
12.403
12.398
12.394
12.384
12.364
12.349
12.341
12.331
12.338
12.331
12.329
12.324
12.318
12.317
12.312
12.305
12.289
12.285
12.280
12.273
12.268
12.256
12.245
12.243
12.233
12.225
12.202
12.196
12.191
12.183
12.170
12.169
12.164
12.162
12.160
12.158
12.154
12.143
12.146
12.138
12.133
12.126
12.122
12.120
12.115
12.100
12.105
12.097
12.087
12.084
12.076
12.073
12.064
12.058
12.050
12.041
12.040
12.036
12.030
12.024
12.017
12.010
12.000
11.994
11.978
11.975
11.969
11.963
11.964
11.964
11.963
11.954
11.951
11.943
11.937
11.930
11.925
11.915
11.917
11.915
11.909
11.897
11.886
11.877
11.870
11.858
11.853
11.853
11.854
11.841
11.840
11.835
11.826
11.814
11.804
11.800
11.792
11.788
11.768
11.755
11.746
11.736
11.730
11.729
11.727
11.729
11.729
11.722
11.719
11.707
11.703
11.697
11.686
11.680
11.670
11.661
11.665
11.666
11.668
11.665
11.663
11.661
11.655
11.640
11.621
11.611
11.607
11.594
11.587
11.581
11.573
11.572
11.570
11.557
11.548
11.547
11.547
11.544
11.536
11.532
11.523
11.511
11.508
11.500
11.475
11.463
11.450
11.434
11.412
11.399
11.377
11.375
11.373
11.368
11.371
11.366
11.363
11.355
11.347
11.335
11.318
11.303
11.285
11.274
11.274
11.269
11.265
11.255
11.243
11.237
11.234
11.219
11.214
11.214
11.206
11.203
11.197
11.194
11.192
11.184
11.177
11.168
11.171
11.169
11.163
11.157
11.150
11.143
11.133
11.134
11.129
11.121
11.113
11.102
11.095
11.090
11.086
11.076
11.067
11.052
11.044
11.037
11.023
11.005
10.988
10.982
10.975
10.969
10.972
10.967
10.962
10.950
10.940
10.938
10.935
10.928
10.922
10.914
10.908
10.900
10.896
10.887
10.876
10.866
10.853
10.852
10.847
10.841
10.836
10.828
10.828
10.825
10.815
10.803
10.793
10.772
10.765
10.766
10.762
10.755
10.748
10.743
10.742
10.738
10.734
10.725
10.725
10.714
10.706
10.697
10.693
10.692
10.685
10.681
10.680
10.666
10.670
10.669
10.669
10.667
10.665
10.666
10.657
10.653
10.647
10.645
10.638
10.624
10.620
10.621
10.620
10.616
10.609
10.601
10.596
10.594
10.588
10.569
10.562
10.559
10.555
10.548
10.547
10.535
10.528
10.520
10.505
10.505
10.498
10.490
10.486
10.474
10.463
10.450
10.447
10.442
10.437
10.429
10.418
10.406
10.389
10.378
10.364
10.355
10.338
10.326
10.321
10.312
10.300
10.288
10.272
10.255
10.243
10.241
10.225
10.215
10.205
10.191
10.181
10.174
10.159
10.144
10.132
10.126
10.122
10.117
10.107
10.104
10.091
10.076
10.063
10.049
10.035
10.033
10.029
10.027
10.019
10.005
9.994
9.984
9.975
9.972
9.962
9.949
9.946
9.943
9.937
9.929
9.922
9.907
9.894
9.880
9.867
9.863
9.855
9.846
9.831
9.819
9.811
9.796
9.790
9.780
9.778
9.774
9.769
9.766
9.762
9.760
9.753
9.750
9.741
9.730
9.722
9.717
9.711
9.702
9.691
9.684
9.672
9.666
9.656
9.646
9.627
9.596
9.576
9.569
9.568
9.565
9.558
9.560
9.561
9.552
9.546
9.541
9.535
9.532
9.529
9.522
9.525
9.521
9.516
9.506
9.495
9.485
9.474
9.469
9.464
9.460
9.448
9.436
9.432
9.424
9.422
9.416
9.410
9.402
9.385
9.375
9.370
9.363
9.361
9.349
9.336
9.327
9.322
9.312
9.302
9.290
9.280
9.270
9.260
9.253
9.246
9.240
9.228
9.215
9.207
9.193
9.177
9.165
9.154
9.143
9.131
9.107
9.088
9.075
9.053
9.024
9.019
9.015
9.009
9.000
8.991
8.982
8.972
8.964
8.955
8.952
8.945
8.935
8.928
8.917
8.900
8.897
8.890
8.887
8.880
8.871
8.865
8.864
8.862
8.858
8.850
8.838
8.828
8.817
8.812
8.809
8.803
8.800
8.795
8.791
8.783
8.785
8.780
8.779
8.777
8.777
8.772
8.763
8.746
8.726
8.713
8.707
8.704
8.693
8.680
8.668
8.656
8.646
8.642
8.635
8.630
8.623
8.615
8.606
8.591
8.579
8.566
8.557
8.553
8.549
8.545
8.530
8.502
8.490
8.484
8.473
8.461
8.458
8.443
8.423
8.410
8.398
8.386
8.369
8.351
8.334
8.325
8.317
8.310
8.310
8.310
8.309
8.313
8.310
8.290
8.273
8.268
8.264
8.264
8.262
8.250
8.246
8.240
8.229
8.224
8.216
8.207
8.195
8.179
8.167
8.155
8.154
8.144
8.137
8.130
8.120
8.107
8.092
8.081
8.073
8.063
8.050
8.037
8.026
8.019
8.011
8.002
7.988
7.975
7.969
7.964
7.959
7.956
7.952
7.947
7.934
7.924
7.917
7.908
7.895
7.885
7.880
7.878
7.867
7.849
7.842
7.840
7.838
7.838
7.837
7.836
7.826
7.817
7.816
7.815
7.814
7.813
7.803
7.795
7.792
7.784
7.776
7.765
7.753
7.736
7.727
7.719
7.713
7.704
7.684
7.668
7.663
7.655
7.648
7.635
7.624
7.613
7.600
7.591
7.582
7.569
7.551
7.542
7.532
7.530
7.520
7.512
7.507
7.498
7.485
7.475
7.464
7.455
7.446
7.438
7.428
7.419
7.409
7.394
7.385
7.378
7.370
7.361
7.359
7.354
7.349
7.349
7.345
7.336
7.330
7.324
7.315
7.310
7.304
7.296
7.281
7.261
7.244
7.239
7.238
7.237
7.235
7.230
7.223
7.214
7.200
7.191
7.188
7.178
7.164
7.153
7.146
7.138
7.129
7.117
7.106
7.097
7.081
7.062
7.054
7.043
7.043
7.042
7.035
7.031
7.022
7.018
7.007
7.000
6.989
6.968
6.958
6.949
6.946
6.942
6.935
6.934
6.925
6.918
6.913
6.909
6.909
6.900
6.891
6.881
6.870
6.862
6.857
6.848
6.838
6.824
6.812
6.798
6.788
6.779
6.768
6.755
6.746
6.735
6.726
6.722
6.711
6.683
6.673
6.669
6.659
6.642
6.633
6.628
6.617
6.606
6.594
6.582
6.577
6.564
6.555
6.542
6.531
6.526
6.519
6.513
6.503
6.494
6.488
6.485
6.482
6.474
6.464
6.441
6.433
6.428
6.421
6.420
6.415
6.399
6.386
6.384
6.375
6.372
6.371
6.363
6.360
6.354
6.346
6.336
6.331
6.319
6.311
6.303
6.299
6.288
6.278
6.274
6.267
6.259
6.252
6.250
6.233
6.220
6.220
6.219
6.215
6.211
6.195
6.177
6.167
6.164
6.153
6.146
6.142
6.140
6.128
6.118
6.116
6.108
6.100
6.091
6.089
6.081
6.077
6.067
6.056
6.044
6.040
6.033
6.021
6.007
5.999
5.987
5.974
5.969
5.968
5.965
5.957
5.953
5.946
5.945
5.939
5.934
5.931
5.920
5.914
5.912
5.911
5.908
5.907
5.904
5.899
5.896
5.891
5.886
5.884
5.884
5.883
5.879
5.877
5.873
5.872
5.872
5.870
5.866
5.863
5.863
5.861
5.859
5.859
5.859
5.857
5.855
5.852
5.847
5.847
5.843
5.839
5.839
5.836
5.835
5.835
5.833
5.831
5.830
5.829
5.827
5.826
5.824
5.823
5.823
5.821
5.821
5.819
5.818
5.816
5.814
5.813
5.812
5.811
5.811
5.809
5.808
5.806
5.805
5.804
5.801
5.798
5.798
5.798
5.797
5.796
5.794
5.790
5.787
5.786
5.786
5.785
5.784
5.783
5.782
5.779
5.774
5.774
5.774
5.770
5.769
5.766
5.762
5.762
5.762
5.759
5.755
5.754
5.753
5.751
5.750
5.750
5.750
5.750
5.749
5.747
5.743
5.738
5.737
5.735
5.734
5.730
5.729
5.725
5.725
5.725
5.724
5.723
5.720
5.719
5.715
5.713
5.713
5.711
5.707
5.703
5.701
5.700
5.698
5.697
5.695
5.693
5.688
5.686
5.684
5.682
5.680
5.680
5.681
5.682
5.680
5.681
5.681
5.680
5.680
5.681
5.680
5.681
5.681
5.680
5.680
5.681
5.680
5.680
5.680
5.681
5.681
5.681
5.680
5.681
5.681
5.680
5.681
5.681
5.680
5.680
5.681
5.680
5.681
5.680
5.680
5.680
5.681
5.681
5.681
5.680
5.680
5.680
5.680
5.681
5.681
5.680
5.679
5.680
5.680
5.680
5.680
5.680
5.680
5.680
5.681
5.681
5.680
5.681
5.680
5.681
5.679
5.679
5.680
5.680
5.680
5.680
5.679
5.679
5.679
5.680
5.680
5.680
5.681
5.681
5.681
5.681
5.681
5.681
5.680
5.681
5.681
5.680
5.681
5.681
5.681
5.681
5.681
5.681
5.680
5.681
5.681
5.680
5.681
5.680
5.680
5.680
5.680
5.681
5.681
5.681
5.681
5.680
5.680
5.681
5.680
5.681
5.680
5.680
5.680
5.681
5.680
5.679
5.680
