20.328
20.324
20.324
20.326
20.325
20.329
20.324
20.328
20.326
20.326
20.329
20.326
20.326
20.327
20.328
20.327
20.327
20.326
20.327
20.327
20.329
20.327
20.329
20.329
20.329
20.327
20.329
20.327
20.329
20.328
20.330
20.330
20.329
20.332
20.330
20.332
20.329
20.332
20.332
20.334
20.332
20.332
20.332
20.333
20.332
20.333
20.334
20.333
20.334
20.335
20.334
20.335
20.336
20.336
20.336
20.335
20.337
20.338
20.338
20.337
20.339
20.338
20.338
20.339
20.338
20.336
20.337
20.338
20.340
20.340
20.341
20.340
20.341
20.341
20.341
20.342
20.341
20.342
20.340
20.343
20.343
20.345
20.343
20.342
20.341
20.344
20.344
20.345
20.348
20.346
20.349
20.345
20.347
20.347
20.347
20.345
20.347
20.349
20.349
20.349
20.348
20.350
20.350
20.350
20.349
20.349
20.350
20.353
20.352
20.352
20.352
20.354
20.352
20.352
20.350
20.354
20.352
20.353
20.354
20.353
20.355
20.356
20.355
20.356
20.356
20.355
20.356
20.357
20.356
20.357
20.357
20.360
20.359
20.358
20.359
20.358
20.358
20.360
20.361
20.360
20.362
20.362
20.361
20.365
20.362
20.363
20.361
20.364
20.362
20.363
20.360
20.364
20.364
20.364
20.362
20.363
20.362
20.363
20.364
20.365
20.364
20.365
20.364
20.365
20.364
20.366
20.367
20.365
20.365
20.366
20.364
20.367
20.363
20.366
20.364
20.366
20.365
20.366
20.367
20.366
20.368
20.366
20.367
20.369
20.368
20.366
20.367
20.369
20.368
20.367
20.369
20.370
20.367
20.367
20.368
20.367
20.366
20.368
20.369
20.371
20.370
20.368
20.368
20.371
20.369
20.370
20.370
20.371
20.371
20.369
20.371
20.370
20.371
20.372
20.371
20.369
20.373
20.371
20.371
20.371
20.371
20.369
20.368
20.369
20.370
20.371
20.371
20.370
20.368
20.369
20.371
20.368
20.370
20.368
20.370
20.371
20.370
20.371
20.369
20.370
20.371
20.371
20.371
20.370
20.372
20.371
20.373
20.372
20.370
20.371
20.371
20.371
20.372
20.373
20.375
20.370
20.372
20.372
20.372
20.371
20.370
20.374
20.372
20.372
20.376
20.370
20.371
20.372
20.370
20.372
20.373
20.371
20.372
20.376
20.375
20.376
20.375
20.375
20.375
20.375
20.374
20.375
20.376
20.377
20.375
20.377
20.378
20.374
20.375
20.373
20.374
20.374
20.374
20.378
20.373
20.374
20.374
20.373
20.375
20.375
20.376
20.377
20.376
20.375
20.375
20.375
20.374
20.376
20.375
20.375
20.377
20.379
20.378
20.379
20.379
20.377
20.376
20.376
20.377
20.374
20.378
20.379
20.378
20.377
20.377
20.378
20.377
20.377
20.378
20.377
20.379
20.377
20.380
20.378
20.380
20.378
20.379
20.377
20.377
20.376
20.378
20.378
20.378
20.375
20.375
20.379
20.378
20.377
20.378
20.382
20.381
20.381
20.381
20.382
20.379
20.378
20.379
20.380
20.379
20.381
20.381
20.382
20.380
20.380
20.380
20.380
20.378
20.379
20.382
20.379
20.378
20.378
20.377
20.379
20.380
20.381
20.380
20.382
20.383
20.382
20.383
20.382
20.380
20.380
20.379
20.380
20.382
20.381
20.381
20.382
20.380
20.381
20.380
20.379
20.379
20.380
20.382
20.380
20.382
20.382
20.384
20.381
20.382
20.378
20.380
20.381
20.381
20.381
20.382
20.383
20.380
20.380
20.381
20.382
20.381
20.381
20.383
20.382
20.382
20.382
20.381
20.382
20.384
20.382
20.382
20.385
20.380
20.382
20.382
20.381
20.382
20.384
20.384
20.381
20.384
20.383
20.383
20.384
20.379
20.381
20.380
20.383
20.381
20.384
20.384
20.381
20.382
20.383
20.382
20.381
20.382
20.384
20.382
20.384
20.386
20.384
20.382
20.383
20.384
20.383
20.385
20.385
20.382
20.386
20.383
20.382
20.383
20.382
20.381
20.382
20.384
20.381
20.384
20.384
20.384
20.385
20.383
20.384
20.383
20.384
20.382
20.383
20.382
20.385
20.385
20.385
20.383
20.385
20.382
20.385
20.381
20.384
20.384
20.383
20.385
20.383
20.385
20.382
20.383
20.385
20.385
20.385
20.388
20.387
20.386
20.386
20.386
20.382
20.382
20.385
20.384
20.384
20.385
20.381
20.384
20.382
20.384
20.385
20.382
20.383
20.384
20.385
20.388
20.385
20.385
20.385
20.385
20.385
20.383
20.385
20.385
20.386
20.386
20.387
20.384
20.385
20.383
20.382
20.385
20.383
20.387
20.386
20.387
20.386
20.385
20.382
20.383
20.386
20.385
20.385
20.385
20.387
20.386
20.383
20.383
20.383
20.385
20.384
20.384
20.387
20.385
20.386
20.385
20.385
20.383
20.386
20.384
20.384
20.387
20.388
20.389
20.387
20.385
20.384
20.387
20.383
20.385
20.384
20.386
20.386
20.388
20.388
20.384
20.383
20.386
20.383
20.386
20.385
20.384
20.387
20.386
20.385
20.383
20.384
20.385
20.383
20.382
20.384
20.383
20.385
20.385
20.384
20.385
20.382
20.383
20.383
20.383
20.381
20.381
20.383
20.384
20.384
20.384
20.384
20.384
20.382
20.380
20.384
20.383
20.385
20.384
20.386
20.383
20.384
20.382
20.383
20.386
20.383
20.384
20.385
20.383
20.382
20.383
20.384
20.382
20.385
20.384
20.383
20.382
20.382
20.383
20.382
20.383
20.385
20.380
20.383
20.384
20.383
20.383
20.382
20.384
20.382
20.382
20.383
20.384
20.385
20.384
20.381
20.383
20.381
20.383
20.382
20.382
20.384
20.382
20.385
20.382
20.381
20.385
20.383
20.384
20.382
20.383
20.381
20.382
20.383
20.386
20.384
20.382
20.382
20.383
20.381
20.382
20.385
20.383
20.382
20.382
20.381
20.381
20.381
20.381
20.380
20.384
20.384
20.382
20.381
20.382
20.383
20.381
20.380
20.383
20.382
20.384
20.382
20.382
20.380
20.380
20.381
20.383
20.382
20.383
20.383
20.384
20.382
20.380
20.381
20.380
20.381
20.384
20.382
20.382
20.384
20.383
20.383
20.384
20.382
20.379
20.381
20.382
20.382
20.382
20.384
20.385
20.386
20.384
20.381
20.383
20.384
20.383
20.384
20.384
20.387
20.385
20.385
20.384
20.383
20.382
20.381
20.382
20.380
20.384
20.383
20.382
20.384
20.382
20.379
20.381
20.382
20.381
20.382
20.386
20.385
20.387
20.383
20.380
20.380
20.384
20.383
20.381
20.383
20.382
20.387
20.385
20.384
20.382
20.382
20.380
20.385
20.381
20.386
20.383
20.383
20.381
20.381
20.381
20.380
20.380
20.381
20.383
20.381
20.383
20.381
20.382
20.383
20.382
20.380
20.384
20.381
20.386
20.384
20.383
20.383
20.382
20.381
20.382
20.381
20.381
20.384
20.384
20.382
20.383
20.380
20.383
20.382
20.381
20.381
20.381
20.381
20.382
20.384
20.383
20.382
20.381
20.383
20.383
20.382
20.382
20.382
20.385
20.384
20.385
20.379
20.382
20.382
20.382
20.379
20.382
20.381
20.382
20.383
20.380
20.383
20.381
20.380
20.380
20.384
20.382
20.385
20.382
20.381
20.383
20.380
20.382
20.381
20.384
20.384
20.381
20.381
20.382
20.384
20.383
20.382
20.383
20.384
20.385
20.381
20.384
20.382
20.381
20.382
20.383
20.383
20.383
20.384
20.381
20.387
20.382
20.379
20.382
20.382
20.382
20.381
20.382
20.382
20.381
20.380
20.380
20.381
20.383
20.383
20.380
20.381
20.381
20.384
20.381
20.380
20.381
20.384
20.382
20.383
20.380
20.380
20.384
20.383
20.380
20.379
20.379
20.381
20.382
20.383
20.381
20.383
20.385
20.383
20.382
20.381
20.384
20.382
20.381
20.383
20.381
20.382
20.383
20.384
20.381
20.382
20.383
20.382
20.381
20.381
20.383
20.382
20.381
20.380
20.382
20.380
20.381
20.380
20.381
20.383
20.384
20.383
20.381
20.382
20.382
20.383
20.383
20.383
20.383
20.383
20.386
20.384
20.387
20.386
20.383
20.383
20.384
20.383
20.385
20.384
20.387
20.383
20.382
20.383
20.382
20.382
20.384
20.383
20.386
20.382
20.384
20.384
20.385
20.384
20.384
20.381
20.382
20.384
20.383
20.385
20.385
20.387
20.384
20.384
20.383
20.384
20.381
20.383
20.383
20.385
20.385
20.385
20.384
20.383
20.383
20.384
20.384
20.383
20.384
20.383
20.385
20.386
20.383
20.384
20.382
20.384
20.382
20.382
20.382
20.384
20.385
20.384
20.383
20.385
20.383
20.385
20.383
20.384
20.382
20.385
20.386
20.388
20.383
20.385
20.385
20.386
20.384
20.386
20.387
20.385
20.385
20.384
20.386
20.382
20.384
20.384
20.386
20.385
20.385
20.388
20.385
20.384
20.384
20.386
20.386
20.389
20.388
20.386
20.387
20.386
20.385
20.386
20.386
20.386
20.383
20.387
20.386
20.386
20.387
20.385
20.386
20.385
20.385
20.386
20.385
20.385
20.387
20.385
20.384
20.382
20.386
20.385
20.385
20.388
20.388
20.386
20.385
20.385
20.384
20.386
20.385
20.388
20.387
20.389
20.387
20.387
20.386
20.388
20.387
20.387
20.387
20.389
20.387
20.387
20.386
20.386
20.384
20.387
20.386
20.386
20.383
20.386
20.385
20.388
20.385
20.386
20.386
20.384
20.386
20.384
20.385
20.385
20.384
20.387
20.386
20.387
20.386
20.386
20.388
20.387
20.387
20.387
20.387
20.387
20.387
20.386
20.387
20.387
20.387
20.387
20.387
20.388
20.387
20.386
20.386
20.385
20.387
20.386
20.387
20.386
20.385
20.388
20.386
20.386
20.387
20.389
20.386
20.388
20.386
20.387
20.388
20.385
20.387
20.387
20.390
20.389
20.387
20.387
20.389
20.387
20.388
20.387
20.389
20.391
20.389
20.390
20.388
20.390
20.388
20.389
20.389
20.389
20.390
20.385
20.388
20.388
20.388
20.388
20.388
20.391
20.389
20.390
20.390
20.388
20.388
20.390
20.390
20.388
20.390
20.391
20.391
20.389
20.386
20.387
20.387
20.389
20.388
20.390
20.390
20.390
20.389
20.388
20.389
20.388
20.388
20.389
20.389
20.386
20.391
20.387
20.388
20.388
20.389
20.391
20.389
20.389
20.392
20.391
20.391
20.392
20.390
20.390
20.387
20.390
20.389
20.387
20.389
20.389
20.392
20.393
20.392
20.390
20.388
20.391
20.392
20.391
20.391
20.395
20.394
20.389
20.390
20.391
20.391
20.392
20.390
20.393
20.394
20.394
20.391
20.391
20.390
20.390
20.390
20.391
20.388
20.390
20.390
20.389
20.390
20.389
20.390
20.390
20.390
20.390
20.393
20.392
20.391
20.391
20.390
20.387
20.390
20.389
20.391
20.392
20.392
20.392
20.388
20.390
20.388
20.390
20.390
20.391
20.392
20.393
20.389
20.390
20.389
20.392
20.392
20.392
20.390
20.392
20.391
20.390
20.393
20.392
20.392
20.390
20.393
20.391
20.392
20.390
20.391
20.392
20.392
20.392
20.393
20.391
20.391
20.390
20.392
20.392
20.390
20.391
20.391
20.390
20.391
20.393
20.393
20.390
20.391
20.394
20.391
20.390
20.390
20.389
20.392
20.390
20.392
20.391
20.392
20.392
20.393
20.391
20.390
20.394
20.390
20.392
20.391
20.391
20.391
20.391
20.395
20.391
20.393
20.391
20.392
20.394
20.393
20.391
20.391
20.391
20.392
20.393
20.392
20.393
20.392
20.392
20.394
20.391
20.392
20.391
20.392
20.393
20.394
20.391
20.392
20.391
20.396
20.392
20.392
20.391
20.392
20.393
20.393
20.391
20.392
20.392
20.395
20.391
20.393
20.391
20.392
20.391
20.391
20.391
20.392
20.394
20.390
20.392
20.396
20.395
20.393
20.391
20.391
20.393
20.390
20.393
20.393
20.389
20.392
20.393
20.392
20.393
20.394
20.393
20.394
20.397
20.397
20.395
20.394
20.391
20.395
20.392
20.393
20.395
20.395
20.399
20.395
20.395
20.393
20.391
20.392
20.392
20.393
20.396
20.396
20.395
20.398
20.395
20.393
20.393
20.394
20.395
20.395
20.396
20.397
20.394
20.393
20.392
20.392
20.392
20.392
20.392
20.393
20.395
20.391
20.391
20.393
20.394
20.393
20.393
20.393
20.395
20.395
20.399
20.399
20.394
20.394
20.395
20.394
20.394
20.395
20.396
20.397
20.397
20.397
20.399
20.394
20.394
20.392
20.393
20.391
20.399
20.397
20.398
20.396
20.393
20.394
20.392
20.393
20.394
20.393
20.395
20.394
20.398
20.399
20.391
20.394
20.392
20.392
20.395
20.399
20.397
20.390
20.391
20.395
20.394
20.393
20.393
20.393
20.395
20.396
20.394
20.393
20.393
20.394
20.395
20.397
20.394
20.394
20.396
20.394
20.393
20.394
20.393
20.394
20.394
20.394
20.392
20.397
20.395
20.396
20.396
20.394
20.396
20.393
20.394
20.393
20.395
20.394
20.394
20.395
20.396
20.393
20.393
20.393
20.395
20.395
20.396
20.397
20.395
20.394
20.395
20.395
20.394
20.393
20.395
20.394
20.396
20.394
20.400
20.396
20.395
20.394
20.392
20.394
20.395
20.394
20.400
20.394
20.394
20.394
20.395
20.397
20.396
20.397
20.394
20.398
20.394
20.396
20.397
20.393
20.397
20.392
20.397
20.393
20.394
20.396
20.395
20.395
20.393
20.395
20.397
20.393
20.393
20.394
20.399
20.399
20.396
20.394
20.396
20.394
20.397
20.395
20.396
20.395
20.393
20.396
20.401
20.401
20.396
20.395
20.394
20.395
20.398
20.396
20.399
20.401
20.399
20.400
20.397
20.395
20.396
20.398
20.396
20.400
20.400
20.400
20.400
20.397
20.396
20.397
20.396
20.396
20.397
20.401
20.401
20.400
20.396
20.395
20.395
20.398
20.396
20.398
20.401
20.401
20.398
20.397
20.396
20.395
20.396
20.396
20.398
20.398
20.400
20.400
20.400
20.402
20.397
20.398
20.396
20.399
20.396
20.401
20.400
20.397
20.396
20.397
20.396
20.396
20.397
20.397
20.397
20.400
20.399
20.398
20.398
20.396
20.395
20.396
20.393
20.395
20.398
20.397
20.398
20.399
20.400
20.395
20.396
20.399
20.398
20.399
20.401
20.401
20.401
20.395
20.396
20.395
20.396
20.396
20.394
20.399
20.400
20.401
20.401
20.401
20.397
20.396
20.398
20.396
