1.699
1.698
1.697
1.697
1.696
1.696
1.696
1.695
1.694
1.693
1.694
1.694
1.692
1.692
1.691
1.691
1.691
1.690
1.689
1.690
1.689
1.688
1.687
1.687
1.684
1.684
1.683
1.683
1.682
1.681
1.681
1.681
1.681
1.681
1.680
1.680
1.678
1.678
1.677
1.676
1.675
1.674
1.673
1.672
1.671
1.671
1.670
1.669
1.669
1.669
1.668
1.668
1.666
1.667
1.664
1.663
1.663
1.663
1.662
1.661
1.661
1.660
1.659
1.660
1.659
1.658
1.658
1.658
1.657
1.656
1.656
1.656
1.655
1.655
1.654
1.653
1.652
1.652
1.650
1.650
1.649
1.650
1.649
1.648
1.648
1.647
1.647
1.646
1.644
1.645
1.644
1.643
1.643
1.643
1.641
1.640
1.640
1.639
1.638
1.638
1.637
1.636
1.635
1.634
1.633
1.633
1.632
1.630
1.630
1.629
1.629
1.628
1.628
1.627
1.627
1.627
1.626
1.624
1.624
1.623
1.623
1.622
1.622
1.621
1.621
1.620
1.620
1.618
1.617
1.616
1.615
1.614
1.612
1.611
1.610
1.609
1.609
1.608
1.607
1.606
1.604
1.603
1.602
1.602
1.602
1.601
1.600
1.599
1.598
1.597
1.596
1.595
1.594
1.593
1.593
1.592
1.592
1.591
1.591
1.590
1.590
1.589
1.589
1.588
1.586
1.585
1.584
1.584
1.584
1.582
1.584
1.583
1.583
1.583
1.581
1.580
1.579
1.579
1.578
1.577
1.577
1.574
1.574
1.572
1.572
1.572
1.571
1.570
1.568
1.567
1.566
1.565
1.566
1.565
1.564
1.562
1.561
1.559
1.558
1.556
1.555
1.554
1.553
1.552
1.551
1.550
1.549
1.548
1.546
1.544
1.544
1.542
1.541
1.540
1.538
1.538
1.538
1.538
1.537
1.537
1.537
1.536
1.535
1.533
1.532
1.532
1.531
1.531
1.530
1.529
1.528
1.527
1.527
1.525
1.524
1.523
1.523
1.522
1.520
1.519
1.519
1.518
1.516
1.516
1.515
1.514
1.513
1.511
1.510
1.508
1.505
1.504
1.503
1.502
1.499
1.498
1.497
1.496
1.494
1.493
1.493
1.492
1.492
1.491
1.490
1.488
1.487
1.487
1.488
1.487
1.486
1.485
1.483
1.482
1.482
1.483
1.483
1.482
1.482
1.481
1.481
1.481
1.480
1.480
1.480
1.479
1.478
1.478
1.477
1.477
1.477
1.476
1.476
1.475
1.475
1.473
1.471
1.470
1.469
1.469
1.467
1.465
1.465
1.463
1.462
1.461
1.459
1.458
1.456
1.455
1.455
1.454
1.453
1.452
1.452
1.451
1.451
1.451
1.451
1.451
1.450
1.450
1.449
1.448
1.447
1.446
1.446
1.446
1.445
1.444
1.444
1.443
1.442
1.440
1.440
1.440
1.439
1.439
1.438
1.437
1.436
1.435
1.433
1.432
1.431
1.430
1.429
1.426
1.425
1.424
1.423
1.421
1.420
1.419
1.418
1.417
1.416
1.416
1.416
1.416
1.416
1.415
1.414
1.414
1.413
1.412
1.411
1.411
1.410
1.411
1.410
1.409
1.408
1.408
1.406
1.406
1.405
1.404
1.404
1.403
1.403
1.402
1.401
1.401
1.400
1.398
1.396
1.396
1.396
1.395
1.395
1.394
1.394
1.392
1.390
1.389
1.388
1.387
1.387
1.386
1.385
1.384
1.383
1.382
1.381
1.380
1.378
1.378
1.378
1.377
1.377
1.376
1.375
1.374
1.373
1.372
1.372
1.369
1.369
1.369
1.368
1.367
1.366
1.365
1.364
1.363
1.362
1.362
1.360
1.360
1.359
1.358
1.358
1.356
1.354
1.353
1.350
1.350
1.349
1.346
1.345
1.345
1.344
1.343
1.341
1.341
1.340
1.339
1.337
1.336
1.334
1.333
1.332
1.332
1.332
1.331
1.330
1.329
1.329
1.327
1.326
1.325
1.325
1.323
1.321
1.319
1.318
1.317
1.315
1.315
1.315
1.314
1.313
1.312
1.311
1.309
1.309
1.308
1.307
1.306
1.306
1.304
1.303
1.303
1.302
1.300
1.299
1.298
1.297
1.296
1.295
1.295
1.295
1.295
1.295
1.294
1.294
1.293
1.292
1.292
1.291
1.290
1.290
1.288
1.287
1.287
1.286
1.286
1.285
1.284
1.283
1.282
1.281
1.279
1.279
1.278
1.276
1.276
1.276
1.276
1.275
1.274
1.274
1.272
1.271
1.271
1.270
1.270
1.269
1.267
1.266
1.265
1.265
1.265
1.265
1.265
1.265
1.265
1.263
1.262
1.262
1.262
1.261
1.260
1.259
1.258
1.258
1.257
1.255
1.255
1.252
1.250
1.248
1.247
1.246
1.246
1.245
1.244
1.243
1.241
1.240
1.239
1.238
1.237
1.236
1.235
1.234
1.233
1.232
1.232
1.232
1.231
1.231
1.230
1.230
1.229
1.229
1.229
1.229
1.228
1.228
1.228
1.228
1.227
1.226
1.226
1.226
1.225
1.225
1.225
1.225
1.224
1.223
1.223
1.222
1.222
1.221
1.221
1.221
1.221
1.221
1.221
1.221
1.221
1.221
1.221
1.221
1.220
1.218
1.217
1.211
1.209
1.209
1.207
1.207
1.206
1.205
1.204
1.203
1.202
1.201
1.200
1.198
1.196
1.196
1.195
1.195
1.194
1.194
1.194
1.194
1.194
1.194
1.194
1.194
1.194
1.193
1.194
1.193
1.193
1.193
1.193
1.193
1.193
1.193
1.193
1.193
1.193
1.193
1.192
1.192
1.191
1.190
1.190
1.189
1.189
1.189
1.188
1.188
1.187
1.186
1.186
1.185
1.184
1.184
1.183
1.182
1.181
1.181
1.180
1.180
1.180
1.179
1.178
1.178
1.177
1.176
1.176
1.175
1.174
1.173
1.172
1.170
1.166
1.162
1.160
1.160
1.160
1.161
1.161
1.161
1.161
1.161
1.161
1.161
1.161
1.161
1.161
1.161
1.161
1.161
1.161
1.161
1.161
1.161
1.160
1.160
1.159
1.158
1.158
1.156
1.155
1.154
1.153
1.152
1.152
1.152
1.152
1.152
1.151
1.150
1.150
1.150
1.149
1.149
1.149
1.149
1.148
1.147
1.147
1.147
1.146
1.147
1.146
1.146
1.146
1.144
1.143
1.142
1.142
1.141
1.141
1.140
1.138
1.137
1.136
1.134
1.133
1.132
1.131
1.131
1.130
1.129
1.128
1.127
1.126
1.126
1.125
1.124
1.123
1.121
1.119
1.118
1.118
1.118
1.118
1.117
1.116
1.115
1.114
1.113
1.112
1.110
1.109
1.109
1.109
1.108
1.108
1.106
1.105
1.104
1.103
1.102
1.100
1.099
1.097
1.096
1.095
1.095
1.095
1.095
1.094
1.094
1.093
1.092
1.091
1.091
1.090
1.090
1.090
1.089
1.089
1.088
1.088
1.088
1.087
1.087
1.087
1.086
1.086
1.085
1.085
1.084
1.083
1.083
1.082
1.082
1.081
1.080
1.079
1.079
1.078
1.077
1.076
1.076
1.075
1.075
1.075
1.074
1.073
1.072
1.072
1.071
1.070
1.069
1.068
1.068
1.067
1.067
1.066
1.066
1.065
1.065
1.064
1.063
1.062
1.062
1.061
1.060
1.059
1.059
1.058
1.057
1.056
1.055
1.054
1.054
1.053
1.052
1.051
1.050
1.050
1.050
1.049
1.049
1.048
1.047
1.046
1.046
1.046
1.044
1.043
1.043
1.042
1.042
1.041
1.041
1.041
1.041
1.040
1.039
1.039
1.038
1.037
1.036
1.035
1.034
1.034
1.034
1.033
1.031
1.030
1.030
1.030
1.030
1.030
1.030
1.029
1.029
1.028
1.028
1.028
1.027
1.026
1.025
1.025
1.023
1.023
1.022
1.022
1.022
1.022
1.021
1.020
1.018
1.018
1.017
1.017
1.017
1.016
1.016
1.016
1.015
1.015
1.015
1.014
1.014
1.014
1.014
1.013
1.013
1.013
1.012
1.012
1.011
1.011
1.010
1.010
1.009
1.008
1.008
1.008
1.008
1.007
1.007
1.006
1.006
1.005
1.004
1.004
1.003
1.002
1.002
1.002
1.001
1.001
1.001
1.000
1.000
1.000
1.000
0.999
0.998
0.998
0.997
0.997
0.996
0.995
0.994
0.993
0.993
0.993
0.992
0.992
0.991
0.991
0.991
0.990
0.990
0.989
0.988
0.988
0.988
0.986
0.985
0.984
0.983
0.982
0.983
0.983
0.982
0.982
0.982
0.981
0.981
0.981
0.980
0.980
0.979
0.979
0.978
0.978
0.977
0.978
0.978
0.978
0.977
0.977
0.977
0.975
0.974
0.974
0.972
0.972
0.972
0.971
0.970
0.970
0.970
0.970
0.968
0.968
0.968
0.967
0.967
0.967
0.966
0.965
0.964
0.963
0.963
0.961
0.960
0.958
0.956
0.955
0.954
0.954
0.954
0.954
0.954
0.953
0.952
0.952
0.952
0.951
0.950
0.949
0.947
0.946
0.946
0.946
0.946
0.945
0.944
0.943
0.943
0.943
0.942
0.942
0.942
0.941
0.941
0.941
0.940
0.940
0.939
0.939
0.939
0.939
0.938
0.938
0.937
0.937
0.937
0.936
0.936
0.935
0.934
0.933
0.932
0.932
0.931
0.931
0.929
0.928
0.928
0.927
0.926
0.925
0.924
0.923
0.923
0.923
0.923
0.922
0.922
0.921
0.920
0.920
0.920
0.919
0.918
0.918
0.917
0.917
0.916
0.915
0.914
0.914
0.913
0.913
0.913
0.913
0.913
0.913
0.913
0.912
0.911
0.911
0.909
0.908
0.908
0.907
0.907
0.907
0.906
0.906
0.906
0.905
0.905
0.905
0.905
0.904
0.903
0.902
0.902
0.902
0.902
0.901
0.901
0.901
0.901
0.901
0.901
0.901
0.900
0.900
0.900
0.899
0.899
0.899
0.898
0.898
0.897
0.897
0.897
0.896
0.896
0.895
0.894
0.894
0.893
0.892
0.891
0.891
0.891
0.890
0.890
0.890
0.889
0.888
0.887
0.886
0.886
0.886
0.885
0.884
0.883
0.883
0.882
0.882
0.881
0.880
0.880
0.879
0.878
0.877
0.876
0.875
0.874
0.873
0.872
0.871
0.871
0.870
0.869
0.867
0.867
0.866
0.865
0.864
0.864
0.863
0.862
0.861
0.860
0.858
0.857
0.856
0.856
0.855
0.855
0.854
0.854
0.852
0.851
0.851
0.849
0.849
0.849
0.848
0.847
0.847
0.845
0.844
0.844
0.844
0.843
0.842
0.841
0.841
0.841
0.840
0.840
0.839
0.838
0.837
0.836
0.835
0.835
0.835
0.834
0.833
0.832
0.832
0.831
0.831
0.830
0.830
0.829
0.829
0.829
0.829
0.828
0.828
0.827
0.827
0.826
0.825
0.825
0.824
0.823
0.823
0.822
0.822
0.821
0.819
0.817
0.815
0.813
0.813
0.813
0.813
0.812
0.812
0.812
0.812
0.811
0.810
0.810
0.809
0.809
0.809
0.809
0.809
0.808
0.808
0.807
0.807
0.806
0.805
0.804
0.804
0.804
0.803
0.802
0.801
0.801
0.800
0.800
0.799
0.799
0.798
0.798
0.797
0.797
0.796
0.796
0.795
0.795
0.794
0.793
0.792
0.791
0.790
0.789
0.789
0.788
0.787
0.786
0.785
0.785
0.784
0.782
0.781
0.779
0.779
0.778
0.776
0.775
0.773
0.772
0.770
0.770
0.769
0.769
0.768
0.768
0.768
0.767
0.766
0.765
0.765
0.765
0.764
0.763
0.762
0.762
0.761
0.761
0.761
0.760
0.759
0.759
0.759
0.758
0.758
0.758
0.758
0.756
0.756
0.755
0.755
0.755
0.754
0.754
0.754
0.753
0.753
0.753
0.752
0.752
0.752
0.751
0.751
0.749
0.748
0.747
0.746
0.745
0.744
0.744
0.743
0.742
0.741
0.740
0.740
0.740
0.740
0.739
0.738
0.737
0.736
0.735
0.735
0.735
0.734
0.734
0.733
0.731
0.730
0.730
0.729
0.728
0.727
0.726
0.725
0.724
0.723
0.722
0.721
0.719
0.717
0.717
0.716
0.716
0.716
0.716
0.716
0.716
0.716
0.714
0.713
0.713
0.713
0.713
0.713
0.711
0.710
0.709
0.709
0.708
0.708
0.707
0.707
0.705
0.704
0.704
0.703
0.702
0.702
0.701
0.700
0.699
0.699
0.698
0.697
0.696
0.696
0.695
0.694
0.693
0.693
0.692
0.691
0.690
0.690
0.689
0.689
0.689
0.688
0.688
0.687
0.686
0.685
0.685
0.683
0.683
0.682
0.682
0.682
0.680
0.680
0.680
0.680
0.680
0.680
0.680
0.679
0.679
0.679
0.678
0.678
0.678
0.677
0.676
0.676
0.675
0.674
0.673
0.672
0.671
0.670
0.669
0.669
0.668
0.666
0.665
0.665
0.664
0.664
0.663
0.662
0.661
0.660
0.660
0.659
0.658
0.657
0.656
0.656
0.655
0.654
0.654
0.654
0.653
0.652
0.651
0.651
0.650
0.649
0.648
0.648
0.647
0.646
0.645
0.644
0.644
0.643
0.643
0.642
0.642
0.642
0.641
0.641
0.640
0.639
0.638
0.638
0.637
0.637
0.636
0.635
0.633
0.633
0.632
0.632
0.632
0.632
0.632
0.631
0.630
0.629
0.629
0.628
0.628
0.627
0.626
0.626
0.625
0.624
0.623
0.622
0.622
0.620
0.619
0.618
0.618
0.618
0.617
0.617
0.617
0.616
0.615
0.614
0.614
0.613
0.611
0.610
0.610
0.610
0.610
0.609
0.609
0.608
0.608
0.607
0.607
0.607
0.606
0.605
0.604
0.603
0.602
0.602
0.601
0.601
0.600
0.598
0.597
0.597
0.596
0.595
0.594
0.593
0.593
0.592
0.592
0.591
0.590
0.589
0.589
0.588
0.586
0.585
0.585
0.585
0.584
0.583
0.581
0.581
0.580
0.580
0.579
0.578
0.578
0.577
0.577
0.576
0.575
0.575
0.575
0.574
0.573
0.572
0.571
0.570
0.570
0.569
0.569
0.569
0.568
0.567
0.567
0.566
0.565
0.565
0.564
0.564
0.563
0.562
0.562
0.561
0.560
0.560
0.559
0.559
0.558
0.558
0.558
0.557
0.557
0.557
0.556
0.555
0.554
0.554
0.554
0.554
0.553
0.552
0.551
0.550
0.550
0.549
0.548
0.548
0.548
0.547
0.546
0.546
0.546
0.545
0.544
0.544
0.543
0.543
0.542
0.541
0.541
0.540
0.539
0.539
0.538
0.537
0.537
0.536
0.535
0.535
0.535
