
6.042
6.058
6.077
6.085
6.096
6.108
6.124
6.139
6.152
6.174
6.181
6.186
6.188
6.195
6.208
6.215
6.226
6.247
6.261
6.282
6.306
6.331
6.352
6.366
6.381
6.395
6.418
6.439
6.468
6.485
6.501
6.520
6.532
6.552
6.574
6.588
6.599
6.619
6.633
6.641
6.651
6.673
6.704
6.723
6.729
6.733
6.740
6.750
6.759
6.764
6.770
6.772
6.775
6.781
6.789
6.799
6.807
6.818
6.828
6.850
6.873
6.896
6.909
6.926
6.937
6.952
6.960
6.967
6.978
6.995
7.008
7.019
7.031
7.042
7.046
7.052
7.060
7.080
7.105
7.123
7.129
7.144
7.162
7.174
7.179
7.198
7.223
7.234
7.239
7.247
7.256
7.263
7.275
7.284
7.293
7.310
7.332
7.353
7.377
7.407
7.425
7.444
7.458
7.479
7.504
7.520
7.531
7.544
7.555
7.565
7.572
7.578
7.581
7.583
7.591
7.599
7.614
7.626
7.646
7.664
7.678
7.698
7.711
7.720
7.734
7.746
7.762
7.777
7.799
7.810
7.820
7.842
7.858
7.863
7.865
7.874
7.879
7.887
7.901
7.913
7.924
7.932
7.945
7.952
7.958
7.959
7.959
7.960
7.966
7.968
7.974
7.983
7.998
8.008
8.013
8.016
8.014
8.020
8.022
8.032
8.043
8.055
8.059
8.063
8.069
8.073
8.078
8.081
8.081
8.089
8.104
8.111
8.118
8.123
8.130
8.134
8.142
8.151
8.158
8.172
8.179
8.189
8.194
8.203
8.205
8.215
8.231
8.244
8.252
8.269
8.286
8.300
8.313
8.324
8.330
8.337
8.349
8.363
8.380
8.392
8.401
8.410
8.420
8.432
8.445
8.455
8.460
8.467
8.472
8.476
8.484
8.485
8.489
8.496
8.517
8.539
8.546
8.556
8.557
8.569
8.583
8.605
8.620
8.641
8.652
8.661
8.677
8.692
8.705
8.719
8.729
8.742
8.759
8.771
8.780
8.789
8.802
8.813
8.826
8.845
8.862
8.871
8.877
8.885
8.890
8.905
8.921
8.931
8.937
8.948
8.951
8.954
8.962
8.991
9.013
9.034
9.060
9.087
9.114
9.138
9.143
9.143
9.143
9.157
9.169
9.182
9.197
9.216
9.239
9.247
9.261
9.265
9.274
9.282
9.290
9.300
9.306
9.319
9.325
9.330
9.345
9.355
9.363
9.371
9.379
9.387
9.404
9.413
9.418
9.436
9.452
9.464
9.486
9.514
9.535
9.545
9.559
9.574
9.588
9.592
9.596
9.597
9.601
9.606
9.607
9.610
9.616
9.617
9.630
9.641
9.689
9.705
9.712
9.717
9.725
9.741
9.753
9.758
9.774
9.778
9.781
9.781
9.782
9.783
9.784
9.785
9.779
9.786
9.786
9.786
9.790
9.791
9.797
9.805
9.814
9.816
9.818
9.832
9.845
9.863
9.891
9.919
9.944
9.960
9.976
9.989
9.999
10.006
10.022
10.041
10.055
10.066
10.080
10.098
10.110
10.119
10.123
10.130
10.134
10.146
10.160
10.169
10.174
10.180
10.179
10.181
10.186
10.193
10.203
10.214
10.218
10.221
10.229
10.235
10.235
10.240
10.242
10.245
10.250
10.254
10.260
10.267
10.278
10.279
10.286
10.291
10.291
10.303
10.313
10.327
10.339
10.353
10.367
10.376
10.389
10.404
10.421
10.437
10.451
10.466
10.485
10.494
10.507
10.515
10.528
10.533
10.542
10.559
10.566
10.573
10.582
10.587
10.590
10.602
10.617
10.631
10.641
10.646
10.654
10.657
10.662
10.669
10.672
10.681
10.687
10.693
10.696
10.700
10.704
10.706
10.711
10.709
10.714
10.718
10.722
10.731
10.738
10.745
10.754
10.766
10.776
10.792
10.805
10.808
10.820
10.840
10.861
10.897
10.921
10.936
10.937
10.941
10.947
10.952
10.962
10.973
10.983
10.991
10.994
11.000
11.011
11.018
11.021
11.022
11.029
11.035
11.038
11.052
11.060
11.070
11.084
11.097
11.109
11.125
11.147
11.170
11.190
11.212
11.236
11.264
11.312
11.360
11.394
11.422
11.443
11.456
11.483
11.507
11.511
11.511
11.516
11.510
11.520
11.518
11.518
11.520
11.519
11.520
11.519
11.522
11.520
11.535
11.539
11.548
11.553
11.558
11.560
11.554
11.570
11.584
11.584
11.591
11.598
11.605
11.609
11.613
11.621
11.618
11.633
11.638
11.646
11.649
11.657
11.663
11.671
11.688
11.694
11.712
11.726
11.728
11.731
11.737
11.743
11.750
11.755
11.757
11.767
11.784
11.795
11.796
11.809
11.811
11.815
11.819
11.829
11.832
11.839
11.848
11.853
11.855
11.861
11.865
11.871
11.876
11.880
11.882
11.898
11.902
11.908
11.914
11.918
11.926
11.938
11.952
11.957
11.958
11.970
11.977
11.986
11.988
11.996
12.002
12.012
12.022
12.026
12.033
12.042
12.048
12.054
12.065
12.071
12.073
12.081
12.082
12.085
12.093
12.097
12.098
12.103
12.114
12.117
12.121
12.124
12.129
12.134
12.145
12.155
12.160
12.177
12.186
12.192
12.195
12.196
12.195
12.196
12.211
12.222
12.245
12.265
12.277
12.285
12.293
12.305
12.305
12.309
12.315
12.319
12.336
12.348
12.354
12.365
12.379
12.390
12.400
12.411
12.425
12.434
12.442
12.454
12.463
12.470
12.475
12.480
12.487
12.492
12.495
12.503
12.513
12.523
12.527
12.531
12.536
12.537
12.544
12.542
12.549
12.563
12.568
12.570
12.573
12.578
12.573
12.575
12.581
12.593
12.601
12.609
12.617
12.622
12.623
12.628
12.640
12.649
12.659
12.664
12.678
12.683
12.689
12.695
12.703
12.710
12.714
12.719
12.721
12.729
12.734
12.744
12.752
12.761
12.770
12.785
12.798
12.814
12.829
12.839
12.842
12.855
12.863
12.872
12.880
12.888
12.890
12.891
12.904
12.919
12.927
12.931
12.939
12.940
12.941
12.948
12.955
12.969
12.978
12.980
12.984
12.988
12.996
12.991
13.003
13.010
13.013
13.019
13.025
13.030
13.035
13.037
13.034
13.036
13.044
13.045
13.047
13.048
13.047
13.049
13.049
13.051
13.057
13.058
13.062
13.065
13.070
13.074
13.079
13.086
13.089
13.101
13.110
13.113
13.111
13.122
13.128
13.134
13.143
13.147
13.150
13.147
13.155
13.159
13.165
13.171
13.182
13.186
13.193
13.201
13.209
13.203
13.220
13.222
13.228
13.234
13.242
13.250
13.256
13.259
13.256
13.274
13.286
13.301
13.307
13.313
13.315
13.317
13.318
13.321
13.325
13.334
13.343
13.353
13.364
13.378
13.391
13.402
13.404
13.401
13.413
13.417
13.426
13.432
13.440
13.442
13.452
13.456
13.459
13.460
13.477
13.481
13.487
13.492
13.497
13.501
13.503
13.510
13.513
13.518
13.529
13.542
13.558
13.583
13.599
13.606
13.607
13.611
13.609
13.626
13.647
13.662
13.677
13.682
13.688
13.699
13.708
13.719
13.722
13.727
13.734
13.744
13.753
13.763
13.778
13.782
13.786
13.790
13.791
13.786
13.786
13.797
13.806
13.811
13.815
13.818
13.818
13.818
13.824
13.831
13.844
13.852
13.855
13.860
13.867
13.870
13.867
13.873
13.879
13.888
13.897
13.898
13.900
13.903
13.904
13.905
13.904
13.910
13.918
13.922
13.926
13.928
13.928
13.931
13.940
13.939
13.950
13.951
13.953
13.955
13.955
13.962
13.966
13.975
13.980
13.976
13.977
13.981
13.995
14.001
14.001
14.002
14.006
14.010
14.006
14.012
14.019
14.033
14.044
14.049
14.050
14.053
14.060
14.058
14.054
14.056
14.061
14.069
14.075
14.076
14.080
14.082
14.085
14.078
14.077
14.091
14.096
14.100
14.104
14.110
14.113
14.118
14.121
14.131
14.141
14.148
14.154
14.162
14.165
14.171
14.174
14.185
14.183
14.188
14.194
14.204
14.215
14.223
14.233
14.239
14.249
14.255
14.258
14.282
14.292
14.298
14.307
14.320
14.331
14.333
14.341
14.348
14.360
14.367
14.377
14.384
14.389
14.396
14.403
14.405
14.407
14.416
14.429
14.437
14.441
14.443
14.445
14.450
14.453
14.457
14.451
14.475
14.478
14.486
14.496
14.506
14.517
14.527
14.536
14.540
14.540
14.556
14.561
14.563
14.564
14.567
14.574
14.579
14.587
14.583
14.597
14.605
14.610
14.612
14.615
14.620
14.624
14.624
14.625
14.630
14.633
14.636
14.636
14.641
14.644
14.644
14.644
14.646
14.636
14.648
14.648
14.648
14.651
14.656
14.670
14.681
14.688
14.697
14.693
14.713
14.722
14.732
14.742
14.750
14.762
14.770
14.774
14.781
14.790
14.795
14.796
14.807
14.812
14.818
14.832
14.837
14.838
14.835
14.844
14.848
14.852
14.856
14.856
14.857
14.861
14.864
14.857
14.856
14.856
14.858
14.870
14.873
14.879
14.887
14.893
14.893
14.885
14.890
14.903
14.905
14.907
14.910
14.914
14.918
14.929
14.926
14.929
14.948
14.966
14.974
14.980
14.988
14.991
14.998
15.000
15.002
15.002
14.993
14.997
15.005
15.012
15.018
15.027
15.031
15.031
15.027
15.031
15.048
15.051
15.059
15.063
15.072
15.076
15.079
15.073
15.075
15.080
15.088
15.094
15.109
15.113
15.122
15.135
15.137
15.139
15.148
15.161
15.164
15.171
15.173
15.174
15.180
15.186
15.181
15.182
15.186
15.207
15.212
15.214
15.219
15.222
15.224
15.229
15.222
15.222
15.244
15.242
15.247
15.248
15.251
15.252
15.255
15.259
15.270
15.273
15.271
15.273
15.283
15.285
15.288
15.292
15.293
15.286
15.288
15.293
15.308
15.311
15.309
15.312
15.314
15.315
15.307
15.307
15.308
15.311
15.317
15.327
15.331
15.332
15.336
15.336
15.336
15.344
15.357
15.366
15.371
15.371
15.377
15.375
15.376
15.380
15.381
15.383
15.384
15.388
15.392
15.400
15.418
15.430
15.435
15.442
15.448
15.450
15.449
15.466
15.468
15.472
15.478
15.482
15.490
15.494
15.502
15.491
15.511
15.514
15.515
15.519
15.524
15.522
15.536
15.540
15.545
15.552
15.561
15.565
15.573
15.578
15.583
15.569
15.588
15.590
15.596
15.598
15.601
15.607
15.610
15.611
15.607
15.609
15.614
15.616
15.618
15.623
15.631
15.644
15.649
15.655
15.649
15.660
15.668
15.674
15.686
15.694
15.698
15.704
15.710
15.708
15.719
15.731
15.739
15.747
15.752
15.757
15.760
15.769
15.774
15.764
15.783
15.784
15.787
15.794
15.796
15.802
15.808
15.815
15.813
15.829
15.833
15.834
15.841
15.844
15.847
15.856
15.859
15.869
15.874
15.881
15.878
15.883
15.900
15.906
15.907
15.910
15.915
15.915
15.914
15.918
15.919
15.924
15.943
15.955
15.963
15.967
15.973
15.967
15.979
15.989
16.001
16.026
16.040
16.045
16.051
16.056
16.057
16.052
16.059
16.072
16.077
16.089
16.100
16.106
16.113
16.116
16.110
16.116
16.124
16.127
16.136
16.150
16.158
16.169
16.172
16.178
16.185
16.187
16.191
16.185
16.202
16.209
16.214
16.221
16.226
16.225
16.227
16.232
16.235
16.242
16.260
16.263
16.270
16.272
16.278
16.271
16.276
16.282
16.285
16.297
16.309
16.312
16.320
16.324
16.326
16.322
16.327
16.335
16.348
16.352
16.358
16.367
16.370
16.377
16.369
16.370
16.370
16.373
16.384
16.390
16.393
16.395
16.401
16.406
16.413
16.418
16.415
16.420
16.440
16.444
16.455
16.463
16.467
16.461
16.468
16.478
16.498
16.503
16.505
16.512
16.521
16.528
16.536
16.531
16.564
16.569
16.573
16.573
16.580
16.589
16.595
16.607
16.604
16.636
16.648
16.654
16.660
16.663
16.668
16.676
16.681
16.683
16.676
16.698
16.708
16.716
16.724
16.736
16.746
16.758
16.767
16.772
16.775
16.774
16.779
16.798
16.804
16.808
16.813
16.821
16.823
16.811
16.831
16.836
16.842
16.847
16.848
16.851
16.856
16.859
16.866
16.879
16.893
16.900
16.907
16.915
16.919
16.921
16.922
16.924
16.909
16.930
16.931
16.931
16.937
16.947
16.958
16.965
16.968
16.966
16.970
16.988
16.993
17.004
17.014
17.026
17.034
17.040
17.041
17.047
17.053
17.048
17.068
17.085
17.098
17.114
17.120
17.126
17.124
17.120
17.138
17.140
17.147
17.151
17.158
17.163
17.167
17.173
17.164
17.166
17.172
17.181
17.197
17.200
17.212
17.243
17.258
17.260
17.261
17.270
17.279
17.283
17.288
17.294
17.300
17.310
17.312
17.302
17.305
17.307
17.309
17.326
17.334
17.339
17.346
17.346
17.351
17.358
17.371
17.376
17.385
17.406
17.412
17.419
17.430
17.444
17.439
17.445
17.453
17.456
17.471
17.477
17.482
17.487
17.493
17.496
17.493
17.517
17.521
17.529
17.542
17.549
17.557
17.573
17.586
17.584
17.589
17.596
17.611
17.636
17.646
17.661
17.680
17.699
17.713
17.719
17.733
17.739
17.757
17.761
17.761
17.763
17.763
17.763
17.766
17.770
17.759
17.761
17.764
17.786
17.786
17.787
17.796
17.803
17.796
17.799
17.809
17.825
17.844
17.850
17.857
17.862
17.868
17.871
17.867
17.901
17.905
17.908
17.917
17.923
17.932
17.941
17.946
17.939
17.967
17.971
17.978
17.983
17.989
17.993
18.001
18.006
18.003
18.022
18.035
18.042
18.044
18.050
18.065
18.086
18.091
18.097
18.101
18.103
18.101
18.121
18.133
18.140
18.146
18.149
18.152
18.155
18.163
18.176
18.180
18.185
18.188
18.192
18.200
18.209
18.216
18.201
18.226
18.231
18.235
18.237
18.242
18.250
18.260
18.274
18.270
18.292
18.304
18.319
18.331
18.342
18.349
18.359
18.366
18.372
18.360
18.384
18.391
18.396
18.402
18.408
18.417
18.424
18.435
18.445
18.457
18.462
18.455
18.474
18.479
18.482
18.491
18.494
18.496
18.481
18.506
18.511
18.516
18.520
18.524
18.530
18.533
18.539
18.538
18.526
18.542
18.551
18.555
18.555
18.558
18.563
18.566
18.567
18.558
18.555
18.571
18.579
18.586
18.591
18.603
18.618
18.628
18.637
18.624
18.627
18.639
18.652
18.655
18.658
18.665
18.671
18.676
18.679
18.684
18.688
18.683
18.676
18.695
18.700
18.701
18.702
18.706
18.694
18.697
18.703
18.720
18.733
18.738
18.745
18.752
18.757
18.757
18.749
18.765
18.780
18.783
18.787
18.799
18.808
18.811
18.815
18.801
18.805
18.811
18.832
18.852
18.864
18.874
18.884
18.890
18.889
18.881
18.884
18.900
18.917
18.921
18.926
18.937
18.947
18.947
18.954
18.965
18.974
18.984
18.990
19.010
19.015
19.017
19.022
19.022
19.015
19.019
19.025
19.029
19.049
19.049
19.050
19.052
19.054
19.050
19.043
19.049
19.055
19.063
19.080
19.087
19.094
19.100
19.103
19.095
19.096
19.120
19.125
19.131
19.139
19.147
19.153
19.156
19.137
19.158
19.160
19.161
19.163
19.163
19.164
19.168
19.174
19.182
19.189
19.196
19.202
19.203
19.200
19.209
19.214
19.219
19.222
19.214
19.227
19.236
19.237
19.239
19.241
19.244
19.249
19.253
19.259
19.247
19.282
19.299
19.313
19.323
19.330
19.334
19.338
19.345
19.330
19.353
19.360
19.362
19.369
19.373
19.385
19.397
19.402
19.409
19.400
19.427
19.431
19.434
19.435
19.437
19.443
19.451
19.460
19.463
19.470
19.473
19.478
19.483
19.488
19.491
19.495
19.504
19.506
19.493
19.518
19.521
19.531
19.541
19.551
19.566
19.586
19.603
19.594
19.612
19.615
19.617
19.617
19.617
19.617
19.618
19.618
19.618
19.605
19.626
19.634
19.641
19.646
19.653
19.661
19.668
19.676
19.673
19.668
19.675
19.684
19.704
19.707
19.712
19.720
19.724
19.730
19.737
19.742
19.751
19.763
19.770
19.775
19.779
19.784
19.792
19.796
19.792
19.797
19.806
19.812
19.841
19.849
19.854
19.866
19.880
19.866
19.873
19.875
19.880
19.890
19.885
19.914
19.929
19.934
19.937
19.930
19.938
19.950
19.961
19.981
19.991
19.998
20.007
20.009
20.002
20.005
20.010
20.019
20.027
20.045
20.052
20.058
20.065
20.070
20.081
20.084
20.090
20.093
20.102
20.105
20.110
20.117
20.122
20.113
20.123
20.135
20.142
20.168
20.178
20.185
20.190
20.194
20.203
20.209
20.219
20.226
20.227
20.231
20.233
20.235
20.239
20.242
20.233
20.238
20.248
20.256
20.276
20.295
20.300
20.303
20.308
20.306
20.302
20.309
20.310
20.337
20.340
20.347
20.349
20.353
20.358
20.362
20.371
20.378
20.386
20.393
20.396
20.401
20.407
20.414
20.414
20.409
20.414
20.439
20.447
20.450
20.455
20.462
20.467
20.470
20.455
20.456
20.474
20.478
20.486
20.495
20.505
20.519
20.536
20.535
20.564
20.568
20.568
20.569
20.570
20.569
20.572
20.579
20.584
20.567
20.600
20.612
20.622
20.630
20.634
20.645
20.654
20.659
20.664
20.669
20.674
20.681
20.690
20.700
20.705
20.712
20.715
20.724
20.712
20.747
20.753
20.761
20.772
20.776
20.781
20.786
20.788
20.778
20.790
20.797
20.801
20.806
20.813
20.825
20.837
20.844
20.848
20.832
20.857
20.866
20.877
20.886
20.893
20.897
20.901
20.903
20.894
20.911
20.920
20.926
20.935
20.940
20.949
20.965
20.970
20.974
20.982
20.988
20.995
21.002
21.010
21.015
21.022
21.025
21.026
21.015
21.004
21.003
21.020
21.032
21.034
21.036
21.042
21.043
21.045
21.022
21.052
