25.008
25.009
25.016
25.018
25.023
25.027
25.030
25.034
25.036
25.040
25.047
25.049
25.051
25.053
25.061
25.065
25.065
25.070
25.074
25.077
25.081
25.084
25.088
25.092
25.096
25.101
25.107
25.110
25.115
25.118
25.118
25.124
25.129
25.135
25.138
25.141
25.145
25.152
25.154
25.156
25.161
25.164
25.165
25.172
25.172
25.177
25.178
25.183
25.189
25.191
25.191
25.196
25.200
25.205
25.206
25.209
25.213
25.213
25.216
25.219
25.220
25.223
25.226
25.227
25.230
25.233
25.238
25.237
25.241
25.243
25.245
25.246
25.247
25.249
25.252
25.253
25.255
25.256
25.261
25.259
25.261
25.262
25.265
25.267
25.267
25.269
25.271
25.272
25.277
25.275
25.276
25.280
25.283
25.283
25.282
25.284
25.286
25.286
25.287
25.289
25.290
25.292
25.289
25.292
25.293
25.294
25.294
25.297
25.295
25.299
25.298
25.298
25.301
25.302
25.302
25.302
25.302
25.304
25.305
25.307
25.306
25.305
25.308
25.308
25.309
25.310
25.308
25.307
25.311
25.309
25.313
25.313
25.314
25.314
25.314
25.312
25.314
25.315
25.317
25.318
25.317
25.316
25.317
25.317
25.317
25.318
25.320
25.319
25.320
25.321
25.319
25.322
25.323
25.323
25.322
25.322
25.320
25.323
25.325
25.325
25.324
25.325
25.327
25.328
25.325
25.328
25.327
25.328
25.329
25.327
25.328
25.329
25.328
25.329
25.330
25.330
25.331
25.330
25.330
25.332
25.333
25.333
25.334
25.335
25.334
25.334
25.334
25.334
25.336
25.335
25.337
25.335
25.336
25.337
25.334
25.338
25.339
25.339
25.339
25.339
25.337
25.339
25.341
25.339
25.341
25.338
25.339
25.343
25.340
25.344
25.342
25.342
25.339
25.340
25.342
25.343
25.344
25.343
25.345
25.345
25.341
25.343
25.344
25.342
25.345
25.344
25.346
25.345
25.346
25.344
25.345
25.345
25.345
25.345
25.345
25.344
25.346
25.347
25.348
25.347
25.347
25.346
25.347
25.347
25.347
25.348
25.348
25.348
25.347
25.347
25.347
25.349
25.348
25.347
25.348
25.350
25.349
25.349
25.347
25.349
25.350
25.350
25.348
25.349
25.348
25.351
25.348
25.350
25.349
25.349
25.350
25.348
25.348
25.350
25.347
25.349
25.349
25.350
25.350
25.350
25.348
25.352
25.348
25.350
25.351
25.350
25.348
25.350
25.349
25.349
25.348
25.349
25.348
25.349
25.348
25.353
25.347
25.348
25.345
25.345
25.347
25.349
25.349
25.348
25.347
25.348
25.349
25.346
25.349
25.347
25.345
25.346
25.346
25.346
25.345
25.345
25.345
25.345
25.344
25.345
25.345
25.346
25.343
25.344
25.344
25.342
25.346
25.344
25.343
25.343
25.345
25.343
25.345
25.344
25.345
25.344
25.341
25.342
25.341
25.344
25.342
25.342
25.343
25.343
25.341
25.341
25.341
25.340
25.340
25.340
25.343
25.343
25.340
25.340
25.341
25.340
25.340
25.339
25.338
25.342
25.339
25.340
25.339
25.338
25.338
25.338
25.339
25.337
25.339
25.338
25.338
25.338
25.339
25.337
25.338
25.337
25.335
25.337
25.338
25.339
25.337
25.337
25.337
25.335
25.336
25.335
25.337
25.338
25.335
25.335
25.337
25.336
25.336
25.336
25.335
25.333
25.335
25.332
25.336
25.334
25.335
25.336
25.334
25.334
25.333
25.332
25.334
25.334
25.332
25.334
25.331
25.334
25.331
25.333
25.335
25.333
25.332
25.332
25.331
25.333
25.330
25.333
25.330
25.332
25.333
25.332
25.330
25.331
25.329
25.330
25.329
25.330
25.332
25.332
25.329
25.329
25.328
25.330
25.329
25.330
25.328
25.329
25.328
25.329
25.330
25.329
25.329
25.327
25.327
25.329
25.326
25.327
25.326
25.328
25.326
25.327
25.327
25.325
25.327
25.326
25.325
25.326
25.328
25.326
25.326
25.326
25.325
25.324
25.326
25.326
25.326
25.325
25.324
25.324
25.323
25.327
25.325
25.322
25.322
25.321
25.322
25.323
25.321
25.322
25.322
25.320
25.320
25.320
25.320
25.316
25.317
25.318
25.320
25.318
25.319
25.318
25.318
25.319
25.316
25.317
25.317
25.316
25.319
25.319
25.316
25.319
25.317
25.316
25.318
25.318
25.316
25.316
25.319
25.318
25.317
25.317
25.317
25.315
25.316
25.316
25.316
25.316
25.314
25.316
25.314
25.316
25.315
25.314
25.315
25.315
25.314
25.315
25.315
25.314
25.313
25.315
25.313
25.313
25.312
25.311
25.310
25.312
25.315
25.312
25.313
25.315
25.310
25.312
25.310
25.311
25.312
25.310
25.312
25.313
25.312
25.310
25.312
25.309
25.308
25.310
25.312
25.309
25.311
25.313
25.311
25.308
25.309
25.310
25.310
25.309
25.309
25.309
25.309
25.308
25.308
25.307
25.305
25.310
25.306
25.310
25.305
25.308
25.306
25.306
25.305
25.303
25.305
25.305
25.305
25.304
25.305
25.305
25.304
25.303
25.305
25.306
25.304
25.303
25.305
25.304
25.303
25.304
25.304
25.305
25.304
25.305
25.301
25.304
25.302
25.304
25.301
25.305
25.302
25.302
25.301
25.300
25.301
25.301
25.299
25.301
25.301
25.300
25.299
25.300
25.298
25.299
25.297
25.299
25.298
25.298
25.299
25.298
25.298
25.299
25.300
25.296
25.298
25.298
25.297
25.297
25.298
25.296
25.298
25.298
25.294
25.297
25.296
25.298
25.296
25.294
25.296
25.296
25.296
25.296
25.293
25.295
25.295
25.294
25.297
25.294
25.293
25.294
25.294
25.294
25.294
25.294
25.293
25.295
25.293
25.293
25.292
25.294
25.292
25.290
25.290
25.290
25.291
25.292
25.291
25.289
25.291
25.291
25.291
25.290
25.289
25.290
25.290
25.291
25.290
25.289
25.291
25.288
25.292
25.289
25.289
25.288
25.289
25.287
25.289
25.288
25.289
25.287
25.289
25.290
25.287
25.287
25.288
25.288
25.286
25.286
25.287
25.288
25.286
25.287
25.287
25.288
25.285
25.289
25.286
25.287
25.285
25.284
25.288
25.285
25.286
25.287
25.286
25.284
25.285
25.284
25.286
25.284
25.285
25.286
25.285
25.286
25.285
25.285
25.287
25.284
25.284
25.284
25.286
25.286
25.285
25.285
25.283
25.281
25.283
25.285
25.284
25.284
25.283
25.282
25.285
25.283
25.282
25.281
25.282
25.284
25.284
25.281
25.281
25.284
25.280
25.284
25.283
25.282
25.281
25.281
25.280
25.282
25.280
25.279
25.280
25.280
25.281
25.280
25.281
25.279
25.279
25.280
25.277
25.276
25.280
25.280
25.281
25.279
25.277
25.281
25.280
25.279
25.278
25.278
25.278
25.281
25.277
25.277
25.280
25.278
25.278
25.277
25.278
25.279
25.273
25.277
25.279
25.277
25.276
25.274
25.278
25.275
25.273
25.274
25.276
25.275
25.274
25.274
25.277
25.274
25.275
25.274
25.275
25.274
25.273
25.273
25.272
25.274
25.272
25.275
25.275
25.272
25.275
25.272
25.274
25.273
25.274
25.274
25.275
25.273
25.274
25.273
25.273
25.272
25.271
25.273
25.270
25.273
25.273
25.274
25.274
25.271
25.272
25.272
25.272
25.273
25.275
25.274
25.271
25.273
25.272
25.272
25.271
25.271
25.271
25.272
25.271
25.271
25.272
25.272
25.272
25.271
25.272
25.271
25.271
25.271
25.270
25.273
25.272
25.272
25.270
25.271
25.271
25.272
25.273
25.273
25.273
25.271
25.271
25.272
25.269
25.268
25.272
25.269
25.271
25.272
25.271
25.271
25.271
25.270
25.271
25.271
25.271
25.272
25.270
25.273
25.270
25.271
25.270
25.269
25.270
25.272
25.272
25.270
25.273
25.271
25.270
25.269
25.268
25.269
25.269
25.266
25.270
25.269
25.269
25.268
25.269
25.268
25.269
25.268
25.268
25.269
25.269
25.268
25.268
25.268
25.269
25.267
25.268
25.270
25.271
25.269
25.269
25.271
25.270
25.269
25.269
25.268
25.267
25.266
25.268
25.270
25.266
25.268
25.267
25.270
25.266
25.268
25.269
25.269
25.269
25.270
25.269
25.268
25.268
25.268
25.268
25.267
25.267
25.268
25.268
25.267
25.268
25.268
25.267
25.268
25.267
25.268
25.267
25.269
25.268
25.266
25.270
25.268
25.267
25.269
25.269
25.270
25.269
25.266
25.269
25.268
25.268
25.266
25.266
25.265
25.266
25.265
25.267
25.269
25.267
25.268
25.268
25.267
25.268
25.267
25.268
25.266
25.267
25.266
25.263
25.265
25.268
25.267
25.268
25.267
25.268
25.268
25.266
25.264
25.265
25.266
25.266
25.265
25.265
25.264
25.266
25.266
25.268
25.265
25.265
25.266
25.267
25.265
25.264
25.265
25.266
25.266
25.264
25.266
25.264
25.266
25.265
25.264
25.261
25.264
25.265
25.265
25.264
25.264
25.266
25.263
25.266
25.267
25.265
25.264
25.263
25.263
25.264
25.263
25.263
25.266
25.265
25.264
25.266
25.265
25.264
25.263
25.266
25.262
25.266
25.263
25.264
25.266
25.263
25.264
25.264
25.264
25.264
25.265
25.264
25.264
25.262
25.263
25.264
25.262
25.261
25.263
25.262
25.264
25.263
25.262
25.264
25.264
25.260
25.263
25.262
25.260
25.262
25.264
25.263
25.263
25.262
25.262
25.263
25.262
25.261
25.262
25.260
25.262
25.262
25.263
25.261
25.263
25.263
25.260
25.260
25.261
25.260
25.262
25.260
25.262
25.262
25.262
25.262
25.262
25.261
25.263
25.261
25.260
25.259
25.262
25.259
25.260
25.259
25.260
25.261
25.261
25.261
25.261
25.258
25.260
25.259
25.263
25.259
25.259
25.262
25.260
25.261
25.261
25.260
25.260
25.260
25.260
25.260
25.260
25.260
25.259
25.260
25.262
25.260
25.257
25.259
25.256
25.258
25.258
25.258
25.257
25.257
25.259
25.259
25.257
25.256
25.257
25.257
25.258
25.257
25.259
25.256
25.259
25.258
25.258
25.258
25.257
25.259
25.260
25.256
25.257
25.259
25.255
25.257
25.258
25.258
25.258
25.256
25.255
25.258
25.256
25.256
25.256
25.256
25.258
25.254
25.255
25.256
25.257
25.256
25.258
25.256
25.255
25.258
25.256
25.257
25.255
25.256
25.255
25.256
25.254
25.256
25.254
25.255
25.255
25.253
25.255
25.254
25.254
25.254
25.253
25.256
25.254
25.255
25.254
25.256
25.254
25.256
25.256
25.254
25.254
25.253
25.252
25.256
25.254
25.255
25.252
25.256
25.253
25.254
25.256
25.253
25.253
25.255
25.253
25.254
25.251
25.253
25.254
25.252
25.251
25.253
25.252
25.254
25.253
25.252
25.253
25.251
25.251
25.252
25.252
25.253
25.253
25.252
25.253
25.253
25.252
25.252
25.253
25.250
25.253
25.253
25.250
25.250
25.252
25.252
25.252
25.253
25.252
25.251
25.251
25.250
25.251
25.250
25.249
25.253
25.251
25.250
25.252
25.250
25.250
25.251
25.249
25.251
25.250
25.250
25.251
25.251
25.252
25.251
25.249
25.251
25.250
25.249
25.250
25.251
25.249
25.249
25.250
25.249
25.247
25.251
25.250
25.249
25.250
25.248
25.248
25.251
25.250
25.250
25.248
25.250
25.249
25.250
25.248
25.250
25.247
25.248
25.246
25.248
25.248
25.248
25.247
25.249
25.248
25.247
25.248
25.247
25.249
25.248
25.249
25.247
25.247
25.248
25.248
25.248
25.247
25.249
25.246
25.246
25.248
25.245
25.247
25.249
25.245
25.246
25.246
25.248
25.248
25.245
25.249
25.245
25.245
25.244
25.247
25.244
25.246
25.246
25.245
25.244
25.244
25.245
25.245
25.244
25.244
25.245
25.246
25.246
25.245
25.245
25.247
25.246
25.245
25.245
25.245
25.244
25.244
25.246
25.245
25.244
25.246
25.245
25.245
25.247
25.246
25.246
25.245
25.246
25.244
25.246
25.244
25.244
25.244
25.243
25.243
25.241
25.243
25.244
25.243
25.243
25.242
25.241
25.243
25.243
25.242
25.243
25.243
25.244
25.243
25.243
25.244
25.244
25.242
25.241
25.244
25.243
25.244
25.243
25.243
25.242
25.240
25.242
25.244
25.242
25.244
25.242
25.240
25.240
25.240
25.242
25.238
25.240
25.241
25.242
25.242
25.239
25.239
25.241
25.240
25.241
25.242
25.239
25.240
25.242
25.240
25.242
25.240
25.240
25.239
25.239
25.238
25.238
25.240
25.242
25.239
25.239
25.239
25.240
25.240
25.237
25.239
25.239
25.238
25.239
25.237
25.237
25.237
25.239
25.234
25.238
25.238
25.237
25.239
25.239
25.238
25.238
25.238
25.238
25.237
25.235
25.239
25.238
25.237
25.238
25.237
25.235
25.237
25.234
25.235
25.236
25.237
25.236
25.237
25.237
25.235
25.237
25.236
25.234
25.233
25.236
25.235
25.231
25.234
25.232
25.234
25.234
25.234
25.233
25.235
25.233
25.234
25.235
25.235
25.234
25.233
25.233
25.235
25.232
25.233
25.233
25.231
25.232
25.233
25.232
25.232
25.229
25.232
25.236
25.232
25.230
25.232
25.230
25.230
25.231
25.232
25.233
25.231
25.229
25.230
25.231
25.228
25.229
25.230
25.229
25.229
25.230
25.229
25.230
25.228
25.231
25.227
25.227
25.231
25.230
25.229
25.227
25.230
25.228
25.229
25.228
25.229
25.227
25.226
25.228
25.230
25.228
25.228
25.227
25.227
25.226
25.227
25.226
25.228
25.226
25.227
25.226
25.225
25.227
25.227
25.227
25.225
25.224
25.227
25.226
25.226
25.227
25.224
25.226
25.225
25.224
25.226
25.226
25.226
25.226
25.225
25.225
25.226
25.225
25.225
25.224
25.225
25.224
25.225
25.224
25.222
25.223
25.223
25.223
25.223
25.223
25.223
25.223
25.222
25.222
25.223
25.222
25.223
25.220
25.222
25.221
25.224
25.221
25.222
25.221
25.221
25.222
25.221
25.220
25.220
25.221
25.221
25.223
25.220
25.220
25.220
25.221
25.220
25.221
25.219
25.219
25.219
25.218
25.218
25.220
25.219
25.219
25.220
25.217
25.219
25.219
25.219
25.219
25.218
25.218
25.217
25.217
25.218
25.219
25.219
25.219
25.215
25.218
25.219
25.217
25.218
25.219
25.217
25.217
25.218
25.216
25.213
25.215
25.216
25.216
25.216
25.214
25.215
25.212
25.216
25.214
25.214
25.212
25.216
25.215
25.214
25.215
25.214
25.214
25.213
25.214
25.213
25.213
25.213
25.214
25.213
25.213
25.213
25.212
25.210
25.210
25.212
25.213
25.210
25.212
25.212
25.210
25.213
25.212
25.211
25.209
25.209
25.209
25.211
25.210
25.208
25.208
25.209
25.209
25.209
25.208
25.206
25.205
25.206
25.207
25.209
25.207
25.207
25.207
25.207
25.205
25.206
25.208
25.207
25.207
25.205
25.209
25.207
25.205
25.206
25.206
25.206
25.207
25.206
25.206
25.204
25.206
25.204
25.204
25.205
25.204
25.205
25.206
25.206
25.206
25.204
25.204
25.204
25.205
25.206
25.204
25.204
25.204
25.204
25.203
25.204
25.203
25.204
25.205
25.204
25.205
25.204
25.204
25.201
25.203
25.202
25.203
25.201
25.203
25.204
25.203
25.201
25.201
25.201
25.202
25.202
25.200
25.201
25.201
25.203
25.202
25.202
25.200
25.200
25.203
25.200
25.200
25.201
25.201
25.200
25.201
25.200
25.200
25.200
25.201
25.198
25.200
25.199
25.199
25.200
25.198
25.198
25.200
25.198
25.198
25.198
25.197
25.198
25.200
25.199
25.197
25.199
25.199
25.198
25.198
25.197
25.196
25.196
25.197
25.199
25.197
25.196
25.196
25.195
25.198
25.198
25.194
25.198
25.197
25.195
25.195
25.195
25.195
25.196
25.194
25.196
25.194
25.195
25.195
25.195
25.194
25.195
25.196
25.195
25.196
25.196
25.193
25.195
25.194
25.194
25.193
25.197
25.194
25.193
25.194
25.193
25.192
25.192
25.194
25.193
25.193
25.193
25.192
25.192
25.191
25.191
25.194
25.193
25.189
25.191
25.192
25.192
25.191
25.192
25.191
25.192
25.189
25.191
25.191
25.191
25.187
25.193
25.190
25.189
25.190
25.190
25.191
25.189
25.188
25.192
25.190
