20.902
20.896
20.880
20.866
20.858
20.852
20.850
20.820
20.819
20.804
20.809
20.801
20.793
20.781
20.742
20.756
20.749
20.742
20.735
20.720
20.715
20.711
20.705
20.689
20.685
20.679
20.669
20.651
20.636
20.618
20.599
20.593
20.585
20.558
20.572
20.566
20.562
20.560
20.558
20.557
20.553
20.549
20.529
20.516
20.513
20.503
20.496
20.490
20.479
20.474
20.457
20.448
20.442
20.435
20.426
20.400
20.407
20.393
20.378
20.361
20.354
20.342
20.346
20.346
20.341
20.333
20.326
20.316
20.301
20.269
20.239
20.213
20.206
20.213
20.207
20.204
20.197
20.181
20.175
20.161
20.141
20.117
20.115
20.117
20.107
20.099
20.091
20.084
20.080
20.070
20.051
20.042
20.048
20.039
20.025
20.008
19.999
19.995
19.984
19.965
19.943
19.932
19.925
19.929
19.933
19.922
19.911
19.909
19.904
19.892
19.884
19.880
19.878
19.885
19.889
19.886
19.882
19.874
19.871
19.854
19.843
19.840
19.838
19.844
19.849
19.848
19.846
19.844
19.835
19.817
19.814
19.813
19.811
19.817
19.812
19.807
19.803
19.801
19.785
19.782
19.791
19.786
19.782
19.753
19.731
19.727
19.724
19.709
19.681
19.668
19.655
19.648
19.645
19.634
19.624
19.617
19.613
19.595
19.586
19.578
19.570
19.582
19.575
19.568
19.560
19.556
19.543
19.534
19.524
19.515
19.507
19.489
19.482
19.471
19.460
19.450
19.416
19.433
19.427
19.421
19.414
19.400
19.397
19.391
19.385
19.372
19.359
19.369
19.363
19.361
19.360
19.354
19.283
19.242
19.227
19.192
19.200
19.180
19.165
19.153
19.145
19.141
19.138
19.128
19.117
19.108
19.113
19.109
19.105
19.100
19.098
19.095
19.092
19.090
19.056
18.984
18.980
18.973
18.970
18.968
18.966
18.964
18.961
18.959
18.944
18.960
18.961
18.959
18.959
18.956
18.950
18.931
18.914
18.886
18.888
18.882
18.862
18.851
18.802
18.731
18.729
18.722
18.718
18.716
18.715
18.706
18.708
18.713
18.711
18.711
18.710
18.709
18.695
18.690
18.700
18.694
18.689
18.679
18.682
18.665
18.662
18.657
18.645
18.639
18.605
18.579
18.564
18.553
18.538
18.523
18.511
18.491
18.468
18.460
18.463
18.455
18.445
18.429
18.412
18.393
18.375
18.345
18.329
18.325
18.327
18.315
18.299
18.289
18.284
18.274
18.267
18.260
18.250
18.222
18.213
18.219
18.213
18.209
18.202
18.194
18.159
18.078
18.074
18.084
18.084
18.081
18.079
18.077
18.075
18.074
18.071
18.054
18.055
18.051
18.057
18.053
18.044
18.038
18.030
18.001
17.997
18.003
18.005
18.002
17.994
17.988
17.981
17.977
17.964
17.950
17.938
17.934
17.918
17.907
17.885
17.874
17.868
17.864
17.846
17.842
17.838
17.834
17.839
17.827
17.819
17.811
17.810
17.794
17.782
17.786
17.781
17.773
17.764
17.760
17.744
17.731
17.720
17.699
17.703
17.698
17.688
17.677
17.667
17.662
17.651
17.631
17.610
17.603
17.601
17.584
17.566
17.559
17.554
17.549
17.544
17.542
17.520
17.533
17.528
17.523
17.516
17.505
17.502
17.496
17.485
17.415
17.367
17.362
17.340
17.356
17.352
17.349
17.348
17.346
17.346
17.328
17.346
17.346
17.346
17.346
17.345
17.344
17.342
17.341
17.332
17.328
17.328
17.321
17.315
17.302
17.287
17.279
17.273
17.267
17.242
17.254
17.249
17.241
17.233
17.224
17.215
17.205
17.200
17.188
17.180
17.179
17.174
17.168
17.157
17.151
17.147
17.139
17.129
17.101
17.105
17.103
17.095
17.075
17.059
17.053
17.048
17.045
17.035
17.019
17.010
16.999
16.988
16.991
16.985
16.980
16.978
16.974
16.957
16.957
16.956
16.950
16.953
16.943
16.937
16.932
16.929
16.920
16.907
16.899
16.893
16.892
16.894
16.883
16.880
16.871
16.867
16.848
16.843
16.833
16.828
16.827
16.831
16.824
16.821
16.817
16.809
16.785
16.774
16.764
16.754
16.759
16.756
16.750
16.746
16.739
16.723
16.714
16.707
16.701
16.701
16.710
16.703
16.698
16.693
16.687
16.671
16.666
16.663
16.651
16.658
16.654
16.654
16.650
16.643
16.638
16.627
16.605
16.594
16.590
16.594
16.590
16.582
16.577
16.573
16.562
16.559
16.556
16.556
16.563
16.546
16.537
16.528
16.526
16.519
16.507
16.515
16.506
16.503
16.497
16.492
16.480
16.479
16.466
16.464
16.467
16.465
16.462
16.458
16.455
16.453
16.447
16.443
16.422
16.439
16.435
16.431
16.429
16.425
16.426
16.422
16.419
16.418
16.410
16.392
16.398
16.396
16.391
16.381
16.376
16.371
16.362
16.293
16.284
16.281
16.279
16.278
16.278
16.277
16.275
16.274
16.272
16.272
16.272
16.252
16.271
16.269
16.268
16.268
16.267
16.267
16.250
16.260
16.254
16.248
16.245
16.237
16.231
16.219
16.206
16.196
16.185
16.189
16.187
16.187
16.184
16.177
16.169
16.160
16.154
16.136
16.150
16.145
16.129
16.123
16.108
16.101
16.093
16.089
16.083
16.067
16.068
16.067
15.978
15.973
15.970
15.970
15.971
15.961
15.953
15.944
15.930
15.910
15.898
15.906
15.898
15.894
15.893
15.887
15.875
15.872
15.871
15.869
15.879
15.881
15.881
15.880
15.878
15.867
15.862
15.833
15.764
15.752
15.752
15.747
15.742
15.735
15.731
15.714
15.710
15.708
15.706
15.714
15.713
15.712
15.710
15.710
15.700
15.698
15.697
15.688
15.681
15.669
15.662
15.649
15.636
15.618
15.542
15.515
15.498
15.494
15.500
15.503
15.502
15.498
15.493
15.485
15.444
15.372
15.370
15.372
15.381
15.377
15.376
15.373
15.371
15.361
15.353
15.346
15.325
15.302
15.300
15.293
15.283
15.273
15.265
15.246
15.235
15.225
15.222
15.227
15.226
15.225
15.225
15.224
15.216
15.214
15.213
15.214
15.218
15.222
15.223
15.225
15.220
15.214
15.207
15.193
15.167
15.154
15.136
15.120
15.112
15.105
15.100
15.084
15.089
15.088
15.084
14.987
14.977
14.968
14.964
14.957
14.954
14.944
14.949
14.946
14.941
14.934
14.931
14.923
14.911
14.828
14.781
14.778
14.774
14.771
14.771
14.771
14.771
14.749
14.731
14.717
14.690
14.686
14.676
14.663
14.649
14.625
14.602
14.569
14.536
14.523
14.517
14.505
14.465
14.450
14.433
14.417
14.403
14.383
14.361
14.329
14.324
14.306
14.296
14.292
14.282
14.275
14.263
14.232
14.200
14.185
14.181
14.173
14.170
14.152
14.072
14.062
14.052
14.047
14.028
14.028
14.014
14.005
13.998
13.992
13.989
13.989
13.988
13.986
13.970
13.963
13.920
13.862
13.846
13.843
13.843
13.834
13.806
13.794
13.779
13.757
13.724
13.711
13.703
13.688
13.674
13.652
13.620
13.590
13.547
13.518
13.494
13.464
13.435
13.415
13.390
13.362
13.339
13.317
13.292
13.269
13.264
13.268
13.260
13.256
13.249
13.245
13.230
13.221
13.216
13.211
13.215
13.215
13.170
13.123
13.116
13.106
13.098
13.093
13.086
13.081
13.086
13.085
13.086
13.082
13.081
13.080
13.078
13.078
13.070
13.077
13.071
13.054
13.045
13.037
13.022
13.001
12.985
12.972
12.960
12.958
12.949
12.939
12.927
12.919
12.909
12.902
12.885
12.878
12.876
12.866
12.854
12.838
12.827
12.812
12.804
12.795
12.779
12.767
12.764
12.752
12.734
12.719
12.708
12.684
12.673
12.660
12.656
12.649
12.640
12.626
12.613
12.598
12.582
12.568
12.548
12.534
12.515
12.514
12.505
12.496
12.484
12.468
12.440
12.427
12.423
12.415
12.396
12.390
12.376
12.359
12.341
12.324
12.307
12.293
12.276
12.259
12.244
12.231
12.225
12.212
12.195
12.180
12.181
12.167
12.147
12.121
12.090
12.076
12.062
12.049
12.036
12.023
12.018
12.005
11.990
11.975
11.968
11.968
11.964
11.963
11.958
11.947
11.927
11.913
11.890
11.882
11.869
11.856
11.843
11.831
11.811
11.797
11.770
11.750
11.731
11.719
11.702
11.692
11.679
11.660
11.656
11.642
11.628
11.611
11.598
11.584
11.572
11.560
11.545
11.539
11.528
11.524
11.523
11.521
11.514
11.510
11.487
11.465
11.443
11.443
11.428
11.410
11.395
11.379
11.365
11.352
11.341
11.323
11.311
11.298
11.283
11.264
11.242
11.227
11.208
11.195
11.186
11.161
11.147
11.135
11.136
11.130
11.121
11.112
11.106
11.097
11.092
11.084
11.083
11.073
11.051
11.034
11.015
10.993
10.977
10.960
10.933
10.918
10.899
10.882
10.858
10.847
10.827
10.812
10.805
10.796
10.767
10.740
10.711
10.685
10.672
10.661
10.658
10.651
10.645
10.632
10.621
10.610
10.599
10.585
10.567
10.556
10.541
10.526
10.518
10.503
10.490
10.476
10.468
10.470
10.459
10.439
10.417
10.398
10.381
10.356
10.334
10.330
10.326
10.308
10.292
10.268
10.248
10.223
10.219
10.209
10.188
10.173
10.162
10.148
10.138
10.121
10.109
10.096
10.086
10.084
10.081
10.077
10.071
10.061
10.046
10.036
10.031
10.015
10.001
9.986
9.972
9.958
9.940
9.918
9.899
9.889
9.886
9.878
9.870
9.863
9.847
9.828
9.807
9.789
9.778
9.769
9.763
9.758
9.753
9.740
9.732
9.729
9.725
9.723
9.717
9.709
9.692
9.680
9.656
9.646
9.646
9.641
9.615
9.603
9.596
9.582
9.582
9.582
9.579
9.573
9.570
9.566
9.557
9.545
9.538
9.529
9.517
9.505
9.497
9.495
9.489
9.485
9.473
9.465
9.450
9.438
9.427
9.424
9.416
9.407
9.389
9.368
9.341
9.321
9.309
9.288
9.276
9.266
9.247
9.212
9.185
9.170
9.156
9.134
9.124
9.106
9.087
9.071
9.062
9.043
9.021
9.017
9.016
9.011
9.010
8.997
8.991
8.980
8.964
8.959
8.945
8.927
8.910
8.899
8.890
8.886
8.877
8.868
8.862
8.851
8.835
8.822
8.797
8.786
8.776
8.763
8.750
8.734
8.728
8.727
8.720
8.713
8.710
8.709
8.705
8.701
8.688
8.667
8.643
8.620
8.607
8.597
8.594
8.586
8.573
8.557
8.549
8.543
8.533
8.525
8.509
8.503
8.493
8.486
8.475
8.460
8.452
8.436
8.415
8.397
8.382
8.370
8.359
8.345
8.331
8.314
8.300
8.289
8.276
8.264
8.264
8.261
8.262
8.264
8.258
8.253
8.252
8.249
8.248
8.240
8.236
8.225
8.216
8.213
8.203
8.188
8.177
8.164
8.150
8.140
8.129
8.118
8.112
8.107
8.096
8.081
8.063
8.042
8.023
8.014
8.009
8.002
7.988
7.976
7.966
7.956
7.945
7.933
7.928
7.921
7.911
7.905
7.893
7.886
7.884
7.879
7.869
7.853
7.841
7.828
7.820
7.815
7.806
7.802
7.801
7.800
7.793
7.776
7.767
7.757
7.742
7.728
7.715
7.709
7.691
7.670
7.655
7.645
7.629
7.617
7.611
7.608
7.602
7.584
7.561
7.544
7.532
7.528
7.520
7.511
7.499
7.483
7.471
7.458
7.447
7.433
7.419
7.410
7.398
7.390
7.380
7.364
7.357
7.345
7.338
7.332
7.330
7.324
7.309
7.295
7.285
7.275
7.259
7.240
7.227
7.216
7.202
7.181
7.172
7.165
7.151
7.130
7.107
7.092
7.080
7.071
7.056
7.049
7.043
7.028
7.019
7.002
6.976
6.949
6.934
6.925
6.921
6.919
6.916
6.909
6.896
6.880
6.861
6.843
6.836
6.824
6.812
6.799
6.793
6.783
6.773
6.770
6.767
6.763
6.751
6.733
6.724
6.709
6.692
6.684
6.667
6.641
6.635
6.626
6.605
6.598
6.588
6.566
6.540
6.529
6.519
6.513
6.506
6.494
6.489
6.482
6.478
6.470
6.455
6.442
6.433
6.421
6.414
6.400
6.387
6.377
6.372
6.370
6.364
6.358
6.344
6.333
6.315
6.299
6.283
6.261
6.243
6.226
6.224
6.223
6.216
6.211
6.188
6.162
6.147
6.140
6.128
6.113
6.097
6.091
6.091
6.089
6.083
6.079
6.064
6.048
6.039
6.032
6.017
6.003
5.994
5.986
5.978
5.969
5.957
5.956
5.955
5.950
