30.089
30.090
30.088
30.087
30.088
30.085
30.089
30.087
30.086
30.087
30.083
30.083
30.089
30.084
30.087
30.086
30.083
30.086
30.085
30.083
30.082
30.082
30.083
30.083
30.086
30.082
30.082
30.082
30.083
30.084
30.080
30.083
30.082
30.081
30.081
30.079
30.083
30.080
30.080
30.080
30.080
30.080
30.079
30.078
30.080
30.077
30.078
30.078
30.076
30.076
30.078
30.078
30.076
30.078
30.078
30.076
30.078
30.078
30.078
30.074
30.076
30.072
30.074
30.075
30.074
30.074
30.076
30.074
30.072
30.073
30.071
30.072
30.075
30.071
30.072
30.070
30.070
30.073
30.071
30.070
30.069
30.069
30.071
30.068
30.069
30.069
30.069
30.068
30.067
30.067
30.066
30.064
30.063
30.068
30.066
30.066
30.066
30.066
30.064
30.064
30.064
30.065
30.065
30.062
30.063
30.065
30.063
30.065
30.062
30.062
30.062
30.062
30.063
30.060
30.062
30.062
30.060
30.061
30.060
30.060
30.060
30.059
30.058
30.059
30.060
30.058
30.057
30.059
30.058
30.058
30.056
30.057
30.059
30.055
30.057
30.056
30.055
30.058
30.057
30.056
30.056
30.055
30.055
30.055
30.056
30.053
30.054
30.054
30.053
30.054
30.053
30.053
30.052
30.051
30.049
30.052
30.053
30.052
30.054
30.052
30.052
30.052
30.049
30.050
30.048
30.049
30.048
30.051
30.047
30.050
30.046
30.047
30.050
30.046
30.045
30.045
30.048
30.048
30.048
30.045
30.047
30.043
30.044
30.044
30.046
30.042
30.043
30.043
30.044
30.043
30.043
30.039
30.040
30.038
30.039
30.039
30.042
30.039
30.039
30.042
30.042
30.038
30.038
30.037
30.038
30.037
30.038
30.038
30.038
30.034
30.034
30.035
30.036
30.036
30.036
30.035
30.034
30.034
30.032
30.035
30.034
30.033
30.032
30.035
30.033
30.031
30.032
30.032
30.030
30.031
30.031
30.029
30.030
30.029
30.030
30.028
30.030
30.028
30.030
30.030
30.025
30.027
30.029
30.028
30.027
30.027
30.025
30.027
30.027
30.026
30.025
30.025
30.024
30.025
30.023
30.026
30.025
30.024
30.021
30.024
30.022
30.021
30.020
30.021
30.019
30.019
30.021
30.021
30.020
30.020
30.022
30.020
30.019
30.022
30.018
30.018
30.019
30.018
30.017
30.018
30.018
30.018
30.017
30.017
30.016
30.016
30.014
30.015
30.015
30.016
30.015
30.016
30.015
30.013
30.014
30.013
30.015
30.014
30.013
30.012
30.012
30.012
30.013
30.011
30.012
30.011
30.013
30.012
30.010
30.011
30.012
30.011
30.010
30.011
30.012
30.012
30.013
30.011
30.010
30.009
30.010
30.011
30.010
30.009
30.009
30.010
30.008
30.009
30.008
30.007
30.007
30.006
30.008
30.006
30.005
30.007
30.007
30.004
30.006
30.004
30.007
30.006
30.008
30.005
30.005
30.007
30.003
30.003
30.004
30.006
30.004
30.005
30.002
30.001
30.001
30.001
30.004
30.003
30.001
30.001
30.001
30.000
30.002
30.000
30.000
30.002
30.000
30.003
30.001
30.002
30.002
30.001
29.998
29.999
29.998
30.002
29.999
30.000
30.001
30.000
30.001
29.999
29.997
29.999
29.997
29.994
29.999
29.999
29.997
29.997
29.998
29.995
29.995
29.996
29.997
29.997
29.996
29.995
29.996
29.997
29.997
29.993
29.995
29.994
29.996
29.995
29.996
29.993
29.994
29.993
29.994
29.993
29.993
29.993
29.992
29.992
29.991
29.993
29.992
29.991
29.993
29.991
29.990
29.992
29.992
29.992
29.992
29.991
29.993
29.992
29.990
29.992
29.989
29.986
29.988
29.988
29.991
29.990
29.990
29.989
29.988
29.988
29.987
29.988
29.988
29.989
29.988
29.989
29.990
29.987
29.988
29.984
29.985
29.988
29.988
29.985
29.986
29.986
29.987
29.985
29.985
29.985
29.986
29.988
29.985
29.985
29.986
29.984
29.983
29.986
29.984
29.984
29.985
29.984
29.983
29.984
29.984
29.984
29.984
29.985
29.982
29.981
29.982
29.983
29.986
29.985
29.984
29.980
29.983
29.982
29.982
29.982
29.983
29.980
29.979
29.979
29.984
29.982
29.981
29.982
29.979
29.981
29.981
29.981
29.979
29.980
29.979
29.979
29.980
29.980
29.981
29.979
29.980
29.976
29.980
29.978
29.979
29.978
29.977
29.979
29.978
29.976
29.979
29.977
29.980
29.977
29.978
29.979
29.975
29.978
29.978
29.976
29.976
29.975
29.974
29.975
29.974
29.976
29.977
29.975
29.976
29.976
29.975
29.976
29.975
29.977
29.974
29.975
29.974
29.975
29.973
29.974
29.975
29.976
29.975
29.975
29.976
29.975
29.974
29.975
29.974
29.973
29.972
29.973
29.973
29.975
29.975
29.973
29.975
29.973
29.974
29.975
29.974
29.977
29.972
29.973
29.972
29.972
29.971
29.972
29.970
29.971
29.972
29.973
29.973
29.975
29.971
29.972
29.970
29.972
29.971
29.973
29.970
29.971
29.971
29.970
29.971
29.971
29.969
29.970
29.971
29.969
29.970
29.968
29.970
29.970
29.971
29.970
29.969
29.971
29.970
29.969
29.970
29.971
29.970
29.970
29.969
29.970
29.969
29.970
29.968
29.971
29.970
29.968
29.968
29.970
29.968
29.968
29.968
29.970
29.966
29.967
29.970
29.968
29.969
29.968
29.968
29.969
29.967
29.969
29.968
29.969
29.968
29.967
29.968
29.968
29.966
29.968
29.967
29.968
29.969
29.967
29.967
29.967
29.968
29.968
29.967
29.969
29.968
29.968
29.969
29.966
29.967
29.965
29.967
29.968
29.963
29.967
29.966
29.965
29.967
29.966
29.966
29.966
29.966
29.967
29.968
29.967
29.964
29.967
29.966
29.967
29.965
29.965
29.968
29.966
29.967
29.968
29.967
29.966
29.966
29.968
29.969
29.968
29.967
29.969
29.967
29.967
29.966
29.967
29.966
29.967
29.967
29.968
29.964
29.964
29.966
29.966
29.966
29.962
29.966
29.964
29.966
29.963
29.965
29.965
29.967
29.967
29.966
29.966
29.965
29.966
29.965
29.962
29.965
29.966
29.965
29.967
29.965
29.964
29.964
29.964
29.964
29.963
29.967
29.966
29.964
29.966
29.965
29.965
29.965
29.965
29.965
29.964
29.965
29.964
29.965
29.964
29.965
29.965
29.967
29.965
29.963
29.962
29.964
29.966
29.966
29.964
29.963
29.964
29.966
29.963
29.964
29.963
29.963
29.965
29.964
29.966
29.965
29.965
29.963
29.964
29.963
29.965
29.963
29.962
29.966
29.964
29.962
29.965
29.965
29.964
29.963
29.963
29.962
29.965
29.962
29.963
29.965
29.963
29.964
29.964
29.964
29.965
29.965
29.965
29.962
29.964
29.963
29.965
29.963
29.965
29.961
29.965
29.963
29.965
29.963
29.964
29.964
29.962
29.963
29.966
29.962
29.964
29.964
29.963
29.964
29.963
29.963
29.964
29.962
29.963
29.963
29.962
29.965
29.963
29.962
29.962
29.962
29.961
29.962
29.962
29.963
29.966
29.964
29.964
29.962
29.963
29.961
29.963
29.964
29.964
29.963
29.963
29.966
29.964
29.964
29.963
29.962
29.961
29.960
29.963
29.962
29.961
29.962
29.962
29.964
29.962
29.961
29.963
29.963
29.964
29.964
29.963
29.965
29.961
29.964
29.963
29.964
29.962
29.964
29.963
29.964
29.963
29.962
29.966
29.964
29.962
29.965
29.964
29.965
29.965
29.967
29.966
29.966
29.967
29.966
29.968
29.966
29.969
29.968
29.968
29.969
29.968
29.968
29.969
29.968
29.970
29.971
29.972
29.971
29.970
29.974
29.970
29.973
29.974
29.975
29.974
29.973
29.975
29.976
29.976
29.978
29.978
29.978
29.981
29.980
29.980
29.979
29.982
29.981
29.981
29.982
29.983
29.982
29.983
29.983
29.985
29.986
29.986
29.987
29.985
29.987
29.987
29.987
29.987
29.985
29.989
29.988
29.989
29.990
29.990
29.990
29.991
29.990
29.993
29.993
29.992
29.995
29.997
29.993
29.993
29.996
29.993
29.993
29.995
29.994
29.998
29.996
29.997
29.997
29.995
29.996
29.994
29.997
29.996
29.999
29.997
29.997
30.001
29.998
29.997
29.999
29.998
29.998
30.000
30.000
30.001
30.002
29.998
30.003
29.999
29.997
29.999
30.001
30.001
30.001
29.999
30.001
30.002
30.001
30.002
30.001
30.001
30.002
30.001
30.001
30.002
30.002
30.003
30.002
29.999
30.003
30.001
30.003
30.001
30.003
30.001
30.000
30.002
30.000
30.004
30.000
30.001
30.000
30.003
30.003
30.002
30.004
30.002
30.001
30.001
30.003
30.002
30.001
30.001
30.002
30.003
30.004
30.001
30.001
30.000
30.002
30.002
30.000
30.000
29.999
30.000
30.002
29.999
30.000
29.998
29.998
29.999
30.001
29.998
30.000
30.000
30.000
30.000
30.000
30.003
30.000
30.001
29.999
30.000
30.000
29.999
29.995
29.998
30.001
30.001
29.996
29.997
29.995
29.999
29.997
29.997
29.998
29.998
29.998
29.997
29.997
29.997
29.996
29.996
29.996
29.995
29.995
29.995
29.994
29.994
29.996
29.995
29.991
29.993
29.992
29.993
29.994
29.993
29.992
29.992
29.994
29.992
29.991
29.992
29.993
29.991
29.989
29.990
29.989
29.989
29.990
29.990
29.989
29.989
29.988
29.990
29.986
29.987
29.990
29.987
29.989
29.989
29.985
29.988
29.985
29.985
29.985
29.986
29.984
29.985
29.985
29.983
29.985
29.983
29.983
29.982
29.981
29.982
29.983
29.982
29.982
29.984
29.983
29.983
29.982
29.982
29.979
29.982
29.979
29.979
29.980
29.980
29.979
29.981
29.978
29.978
29.980
29.977
29.977
29.976
29.976
29.974
29.973
29.975
29.976
29.977
29.976
29.974
29.974
29.973
29.975
29.973
29.972
29.973
29.973
29.972
29.971
29.974
29.972
29.974
29.972
29.973
29.972
29.972
29.972
29.972
29.971
29.971
29.972
29.969
29.970
29.969
29.970
29.970
29.971
29.970
29.971
29.970
29.969
29.970
29.969
29.969
29.969
29.969
29.968
29.966
29.969
29.968
29.968
29.967
29.969
29.969
29.968
29.968
29.967
29.966
29.967
29.968
29.967
29.968
29.967
29.968
29.965
29.967
29.967
29.966
29.967
29.965
29.965
29.966
29.965
29.965
29.966
29.965
29.964
29.965
29.964
29.965
29.962
29.965
29.963
29.965
29.964
29.964
29.964
29.963
29.963
29.961
29.964
29.966
29.965
29.965
29.966
29.964
29.965
29.963
29.962
29.965
29.962
29.964
29.965
29.964
29.964
29.965
29.963
29.965
29.962
29.963
29.964
29.964
29.963
29.964
29.960
29.964
29.964
29.961
29.962
29.962
29.963
29.961
29.961
29.962
29.961
29.961
29.960
29.957
29.963
29.961
29.960
29.962
29.962
29.962
29.961
29.960
29.959
29.961
29.964
29.959
29.961
29.959
29.959
29.961
29.959
29.958
29.960
29.960
29.959
29.960
29.959
29.960
29.957
29.958
29.960
29.958
29.958
29.959
29.959
29.957
29.957
29.958
29.959
29.958
29.956
29.956
29.957
29.956
29.957
29.957
29.958
29.956
29.956
29.957
29.955
29.955
29.956
29.957
29.956
29.955
29.956
29.956
29.954
29.955
29.953
29.954
29.953
29.955
29.956
29.955
29.956
29.956
29.955
29.955
29.954
29.955
29.950
29.950
29.954
29.953
29.952
29.953
29.953
29.950
29.949
29.949
29.951
29.952
29.951
29.951
29.950
29.949
29.949
29.947
29.947
29.947
29.949
29.950
29.951
29.950
29.950
29.949
29.946
29.946
29.945
29.949
29.947
29.951
29.945
29.947
29.947
29.946
29.946
29.946
29.945
29.945
29.946
29.947
29.946
29.945
29.945
29.944
29.944
29.943
29.944
29.946
29.945
29.945
29.946
29.945
29.941
29.942
29.942
29.942
29.942
29.942
29.943
29.942
29.941
29.941
29.941
29.940
29.939
29.943
29.943
29.944
29.940
29.940
29.941
29.941
29.941
29.937
29.939
29.938
29.942
29.940
29.939
29.942
29.938
29.940
29.940
29.939
29.939
29.938
29.939
29.939
29.938
29.937
29.938
29.937
29.938
29.938
29.936
29.937
29.936
29.937
29.937
29.934
29.937
29.935
29.933
29.936
29.936
29.934
29.935
29.933
29.933
29.933
29.934
29.934
29.933
29.934
29.931
29.932
29.934
29.932
29.933
29.932
29.934
29.932
29.932
29.929
29.930
29.932
29.933
29.933
29.930
29.929
29.930
29.930
29.931
29.931
29.932
29.928
29.934
29.930
29.931
29.930
29.928
29.930
29.928
29.928
29.930
29.927
29.929
29.928
29.930
29.928
29.929
29.928
29.928
29.928
29.926
29.926
29.928
29.926
29.925
29.928
29.925
29.925
29.926
29.926
29.926
29.926
29.925
29.924
29.923
29.924
29.926
29.924
29.924
29.923
29.925
29.923
29.926
29.922
29.922
29.923
29.922
29.922
29.923
29.921
29.923
29.922
29.923
29.921
29.923
29.922
29.921
29.921
29.921
29.921
29.921
29.921
29.920
29.921
29.919
29.918
29.922
29.919
29.920
29.921
29.916
29.918
29.919
29.920
29.920
29.919
29.919
29.919
29.921
29.918
29.920
29.919
29.918
29.919
29.917
29.917
29.919
29.918
29.918
29.917
29.917
29.918
29.916
29.916
29.917
29.916
29.914
29.915
29.914
29.917
29.916
29.915
29.915
29.916
29.917
29.916
29.916
29.915
29.916
29.911
29.913
29.913
29.912
29.914
29.912
29.913
29.913
29.912
29.911
29.910
29.913
29.913
29.914
29.913
29.913
29.912
29.912
29.912
29.910
29.911
29.911
29.911
29.907
29.911
29.911
29.912
29.910
29.910
29.908
29.908
29.909
29.911
29.906
29.908
29.909
29.910
29.909
29.907
29.905
29.907
29.908
29.909
29.909
29.908
29.908
29.907
29.905
29.908
29.905
29.908
29.909
29.907
29.908
29.907
29.908
29.906
29.904
29.907
29.906
29.904
29.903
29.907
29.904
29.905
29.905
29.904
29.903
29.903
29.901
29.903
29.904
29.902
29.903
29.902
29.902
29.900
29.902
29.902
29.900
29.900
29.900
29.903
29.899
29.899
29.899
29.900
29.899
29.901
29.901
29.899
29.899
29.899
29.899
29.898
29.898
29.898
29.897
29.899
29.899
29.899
29.897
29.897
29.899
29.898
29.899
29.897
29.897
29.899
29.897
29.898
29.899
29.899
29.897
29.898
29.898
29.898
29.896
29.896
29.898
29.898
29.897
29.898
29.898
29.898
29.897
29.897
29.897
29.898
29.895
29.897
29.896
29.894
29.896
29.895
29.894
29.895
29.896
29.895
29.896
29.894
29.894
29.894
29.896
29.895
29.893
29.894
29.892
29.894
29.893
29.892
29.892
29.893
29.893
29.893
29.892
29.889
29.894
29.893
29.893
29.892
29.892
29.891
29.893
29.892
29.892
29.890
29.892
29.889
29.893
29.892
29.890
29.890
29.892
29.890
29.891
29.889
29.891
29.891
29.892
29.889
29.893
29.889
29.891
29.889
29.890
29.890
29.890
29.891
29.887
29.890
29.890
29.889
29.890
29.890
29.889
29.888
29.888
29.887
29.889
29.888
29.890
29.887
29.887
29.890
29.889
29.889
29.891
29.887
29.890
29.887
29.885
29.886
29.889
29.886
29.889
29.886
29.887
29.887
29.886
29.887
29.887
29.887
29.887
29.888
29.886
29.887
29.885
29.885
29.885
29.885
29.886
29.886
29.887
29.887
29.884
29.885
29.885
29.885
29.884
29.886
29.886
29.887
29.885
29.885
29.884
29.884
29.885
29.884
29.884
29.886
29.886
29.886
29.884
29.885
29.885
29.885
29.886
29.883
29.883
29.887
29.884
29.886
29.884
29.883
29.883
29.882
29.883
29.883
29.885
29.883
29.884
29.886
29.881
29.881
29.883
29.881
29.881
29.882
29.885
29.882
29.883
29.882
29.883
29.883
29.883
29.883
29.882
29.884
29.884
29.884
29.885
29.883
29.883
29.881
29.885
29.882
29.881
29.883
29.880
29.880
29.881
29.884
29.883
29.882
29.883
29.884
29.884
29.883
29.883
29.880
29.882
29.881
29.879
29.880
29.882
29.880
29.880
29.881
29.879
29.879
29.880
29.882
29.881
29.880
29.882
29.879
29.883
29.880
29.883
29.883
29.881
29.880
29.881
29.882
29.881
29.880
29.881
29.881
29.881
29.879
29.880
29.879
29.879
29.879
29.879
29.880
29.879
29.877
29.880
29.878
29.877
29.879
29.879
29.880
29.880
29.879
29.880
29.878
29.878
29.878
29.877
29.878
29.878
29.877
29.879
29.879
29.877
29.878
29.880
29.877
29.878
29.876
29.877
29.876
29.879
29.878
29.879
29.878
29.878
29.877
29.878
29.879
29.879
29.878
29.878
29.878
29.877
29.879
29.879
29.879
29.879
29.880
29.879
29.881
29.876
29.876
29.878
29.877
29.877
29.877
29.878
29.878
29.879
29.878
29.878
29.877
29.877
29.879
29.876
29.878
29.877
29.879
29.877
29.877
29.878
29.876
29.878
29.875
29.878
29.878
29.876
29.878
29.876
29.877
29.878
29.877
29.877
29.877
29.878
29.877
29.876
29.877
29.877
29.879
29.877
29.877
29.876
29.875
29.878
29.876
29.875
29.876
29.876
29.877
29.876
29.876
29.876
29.877
29.876
29.877
29.874
29.878
29.874
29.878
29.875
29.877
29.875
29.877
29.876
29.877
29.875
29.877
29.874
29.876
29.874
29.876
29.874
29.873
29.878
29.876
29.875
29.878
29.877
29.877
29.876
29.875
29.874
29.875
29.873
29.876
29.875
29.874
29.876
29.875
29.877
29.874
29.876
29.874
29.874
29.876
29.875
29.874
29.873
29.876
29.873
29.873
29.875
29.875
29.875
29.874
29.876
29.874
29.872
29.876
29.872
29.875
29.875
29.875
29.874
29.874
29.873
29.874
29.875
29.873
29.874
29.873
29.875
29.874
29.873
29.874
29.873
29.873
29.874
29.871
29.875
29.875
29.874
29.874
29.874
29.875
29.873
29.875
29.872
29.876
29.874
29.874
29.872
