
21.021
21.033
21.029
21.021
21.014
21.009
20.984
20.979
20.977
20.978
20.991
20.980
20.966
20.961
20.959
20.929
20.911
20.904
20.896
20.893
20.899
20.898
20.893
20.887
20.877
20.850
20.844
20.837
20.839
20.852
20.853
20.850
20.846
20.837
20.835
20.828
20.806
20.804
20.798
20.811
20.806
20.802
20.801
20.798
20.778
20.778
20.776
20.772
20.789
20.785
20.781
20.776
20.770
20.748
20.732
20.748
20.745
20.739
20.728
20.710
20.703
20.700
20.694
20.664
20.684
20.679
20.674
20.670
20.667
20.667
20.660
20.648
20.622
20.635
20.630
20.618
20.604
20.598
20.594
20.590
20.586
20.585
20.585
20.579
20.575
20.583
20.582
20.580
20.580
20.573
20.569
20.545
20.564
20.559
20.552
20.540
20.526
20.520
20.515
20.512
20.509
20.495
20.508
20.505
20.501
20.496
20.494
20.488
20.485
20.483
20.452
20.463
20.457
20.453
20.447
20.440
20.433
20.424
20.420
20.409
20.394
20.399
20.394
20.382
20.365
20.352
20.349
20.341
20.337
20.333
20.330
20.322
20.313
20.323
20.322
20.320
20.320
20.316
20.312
20.307
20.304
20.285
20.290
20.300
20.297
20.279
20.264
20.256
20.232
20.222
20.215
20.216
20.235
20.234
20.222
20.203
20.200
20.193
20.177
20.172
20.167
20.182
20.184
20.177
20.169
20.155
20.142
20.111
20.100
20.083
20.080
20.088
20.081
20.072
20.063
20.051
20.044
20.038
20.026
20.014
19.986
19.992
19.987
19.984
19.968
19.954
19.946
19.945
19.938
19.927
19.901
19.907
19.897
19.891
19.885
19.879
19.849
19.836
19.842
19.835
19.829
19.827
19.827
19.825
19.816
19.796
19.784
19.779
19.772
19.783
19.781
19.781
19.775
19.770
19.763
19.739
19.729
19.724
19.724
19.718
19.714
19.709
19.701
19.691
19.683
19.678
19.674
19.671
19.655
19.662
19.663
19.660
19.654
19.647
19.624
19.617
19.612
19.625
19.620
19.617
19.614
19.609
19.603
19.596
19.577
19.582
19.580
19.575
19.570
19.564
19.556
19.554
19.548
19.533
19.525
19.519
19.503
19.490
19.479
19.471
19.464
19.449
19.437
19.421
19.432
19.428
19.423
19.417
19.405
19.397
19.389
19.376
19.369
19.364
19.360
19.358
19.335
19.351
19.350
19.349
19.339
19.306
19.272
19.259
19.232
19.254
19.252
19.248
19.237
19.221
19.214
19.190
19.201
19.189
19.179
19.168
19.164
19.155
19.145
19.132
19.122
19.089
19.096
19.089
19.082
19.076
19.067
19.056
19.049
19.039
19.016
19.012
19.007
19.000
18.994
18.988
18.982
18.980
18.972
18.963
18.951
18.945
18.936
18.928
18.902
18.907
18.894
18.876
18.845
18.836
18.835
18.835
18.817
18.835
18.830
18.812
18.797
18.783
18.765
18.741
18.723
18.713
18.726
18.714
18.705
18.697
18.680
18.665
18.654
18.626
18.612
18.601
18.591
18.579
18.569
18.565
18.555
18.542
18.528
18.510
18.503
18.495
18.504
18.494
18.482
18.471
18.464
18.459
18.452
18.445
18.433
18.411
18.381
18.372
18.369
18.368
18.368
18.358
18.349
18.347
18.343
18.350
18.331
18.290
18.278
18.257
18.238
18.204
18.187
18.174
18.187
18.181
18.173
18.161
18.141
18.126
18.089
18.076
18.066
18.054
18.045
18.037
18.020
18.005
17.992
17.974
17.946
17.927
17.903
17.906
17.891
17.878
17.861
17.847
17.831
17.812
17.783
17.767
17.745
17.722
17.705
17.693
17.676
17.664
17.634
17.614
17.583
17.561
17.560
17.556
17.545
17.523
17.505
17.495
17.486
17.471
17.488
17.488
17.485
17.484
17.480
17.480
17.479
17.468
17.357
17.349
17.324
17.303
17.283
17.264
17.248
17.222
17.208
17.197
17.175
17.175
17.160
17.144
17.130
17.110
17.080
17.065
17.051
17.034
17.019
17.018
17.018
17.017
17.017
17.017
17.017
17.017
17.017
17.001
17.017
17.009
16.990
16.915
16.900
16.863
16.844
16.845
16.839
16.822
16.822
16.800
16.782
16.767
16.758
16.748
16.736
16.726
16.704
16.713
16.703
16.694
16.687
16.678
16.661
16.648
16.638
16.614
16.595
16.579
16.565
16.561
16.555
16.551
16.541
16.532
16.529
16.528
16.521
16.511
16.486
16.479
16.471
16.467
16.455
16.436
16.416
16.396
16.388
16.364
16.371
16.364
16.357
16.349
16.342
16.332
16.311
16.315
16.311
16.307
16.294
16.282
16.272
16.256
16.248
16.223
16.224
16.209
16.199
16.187
16.163
16.144
16.122
16.109
16.102
16.072
16.052
16.049
16.034
16.010
15.983
15.964
15.942
15.926
15.911
15.888
15.872
15.858
15.852
15.845
15.833
15.826
15.812
15.801
15.794
15.784
15.776
15.760
15.754
15.750
15.733
15.719
15.706
15.690
15.667
15.664
15.670
15.666
15.661
15.620
15.557
15.550
15.536
15.512
15.498
15.495
15.475
15.461
15.453
15.442
15.431
15.404
15.385
15.373
15.381
15.377
15.371
15.369
15.359
15.346
15.327
15.304
15.276
15.264
15.247
15.234
15.222
15.202
15.179
15.170
15.167
15.166
15.161
15.137
15.098
15.096
15.100
15.088
15.075
15.063
15.052
15.031
15.024
15.032
15.032
15.027
15.015
15.006
15.002
14.995
14.989
14.967
14.966
14.968
14.974
14.968
14.963
14.939
14.917
14.909
14.885
14.883
14.872
14.868
14.860
14.851
14.844
14.832
14.819
14.805
14.807
14.800
14.806
14.805
14.804
14.790
14.779
14.771
14.758
14.747
14.736
14.724
14.703
14.694
14.682
14.672
14.654
14.634
14.539
14.523
14.513
14.502
14.494
14.490
14.484
14.478
14.474
14.467
14.446
14.451
14.435
14.373
14.362
14.355
14.346
14.343
14.339
14.327
14.334
14.336
14.334
14.332
14.329
14.321
14.313
14.306
14.297
14.275
14.283
14.273
14.268
14.259
14.247
14.227
14.201
14.182
14.163
14.140
14.113
14.084
14.088
14.081
14.075
14.069
14.062
14.056
14.037
14.042
14.038
14.027
14.020
14.012
14.001
13.989
13.970
13.954
13.946
13.950
13.947
13.933
13.920
13.908
13.895
13.881
13.873
13.857
13.845
13.842
13.823
13.799
13.787
13.782
13.782
13.782
13.774
13.743
13.722
13.708
13.699
13.696
13.684
13.669
13.656
13.643
13.626
13.613
13.606
13.591
13.586
13.577
13.554
13.547
13.535
13.522
13.503
13.494
13.483
13.467
13.451
13.440
13.434
13.428
13.422
13.406
13.392
13.379
13.367
13.354
13.342
13.327
13.317
13.311
13.293
13.266
13.264
13.246
13.226
13.218
13.204
13.189
13.175
13.159
13.138
13.116
13.113
13.104
13.082
13.058
13.042
13.032
13.023
13.003
12.976
12.959
12.954
12.945
12.938
12.927
12.914
12.898
12.891
12.874
12.858
12.843
12.825
12.812
12.797
12.786
12.772
12.756
12.747
12.729
12.721
12.718
12.711
12.696
12.685
12.674
12.663
12.647
12.623
12.621
12.601
12.585
12.573
12.561
12.549
12.537
12.524
12.502
12.490
12.486
12.479
12.469
12.463
12.442
12.430
12.407
12.390
12.377
12.360
12.335
12.317
12.306
12.286
12.268
12.253
12.233
12.202
12.192
12.190
12.182
12.169
12.154
12.135
12.122
12.113
12.098
12.075
12.080
12.075
12.068
12.052
12.035
12.028
12.022
12.012
11.993
11.994
11.990
11.986
11.980
11.970
11.954
11.931
11.918
11.909
11.889
11.883
11.865
11.848
11.832
11.816
11.805
11.795
11.768
11.742
11.734
11.729
11.702
11.681
11.671
11.670
11.661
11.646
11.627
11.596
11.584
11.580
11.572
11.564
11.560
11.555
11.548
11.538
11.525
11.513
11.509
11.484
11.456
11.443
11.424
11.407
11.397
11.381
11.358
11.341
11.332
11.319
11.314
11.304
11.292
11.283
11.278
11.265
11.244
11.241
11.239
11.220
11.204
11.187
11.176
11.167
11.149
11.135
11.128
11.120
11.101
11.096
11.097
11.095
11.084
11.064
11.048
11.033
11.024
11.022
11.003
10.990
10.984
10.970
10.946
10.931
10.918
10.909
10.913
10.900
10.889
10.876
10.855
10.828
10.815
10.810
10.802
10.800
10.794
10.778
10.765
10.751
10.735
10.723
10.707
10.683
10.670
10.661
10.654
10.642
10.622
10.608
10.598
10.570
10.548
10.535
10.521
10.499
10.483
10.462
10.457
10.455
10.453
10.446
10.427
10.413
10.410
10.406
10.402
10.396
10.383
10.374
10.369
10.366
10.354
10.341
10.327
10.315
10.301
10.283
10.263
10.245
10.227
10.207
10.205
10.193
10.182
10.172
10.156
10.145
10.140
10.130
10.113
10.110
10.107
10.102
10.087
10.066
10.048
10.039
10.025
10.011
9.999
9.976
9.956
9.934
9.911
9.897
9.886
9.875
9.859
9.832
9.812
9.793
9.776
9.766
9.755
9.747
9.743
9.734
9.721
9.713
9.713
9.692
9.681
9.665
9.651
9.646
9.644
9.632
9.606
9.591
9.583
9.570
9.558
9.540
9.525
9.497
9.476
9.449
9.426
9.412
9.408
9.399
9.382
9.362
9.334
9.321
9.306
9.295
9.283
9.267
9.259
9.248
9.228
9.207
9.190
9.169
9.145
9.116
9.106
9.104
9.092
9.076
9.052
9.021
8.998
8.973
8.958
8.936
8.925
8.906
8.878
8.855
8.840
8.828
8.821
8.801
8.783
8.774
8.764
8.747
8.746
8.747
8.739
8.716
8.707
8.702
8.683
8.657
8.643
8.622
8.615
8.595
8.566
8.549
8.533
8.512
8.502
8.495
8.488
8.483
8.473
8.472
8.462
8.457
8.447
8.429
8.410
8.386
8.374
8.367
8.361
8.352
8.348
8.336
8.320
8.303
8.291
8.282
8.264
8.252
8.246
8.237
8.216
8.205
8.191
8.190
8.160
8.133
8.118
8.106
8.099
8.085
8.070
8.065
8.061
8.051
8.030
8.015
8.012
8.003
7.978
7.959
7.947
7.930
7.917
7.903
7.897
7.890
7.877
7.853
7.839
7.837
7.832
7.812
7.794
7.777
7.766
7.749
7.732
7.717
7.708
7.699
7.676
7.651
7.628
7.611
7.593
7.581
7.579
7.565
7.546
7.537
7.532
7.515
7.486
7.466
7.456
7.446
7.436
7.426
7.421
7.406
7.402
7.391
7.360
7.340
7.329
7.315
7.300
7.286
7.270
7.247
7.239
7.236
7.233
7.225
7.204
7.186
7.175
7.153
7.132
7.129
7.120
7.106
7.092
7.080
7.069
7.058
7.045
7.032
7.021
7.018
7.006
6.992
6.970
6.958
6.946
6.937
6.929
6.910
6.889
6.870
6.860
6.838
6.820
6.801
6.780
6.767
6.752
6.733
6.725
6.719
6.712
6.705
6.702
6.695
6.687
6.676
6.660
6.649
6.646
6.645
6.645
6.643
6.641
6.630
6.611
6.592
6.580
6.575
6.565
6.555
6.539
6.531
6.525
6.508
6.489
6.469
6.442
6.422
6.418
6.417
6.409
6.391
6.380
6.375
6.370
6.366
6.365
6.365
6.365
6.364
6.358
6.340
6.328
6.325
6.317
6.295
6.258
6.249
6.239
6.222
6.185
6.174
6.173
6.170
6.160
6.148
6.137
6.126
6.112
6.094
6.083
6.073
6.057


