
1.622
1.621
1.619
1.618
1.617
1.616
1.616
1.615
1.615
1.614
1.614
1.613
1.612
1.611
1.611
1.610
1.609
1.609
1.609
1.608
1.608
1.609
1.608
1.607
1.608
1.606
1.607
1.605
1.605
1.605
1.604
1.605
1.604
1.604
1.604
1.604
1.604
1.603
1.603
1.604
1.603
1.603
1.602
1.603
1.603
1.602
1.602
1.602
1.602
1.601
1.601
1.600
1.601
1.599
1.599
1.598
1.598
1.597
1.597
1.596
1.595
1.595
1.595
1.595
1.594
1.593
1.593
1.592
1.593
1.592
1.592
1.591
1.591
1.591
1.590
1.590
1.590
1.589
1.588
1.587
1.587
1.587
1.587
1.586
1.586
1.585
1.585
1.585
1.585
1.585
1.584
1.583
1.583
1.583
1.582
1.581
1.580
1.579
1.580
1.579
1.580
1.579
1.578
1.579
1.579
1.579
1.577
1.578
1.577
1.576
1.576
1.576
1.576
1.575
1.575
1.574
1.574
1.573
1.573
1.573
1.573
1.572
1.572
1.571
1.571
1.570
1.570
1.569
1.569
1.568
1.569
1.568
1.568
1.568
1.567
1.568
1.567
1.567
1.567
1.566
1.566
1.566
1.566
1.566
1.566
1.565
1.564
1.563
1.562
1.561
1.561
1.561
1.561
1.561
1.560
1.559
1.559
1.559
1.559
1.558
1.559
1.557
1.558
1.557
1.556
1.555
1.554
1.553
1.551
1.550
1.550
1.550
1.549
1.548
1.547
1.546
1.546
1.544
1.544
1.543
1.543
1.542
1.542
1.541
1.541
1.539
1.539
1.540
1.539
1.538
1.538
1.537
1.536
1.537
1.536
1.535
1.535
1.534
1.533
1.532
1.532
1.533
1.532
1.533
1.532
1.531
1.530
1.530
1.530
1.529
1.529
1.529
1.529
1.528
1.527
1.527
1.526
1.526
1.525
1.525
1.524
1.524
1.522
1.521
1.521
1.520
1.520
1.520
1.519
1.519
1.519
1.519
1.519
1.518
1.518
1.517
1.517
1.515
1.515
1.515
1.514
1.514
1.513
1.513
1.512
1.512
1.512
1.511
1.511
1.510
1.509
1.509
1.509
1.508
1.508
1.508
1.507
1.506
1.506
1.505
1.504
1.504
1.503
1.503
1.503
1.503
1.503
1.502
1.502
1.501
1.500
1.499
1.499
1.498
1.498
1.498
1.497
1.497
1.497
1.497
1.495
1.493
1.492
1.491
1.490
1.491
1.490
1.490
1.488
1.487
1.486
1.486
1.485
1.484
1.484
1.482
1.482
1.481
1.480
1.480
1.478
1.477
1.477
1.476
1.476
1.476
1.476
1.475
1.473
1.472
1.472
1.472
1.472
1.471
1.471
1.471
1.471
1.470
1.470
1.469
1.468
1.467
1.467
1.466
1.466
1.464
1.463
1.461
1.459
1.459
1.459
1.459
1.459
1.459
1.458
1.456
1.456
1.455
1.453
1.452
1.451
1.451
1.450
1.450
1.449
1.449
1.447
1.446
1.445
1.444
1.442
1.441
1.440
1.440
1.439
1.439
1.438
1.438
1.437
1.436
1.436
1.435
1.435
1.434
1.434
1.433
1.432
1.432
1.431
1.431
1.430
1.428
1.426
1.425
1.425
1.425
1.424
1.425
1.425
1.424
1.423
1.423
1.421
1.418
1.418
1.416
1.414
1.413
1.411
1.411
1.410
1.410
1.409
1.409
1.406
1.405
1.404
1.403
1.402
1.402
1.401
1.400
1.399
1.399
1.397
1.396
1.395
1.393
1.391
1.390
1.389
1.389
1.387
1.386
1.384
1.383
1.380
1.379
1.377
1.376
1.373
1.373
1.371
1.370
1.368
1.368
1.367
1.366
1.366
1.365
1.364
1.363
1.361
1.361
1.360
1.360
1.360
1.360
1.360
1.359
1.359
1.359
1.359
1.358
1.350
1.347
1.345
1.344
1.343
1.341
1.340
1.338
1.337
1.337
1.336
1.336
1.335
1.334
1.333
1.332
1.330
1.329
1.328
1.327
1.326
1.326
1.326
1.326
1.326
1.326
1.326
1.327
1.327
1.326
1.326
1.324
1.323
1.316
1.315
1.313
1.311
1.311
1.311
1.311
1.310
1.308
1.306
1.305
1.304
1.304
1.303
1.303
1.302
1.302
1.301
1.301
1.300
1.300
1.299
1.298
1.297
1.296
1.294
1.293
1.292
1.291
1.292
1.291
1.290
1.290
1.290
1.290
1.289
1.288
1.286
1.285
1.285
1.285
1.283
1.281
1.280
1.278
1.277
1.277
1.276
1.275
1.274
1.274
1.273
1.272
1.271
1.271
1.270
1.270
1.270
1.269
1.267
1.267
1.266
1.266
1.265
1.264
1.263
1.262
1.262
1.260
1.258
1.257
1.257
1.255
1.254
1.251
1.250
1.250
1.248
1.244
1.243
1.241
1.240
1.238
1.237
1.236
1.235
1.235
1.234
1.234
1.233
1.232
1.232
1.231
1.231
1.231
1.231
1.229
1.228
1.228
1.226
1.226
1.225
1.224
1.224
1.224
1.224
1.219
1.214
1.214
1.213
1.212
1.211
1.210
1.208
1.207
1.207
1.206
1.204
1.202
1.202
1.202
1.200
1.200
1.199
1.199
1.199
1.198
1.197
1.196
1.194
1.193
1.192
1.191
1.190
1.189
1.187
1.186
1.186
1.186
1.186
1.184
1.182
1.182
1.182
1.181
1.180
1.179
1.179
1.178
1.177
1.176
1.176
1.175
1.175
1.174
1.173
1.172
1.172
1.172
1.171
1.171
1.171
1.170
1.170
1.168
1.166
1.166
1.165
1.165
1.164
1.163
1.163
1.162
1.162
1.161
1.161
1.160
1.160
1.160
1.160
1.160
1.159
1.159
1.158
1.157
1.157
1.155
1.155
1.154
1.152
1.151
1.150
1.149
1.148
1.146
1.138
1.136
1.136
1.135
1.134
1.135
1.134
1.134
1.133
1.133
1.133
1.132
1.131
1.127
1.126
1.126
1.125
1.125
1.125
1.125
1.125
1.125
1.125
1.125
1.124
1.124
1.124
1.124
1.123
1.121
1.121
1.121
1.120
1.119
1.118
1.117
1.115
1.113
1.112
1.109
1.108
1.106
1.106
1.106
1.105
1.105
1.104
1.104
1.103
1.102
1.102
1.102
1.101
1.101
1.100
1.099
1.098
1.097
1.097
1.097
1.097
1.096
1.095
1.094
1.094
1.093
1.092
1.092
1.090
1.089
1.088
1.086
1.085
1.085
1.085
1.085
1.084
1.082
1.081
1.080
1.079
1.078
1.077
1.076
1.075
1.074
1.073
1.072
1.071
1.070
1.070
1.069
1.067
1.067
1.066
1.065
1.065
1.064
1.063
1.062
1.060
1.060
1.060
1.059
1.059
1.058
1.057
1.055
1.053
1.052
1.051
1.050
1.049
1.049
1.048
1.047
1.046
1.044
1.043
1.041
1.041
1.039
1.039
1.037
1.036
1.035
1.034
1.033
1.032
1.031
1.029
1.028
1.028
1.027
1.025
1.024
1.023
1.022
1.022
1.021
1.020
1.019
1.018
1.017
1.016
1.014
1.012
1.012
1.011
1.010
1.009
1.007
1.007
1.006
1.005
1.005
1.005
1.003
1.003
1.003
1.001
1.000
0.999
0.998
0.997
0.996
0.995
0.994
0.993
0.993
0.991
0.990
0.990
0.989
0.988
0.988
0.987
0.986
0.984
0.982
0.981
0.980
0.979
0.978
0.976
0.976
0.974
0.972
0.971
0.970
0.968
0.967
0.967
0.966
0.965
0.964
0.963
0.962
0.962
0.961
0.960
0.959
0.959
0.959
0.958
0.956
0.956
0.956
0.955
0.954
0.954
0.953
0.953
0.952
0.951
0.950
0.948
0.947
0.946
0.945
0.944
0.942
0.941
0.940
0.938
0.938
0.937
0.936
0.934
0.933
0.932
0.930
0.929
0.929
0.928
0.928
0.927
0.926
0.924
0.923
0.922
0.922
0.921
0.921
0.921
0.920
0.919
0.918
0.917
0.916
0.914
0.913
0.911
0.909
0.909
0.908
0.906
0.905
0.903
0.902
0.901
0.901
0.901
0.900
0.899
0.899
0.898
0.897
0.897
0.896
0.895
0.894
0.893
0.892
0.892
0.891
0.890
0.890
0.889
0.888
0.887
0.887
0.886
0.885
0.884
0.883
0.882
0.882
0.880
0.879
0.878
0.878
0.876
0.875
0.874
0.873
0.873
0.872
0.871
0.870
0.869
0.868
0.866
0.865
0.865
0.865
0.865
0.864
0.863
0.863
0.862
0.860
0.860
0.859
0.858
0.857
0.856
0.855
0.854
0.853
0.851
0.850
0.848
0.846
0.845
0.843
0.842
0.841
0.839
0.839
0.838
0.838
0.838
0.837
0.836
0.835
0.835
0.835
0.835
0.834
0.833
0.833
0.832
0.832
0.831
0.830
0.829
0.828
0.827
0.825
0.824
0.823
0.823
0.822
0.821
0.820
0.819
0.818
0.818
0.817
0.816
0.815
0.814
0.814
0.813
0.812
0.810
0.809
0.808
0.807
0.806
0.804
0.803
0.801
0.799
0.798
0.797
0.796
0.796
0.795
0.793
0.792
0.791
0.789
0.789
0.788
0.787
0.787
0.787
0.786
0.785
0.784
0.783
0.782
0.781
0.780
0.779
0.778
0.778
0.777
0.776
0.775
0.773
0.772
0.771
0.770
0.768
0.767
0.765
0.763
0.762
0.762
0.761
0.760
0.759
0.758
0.756
0.755
0.755
0.754
0.752
0.751
0.750
0.749
0.747
0.745
0.743
0.741
0.740
0.739
0.739
0.738
0.737
0.736
0.733
0.732
0.730
0.729
0.727
0.727
0.726
0.723
0.722
0.721
0.720
0.720
0.718
0.717
0.716
0.715
0.714
0.714
0.714
0.714
0.712
0.711
0.710
0.709
0.707
0.706
0.704
0.703
0.702
0.700
0.698
0.697
0.696
0.696
0.696
0.695
0.694
0.694
0.694
0.693
0.692
0.691
0.691
0.690
0.688
0.688
0.688
0.687
0.687
0.686
0.686
0.684
0.683
0.682
0.682
0.680
0.679
0.678
0.676
0.675
0.674
0.673
0.673
0.671
0.668
0.667
0.666
0.666
0.666
0.665
0.664
0.664
0.663
0.662
0.661
0.660
0.660
0.658
0.657
0.656
0.655
0.654
0.653
0.652
0.652
0.651
0.650
0.649
0.648
0.648
0.647
0.645
0.643
0.642
0.640
0.639
0.638
0.637
0.636
0.635
0.633
0.631
0.630
0.629
0.628
0.628
0.627
0.626
0.626
0.625
0.624
0.622
0.621
0.620
0.619
0.619
0.618
0.618
0.617
0.616
0.615
0.613
0.611
0.610
0.608
0.607
0.606
0.605
0.604
0.603
0.603
0.602
0.602
0.600
0.599
0.598
0.597
0.595
0.595
0.594
0.594
0.593
0.592
0.592
0.591
0.590
0.589
0.588
0.587
0.586
0.585
0.584
0.583
0.582
0.582
0.581
0.579
0.578
0.576
0.575
0.573
0.572
0.570
0.569
0.568
0.567
0.566
0.565
0.565
0.564
0.564
0.564
0.564
0.564
0.563
0.562
0.561
0.561
0.561
0.561
0.561
0.561
0.560
0.558
0.556
0.556
0.555
0.555
0.554
0.553
0.553
0.552
0.551
0.549
0.547
0.545
0.544
0.543
0.543
0.543
0.542
0.541
0.541
0.540
0.539
0.539
0.539
0.539
0.539
0.538
0.537
0.536
0.536
0.535
0.534
0.531
0.530
0.530
0.529
0.525
0.525
0.525
0.525
0.524
0.523
0.523
0.522
0.521
0.520
0.519
0.518
0.517


