35.290
35.293
35.293
35.293
35.291
35.289
35.288
35.289
35.288
35.286
35.289
35.286
35.289
35.288
35.285
35.287
35.283
35.284
35.282
35.285
35.282
35.284
35.281
35.285
35.281
35.276
35.279
35.278
35.276
35.278
35.276
35.274
35.274
35.274
35.274
35.274
35.272
35.272
35.271
35.271
35.270
35.268
35.268
35.268
35.269
35.268
35.265
35.265
35.266
35.266
35.264
35.265
35.260
35.260
35.262
35.260
35.261
35.262
35.260
35.259
35.258
35.260
35.258
35.256
35.256
35.254
35.257
35.253
35.253
35.253
35.254
35.254
35.251
35.252
35.251
35.252
35.251
35.249
35.250
35.250
35.249
35.250
35.248
35.248
35.248
35.247
35.245
35.247
35.246
35.247
35.244
35.243
35.246
35.245
35.243
35.242
35.245
35.243
35.245
35.241
35.242
35.240
35.241
35.240
35.240
35.237
35.239
35.241
35.239
35.236
35.238
35.236
35.237
35.236
35.235
35.235
35.236
35.238
35.235
35.235
35.235
35.235
35.231
35.238
35.231
35.234
35.234
35.231
35.231
35.233
35.233
35.230
35.231
35.228
35.227
35.231
35.229
35.232
35.228
35.228
35.228
35.227
35.229
35.227
35.227
35.227
35.229
35.227
35.226
35.225
35.225
35.228
35.227
35.225
35.227
35.226
35.226
35.225
35.227
35.226
35.224
35.223
35.226
35.226
35.225
35.224
35.227
35.223
35.225
35.225
35.225
35.225
35.225
35.227
35.227
35.225
35.224
35.224
35.225
35.225
35.226
35.227
35.223
35.225
35.223
35.225
35.225
35.223
35.226
35.223
35.224
35.224
35.226
35.223
35.222
35.226
35.222
35.224
35.220
35.226
35.226
35.222
35.223
35.225
35.224
35.225
35.226
35.222
35.221
35.224
35.228
35.225
35.226
35.224
35.226
35.223
35.226
35.224
35.225
35.223
35.222
35.221
35.221
35.224
35.225
35.226
35.223
35.224
35.221
35.223
35.223
35.222
35.225
35.224
35.223
35.223
35.222
35.223
35.222
35.221
35.223
35.224
35.225
35.225
35.221
35.222
35.225
35.223
35.224
35.224
35.223
35.224
35.223
35.222
35.223
35.224
35.222
35.223
35.221
35.222
35.223
35.221
35.220
35.222
35.222
35.219
35.220
35.222
35.221
35.219
35.219
35.221
35.221
35.219
35.220
35.220
35.222
35.223
35.218
35.222
35.216
35.221
35.220
35.220
35.219
35.218
35.221
35.220
35.221
35.219
35.221
35.219
35.218
35.220
35.218
35.218
35.217
35.217
35.216
35.217
35.215
35.219
35.217
35.217
35.218
35.215
35.219
35.217
35.214
35.214
35.216
35.217
35.219
35.214
35.213
35.215
35.214
35.213
35.218
35.213
35.213
35.212
35.213
35.212
35.212
35.215
35.214
35.213
35.214
35.209
35.211
35.211
35.214
35.212
35.211
35.212
35.211
35.209
35.212
35.210
35.210
35.209
35.208
35.209
35.208
35.209
35.208
35.206
35.208
35.207
35.210
35.209
35.209
35.207
35.205
35.206
35.205
35.207
35.206
35.208
35.206
35.207
35.205
35.205
35.207
35.206
35.204
35.204
35.205
35.203
35.203
35.204
35.203
35.204
35.203
35.205
35.202
35.202
35.202
35.204
35.201
35.202
35.200
35.202
35.201
35.200
35.200
35.199
35.200
35.198
35.199
35.198
35.199
35.199
35.202
35.200
35.198
35.198
35.199
35.199
35.199
35.198
35.200
35.198
35.199
35.199
35.196
35.196
35.194
35.197
35.197
35.195
35.196
35.193
35.195
35.193
35.195
35.194
35.192
35.192
35.194
35.192
35.193
35.190
35.193
35.191
35.188
35.187
35.188
35.189
35.192
35.190
35.191
35.189
35.186
35.187
35.188
35.187
35.185
35.185
35.186
35.188
35.187
35.182
35.184
35.186
35.186
35.187
35.183
35.184
35.183
35.182
35.184
35.182
35.183
35.181
35.181
35.179
35.179
35.179
35.178
35.180
35.178
35.177
35.176
35.178
35.174
35.176
35.176
35.177
35.175
35.174
35.174
35.176
35.173
35.174
35.174
35.173
35.173
35.177
35.173
35.171
35.170
35.171
35.173
35.171
35.170
35.169
35.170
35.169
35.172
35.170
35.170
35.166
35.167
35.166
35.170
35.167
35.168
35.166
35.168
35.167
35.166
35.165
35.165
35.168
35.166
35.164
35.166
35.166
35.164
35.165
35.163
35.166
35.166
35.164
35.160
35.163
35.163
35.161
35.165
35.161
35.162
35.161
35.159
35.160
35.162
35.161
35.159
35.159
35.157
35.160
35.161
35.158
35.158
35.158
35.159
35.158
35.160
35.157
35.155
35.158
35.158
35.158
35.157
35.156
35.156
35.157
35.156
35.153
35.155
35.155
35.156
35.155
35.153
35.153
35.154
35.155
35.153
35.154
35.152
35.152
35.152
35.151
35.152
35.152
35.153
35.152
35.151
35.150
35.149
35.151
35.150
35.150
35.151
35.149
35.149
35.149
35.149
35.147
35.148
35.151
35.148
35.146
35.146
35.145
35.145
35.143
35.143
35.144
35.144
35.143
35.146
35.146
35.144
35.144
35.142
35.140
35.143
35.143
35.141
35.140
35.142
35.139
35.140
35.141
35.140
35.142
35.140
35.138
35.138
35.134
35.137
35.138
35.138
35.134
35.136
35.133
35.135
35.133
35.136
35.132
35.135
35.134
35.133
35.132
35.131
35.133
35.131
35.130
35.130
35.130
35.131
35.129
35.128
35.130
35.129
35.131
35.126
35.129
35.127
35.130
35.127
35.129
35.129
35.130
35.126
35.127
35.127
35.126
35.123
35.125
35.124
35.122
35.124
35.122
35.124
35.123
35.123
35.122
35.122
35.125
35.121
35.122
35.121
35.121
35.120
35.119
35.122
35.118
35.118
35.119
35.121
35.121
35.120
35.116
35.117
35.118
35.117
35.116
35.118
35.114
35.117
35.115
35.114
35.116
35.115
35.115
35.115
35.113
35.114
35.114
35.115
35.114
35.113
35.113
35.115
35.113
35.113
35.111
35.112
35.110
35.114
35.112
35.110
35.111
35.111
35.109
35.110
35.108
35.111
35.111
35.110
35.109
35.109
35.110
35.108
35.107
35.108
35.106
35.107
35.106
35.106
35.107
35.108
35.106
35.106
35.104
35.105
35.105
35.104
35.106
35.106
35.105
35.104
35.103
35.105
35.104
35.104
35.104
35.104
35.106
35.102
35.102
35.103
35.104
35.102
35.099
35.100
35.099
35.101
35.102
35.101
35.099
35.102
35.099
35.099
35.101
35.099
35.099
35.097
35.096
35.096
35.097
35.099
35.098
35.096
35.094
35.094
35.096
35.098
35.096
35.095
35.098
35.095
35.093
35.095
35.093
35.094
35.094
35.091
35.095
35.096
35.095
35.094
35.091
35.095
35.089
35.091
35.095
35.091
35.090
35.093
35.091
35.093
35.089
35.087
35.088
35.088
35.088
35.090
35.091
35.090
35.088
35.088
35.089
35.083
35.086
35.086
35.089
35.087
35.086
35.086
35.084
35.084
35.083
35.084
35.085
35.085
35.084
35.083
35.084
35.085
35.082
35.081
35.082
35.085
35.080
35.081
35.083
35.081
35.083
35.085
35.082
35.083
35.082
35.082
35.082
35.080
35.084
35.085
35.082
35.083
35.081
35.081
35.082
35.080
35.083
35.081
35.081
35.081
35.080
35.082
35.079
35.080
35.079
35.078
35.078
35.081
35.081
35.078
35.077
35.079
35.079
35.079
35.080
35.078
35.079
35.078
35.076
35.078
35.079
35.079
35.079
35.075
35.077
35.077
35.077
35.077
35.077
35.078
35.078
35.077
35.076
35.077
35.075
35.075
35.075
35.075
35.076
35.076
35.075
35.075
35.075
35.077
35.075
35.073
35.075
35.074
35.074
35.074
35.076
35.073
35.072
35.071
35.073
35.073
35.072
35.075
35.073
35.071
35.072
35.072
35.072
35.070
35.072
35.069
35.070
35.069
35.071
35.070
35.069
35.070
35.068
35.072
35.067
35.070
35.069
35.068
35.067
35.068
35.067
35.070
35.068
35.068
35.067
35.066
35.067
35.066
35.065
35.067
35.066
35.067
35.066
35.066
35.068
35.065
35.065
35.065
35.064
35.064
35.065
35.062
35.064
35.063
35.063
35.064
35.063
35.064
35.063
35.064
35.062
35.062
35.063
35.063
35.062
35.061
35.061
35.060
35.063
35.062
35.061
35.060
35.059
35.060
35.060
35.058
35.059
35.063
35.060
35.059
35.059
35.060
35.060
35.060
35.057
35.059
35.059
35.060
35.060
35.059
35.059
35.057
35.058
35.059
35.057
35.059
35.057
35.057
35.058
35.058
35.057
35.056
35.057
35.057
35.055
35.058
35.059
35.060
35.056
35.057
35.059
35.057
35.056
35.057
35.057
35.058
35.058
35.057
35.058
35.055
35.057
35.056
35.055
35.053
35.055
35.058
35.057
35.058
35.058
35.056
35.055
35.056
35.053
35.056
35.055
35.055
35.056
35.055
35.056
35.055
35.056
35.056
35.055
35.052
35.056
35.056
35.057
35.055
35.056
35.056
35.056
35.055
35.055
35.054
35.056
35.053
35.055
35.054
35.054
35.055
35.054
35.051
35.055
35.055
35.053
35.055
35.054
35.054
35.054
35.057
35.053
35.054
35.056
35.054
35.055
35.054
35.054
35.054
35.051
35.053
35.051
35.052
35.054
35.054
35.053
35.054
35.052
35.054
35.052
35.051
35.051
35.051
35.052
35.054
35.051
35.053
35.053
35.053
35.052
35.050
35.050
35.050
35.051
35.053
35.052
35.051
35.052
35.051
35.051
35.050
35.052
35.051
35.053
35.050
35.052
35.050
35.050
35.051
35.048
35.048
35.052
35.052
35.050
35.053
35.049
35.050
35.052
35.052
35.050
35.050
35.049
35.049
35.046
35.052
35.047
35.045
35.047
35.049
35.048
35.048
35.046
35.046
35.049
35.047
35.048
35.049
35.049
35.046
35.047
35.047
35.046
35.047
35.050
35.047
35.050
35.046
35.046
35.045
35.045
35.047
35.046
35.045
35.047
35.047
35.046
35.046
35.042
35.045
35.045
35.043
35.046
35.046
35.046
35.044
35.044
35.043
35.045
35.042
35.042
35.042
35.043
35.040
35.045
35.042
35.042
35.043
35.042
35.042
35.040
35.042
35.043
35.043
35.042
35.041
35.041
35.041
35.042
35.039
35.038
35.042
35.040
35.039
35.040
35.039
35.040
35.037
35.038
35.037
35.039
35.039
35.040
35.036
35.036
35.040
35.036
35.036
35.036
35.039
35.035
35.037
35.038
35.034
35.036
35.035
35.035
35.036
35.035
35.035
35.037
35.034
35.033
35.034
35.032
35.034
35.034
35.033
35.030
35.031
35.034
35.033
35.032
35.030
35.031
35.030
35.031
35.030
35.030
35.029
35.029
35.030
35.028
35.029
35.028
35.027
35.028
35.028
35.029
35.029
35.027
35.023
35.026
35.026
35.025
35.026
35.024
35.027
35.026
35.023
35.026
35.023
35.022
35.025
35.023
35.025
35.024
35.023
35.024
35.022
35.021
35.022
35.022
35.021
35.019
35.022
35.023
35.019
35.020
35.020
35.020
35.020
35.020
35.020
35.019
35.020
35.021
35.019
35.018
35.017
35.019
35.019
35.019
35.018
35.017
35.017
35.018
35.017
35.017
35.018
35.017
35.017
35.017
35.018
35.017
35.016
35.015
35.016
35.016
35.014
35.016
35.017
35.015
35.015
35.013
35.014
35.011
35.011
35.013
35.013
35.013
35.013
35.014
35.012
35.014
35.012
35.013
35.013
35.011
