35.076
35.076
35.076
35.072
35.072
35.073
35.073
35.070
35.070
35.071
35.072
35.069
35.071
35.071
35.068
35.067
35.068
35.068
35.064
35.064
35.066
35.067
35.063
35.063
35.064
35.064
35.061
35.063
35.063
35.060
35.058
35.063
35.060
35.059
35.060
35.059
35.057
35.058
35.058
35.058
35.058
35.056
35.055
35.056
35.056
35.053
35.054
35.056
35.055
35.053
35.051
35.050
35.048
35.048
35.049
35.048
35.049
35.049
35.047
35.045
35.043
35.043
35.045
35.044
35.041
35.040
35.043
35.041
35.038
35.038
35.036
35.038
35.037
35.036
35.035
35.033
35.033
35.033
35.030
35.031
35.028
35.031
35.029
35.027
35.028
35.028
35.023
35.026
35.024
35.025
35.025
35.024
35.019
35.021
35.019
35.022
35.020
35.019
35.018
35.017
35.016
35.017
35.015
35.015
35.013
35.014
35.011
35.012
35.014
35.012
35.011
35.010
35.009
35.011
35.008
35.008
35.005
35.009
35.006
35.007
35.004
35.005
35.004
35.003
35.003
34.999
35.002
35.002
35.000
34.998
34.997
34.995
34.995
34.992
34.994
34.995
34.992
34.989
34.987
34.989
34.988
34.984
34.987
34.985
34.982
34.984
34.985
34.981
34.980
34.980
34.978
34.977
34.976
34.976
34.973
34.975
34.973
34.970
34.973
34.971
34.970
34.969
34.968
34.968
34.968
34.968
34.965
34.964
34.963
34.964
34.962
34.960
34.959
34.961
34.960
34.958
34.959
34.957
34.957
34.956
34.958
34.953
34.952
34.952
34.954
34.953
34.955
34.950
34.950
34.949
34.948
34.946
34.946
34.946
34.946
34.944
34.941
34.938
34.939
34.938
34.937
34.937
34.940
34.935
34.934
34.934
34.935
34.933
34.931
34.931
34.932
34.930
34.926
34.929
34.929
34.931
34.929
34.926
34.924
34.925
34.924
34.925
34.925
34.922
34.923
34.921
34.922
34.921
34.922
34.921
34.920
34.921
34.916
34.917
34.919
34.918
34.917
34.916
34.914
34.918
34.915
34.914
34.913
34.913
34.914
34.913
34.914
34.913
34.914
34.912
34.912
34.913
34.911
34.911
34.908
34.911
34.910
34.910
34.908
34.907
34.909
34.907
34.906
34.907
34.906
34.905
34.905
34.905
34.906
34.905
34.903
34.906
34.904
34.905
34.903
34.905
34.903
34.904
34.904
34.902
34.898
34.903
34.900
34.903
34.901
34.899
34.897
34.897
34.899
34.897
34.901
34.899
34.898
34.899
34.896
34.897
34.897
34.897
34.897
34.895
34.896
34.896
34.896
34.895
34.895
34.892
34.894
34.895
34.894
34.893
34.892
34.893
34.890
34.891
34.892
34.890
34.890
34.889
34.889
34.891
34.891
34.889
34.888
34.890
34.889
34.887
34.890
34.887
34.889
34.888
34.887
34.887
34.886
34.884
34.888
34.885
34.884
34.888
34.886
34.884
34.884
34.883
34.881
34.886
34.884
34.883
34.884
34.884
34.882
34.883
34.882
34.880
34.883
34.879
34.881
34.881
34.882
34.881
34.882
34.880
34.881
34.880
34.879
34.878
34.882
34.879
34.878
34.880
34.879
34.878
34.878
34.876
34.877
34.876
34.877
34.878
34.878
34.877
34.877
34.877
34.879
34.878
34.877
34.877
34.877
34.874
34.874
34.877
34.878
34.878
34.877
34.877
34.878
34.876
34.877
34.874
34.876
34.875
34.872
34.873
34.874
34.876
34.875
34.874
34.874
34.873
34.873
34.873
34.876
34.872
34.874
34.874
34.872
34.872
34.872
34.874
34.872
34.875
34.872
34.873
34.873
34.873
34.871
34.875
34.871
34.874
34.872
34.872
34.872
34.871
34.872
34.873
34.872
34.870
34.870
34.870
34.869
34.872
34.872
34.872
34.871
34.870
34.871
34.871
34.869
34.869
34.870
34.869
34.870
34.870
34.870
34.868
34.867
34.869
34.868
34.867
34.867
34.868
34.871
34.871
34.869
34.868
34.868
34.865
34.869
34.867
34.867
34.868
34.866
34.869
34.867
34.865
34.864
34.868
34.866
34.863
34.863
34.865
34.864
34.867
34.864
34.862
34.862
34.865
34.865
34.865
34.863
34.865
34.866
34.864
34.866
34.864
34.863
34.864
34.862
34.862
34.865
34.862
34.865
34.862
34.861
34.862
34.862
34.860
34.858
34.861
34.863
34.862
34.862
34.861
34.861
34.861
34.860
34.858
34.856
34.858
34.859
34.858
34.858
34.858
34.857
34.856
34.857
34.857
34.855
34.857
34.854
34.857
34.856
34.856
34.855
34.856
34.854
34.851
34.854
34.853
34.855
34.856
34.853
34.855
34.853
34.853
34.852
34.852
34.853
34.853
34.852
34.851
34.849
34.852
34.851
34.851
34.850
34.849
34.850
34.849
34.849
34.849
34.850
34.848
34.847
34.851
34.849
34.850
34.848
34.847
34.849
34.848
34.849
34.848
34.846
34.847
34.845
34.848
34.845
34.847
34.847
34.846
34.845
34.847
34.846
34.843
34.844
34.844
34.844
34.842
34.846
34.845
34.845
34.841
34.842
34.843
34.844
34.841
34.843
34.846
34.842
34.843
34.842
34.840
34.841
34.838
34.841
34.838
34.843
34.842
34.844
34.843
34.842
34.843
34.843
34.841
34.842
34.841
34.842
34.840
34.839
34.842
34.842
34.841
34.841
34.840
34.839
34.840
34.840
34.840
34.839
34.839
34.841
34.837
34.838
34.839
34.837
34.839
34.838
34.838
34.839
34.839
34.839
34.837
34.839
34.837
34.839
34.839
34.836
34.836
34.838
34.839
34.838
34.840
34.836
34.835
34.836
34.834
34.837
34.837
34.837
34.837
34.839
34.839
34.838
34.835
34.836
34.838
34.835
34.838
34.839
34.838
34.836
34.836
34.837
34.837
34.835
34.835
34.835
34.838
34.835
34.836
34.835
34.835
34.836
34.837
34.835
34.836
34.835
34.837
34.836
34.835
34.835
34.835
34.837
34.835
34.836
34.833
34.835
34.835
34.838
34.834
34.836
34.836
34.837
34.833
34.836
34.835
34.836
34.837
34.836
34.834
34.837
34.835
34.836
34.836
34.837
34.835
34.834
34.834
34.834
34.833
34.834
34.835
34.835
34.835
34.832
34.836
34.833
34.838
34.836
34.832
34.835
34.835
34.833
34.835
34.834
34.834
34.837
34.837
34.833
34.834
34.833
34.834
34.834
34.830
34.833
34.835
34.832
34.834
34.832
34.832
34.832
34.836
34.834
34.834
34.834
34.833
34.833
34.834
34.836
34.832
34.834
34.833
34.830
34.835
34.834
34.834
34.835
34.834
34.835
34.836
34.833
34.835
34.835
34.835
34.835
34.834
34.833
34.834
34.833
34.834
34.832
34.834
34.833
34.833
34.832
34.833
34.834
34.832
34.830
34.830
34.833
34.832
34.830
34.833
34.832
34.831
34.833
34.831
34.832
34.832
34.832
34.832
34.834
34.832
34.832
34.832
34.833
34.833
34.834
34.832
34.832
34.830
34.831
34.832
34.832
34.833
34.831
34.831
34.832
34.833
34.830
34.833
34.835
34.832
34.832
34.832
34.835
34.830
34.832
34.833
34.833
34.832
34.832
34.833
34.833
34.835
34.834
34.832
34.831
34.832
34.834
34.831
34.835
34.834
34.832
34.833
34.833
34.833
34.832
34.833
34.833
34.833
34.831
34.834
34.834
34.834
34.833
34.834
34.834
34.834
34.831
34.833
34.832
34.833
34.831
34.832
34.833
34.832
34.832
34.831
34.832
34.831
34.833
34.833
34.832
34.831
34.831
34.836
34.834
34.835
34.833
34.830
34.835
34.834
34.831
34.837
34.832
34.832
34.835
34.834
34.833
34.833
34.836
34.835
34.833
34.835
34.834
34.834
34.834
34.832
34.832
34.831
34.834
34.832
34.832
34.832
34.832
34.836
34.833
34.834
34.834
34.834
34.833
34.834
34.833
34.832
34.835
34.833
34.833
34.835
34.832
34.836
34.834
34.834
34.835
34.832
34.833
34.835
34.834
34.833
34.833
34.832
34.833
34.834
34.835
34.835
34.835
34.833
34.835
34.834
34.835
34.832
34.834
34.832
34.834
34.834
34.834
34.834
34.834
34.835
34.837
34.835
34.834
34.834
34.836
34.833
34.837
34.833
34.834
34.833
34.836
34.833
34.834
34.834
34.835
34.835
34.835
34.833
34.833
34.834
34.832
34.833
34.835
34.834
34.835
34.835
34.837
34.834
34.834
34.835
34.837
34.832
34.831
34.834
34.833
34.833
34.832
34.833
34.832
34.835
34.833
34.833
34.833
34.834
34.832
34.834
34.833
34.835
34.832
34.835
34.831
34.833
34.833
34.832
34.833
34.834
34.834
34.833
34.832
34.832
34.831
34.834
34.833
34.833
34.833
34.833
34.835
34.831
34.831
34.833
34.835
34.832
34.833
34.831
34.833
34.832
34.836
34.832
34.831
34.833
34.832
34.834
34.831
34.832
34.831
34.831
34.832
34.831
34.831
34.833
34.833
34.831
34.831
34.831
34.832
34.829
34.832
34.829
34.830
34.830
34.831
34.831
34.832
34.832
34.831
34.830
34.834
34.831
34.830
34.832
34.834
34.831
34.831
34.832
34.829
34.830
34.833
34.831
34.831
34.833
34.831
34.830
34.830
34.829
34.832
34.831
34.831
34.831
34.831
34.831
34.829
34.829
34.829
34.832
34.831
34.831
34.833
34.832
34.832
34.832
34.833
34.829
34.830
34.831
34.830
34.828
34.830
34.831
34.830
34.827
34.829
34.828
34.829
34.830
34.830
34.830
34.830
34.830
34.830
34.827
34.830
34.829
34.829
34.830
34.828
34.830
34.828
34.828
34.830
34.828
34.830
34.830
34.829
34.828
34.828
34.830
34.829
34.831
34.829
34.829
34.827
34.830
34.829
34.828
34.828
34.830
34.827
34.829
34.827
34.829
34.826
34.828
34.827
34.828
34.828
34.828
34.827
34.828
34.825
34.827
34.826
34.824
34.826
34.827
34.827
34.827
34.826
34.829
34.827
34.827
34.827
34.825
34.828
34.826
34.825
34.830
34.826
34.828
34.826
34.827
34.826
34.825
34.825
34.827
34.825
34.826
34.825
34.826
34.828
34.824
34.827
34.825
34.825
34.824
34.825
34.825
34.826
34.825
34.824
34.825
34.824
34.824
34.825
34.825
34.824
34.826
34.826
34.826
34.825
34.823
34.824
34.827
34.824
34.824
34.822
34.826
34.822
34.825
34.824
34.825
34.823
34.824
34.824
34.823
34.824
34.822
34.822
34.825
34.822
34.824
34.823
34.824
34.824
34.823
34.824
34.822
34.823
34.822
34.824
34.824
34.823
34.822
34.823
34.822
34.821
34.822
34.822
34.823
34.822
34.823
34.821
34.822
34.820
34.820
34.820
34.821
34.819
34.820
34.817
34.821
34.820
34.820
34.819



