0.384
0.384
0.384
0.384
0.384
0.384
0.384
0.384
0.384
0.384
0.384
0.384
0.384
0.384
0.384
0.384
0.384
0.384
0.384
0.384
0.385
0.385
0.386
0.386
0.387
0.388
0.389
0.390
0.390
0.391
0.392
0.392
0.394
0.395
0.396
0.396
0.397
0.398
0.399
0.399
0.400
0.401
0.401
0.401
0.402
0.402
0.403
0.404
0.404
0.405
0.405
0.406
0.407
0.407
0.407
0.408
0.409
0.409
0.409
0.410
0.410
0.411
0.411
0.412
0.412
0.413
0.413
0.414
0.414
0.414
0.414
0.415
0.415
0.416
0.416
0.416
0.416
0.417
0.417
0.418
0.418
0.419
0.420
0.421
0.422
0.423
0.423
0.424
0.425
0.425
0.426
0.428
0.428
0.429
0.429
0.429
0.430
0.431
0.432
0.433
0.434
0.436
0.437
0.437
0.438
0.439
0.441
0.442
0.442
0.442
0.442
0.443
0.445
0.447
0.448
0.449
0.449
0.450
0.450
0.452
0.452
0.453
0.454
0.455
0.456
0.456
0.458
0.459
0.460
0.460
0.460
0.460
0.460
0.461
0.462
0.463
0.463
0.464
0.464
0.465
0.466
0.467
0.468
0.468
0.469
0.471
0.472
0.472
0.473
0.474
0.474
0.474
0.474
0.474
0.474
0.474
0.475
0.476
0.476
0.477
0.478
0.478
0.479
0.480
0.481
0.481
0.481
0.482
0.482
0.483
0.484
0.485
0.485
0.485
0.485
0.486
0.486
0.487
0.488
0.489
0.490
0.491
0.491
0.491
0.491
0.492
0.492
0.493
0.493
0.494
0.494
0.496
0.497
0.498
0.498
0.499
0.499
0.500
0.501
0.502
0.502
0.503
0.503
0.504
0.505
0.505
0.506
0.507
0.507
0.508
0.508
0.510
0.510
0.511
0.512
0.513
0.514
0.514
0.514
0.515
0.516
0.516
0.516
0.517
0.518
0.519
0.519
0.519
0.519
0.519
0.519
0.519
0.520
0.521
0.521
0.521
0.521
0.522
0.523
0.525
0.527
0.528
0.528
0.529
0.530
0.531
0.531
0.532
0.532
0.534
0.535
0.535
0.536
0.537
0.537
0.538
0.539
0.540
0.540
0.541
0.543
0.545
0.546
0.546
0.547
0.548
0.549
0.550
0.551
0.552
0.553
0.553
0.554
0.555
0.556
0.556
0.556
0.557
0.558
0.558
0.558
0.559
0.560
0.562
0.564
0.565
0.566
0.567
0.567
0.568
0.569
0.569
0.569
0.570
0.571
0.571
0.572
0.573
0.575
0.576
0.576
0.576
0.576
0.577
0.578
0.579
0.580
0.581
0.582
0.584
0.585
0.585
0.585
0.585
0.586
0.586
0.587
0.588
0.589
0.591
0.591
0.592
0.594
0.595
0.596
0.597
0.597
0.598
0.599
0.600
0.600
0.601
0.601
0.601
0.602
0.602
0.602
0.603
0.604
0.605
0.605
0.606
0.607
0.607
0.609
0.610
0.611
0.612
0.612
0.613
0.614
0.615
0.615
0.616
0.617
0.618
0.618
0.619
0.619
0.620
0.621
0.624
0.625
0.626
0.627
0.627
0.628
0.629
0.630
0.631
0.632
0.633
0.633
0.633
0.634
0.635
0.636
0.638
0.641
0.643
0.644
0.644
0.645
0.645
0.645
0.646
0.646
0.646
0.647
0.648
0.648
0.649
0.650
0.650
0.650
0.650
0.651
0.652
0.654
0.654
0.655
0.657
0.657
0.658
0.658
0.659
0.661
0.662
0.663
0.664
0.665
0.665
0.665
0.666
0.667
0.667
0.668
0.669
0.670
0.671
0.672
0.674
0.675
0.676
0.677
0.677
0.678
0.679
0.681
0.682
0.684
0.684
0.685
0.685
0.686
0.687
0.687
0.688
0.689
0.690
0.691
0.692
0.693
0.694
0.695
0.696
0.697
0.698
0.699
0.699
0.700
0.702
0.702
0.703
0.704
0.704
0.705
0.707
0.708
0.710
0.712
0.713
0.713
0.714
0.715
0.717
0.718
0.719
0.720
0.721
0.721
0.722
0.723
0.724
0.725
0.726
0.727
0.728
0.730
0.731
0.732
0.733
0.734
0.734
0.735
0.736
0.737
0.738
0.740
0.743
0.746
0.747
0.748
0.749
0.750
0.751
0.752
0.753
0.754
0.755
0.756
0.757
0.759
0.759
0.760
0.760
0.762
0.764
0.766
0.768
0.770
0.770
0.771
0.772
0.772
0.775
0.779
0.780
0.782
0.783
0.784
0.785
0.787
0.788
0.790
0.791
0.791
0.792
0.792
0.792
0.792
0.793
0.793
0.794
0.794
0.794
0.795
0.795
0.796
0.796
0.797
0.797
0.798
0.799
0.800
0.800
0.801
0.802
0.803
0.804
0.805
0.806
0.808
0.809
0.810
0.812
0.813
0.815
0.816
0.817
0.818
0.819
0.819
0.820
0.820
0.821
0.821
0.821
0.822
0.823
0.824
0.825
0.826
0.827
0.828
0.829
0.829
0.830
0.830
0.830
0.831
0.832
0.832
0.833
0.833
0.833
0.834
0.834
0.835
0.836
0.837
0.838
0.839
0.840
0.840
0.840
0.841
0.842
0.843
0.846
0.849
0.851
0.852
0.853
0.854
0.856
0.857
0.858
0.858
0.859
0.860
0.860
0.860
0.860
0.861
0.862
0.864
0.865
0.866
0.867
0.868
0.869
0.871
0.874
0.876
0.877
0.878
0.880
0.880
0.881
0.881
0.882
0.882
0.883
0.884
0.884
0.885
0.886
0.886
0.887
0.888
0.889
0.890
0.891
0.892
0.892
0.893
0.893
0.894
0.894
0.894
0.894
0.895
0.896
0.897
0.897
0.898
0.899
0.900
0.901
0.901
0.902
0.903
0.904
0.904
0.905
0.905
0.907
0.907
0.908
0.909
0.911
0.912
0.914
0.915
0.916
0.916
0.917
0.918
0.920
0.921
0.922
0.923
0.924
0.925
0.926
0.928
0.928
0.929
0.930
0.931
0.932
0.933
0.934
0.934
0.935
0.936
0.937
0.937
0.938
0.938
0.940
0.942
0.943
0.943
0.943
0.945
0.945
0.946
0.946
0.947
0.948
0.948
0.949
0.949
0.949
0.950
0.951
0.952
0.953
0.953
0.953
0.954
0.954
0.956
0.957
0.958
0.960
0.960
0.960
0.961
0.962
0.963
0.963
0.964
0.965
0.965
0.965
0.965
0.965
0.965
0.966
0.966
0.967
0.968
0.969
0.969
0.970
0.971
0.972
0.973
0.974
0.975
0.976
0.977
0.978
0.978
0.979
0.980
0.981
0.981
0.983
0.984
0.986
0.986
0.988
0.989
0.990
0.990
0.991
0.992
0.992
0.993
0.993
0.995
0.995
0.996
0.997
0.997
0.997
0.998
0.998
0.998
0.999
1.000
1.000
1.000
1.002
1.002
1.002
1.002
1.002
1.002
1.003
1.004
1.005
1.007
1.008
1.010
1.010
1.010
1.010
1.011
1.011
1.012
1.013
1.014
1.015
1.015
1.016
1.017
1.018
1.019
1.020
1.020
1.021
1.022
1.023
1.025
1.025
1.026
1.027
1.027
1.027
1.028
1.028
1.029
1.030
1.030
1.031
1.031
1.032
1.032
1.032
1.033
1.034
1.034
1.036
1.037
1.039
1.040
1.041
1.042
1.043
1.044
1.044
1.046
1.046
1.047
1.048
1.050
1.051
1.052
1.053
1.054
1.055
1.057
1.059
1.061
1.061
1.062
1.062
1.061
1.062
1.063
1.064
1.065
1.065
1.065
1.065
1.066
1.066
1.068
1.068
1.068
1.069
1.070
1.071
1.072
1.074
1.075
1.076
1.077
1.079
1.079
1.080
1.082
1.082
1.082
1.084
1.085
1.086
1.088
1.090
1.093
1.093
1.094
1.094
1.095
1.096
1.097
1.098
1.098
1.099
1.099
1.100
1.100
1.100
1.102
1.102
1.103
1.103
1.103
1.104
1.105
1.105
1.106
1.107
1.108
1.109
1.110
1.111
1.112
1.114
1.116
1.117
1.119
1.121
1.123
1.124
1.125
1.126
1.127
1.128
1.128
1.129
1.130
1.131
1.132
1.132
1.133
1.134
1.135
1.136
1.138
1.139
1.140
1.140
1.141
1.142
1.142
1.143
1.144
1.145
1.146
1.148
1.148
1.150
1.150
1.150
1.150
1.152
1.152
1.153
1.154
1.155
1.155
1.156
1.159
1.160
1.162
1.162
1.163
1.163
1.163
1.164
1.165
1.165
1.166
1.168
1.168
1.169
1.169
1.169
1.172
1.173
1.174
1.174
1.175
1.176
1.176
1.177
1.178
1.179
1.181
1.183
1.184
1.185
1.185
1.185
1.186
1.186
1.188
1.189
1.191
1.192
1.194
1.195
1.196
1.197
1.197
1.198
1.199
1.200
1.200
1.200
1.201
1.202
1.204
1.205
1.206
1.208
1.211
1.212
1.213
1.214
1.215
1.216
1.217
1.218
1.220
1.222
1.223
1.224
1.225
1.226
1.228
1.229
1.230
1.230
1.231
1.231
1.232
1.233
1.233
1.235
1.235
1.236
1.236
1.237
1.238
1.239
1.239
1.241
1.242
1.243
1.244
1.244
1.244
1.246
1.246
1.248
1.249
1.249
1.250
1.252
1.253
1.254
1.254
1.255
1.256
1.257
1.258
1.259
1.259
1.260
1.261
1.262
1.263
1.264
1.266
1.266
1.267
1.267
1.267
1.268
1.269
1.270
1.270
1.272
1.273
1.274
1.275
1.277
1.279
1.281
1.283
1.284
1.285
1.286
1.288
1.289
1.291
1.291
1.293
1.294
1.295
1.297
1.298
1.299
1.300
1.300
1.302
1.302
1.303
1.303
1.304
1.304
1.306
1.306
1.307
1.308
1.310
1.311
1.312
1.314
1.315
1.316
1.318
1.319
1.320
1.322
1.323
1.324
1.326
1.327
1.328
1.327
1.328
1.329
1.329
1.330
1.331
1.332
1.332
1.333
1.333
1.334
1.334
1.335
1.335
1.336
1.336
1.336
1.337
1.337
1.338
1.338
1.340
1.341
1.341
1.342
1.342
1.343
1.345
1.345
1.346
1.347
1.349
1.350
1.352
1.353
1.355
1.357
1.358
1.359
1.359
1.360
1.362
1.363
1.364
1.364
1.366
1.367
1.368
1.369
1.369
1.370
1.372
1.373
1.375
1.376
1.377
1.378
1.380
1.382
1.383
1.384
1.386
1.387
1.388
1.391
1.392
1.394
1.395
1.397
1.398
1.399
1.401
1.402
1.404
1.404
1.405
1.405
1.407
1.409
1.410
1.412
1.413
1.414
1.416
1.418
1.420
1.422
1.424
1.425
1.426
1.427
1.428
1.429
1.429
1.430
1.430
1.432
1.433
1.434
1.435
1.436
1.437
1.438
1.438
1.439
1.439
1.439
1.440
1.441
1.441
1.441
1.442
1.441
1.443
1.444
1.444
1.444
1.445
1.445
1.446
1.447
1.447
1.449
1.449
1.450
1.451
1.451
1.453
1.454
1.455
1.456
1.456
1.457
1.459
1.459
1.460
1.460
1.461
1.462
1.463
1.464
1.464
1.465
1.465
1.466
1.467
1.467
1.469
1.469
1.469
1.470
1.470
1.472
1.472
1.472
1.473
1.475
1.476
1.477
1.478
1.478
1.479
1.480
1.481
1.481
1.483
1.483
1.485
1.486
1.487
1.488
1.490
1.491
1.492
1.493
1.494
1.495
1.497
1.497
1.498
1.499
1.500
1.501
1.501
1.502
1.503
1.503
1.504
1.504
1.505
1.506
1.507
1.508
1.508
1.508
1.509
1.510
1.510
1.511
1.512
1.513
1.513
1.514
1.514
1.515
1.515
1.517
1.518
1.519
1.520
1.522
1.524
1.525
1.525
1.526
1.526
1.528
1.530
1.530
1.531
1.531
1.532
1.533
1.533
1.533
1.535
1.535
1.536
1.536
1.537
1.536
1.537
1.538
1.537
1.539
1.539
1.540
1.541
1.542
1.543
1.543
1.543
1.544
1.545
1.546
1.546
1.547
1.547
1.549
1.549
1.550
1.551
1.552
1.553
1.554
1.554
1.555
1.556
1.558
1.558
1.559
1.560
1.560
1.562
1.562
1.562
1.564
1.564
1.565
1.566
1.567
1.568
1.568
1.570
1.569
1.570
1.571
1.572
1.572
1.574
1.576
1.577
1.578
1.579
1.579
1.580
1.580
1.581
1.582
1.583
1.584
1.586
1.586
1.587
1.589
1.589
1.590
1.591
1.591
1.591
1.591
1.591
1.592
1.594
1.597
1.597
1.597
1.597
1.597
1.598
1.599
1.599
1.601
1.602
1.603
1.604
1.604
1.604
1.606
1.608
1.608
1.609
1.608
1.609
1.610
1.611
1.611
1.612
1.611
1.612
1.613
1.615
1.615
1.616
1.617
1.617
1.618
1.620
1.621
1.621
1.621
1.622
1.623
1.624
1.624
1.625
1.624
1.627
1.627
1.627
1.628
1.628
1.629
1.629
1.630
1.631
1.632
1.632
1.633
1.634
1.634
1.635
1.636
1.636
1.637
1.638
1.640
1.640
1.641
1.642
1.642
1.641
1.642
1.643
1.643
1.646
1.647
1.649
1.650
1.650
1.650
1.651
1.653
1.655
1.655
1.656
1.656
1.657
1.658
1.660
1.661
1.662
1.663
1.664
1.666
1.666
1.667
1.667
1.668
1.669
1.669
1.670
1.672
1.674
1.674
1.674
1.675
1.675
1.677
1.678
1.679
1.681
1.682
1.683
1.683
1.684
1.685
1.687
1.687
1.688
1.688
1.689
1.690
1.691
1.691
1.692
1.694
1.694
1.696
1.696
1.697
1.698
1.698
1.700
1.701
1.701
1.702
1.703
1.704
1.704
1.706
1.708
1.707
1.708
1.710
1.710
1.712
1.712
1.711
1.712
1.713
1.713
1.715
1.717
1.718
1.719
1.719
1.721
1.721
1.722
1.723
1.724
1.724
1.726
1.726
1.726
1.726
1.726
1.726
1.727
1.727
1.727
1.726
1.727
1.728
1.726
1.727
1.727
1.727
1.727
1.727
1.727
