5.939
5.945
5.949
5.957
5.960
5.966
5.972
5.981
5.991
5.997
6.006
6.017
6.033
6.039
6.040
6.042
6.041
6.042
6.042
6.054
6.066
6.075
6.078
6.079
6.085
6.093
6.117
6.144
6.157
6.163
6.165
6.179
6.201
6.209
6.213
6.220
6.226
6.238
6.250
6.258
6.269
6.286
6.298
6.305
6.318
6.328
6.339
6.358
6.372
6.389
6.402
6.417
6.427
6.444
6.463
6.473
6.481
6.488
6.496
6.506
6.520
6.531
6.531
6.537
6.553
6.571
6.577
6.577
6.584
6.595
6.616
6.639
6.654
6.670
6.681
6.683
6.698
6.715
6.718
6.721
6.726
6.741
6.750
6.752
6.769
6.797
6.800
6.805
6.814
6.817
6.823
6.836
6.851
6.866
6.881
6.900
6.916
6.930
6.935
6.940
6.944
6.950
6.961
6.968
6.980
7.003
7.016
7.022
7.036
7.052
7.065
7.080
7.091
7.105
7.118
7.130
7.132
7.141
7.150
7.156
7.161
7.166
7.171
7.178
7.183
7.190
7.207
7.218
7.227
7.233
7.239
7.257
7.281
7.294
7.302
7.312
7.324
7.334
7.337
7.348
7.358
7.372
7.384
7.388
7.395
7.406
7.416
7.437
7.460
7.483
7.499
7.507
7.518
7.529
7.537
7.552
7.563
7.578
7.586
7.591
7.593
7.603
7.612
7.623
7.654
7.687
7.714
7.724
7.734
7.739
7.748
7.752
7.757
7.764
7.770
7.777
7.790
7.800
7.810
7.817
7.822
7.825
7.829
7.841
7.859
7.877
7.888
7.905
7.920
7.925
7.930
7.937
7.951
7.965
7.972
7.990
8.008
8.012
8.016
8.024
8.035
8.042
8.054
8.062
8.072
8.082
8.097
8.118
8.131
8.146
8.157
8.172
8.186
8.201
8.214
8.233
8.250
8.263
8.276
8.289
8.295
8.307
8.318
8.326
8.337
8.349
8.362
8.374
8.386
8.398
8.409
8.429
8.447
8.459
8.462
8.470
8.478
8.490
8.502
8.517
8.533
8.544
8.551
8.561
8.574
8.598
8.624
8.647
8.657
8.667
8.680
8.699
8.714
8.731
8.758
8.775
8.779
8.786
8.792
8.807
8.826
8.838
8.851
8.866
8.884
8.896
8.912
8.925
8.936
8.951
8.961
8.971
8.983
8.997
9.014
9.030
9.070
9.103
9.133
9.143
9.153
9.167
9.180
9.197
9.215
9.239
9.250
9.268
9.274
9.292
9.303
9.312
9.319
9.328
9.351
9.387
9.415
9.427
9.439
9.455
9.460
9.470
9.499
9.546
9.571
9.586
9.606
9.635
9.648
9.662
9.686
9.710
9.725
9.741
9.747
9.750
9.752
9.757
9.764
9.768
9.774
9.775
9.778
9.779
9.779
9.791
9.800
9.809
9.818
9.830
9.848
9.859
9.870
9.874
9.882
9.896
9.905
9.918
9.947
9.961
9.977
9.991
10.013
10.029
10.053
10.069
10.087
10.107
10.115
10.120
10.126
10.132
10.134
10.143
10.149
10.163
10.176
10.188
10.199
10.210
10.221
10.236
10.242
10.257
10.265
10.270
10.278
10.286
10.295
10.303
10.304
10.311
10.315
10.320
10.319
10.333
10.342
10.359
10.372
10.381
10.388
10.387
10.398
10.410
10.425
10.444
10.472
10.511
10.541
10.556
10.563
10.581
10.598
10.615
10.632
10.645
10.655
10.658
10.663
10.667
10.664
10.678
10.703
10.721
10.737
10.746
10.758
10.767
10.784
10.807
10.835
10.874
10.893
10.912
10.925
10.936
10.945
10.954
10.963
10.962
10.974
10.989
10.999
11.011
11.023
11.037
11.052
11.063
11.075
11.085
11.096
11.109
11.114
11.121
11.125
11.133
11.135
11.140
11.138
11.148
11.165
11.181
11.190
11.197
11.209
11.221
11.234
11.237
11.242
11.250
11.265
11.278
11.283
11.292
11.305
11.313
11.323
11.334
11.357
11.373
11.393
11.416
11.433
11.440
11.449
11.454
11.482
11.511
11.522
11.532
11.540
11.560
11.573
11.587
11.606
11.611
11.618
11.630
11.640
11.657
11.671
11.682
11.702
11.718
11.727
11.729
11.726
11.740
11.750
11.773
11.798
11.804
11.806
11.819
11.830
11.831
11.851
11.864
11.870
11.873
11.877
11.886
11.892
11.902
11.908
11.931
11.939
11.941
11.950
11.958
11.967
11.980
11.987
12.004
12.013
12.036
12.041
12.050
12.061
12.073
12.080
12.085
12.096
12.104
12.102
12.106
12.110
12.117
12.122
12.128
12.139
12.148
12.158
12.159
12.183
12.193
12.195
12.201
12.212
12.228
12.243
12.256
12.265
12.275
12.288
12.299
12.309
12.319
12.333
12.352
12.373
12.392
12.406
12.429
12.437
12.442
12.462
12.474
12.479
12.487
12.497
12.507
12.519
12.534
12.542
12.545
12.549
12.555
12.561
12.564
12.573
12.570
12.585
12.597
12.612
12.620
12.622
12.622
12.623
12.631
12.639
12.646
12.651
12.665
12.690
12.709
12.718
12.720
12.723
12.734
12.743
12.744
12.756
12.773
12.787
12.798
12.812
12.822
12.836
12.851
12.853
12.861
12.872
12.887
12.909
12.927
12.936
12.944
12.951
12.953
12.961
12.975
12.976
12.980
12.998
13.011
13.024
13.029
13.032
13.025
13.029
13.036
13.050
13.058
13.073
13.093
13.115
13.129
13.147
13.143
13.150
13.166
13.184
13.197
13.214
13.220
13.231
13.250
13.257
13.272
13.301
13.318
13.330
13.349
13.375
13.401
13.410
13.415
13.406
13.411
13.432
13.441
13.450
13.462
13.467
13.476
13.476
13.480
13.488
13.503
13.505
13.507
13.525
13.533
13.551
13.573
13.592
13.589
13.609
13.618
13.636
13.651
13.667
13.684
13.691
13.696
13.708
13.713
13.754
13.783
13.813
13.841
13.855
13.860
13.865
13.872
13.877
13.908
13.920
13.927
13.932
13.944
13.951
13.953
13.961
13.973
13.984
13.991
13.999
14.005
14.014
14.026
14.040
14.047
14.051
14.062
14.075
14.086
14.092
14.116
14.141
14.159
14.173
14.194
14.213
14.250
14.274
14.290
14.299
14.324
14.339
14.343
14.354
14.366
14.378
14.373
14.401
14.416
14.429
14.441
14.454
14.475
14.491
14.500
14.503
14.514
14.526
14.535
14.543
14.556
14.569
14.585
14.597
14.595
14.624
14.632
14.638
14.645
14.656
14.672
14.685
14.691
14.689
14.700
14.728
14.756
14.778
14.800
14.808
14.814
14.819
14.828
14.831
14.835
14.844
14.869
14.889
14.895
14.895
14.902
14.917
14.948
14.969
14.969
14.976
14.982
14.996
15.008
15.014
15.022
15.033
15.042
15.063
15.079
15.102
15.115
15.117
15.123
15.135
15.155
15.167
15.177
15.203
15.232
15.253
15.271
15.284
15.293
15.304
15.314
15.332
15.336
15.342
15.340
15.352
15.379
15.390
15.405
15.448
15.475
15.475
15.483
15.491
15.511
15.532
15.546
15.563
15.584
15.606
15.624
15.637
15.639
15.649
15.678
15.709
15.721
15.725
15.732
15.747
15.747
15.760
15.777
15.798
15.808
15.814
15.822
15.833
15.839
15.844
15.853
15.874
15.893
15.914
15.918
15.926
15.930
15.939
15.951
15.946
15.969
15.977
15.990
16.008
16.036
16.048
16.052
16.061
16.057
16.081
16.094
16.106
16.119
16.139
16.146
16.152
16.171
16.191
16.205
16.213
16.226
16.244
16.250
16.260
16.267
16.272
16.284
16.281
16.316
16.343
16.359
16.371
16.382
16.395
16.418
16.433
16.448
16.454
16.487
16.503
16.519
16.535
16.557
16.577
16.596
16.615
16.619
16.650
16.663
16.675
16.687
16.698
16.708
16.711
16.723
16.734
16.730
16.764
16.778
16.798
16.814
16.823
16.835
16.843
16.856
16.873
16.898
16.911
16.903
16.938
16.959
16.978
17.000
17.013
17.017
17.008
17.041
17.051
17.058
17.069
17.080
17.093
17.110
17.119
17.116
17.115
17.134
17.148
17.155
17.161
17.167
17.175
17.176
17.185
17.181
17.189
17.206
17.231
17.249
17.261
17.271
17.277
17.282
17.286
17.293
17.306
17.335
17.347
17.358
17.379
17.404
17.425
17.449
17.467
17.473
17.482
17.478
17.498
17.529
17.545
17.560
17.585
17.601
17.598
17.604
17.626
17.660
17.684
17.704
17.720
17.740
17.750
17.744
17.754
17.778
17.803
17.817
17.841
17.865
17.886
17.909
17.922
17.934
17.955
17.992
18.015
18.036
18.053
18.073
18.089
18.101
18.108
18.128
18.165
18.187
18.203
18.223
18.242
18.253
18.266
18.286
18.304
18.326
18.346
18.355
18.386
18.397
18.411
18.422
18.430
18.429
18.450
18.478
18.504
18.520
18.530
18.541
18.546
18.554
18.561
18.560
18.579
18.589
18.602
18.615
18.622
18.629
18.635
18.640
18.646
18.654
18.663
18.647
18.678
18.692
18.702
18.711
18.712
18.715
18.704
18.734
18.748
18.762
18.774
18.780
18.787
18.799
18.820
18.830
18.836
18.851
18.866
18.857
18.887
18.896
18.906
18.913
18.920
18.914
18.943
18.951
18.958
18.970
18.979
18.986
18.995
19.009
19.013
19.041
19.054
19.064
19.079
19.097
19.124
19.141
19.145
19.149
19.153
19.167
19.174
19.178
19.191
19.203
19.218
19.231
19.246
19.240
19.280
19.301
19.320
19.337
19.350
19.356
19.364
19.386
19.399
19.413
19.425
19.433
19.433
19.457
19.471
19.479
19.483
19.492
19.508
19.512
19.529
19.556
19.561
19.566
19.576
19.591
19.601
19.602
19.595
19.601
19.606
19.628
19.631
19.640
19.653
19.667
19.680
19.692
19.711
19.725
19.720
19.738
19.768
19.781
19.793
19.814
19.823
19.819
19.831
19.861
19.877
19.886
19.892
19.899
19.910
19.922
19.929
19.936
19.944
19.947
19.954
19.960
19.974
19.986
19.995
20.010
20.016
20.015
20.025
20.054
20.066
20.070
20.080
20.085
20.094
20.096
20.090
20.099
20.125
20.134
20.151
20.161
20.173
20.181
20.189
20.198
20.209
20.213
20.214
20.234
20.254
20.272
20.293
20.302
20.296
20.301
20.322
20.337
20.348
20.360
20.388
20.404
20.412
20.424
20.434
20.446
20.461
20.485
20.502
20.517
20.534
20.547
20.556
20.552
20.548
20.553
20.575
20.588
20.595
20.611
20.631
20.646
20.659
20.652
20.660
20.684
20.696
20.706
20.707
20.715
20.721
20.742
20.771
20.779
20.784
20.763
20.789
20.796
20.808
20.828
20.846
20.854
20.859
20.893
20.899
20.907
20.920
20.941
20.958
20.964
20.969
20.974
20.990
21.000
21.006



