0.840
0.837
0.837
0.835
0.833
0.832
0.831
0.833
0.832
0.831
0.828
0.829
0.829
0.825
0.826
0.827
0.822
0.821
0.823
0.821
0.818
0.819
0.816
0.815
0.813
0.815
0.810
0.811
0.814
0.809
0.808
0.805
0.808
0.803
0.800
0.801
0.800
0.804
0.805
0.801
0.799
0.795
0.797
0.796
0.795
0.797
0.795
0.793
0.794
0.796
0.798
0.793
0.794
0.791
0.789
0.792
0.790
0.793
0.795
0.793
0.789
0.786
0.791
0.790
0.790
0.789
0.788
0.787
0.785
0.788
0.786
0.786
0.787
0.786
0.787
0.787
0.784
0.783
0.786
0.787
0.785
0.787
0.785
0.784
0.783
0.784
0.782
0.782
0.787
0.785
0.783
0.783
0.787
0.784
0.784
0.782
0.783
0.781
0.785
0.782
0.785
0.785
0.783
0.782
0.784
0.783
0.785
0.782
0.781
0.781
0.782
0.783
0.783
0.785
0.788
0.784
0.787
0.786
0.784
0.787
0.784
0.785
0.786
0.784
0.786
0.789
0.781
0.785
0.786
0.787
0.788
0.787
0.786
0.788
0.789
0.788
0.789
0.788
0.793
0.788
0.788
0.791
0.790
0.788
0.791
0.792
0.790
0.792
0.790
0.795
0.795
0.794
0.797
0.792
0.798
0.792
0.797
0.795
0.795
0.796
0.798
0.796
0.799
0.797
0.799
0.794
0.798
0.800
0.798
0.802
0.801
0.800
0.802
0.802
0.803
0.803
0.805
0.805
0.805
0.806
0.804
0.804
0.806
0.807
0.807
0.809
0.809
0.812
0.809
0.808
0.813
0.815
0.809
0.814
0.814
0.815
0.817
0.815
0.816
0.819
0.819
0.814
0.815
0.821
0.818
0.816
0.820
0.822
0.821
0.818
0.815
0.818
0.815
0.820
0.819
0.821
0.819
0.820
0.820
0.823
0.819
0.821
0.821
0.821
0.822
0.821
0.822
0.821
0.821
0.819
0.820
0.824
0.821
0.822
0.823
0.825
0.821
0.821
0.820
0.821
0.827
0.823
0.824
0.825
0.824
0.827
0.824
0.824
0.823
0.828
0.828
0.826
0.826
0.825
0.829
0.828
0.829
0.828
0.827
0.827
0.830
0.827
0.828
0.830
0.831
0.833
0.833
0.832
0.829
0.831
0.831
0.833
0.831
0.832
0.834
0.831
0.831
0.832
0.837
0.833
0.834
0.836
0.835
0.836
0.835
0.835
0.835
0.835
0.838
0.838
0.838
0.837
0.839
0.840
0.840
0.840
0.841
0.842
0.842
0.842
0.843
0.843
0.843
0.842
0.843
0.845
0.846
0.846
0.845
0.852
0.847
0.845
0.849
0.849
0.846
0.853
0.850
0.850
0.850
0.855
0.852
0.853
0.852
0.852
0.854
0.856
0.855
0.856
0.858
0.857
0.858
0.860
0.859
0.859
0.860
0.865
0.862
0.862
0.866
0.863
0.863
0.865
0.865
0.864
0.863
0.867
0.868
0.866
0.870
0.868
0.867
0.870
0.866
0.864
0.866
0.870
0.871
0.870
0.871
0.872
0.874
0.874
0.872
0.870
0.873
0.874
0.876
0.878
0.877
0.877
0.878
0.878
0.874
0.879
0.878
0.878
0.879
0.881
0.880
0.881
0.883
0.879
0.882
0.881
0.883
0.881
0.884
0.887
0.885
0.885
0.886
0.888
0.886
0.887
0.886
0.884
0.889
0.887
0.888
0.891
0.890
0.892
0.890
0.892
0.892
0.891
0.891
0.892
0.892
0.893
0.897
0.897
0.896
0.894
0.894
0.896
0.897
0.897
0.898
0.897
0.901
0.901
0.903
0.902
0.899
0.903
0.901
0.901
0.899
0.903
0.904
0.902
0.904
0.906
0.902
0.906
0.908
0.906
0.907
0.909
0.907
0.907
0.909
0.909
0.910
0.911
0.911
0.912
0.911
0.914
0.915
0.915
0.914
0.916
0.919
0.920
0.920
0.915
0.919
0.918
0.921
0.920
0.923
0.922
0.923
0.923
0.921
0.922
0.927
0.926
0.925
0.923
0.927
0.927
0.928
0.929
0.921
0.930
0.930
0.928
0.928
0.930
0.931
0.932
0.930
0.930
0.929
0.931
0.933
0.935
0.932
0.935
0.937
0.938
0.935
0.930
0.936
0.934
0.934
0.938
0.939
0.938
0.941
0.940
0.935
0.939
0.938
0.940
0.942
0.942
0.947
0.941
0.942
0.943
0.943
0.945
0.942
0.944
0.947
0.944
0.947
0.948
0.947
0.946
0.946
0.948
0.946
0.948
0.951
0.949
0.947
0.947
0.950
0.948
0.949
0.949
0.950
0.950
0.952
0.950
0.953
0.952
0.953
0.958
0.957
0.956
0.956
0.956
0.956
0.955
0.958
0.957
0.958
0.960
0.960
0.961
0.960
0.960
0.964
0.963
0.963
0.964
0.962
0.964
0.966
0.966
0.967
0.973
0.968
0.967
0.968
0.969
0.972
0.971
0.973
0.972
0.971
0.970
0.972
0.970
0.969
0.971
0.976
0.974
0.975
0.977
0.975
0.978
0.977
0.978
0.975
0.978
0.980
0.980
0.979
0.980
0.981
0.981
0.983
0.981
0.977
0.984
0.985
0.981
0.984
0.984
0.986
0.985
0.987
0.982
0.986
0.986
0.986
0.988
0.989
0.988
0.987
0.990
0.988
0.988
0.987
0.987
0.988
0.986
0.990
0.988
0.989
0.990
0.992
0.990
0.992
0.992
0.994
0.988
0.992
0.993
0.996
0.992
0.994
0.996
0.995
0.995
0.994
0.997
0.997
0.999
0.996
0.999
1.001
0.998
0.998
0.999
0.999
0.998
1.001
1.002
1.002
1.005
1.005
1.003
1.006
1.004
1.005
1.005
1.003
1.007
1.008
1.009
1.005
1.007
1.008
1.008
1.009
1.007
1.008
1.008
1.010
1.011
1.010
1.011
1.012
1.009
1.014
1.014
1.010
1.014
1.016
1.013
1.013
1.019
1.017
1.014
1.010
1.012
1.015
1.017
1.018
1.015
1.016
1.017
1.016
1.018
1.018
1.017
1.018
1.020
1.023
1.019
1.017
1.021
1.019
1.018
1.024
1.022
1.019
1.025
1.021
1.029
1.024
1.025
1.028
1.028
1.027
1.030
1.021
1.028
1.030
1.029
1.027
1.032
1.028
1.030
1.033
1.029
1.032
1.033
1.033
1.031
1.032
1.034
1.035
1.035
1.035
1.030
1.035
1.033
1.034
1.035
1.034
1.034
1.037
1.036
1.036
1.034
1.034
1.036
1.037
1.032
1.038
1.035
1.039
1.040
1.040
1.039
1.041
1.040
1.039
1.040
1.040
1.037
1.039
1.039
1.040
1.043
1.042
1.041
1.042
1.046
1.044
1.043
1.043
1.044
1.044
1.044
1.044
1.047
1.044
1.047
1.049
1.046
1.048
1.052
1.050
1.045
1.049
1.048
1.051
1.050
1.050
1.051
1.047
1.054
1.051
1.052
1.052
1.053
1.052
1.050
1.051
1.053
1.052
1.053
1.053
1.053
1.055
1.055
1.052
1.058
1.056
1.054
1.056
1.054
1.057
1.057
1.054
1.058
1.055
1.057
1.056
1.058
1.059
1.059
1.059
1.059
1.059
1.062
1.059
1.060
1.060
1.065
1.062
1.063
1.064
1.063
1.063
1.062
1.062
1.066
1.063
1.065
1.066
1.063
1.064
1.064
1.063
1.063
1.066
1.065
1.063
1.064
1.069
1.065
1.069
1.069
1.065
1.067
1.067
1.068
1.069
1.069
1.070
1.073
1.071
1.069
1.070
1.071
1.072
1.071
1.072
1.070
1.072
1.071
1.075
1.074
1.075
1.072
1.075
1.076
1.073
1.071
1.076
1.074
1.073
1.074
1.074
1.077
1.075
1.078
1.075
1.076
1.078
1.074
1.078
1.080
1.076
1.081
1.080
1.081
1.083
1.075
1.079
1.078
1.079
1.081
1.080
1.076
1.080
1.078
1.080
1.079
1.083
1.080
1.079
1.081
1.077
1.081
1.085
1.083
1.083
1.084
1.082
1.085
1.084
1.085
1.082
1.082
1.082
1.084
1.082
1.085
1.087
1.086
1.085
1.085
1.084
1.085
1.085
1.087
1.087
1.088
1.090
1.086
1.086
1.087
1.090
1.089
1.089
1.088
1.091
1.091
1.090
1.089
1.091
1.088
1.090
1.090
1.093
1.092
1.093
1.094
1.092
1.091
1.091
1.094
1.091
1.092
1.093
1.092
1.091
1.092
1.092
1.095
1.091
1.091
1.095
1.093
1.094
1.095
1.094
1.096
1.093
1.091
1.097
1.093
1.093
1.090
1.095
1.096
1.093
1.091
1.092
1.091
1.092
1.088
1.088
1.088
1.088
1.086
1.089
1.087
1.078
1.085
1.081
1.082
1.080
1.079
1.082
1.079
1.080
1.072
1.074
1.076
1.077
1.077
1.073
1.070
1.073
1.071
1.073
1.067
1.068
1.069
1.065
1.067
1.064
1.066
1.065
1.062
1.060
1.064
1.066
1.062
1.059
1.058
1.060
1.057
1.056
1.058
1.060
1.059
1.057
1.057
1.058
1.056
1.056
1.054
1.053
1.052
1.055
1.056
1.051
1.052
1.052
1.053
1.052
1.052
1.050
1.050
1.052
1.048
1.050
1.049
1.048
1.047
1.047
1.048
1.048
1.048
1.047
1.050
1.045
1.048
1.048
1.050
1.043
1.048
1.046
1.046
1.043
1.048
1.050
1.045
1.045
1.045
1.043
1.044
1.041
1.042
1.045
1.042
1.041
1.040
1.040
1.042
1.041
1.039
1.041
1.039
1.041
1.040
1.041
1.039
1.038
1.039
1.036
1.043
1.039
1.037
1.036
1.034
1.038
1.035
1.036
1.038
1.036
1.040
1.033
1.035
1.037
1.036
1.035
1.037
1.039
1.038
1.037
1.034
1.037
1.036
1.037
1.035
1.036
1.037
1.038
1.035
1.037
1.036
1.037
1.038
1.038
1.034
1.038
1.036
1.037
1.034
1.038
1.034
1.038
1.038
1.037
1.038
1.037
1.040
1.034
1.039
1.039
1.039
1.037
1.037
1.039
1.039
1.037
1.038
1.039
1.036
1.039
1.038
1.038
1.039
1.039
1.040
1.038
1.036
1.038
1.038
1.040
1.040
1.042
1.040
1.041
1.041
1.040
1.039
1.041
1.041
1.042
1.040
1.041
1.040
1.044
1.045
1.041
1.043
1.042
1.044
1.042
1.045
1.041
1.046
1.046
1.043
1.044
1.045
1.043
1.045
1.045
1.047
1.046
1.045
1.049
1.046
1.044
1.046
1.047
1.049
1.047
1.048
1.048
1.047
1.044
1.047
1.046
1.048
1.046
1.047
1.045
1.045
1.049
1.048
1.045
1.051
1.050
1.050
1.051
1.050
1.051
1.052
1.052
1.050
1.055
1.052
1.052
1.052
1.054
1.053
1.053
1.055
1.054
1.052
1.056
1.052
1.053
1.055
1.054
1.053
1.054
1.055
1.055
1.058
1.055
1.054
1.057
1.060
1.057
1.057
1.058
1.055
1.058
1.061
1.060
1.060
1.062
1.059
1.060
1.064
1.058
1.062
1.065
1.064
1.061
1.065
1.061
1.061
1.062
1.062
1.064
1.064
1.068
1.062
1.065
1.065
1.066
1.069
1.066
1.069
1.063
1.068
1.071
1.065
1.066
1.068
1.074
1.072
1.070
1.073
1.074
1.073
1.073
1.075
1.070
1.074
1.075
1.075
1.076
1.074
1.072
1.075
1.074
1.077
1.080
1.078
1.076
1.075
1.079
1.078
1.078
1.080
1.080
1.081
1.083
1.081
1.079
1.081
1.077
1.077
1.082
1.082
1.082
1.081
1.084
1.080
1.083
1.084
1.082
1.081
1.085
1.082
1.085
1.086
1.084
1.087
1.086
1.086
1.085
1.088
1.089
1.089
1.088
1.087
1.088
1.088
1.090
1.084
1.091
1.092
1.090
1.090
1.088
1.091
1.091
1.091
1.092
1.091
1.093
1.089
1.092
1.093
1.094
1.094
1.094
1.093
1.091
1.093
1.093
1.095
1.095
1.095
1.095
1.097
1.095
1.094
1.091
1.094
1.095
1.095
1.096
1.096
1.098
1.099
1.098
1.099
1.099
1.100
1.098
1.098
1.098
1.100
1.100
1.101
1.103
1.100
1.100
1.101
1.103
1.103
1.102
1.104
1.104
1.105
1.102
1.104
1.104
1.107
1.109
1.105
1.107
1.105
1.109
1.106
1.108
1.109
1.108
1.106
1.112
1.111
1.109
1.108
1.110
1.113
1.110
1.110
1.109
1.111
1.110
1.107
1.113
1.113
1.110
1.110
1.107
1.113
1.110
1.114
1.116
1.116
1.115
1.114
1.116
1.116
1.117
1.119
1.115
1.120
1.117
1.117
1.120
1.119
1.120
1.119
1.124
1.120
1.118
1.120
1.117
1.124
1.119
1.121
1.120
1.123
1.124
1.124
1.126
1.121
1.123
1.123
1.128
1.122
1.121
1.128
1.130
1.128
1.125
1.126
1.129
1.129
1.132
1.128
1.129
1.131
1.129
1.130
1.131
1.133
1.133
1.133
1.131
1.127
1.134
1.131
1.135
1.138
1.136
1.136
1.136
1.136
1.137
1.133
1.135
1.134
1.130
1.138
1.136
1.133
1.139
1.140
1.130
1.134
1.136
1.138
1.139
1.138
1.138
1.141
1.139
1.138
1.138
1.138
1.141
1.140
1.139
1.140
1.141
1.140
1.145
1.137
1.143
1.144
1.144
1.143
1.144
1.143
1.144
1.145
1.142
1.144
1.146
1.145
1.146
1.146
1.150
1.144
1.145
1.146
1.145
1.146
1.148
1.149
1.145
1.146
1.148
1.144
1.148
1.147
1.145
1.144
1.147
1.145
1.146
1.147
1.145
1.143
1.141
1.140
1.140
1.142
1.140
1.139
1.136
1.139
1.137
1.134
1.130
1.136
1.133
1.132
1.129
1.129
1.128
1.126
1.127
1.122
1.121
1.121
1.119
1.123
1.120
1.116
1.115
1.113
1.112
1.108
1.111
1.108
1.109
1.107
1.106
1.103
1.104
1.104
1.101
1.097
1.100
1.096
1.097
1.094
1.097
1.096
1.094
1.094
1.092
1.090
1.093
1.089
1.088
1.090
1.088
1.087
1.086
1.086
1.084
1.082
1.083
1.084
1.086
1.083
1.079
1.079
1.077
1.074
1.078
1.076
1.075
1.073
1.075
1.070
1.068
1.069
1.072
1.070
1.066
1.069
1.064
1.069
1.067
1.063
1.064
1.065
1.063
1.065
1.063
1.061
1.064
1.062
1.062
1.060
1.056
1.056
1.058
1.061
1.060
1.058
1.058
1.057
1.055
1.057
1.055
1.056
1.059
1.054
1.056
1.056
1.053
1.052
1.053
1.052
1.054
1.054
1.052
1.056
1.054
1.055
1.052
1.051
1.048
1.051
1.054
1.049
1.052
1.053
1.052
1.051
1.049
1.050
1.051
1.049
1.049
1.054
1.053
1.050
1.050
1.049
1.048
1.050
1.049
1.050
1.050
1.050
1.047
1.051
1.051
1.049
1.049
1.049
1.047
1.049
1.051
1.050
1.047
1.049
1.052
1.051
1.049
1.049
1.047
1.049
1.052
1.050
1.050
1.049
1.049
1.050
1.050
1.050
1.049
1.048
1.048
1.051
1.049
1.047
1.047
1.046
1.051
1.049
1.049
1.048
1.047
1.049
1.045
1.051
1.049
1.049
1.050
1.049
1.051
1.049
1.049
1.051
1.048
1.049
1.052
1.052
1.051
1.052
1.053
1.048
1.050
1.051
1.053
1.050
1.053
1.051
1.051
1.054
1.055
1.051
1.051
1.053
1.051
1.053
1.053
1.054
1.056
1.056
1.055
1.056
1.054
1.052
1.052
1.054
1.051
1.055
1.054
1.054
1.051
1.054
1.057
1.054
1.053
1.056
1.056
1.054
1.055
1.054
1.056
1.053
1.056
1.055
1.056
1.055
1.057
1.059
1.060
1.056
1.058
1.058
1.059
1.059
1.057
1.060
1.060
1.061
1.058
1.057
1.060
1.058
1.058
1.059
1.062
1.061
1.059
1.060
1.064
1.060
1.064
1.065
1.062
1.063
1.063
1.064
1.066
1.067
1.067
1.061
1.066
1.063
1.064
1.067
1.066
1.064
1.068
1.067
1.065
1.063
1.066
1.063
1.067
1.064
1.065
1.066
1.066
1.065
1.070
1.066
1.069
1.068
1.069
1.067
1.067
1.070
1.070
1.070
1.070
1.073
1.072
1.073
1.068
1.067
1.072
1.070
1.076
1.074
1.073
1.071
1.073
1.076
1.075
1.071
1.074
1.075
1.076
1.076
1.079
1.078
1.079
1.078
1.079
1.075
1.077
1.078
1.078
1.077
1.078
1.080
1.080
1.081
1.076
1.080
1.081
1.080
1.081
1.079
1.079
1.080
1.082
1.079
1.078
1.081
1.082
1.084
1.082
1.083
1.083
1.085
1.085
1.086
1.084
1.083
1.085
1.084
1.084
1.089
1.086
1.087
1.084
1.083
1.087
1.085
1.088
1.086
1.087
1.089
1.091
1.089
1.083
1.089
1.088
1.093
1.089
1.092
1.089
1.090
1.094
1.092
1.092
1.089
1.092
1.093
1.093
1.093
1.093
1.092
1.095
1.092
1.092
1.090
1.091
1.092
1.094
1.097
1.093
1.093
1.096
1.093
1.092
1.096
1.095
1.094
1.099
1.096
1.096
1.096
1.096
1.097
1.096
1.094
1.099
1.099
1.096
1.099
1.100
1.100
1.099
1.101
1.100
1.100
1.103
1.102
1.099
1.103
1.099
1.102
1.103
1.103
1.101
1.102
1.102
1.100
1.104
1.104
1.104
1.104
1.105
1.103
1.107
1.105
1.106
1.105
1.104
1.106
1.107
1.108
1.110
1.107
1.106
1.105
1.107
1.112
1.106
1.110
1.111
1.112
1.109
1.110
1.110
1.110
1.110
1.109
1.112
1.113
1.114
1.113
1.115
1.113
1.114
1.117
1.115
1.113
1.114
1.115
1.117
1.113
1.117
1.118
1.114
1.117
1.117
1.118
1.117
1.119
1.121
1.117
1.121
1.119
1.119
1.118
1.122
1.119
1.121
1.125
1.123
1.121
1.120
1.124
1.122
1.125
1.124
1.126
1.125
1.127
1.125
1.125
1.128
1.126
1.121
1.122
1.124
1.120
1.126
1.126
1.124
1.126
1.124
1.128
1.126
1.130
1.129
1.126
1.129
1.131
1.128
1.127
1.129
1.133
1.128
1.130
1.128
1.130
1.131
1.134
1.131
1.135
1.133
1.132
1.134
1.130
1.131
1.132
1.137
1.134
1.138
1.137
1.137
1.136
1.137
1.129
1.138
1.138
1.139
1.139
1.139
1.138
1.139
1.138
1.138
1.135
1.141
1.139
1.138
1.138
1.139
1.139
1.141
1.136
1.139
1.141
1.140
1.141
1.140
1.142
1.144
1.143
1.142
1.141
1.141
1.141
1.144
1.144
1.144
1.143
1.144
1.144
1.144
1.145
1.143
1.148
1.143
1.146
1.146
1.145
1.146
1.147
1.145
1.146
1.146
1.148
1.148
1.149
1.146
1.149
1.148
1.148
1.147
1.148
1.148
1.151
1.148
1.153
1.151
1.150
1.148
1.148
1.150
1.151
1.150
1.150
1.152
1.153
1.153
1.155
1.160
1.152
1.152
1.154
1.153
1.153
1.153
1.156
1.155
1.158
1.155
1.154
1.154
1.155
1.154
1.158
1.156
1.156
1.155
1.156
1.154
1.156
1.159
1.157
1.157
1.158
1.158
1.158
1.157
1.158
1.159
1.159
1.160
1.159
1.161
1.158
1.159
1.161
1.163
1.162
1.165
1.164
1.158
1.160
1.162
1.165
1.160
1.164
1.162
1.164
1.164
1.163
1.165
1.164
1.164
1.164
1.167
1.167
1.166
1.166
1.166
1.168
1.167
1.167
1.168
1.171
1.167
1.167
1.170
1.171
1.171
1.170
1.171
1.174
1.168
1.172
1.172
1.169
1.173
1.173
1.172
1.175
1.173
1.171
1.174
1.174
1.171
1.173
1.174
1.178
1.175
1.177
1.178
1.176
1.174
1.181
1.177
1.176
1.177
1.179
1.180
1.178
1.178
1.178
1.181
1.178
1.178
1.179
1.179
1.182
1.183
1.182
1.179
1.183
1.183
1.181
1.182
1.184
1.187
1.187
1.186
1.185
1.182
1.188
1.183
1.179
1.185
1.183
1.186
1.186
1.184
1.185
1.185
1.186
1.182
1.184
1.190
1.186
1.187
1.187
1.186
1.185
1.189
1.188
1.191
1.187
1.187
1.186
1.191
1.188
1.189
1.192
1.191
1.189
1.190
1.192
1.190
1.193
1.192
1.194
1.193
1.194
1.193
1.186
1.193
1.191
1.192
1.192
1.192
1.192
1.193
1.195
1.195
1.195
1.193
1.195
1.197
1.196
1.197
1.195
1.195
1.197
1.191
1.197
1.197
1.200
1.197
1.198
1.196
1.198
1.197
1.196
1.198
1.199
1.201
1.194
1.199
1.200
1.199
1.200
1.199
1.199
1.197
1.201
1.200
1.202
1.200
1.199
1.203
1.200
1.200
1.199
1.201
1.202
1.199
1.202
1.206
1.204
1.205
1.204
1.204
1.206
1.208
1.203
1.203
1.205
1.209
1.208
1.207
1.206
1.207
1.205
1.206
1.207
1.206
1.208
1.209
1.207
1.207
1.209
1.207
1.206
1.210
1.212
1.208
1.211
1.211
1.212
1.212
1.212
1.213
1.210
1.210
1.216
1.208
1.208
1.211
1.209
1.215
1.213
1.212
1.215
1.214
1.212
1.215
1.213
1.215
1.214
1.214
1.218
1.217
1.216
1.217
1.216
1.217
1.219
1.215
1.217
1.218
1.219
1.217
1.220
1.222
1.219
1.218
1.221
1.219
1.220
1.220
1.222
1.218
1.221
1.221
1.222
1.221
1.223
1.224
1.223
1.224
1.224
1.227
1.225
1.223
1.220
1.223
1.226
1.223
1.223
1.225
1.228
1.226
1.226
1.227
1.228
1.229
1.225
1.227
1.227
1.228
1.228
1.227
1.226
1.231
1.229
1.228
1.229
1.232
1.228
1.231
1.230
1.228
1.233
1.233
1.233
1.233
1.232
1.233
1.234
1.235
1.235
1.235
1.234
1.236
1.232
1.236
1.234
1.237
1.236
1.234
1.234
1.235
1.237
1.235
1.235
1.233
1.238
1.241
1.239
1.237
1.238
1.238
1.242
1.244
1.234
1.238
1.240
1.240
1.241
1.241
1.242
1.243
1.244
1.242
1.241
1.240
1.244
1.241
1.243
1.242
1.244
1.244
1.243
1.243
1.243
1.241
1.242
1.244
1.244
1.243
1.242
1.243
1.243
1.238
1.246
1.243
1.244
1.245
1.243
1.246
1.247
1.247
1.244
1.245
1.246
1.247
1.246
1.245
1.248
1.243
1.247
1.245
1.245
1.249
1.248
1.247
1.244
1.250
1.251
1.248
1.250
1.252
1.248
1.250
1.251
1.251
1.251
1.250
1.253
1.251
1.250
1.251
1.251
1.253
1.254
1.250
1.252
1.251
1.253
1.253
1.252
1.255
1.253
1.257
1.256
1.255
1.254
1.255
1.254
1.255
1.255
1.256
1.255
1.256
1.257
1.258
1.257
1.258
1.256
1.255
1.261
1.259
1.260
1.257
1.258
1.257
1.258
1.256
1.257
1.259
1.257
1.259
1.259
1.257
1.257
1.257
1.259
1.258
1.261
1.261
1.258
1.261
1.258
1.258
1.259
1.259
1.260
1.260
1.259
1.260
1.262
1.263
1.262
1.263
1.261
1.260
1.263
1.259
1.263
1.261
1.265
1.266
1.261
1.265
1.262
1.263
1.263
1.266
1.264
1.268
1.265
1.262
1.268
1.267
1.266
1.265
1.267
1.269
1.268
1.264
1.268
1.271
1.269
1.267
1.268
1.270
1.269
1.270
1.272
1.270
1.272
1.274
1.271
1.272
1.273
1.269
1.270
1.274
1.273
1.272
1.272
1.271
1.271
1.270
1.272
1.275
1.273
1.275
1.272
1.276
1.272
1.277
1.275
1.277
1.275
1.277
1.279
1.274
1.275
1.276
1.275
1.279
1.277
1.281
1.276
1.280
1.279
1.277
1.280
1.279
1.280
1.283
1.281
1.280
1.280
1.279
1.283
1.280
1.281
1.284
1.281
1.283
1.281
1.282
1.282
1.281
1.283
1.284
1.283
1.288
1.284
1.285
1.284
1.281
1.285
1.286
1.287
1.289
1.289
1.287
1.285
1.288
1.284
1.284
1.286
1.289
1.288
1.290
1.288
1.290
1.289
1.289
1.285
1.288
1.293
1.293
1.291
1.292
1.291
1.291
1.293
1.292
1.291
1.292
1.291
1.293
1.293
1.295
1.296
1.293
1.294
1.296
1.293
1.297
1.296
1.291
1.295
1.296
1.297
1.295
1.293
1.291
1.298
1.295
1.296
1.295
1.295
1.296
1.296
1.298
1.296
1.299
1.297
1.299
1.298
1.298
1.297
1.300
1.297
1.295
1.297
1.301
1.298
1.299
1.299
1.302
1.300
1.300
1.299
1.296
1.301
1.301
1.303
1.300
1.304
1.303
1.304
1.301
1.299
1.302
1.301
1.303
1.303
1.305
1.304
1.305
1.304
1.304
1.304
1.307
1.303
1.306
1.304
1.305
1.306
1.305
1.304
1.304
1.309
1.305
1.306
1.306
1.306
1.305
1.304
1.305
1.305
1.304
1.306
1.306
1.307
1.310
1.307
1.307
1.309
1.310
1.307
1.310
1.310
1.311
1.309
1.310
1.308
1.307
1.311
1.311
1.310
1.314
1.313
1.310
1.313
1.311
1.313
1.312
1.310
1.313
1.310
1.312
1.312
1.312
1.314
1.314
1.312
1.312
1.311
1.311
1.314
1.312
1.314
1.313
1.313
1.315
1.313
1.313
1.316
1.315
1.318
1.317
1.316
1.316
1.314
1.316
1.317
1.318
1.318
1.318
1.316
1.320
1.320
1.316
1.317
1.316
1.321
1.317
1.319
1.319
1.320
1.320
1.319
1.318
1.322
1.318
1.318
1.317
1.320
1.322
1.320
1.321
1.317
1.320
1.318
1.321
1.322
1.324
1.324
1.325
1.322
1.321
1.326
1.322
1.323
1.326
1.325
1.325
1.324
1.324
1.327
1.323
1.324
1.326
1.326
1.327
1.328
1.323
1.325
1.327
1.325
1.325
1.325
1.327
1.324
1.325
1.326
1.328
1.327
1.326
1.329
1.327
1.327
1.328
1.328
1.329
1.330
1.328
1.332
1.331
1.329
1.327
1.331
1.330
1.332
