21.272
21.269
21.270
21.247
21.270
21.284
21.270
21.271
21.269
21.268
21.270
21.271
21.269
21.268
21.270
21.270
21.262
21.270
21.270
21.269
21.269
21.269
21.247
21.265
21.272
21.271
21.272
21.270
21.269
21.270
21.269
21.262
21.253
21.272
21.270
21.270
21.269
21.270
21.271
21.270
21.269
21.246
21.270
21.272
21.271
21.272
21.270
21.270
21.270
21.269
21.254
21.258
21.273
21.269
21.271
21.268
21.269
21.270
21.272
21.270
21.270
21.270
21.269
21.265
21.270
21.269
21.269
21.269
21.271
21.251
21.254
21.272
21.272
21.274
21.270
21.270
21.270
21.269
21.270
21.246
21.270
21.273
21.271
21.271
21.270
21.269
21.271
21.270
21.252
21.262
21.271
21.271
21.271
21.271
21.270
21.269
21.270
21.269
21.247
21.267
21.271
21.271
21.270
21.270
21.270
21.268
21.269
21.254
21.255
21.272
21.270
21.271
21.269
21.269
21.269
21.268
21.271
21.247
21.267
21.271
21.271
21.271
21.269
21.269
21.269
21.269
21.257
21.249
21.271
21.274
21.270
21.270
21.270
21.270
21.269
21.268
21.247
21.270
21.271
21.271
21.272
21.269
21.270
21.269
21.269
21.256
21.253
21.271
21.271
21.271
21.268
21.268
21.269
21.270
21.264
21.248
21.272
21.271
21.271
21.272
21.270
21.269
21.270
21.269
21.256
21.255
21.271
21.272
21.272
21.270
21.270
21.271
21.270
21.270
21.246
21.270
21.272
21.273
21.271
21.270
21.270
21.269
21.269
21.255
21.257
21.271
21.271
21.272
21.269
21.268
21.269
21.269
21.270
21.245
21.270
21.271
21.270
21.271
21.269
21.269
21.270
21.269
21.269
21.270
21.269
21.269
21.254
21.269
21.270
21.269
21.271
21.268
21.246
21.270
21.270
21.271
21.272
21.269
21.269
21.270
21.269
21.250
21.262
21.272
21.270
21.276
21.270
21.270
21.269
21.270
21.265
21.247
21.271
21.272
21.272
21.271
21.270
21.269
21.269
21.270
21.255
21.254
21.271
21.271
21.273
21.267
21.269
21.270
21.269
21.267
21.247
21.269
21.272
21.270
21.271
21.269
21.268
21.269
21.268
21.258
21.251
21.272
21.272
21.271
21.271
21.269
21.269
21.270
21.270
21.247
21.264
21.271
21.270
21.270
21.273
21.269
21.270
21.270
21.269
21.248
21.265
21.270
21.270
21.269
21.268
21.269
21.268
21.268
21.246
21.268
21.269
21.270
21.272
21.269
21.268
21.269
21.273
21.269
21.270
21.269
21.270
21.268
21.270
21.269
21.268
21.269
21.268
21.246
21.267
21.271
21.271
21.272
21.270
21.270
21.269
21.268
21.268
21.246
21.271
21.270
21.271
21.272
21.270
21.269
21.269
21.269
21.266
21.247
21.272
21.270
21.270
21.267
21.268
21.268
21.269
21.261
21.249
21.271
21.270
21.270
21.270
21.268
21.267
21.269
21.269
21.268
21.267
21.269
21.268
21.264
21.268
21.268
21.269
21.268
21.269
21.247
21.256
21.270
21.271
21.269
21.269
21.269
21.268
21.270
21.252
21.258
21.272
21.271
21.271
21.271
21.270
21.269
21.270
21.270
21.269
21.247
21.272
21.270
21.270
21.269
21.269
21.268
21.270
21.254
21.253
21.270
21.271
21.271
21.270
21.270
21.269
21.270
21.272
21.269
21.269
21.270
21.271
21.263
21.269
21.269
21.269
21.269
21.265
21.246
21.271
21.271
21.271
21.270
21.268
21.268
21.270
21.270
21.251
21.257
21.271
21.271
21.271
21.267
21.272
21.270
21.270
21.269
21.269
21.250
21.254
21.271
21.272
21.269
21.269
21.269
21.269
21.259
21.252
21.271
21.271
21.270
21.268
21.268
21.269
21.268
21.269
21.244
21.269
21.270
21.269
21.270
21.268
21.269
21.268
21.268
21.259
21.253
21.270
21.271
21.271
21.271
21.269
21.270
21.270
21.270
21.247
21.268
21.271
21.270
21.271
21.270
21.272
21.270
21.270
21.270
21.269
21.245
21.268
21.271
21.271
21.270
21.269
21.270
21.270
21.252
21.261
21.271
21.271
21.272
21.270
21.270
21.269
21.270
21.269
21.246
21.270
21.271
21.271
21.270
21.268
21.269
21.270
21.271
21.269
21.269
21.270
21.251
21.257
21.269
21.268
21.270
21.270
21.270
21.247
21.269
21.272
21.271
21.272
21.270
21.269
21.269
21.269
21.270
21.270
21.247
21.266
21.270
21.271
21.269
21.267
21.268
21.269
21.248
21.260
21.269
21.271
21.271
21.269
21.268
21.269
21.269
21.268
21.268
21.268
21.269
21.253
21.269
21.269
21.268
21.269
21.269
21.247
21.264
21.271
21.271
21.272
21.268
21.269
21.270
21.270
21.262
21.247
21.273
21.271
21.270
21.270
21.271
21.271
21.270
21.270
21.270
21.268
21.247
21.271
21.272
21.270
21.270
21.269
21.268
21.269
21.245
21.271
21.276
21.274
21.271
21.269
21.269
21.270
21.272
21.269
21.269
21.269
21.270
21.265
21.268
21.270
21.269
21.270
21.271
21.246
21.269
21.271
21.270
21.272
21.270
21.269
21.270
21.269
21.260
21.252
21.272
21.270
21.269
21.269
21.269
21.271
21.269
21.270
21.269
21.270
21.246
21.267
21.271
21.269
21.269
21.269
21.268
21.261
21.248
21.271
21.271
21.270
21.268
21.269
21.268
21.270
21.271
21.269
21.269
21.269
21.266
21.247
21.258
21.259
21.271
21.283
21.268
21.307
21.293
21.311
21.336
21.334
21.316
21.342
21.351
21.347
21.269
21.265
21.252
21.267
21.270
21.269
21.271
21.270
21.270
21.270
21.270
21.272
21.270
21.270
21.270
21.269
21.269
21.269
21.270
21.246
21.266
21.271
21.272
21.272
21.269
21.269
21.269
21.268
21.267
21.246
21.270
21.270
21.270
21.270
21.269
21.269
21.268
21.268
21.248
21.263
21.271
21.270
21.272
21.269
21.269
21.268
21.269
21.265
21.249
21.270
21.270
21.269
21.269
21.267
21.271
21.269
21.268
21.270
21.270
21.271
21.270
21.270
21.268
21.268
21.268
21.268
21.260
21.248
21.270
21.272
21.272
21.269
21.268
21.269
21.269
21.270
21.270
21.270
21.269
21.270
21.261
21.269
21.269
21.269
21.269
21.263
21.246
21.271
21.271
21.272
21.271
21.269
21.270
21.269
21.270
21.246
21.270
21.269
21.269
21.271
21.268
21.269
21.271
21.270
21.271
21.271
21.271
21.271
21.271
21.271
21.268
21.268
21.268
21.268
21.247
21.266
21.270
21.271
21.272
21.270
21.269
21.270
21.269
21.268
21.246
21.270
21.271
21.270
21.269
21.269
21.269
21.268
21.269
21.244
21.269
21.270
21.270
21.271
21.268
21.268
21.269
21.269
21.264
21.247
21.271
21.269
21.269
21.270
21.268
21.268
21.271
21.270
21.269
21.268
21.268
21.265
21.260
21.268
21.268
21.268
21.268
21.262
21.247
21.270
21.270
21.270
21.271
21.269
21.268
21.268
21.268
21.248
21.259
21.271
21.271
21.269
21.269
21.267
21.267
21.268
21.262
21.246
21.270
21.270
21.270
21.271
21.269
21.269
21.269
21.271
21.256
21.254
21.271
21.271
21.271
21.268
21.269
21.269
21.269
21.271
21.270
21.269
21.270
21.269
21.267
21.269
21.268
21.269
21.269
21.261
21.249
21.270
21.271
21.270
21.269
21.269
21.268
21.268
21.271
21.269
21.270
21.271
21.270
21.271
21.269
21.269
21.268
21.269
21.258
21.251
21.271
21.270
21.271
21.271
21.269
21.269
21.270
21.269
21.247
21.266
21.271
21.271
21.270
21.270
21.269
21.270
21.271
21.271
21.270
21.271
21.271
21.272
21.271
21.269
21.269
21.270
21.269
21.246
21.268
21.270
21.271
21.271
21.269
21.269
21.268
21.271
21.268
21.267
21.267
21.268
21.268
21.270
21.268
21.268
21.267
21.268
21.243
21.246
21.259
21.270
21.270
21.263
21.259
21.257
21.258
21.254
21.232
21.255
21.252
21.252
21.251
21.250
21.249
21.247
21.247
21.245
21.244
21.243
21.242
21.243
21.240
21.239
21.237
21.237
21.234
21.213
21.237
21.235
21.232
21.233
21.231
21.229
21.229
21.232
21.228
21.226
21.222
21.220
21.218
21.216
21.214
21.212
21.209
21.205
21.179
21.202
21.198
21.194
21.193
21.191
21.190
21.189
21.190
21.170
21.185
21.190
21.184
21.183
21.179
21.179
21.179
21.179
21.179
21.177
21.177
21.173
21.171
21.173
21.171
21.170
21.168
21.167
21.148
21.155
21.167
21.167
21.168
21.163
21.162
21.160
21.161
21.159
21.156
21.155
21.155
21.142
21.153
21.152
21.151
21.148
21.147
21.128
21.137
21.144
21.143
21.144
21.139
21.137
21.133
21.129
21.123
21.101
21.124
21.121
21.119
21.117
21.115
21.113
21.109
21.107
21.096
21.105
21.103
21.100
21.100
21.097
21.097
21.094
21.094
21.091
21.068
21.088
21.085
21.083
21.083
21.080
21.078
21.078
21.079
21.077
21.073
21.071
21.071
21.069
21.068
21.068
21.067
21.065
21.061
21.039
21.053
21.051
21.046
21.043
21.034
21.028
21.024
21.022
21.018
20.992
21.010
21.002
20.999
20.992
20.985
20.979
20.975
20.967
20.926
20.927
20.923
20.922
20.922
20.913
20.908
20.903
20.897
20.889
20.865
20.882
20.877
20.868
20.860
20.853
20.847
20.841
20.837
20.821
20.816
20.820
20.813
20.809
20.798
20.789
20.787
20.785
20.778
20.758
20.779
20.776
20.772
20.768
20.759
20.752
20.746
20.741
20.720
20.724
20.730
20.728
20.723
20.715
20.715
20.714
20.713
20.710
20.690
20.704
20.702
20.701
20.701
20.696
20.687
20.673
20.668
20.662
20.650
20.636
20.606
20.610
20.598
20.593
20.585
20.581
20.579
20.559
20.562
20.569
20.567
20.563
20.558
20.557
20.555
20.554
20.550
20.526
20.541
20.527
20.517
20.502
20.496
20.491
20.483
20.483
20.459
20.472
20.479
20.473
20.472
20.461
20.447
20.437
20.435
20.428
20.401
20.418
20.410
20.402
20.397
20.390
20.386
20.381
20.377
20.348
20.345
20.349
20.345
20.342
20.336
20.332
20.332
20.332
20.327
20.324
20.319
20.316
20.309
20.305
20.303
20.300
20.299
20.295
20.283
20.273
20.283
20.276
20.273
20.263
20.257
20.252
20.249
20.244
20.220
20.235
20.236
20.235
20.229
20.227
20.223
20.219
20.215
20.192
20.195
20.202
20.196
20.191
20.185
20.179
20.171
20.159
20.154
20.125
20.133
20.127
20.120
20.119
20.117
20.114
20.114
20.114
20.110
20.082
20.092
20.083
20.079
20.073
20.067
20.063
20.057
20.057
20.044
20.042
20.051
20.046
20.045
20.041
20.038
20.035
20.034
20.032
20.005
20.026
20.017
20.010
20.004
20.000
19.991
19.985
19.975
19.952
19.930
19.929
19.915
19.907
19.897
19.886
19.878
19.870
19.856
19.826
19.846
19.842
19.832
19.819
19.809
19.801
19.797
19.797
19.789
19.788
19.778
19.767
19.756
19.741
19.727
19.716
19.706
19.698
19.657
19.663
19.651
19.641
19.636
19.620
19.614
19.606
19.604
19.586
19.581
19.593
19.582
19.576
19.566
19.563
19.557
19.553
19.547
19.523
19.539
19.530
19.520
19.505
19.486
19.473
19.467
19.461
19.444
19.438
19.447
19.446
19.442
19.435
19.431
19.425
19.419
19.402
19.392
19.385
19.384
19.381
19.367
19.366
19.360
19.349
19.345
19.337
19.321
19.335
19.327
19.317
19.305
19.292
19.287
19.275
19.268
19.242
19.247
19.249
19.240
19.236
19.230
19.226
19.219
19.212
19.197
19.174
19.185
19.173
19.167
19.160
19.153
19.149
19.143
19.138
19.113
19.126
19.122
19.118
19.117
19.107
19.093
19.075
19.069
19.049
19.036
19.021
19.003
18.987
18.984
18.975
18.963
18.954
18.945
18.928
18.928
18.935
18.934
18.936
18.933
18.924
18.913
18.906
18.893
18.870
18.884
18.884
18.879
18.875
18.871
18.864
18.858
18.851
18.826
18.832
18.835
18.820
18.807
18.781
18.773
18.762
18.751
18.744
18.721
18.732
18.726
18.717
18.714
18.707
18.701
18.700
18.694
18.677
18.673
18.676
18.665
18.655
18.640
18.628
18.621
18.616
18.606
18.588
18.603
18.591
18.577
18.562
18.550
18.542
18.542
18.532
18.511
18.505
18.513
18.509
18.507
18.496
18.488
18.479
18.469
18.460
18.432
18.444
18.443
18.433
18.425
18.417
18.411
18.408
18.402
18.386
18.378
18.385
18.381
18.375
18.364
18.355
18.347
18.347
18.343
18.335
18.324
18.314
18.298
18.285
18.278
18.271
18.259
18.247
18.225
18.225
18.236
18.234
18.234
18.231
18.232
18.231
18.229
18.231
18.209
18.226
18.225
18.215
18.191
18.182
18.174
18.168
18.164
18.141
18.127
18.116
18.096
18.080
18.059
18.042
18.039
18.037
18.038
18.006
18.008
18.005
18.005
18.006
18.004
18.000
17.988
17.983
17.981
17.981
17.980
17.973
17.954
17.960
17.954
17.944
17.929
17.919
17.890
17.906
17.901
17.893
17.883
17.873
17.870
17.867
17.860
17.847
17.843
17.849
17.842
17.836
17.825
17.822
17.820
17.810
17.803
17.779
17.792
17.785
17.783
17.779
17.774
17.770
17.763
17.760
17.745
17.730
17.731
17.721
17.711
17.701
17.688
17.678
17.668
17.662
17.636
17.624
17.611
17.585
17.559
17.542
17.534
17.531
17.529
17.522
17.505
17.517
17.514
17.511
17.502
17.493
17.492
17.490
17.482
17.463
17.473
17.472
17.466
17.454
17.419
17.403
17.394
17.393
17.386
17.375
17.391
17.388
17.385
17.385
17.383
17.383
17.380
17.362
17.338
17.351
17.353
17.346
17.342
17.336
17.335
17.334
17.336
17.327
17.322
17.322
17.313
17.294
17.285
17.278
17.274
17.273
17.273
17.254
17.258
17.261
17.252
17.242
17.230
17.228
17.228
17.226
17.221
17.198
17.196
17.187
17.175
17.163
17.152
17.151
17.148
17.148
17.141
17.133
17.148
17.149
17.144
17.126
17.112
17.095
17.078
17.065
17.037
17.052
17.044
17.039
17.032
17.024
17.014
16.999
16.988
16.975
16.964
16.956
16.947
16.938
16.933
16.927
16.919
16.915
16.908
16.891
16.905
16.895
16.887
16.876
16.866
16.861
16.852
16.846
16.825
16.823
16.824
16.817
16.805
16.784
16.779
16.778
16.775
16.768
16.747
16.755
16.745
16.729
16.732
16.708
16.698
16.682
16.667
16.658
16.638
16.643
16.637
16.623
16.594
16.581
16.576
16.578
16.573
16.565
16.553
16.537
16.519
16.507
16.498
16.497
16.493
16.483
16.461
16.455
16.460
16.459
16.456
16.443
16.432
16.429
16.418
16.404
16.365
16.370
16.361
16.357
16.351
16.342
16.333
16.329
16.324
16.314
16.317
16.321
16.310
16.305
16.292
16.277
16.269
16.259
16.247
16.232
16.204
16.201
16.186
16.167
16.160
16.152
16.148
16.138
16.112
16.099
16.086
16.073
16.069
16.064
16.063
16.055
16.049
16.042
16.018
16.028
16.022
16.017
16.011
16.009
16.001
15.991
15.978
15.962
15.963
15.969
15.962
15.956
15.942
15.936
15.930
15.925
15.921
15.903
15.914
15.911
15.902
15.895
15.882
15.875
15.863
15.850
15.834
15.822
15.796
15.803
15.796
15.791
15.785
15.780
15.775
15.772
15.742
15.748
15.742
15.733
15.723
15.708
15.703
15.698
15.692
15.682
15.678
15.679
15.674
15.671
15.663
15.662
15.654
15.648
15.642
15.627
15.637
15.632
15.625
15.620
15.613
15.611
15.608
15.601
15.592
15.581
15.590
15.582
15.576
15.572
15.569
15.564
15.564
15.561
15.552
15.550
15.527
15.535
15.533
15.521
15.505
15.502
15.497
15.491
15.479
15.472
15.466
15.450
15.447
15.441
15.438
15.435
15.429
15.403
15.392
15.393
15.383
15.381
15.378
15.376
15.373
15.369
15.359
15.319
15.324
15.313
15.304
15.291
15.283
15.274
15.261
15.251
15.230
15.230
15.227
15.216
15.204
15.187
15.175
15.166
15.155
15.143
15.124
15.112
15.084
15.085
15.075
15.063
15.048
15.038
15.027
15.010
15.011
15.006
14.995
14.983
14.970
14.962
14.949
14.934
14.923
14.882
14.879
14.866
14.857
14.850
14.844
14.839
14.837
14.832
14.816
14.813
14.814
14.810
14.807
14.807
14.801
14.779
14.771
14.769
14.753
14.764
14.755
14.740
14.727
14.709
14.699
14.685
14.670
14.649
14.631
14.618
14.595
14.600
14.595
14.588
14.579
14.575
14.573
14.565
14.546
14.519
14.494
14.473
14.451
14.440
14.430
14.429
14.422
14.408
14.418
14.416
14.407
14.404
14.397
14.392
14.390
14.390
14.378
14.383
14.389
14.388
14.386
14.386
14.384
14.384
14.384
14.376
14.373
14.381
14.382
14.383
14.383
14.381
14.383
14.378
14.357
14.323
14.240
14.201
14.171
14.181
14.173
14.164
14.159
14.157
14.153
14.148
14.140
14.136
14.132
14.125
14.119
14.112
14.109
14.107
14.100
14.097
14.097
14.088
14.087
14.085
14.080
14.075
14.062
14.055
14.034
14.030
14.017
13.997
13.979
13.957
13.951
13.941
13.922
13.909
13.899
13.904
13.902
13.900
13.897
13.894
13.893
13.895
13.893
13.892
13.893
13.892
13.875
13.874
13.872
13.855
13.829
13.797
13.754
13.718
13.715
13.709
13.707
13.704
13.701
13.693
13.675
13.672
13.666
13.666
13.672
13.672
13.669
13.660
13.660
13.660
13.661
13.661
13.652
13.666
13.672
13.672
13.673
13.672
13.672
13.664
13.657
13.637
13.626
13.623
13.614
13.610
13.601
13.591
13.586
13.584
13.576
13.562
13.551
13.543
13.530
13.523
13.511
13.492
13.477
13.464
13.449
13.441
13.440
13.428
13.416
13.403
13.392
13.380
13.367
13.355
13.337
13.336
13.332
13.330
13.331
13.330
13.320
13.306
13.289
13.274
13.271
13.273
13.268
13.263
13.259
13.257
13.249
13.240
13.234
13.220
13.221
13.220
13.208
13.200
13.181
13.169
13.152
13.150
13.145
13.137
13.124
13.105
13.098
13.089
13.079
13.065
13.052
13.049
13.034
13.037
13.036
13.029
13.026
13.021
13.013
13.010
13.007
13.003
12.997
13.000
12.991
12.988
12.977
12.975
12.960
12.950
12.944
12.931
12.940
12.939
12.938
12.933
12.927
12.921
12.915
12.903
12.886
12.872
12.870
12.844
12.830
12.821
12.804
12.791
12.781
12.781
12.774
12.756
12.748
12.737
12.665
12.660
12.712
12.708
12.697
12.686
12.675
12.671
12.673
12.666
12.671
12.664
12.650
12.646
12.636
12.614
12.610
12.598
12.589
12.583
12.569
12.562
12.561
12.549
12.538
12.524
12.525
12.513
12.500
12.491
12.488
12.486
12.479
12.474
12.458
12.460
12.458
12.444
12.437
12.428
12.427
12.420
12.415
12.410
12.393
12.382
12.372
12.363
12.355
12.344
12.341
12.336
12.332
12.329
12.324
12.320
12.317
12.307
12.305
12.303
12.298
12.293
12.290
12.276
12.282
12.280
12.277
12.276
12.272
12.269
12.266
12.258
12.246
12.244
12.237
12.227
12.222
12.218
12.212
12.206
12.196
12.188
12.181
12.185
12.183
12.180
12.177
12.178
12.168
12.161
12.158
12.159
12.156
12.149
12.140
12.134
12.122
12.116
12.109
12.102
12.092
12.083
12.076
12.073
12.068
12.061
12.056
12.050
12.046
12.039
12.030
12.023
12.026
12.024
12.024
12.019
12.018
12.018
12.015
12.013
12.001
12.009
12.004
11.991
11.984
11.982
11.979
11.976
11.972
11.953
11.951
11.946
11.938
11.935
11.927
11.919
11.912
11.895
11.883
11.878
11.869
11.861
11.856
11.854
11.853
11.849
11.844
11.840
11.832
11.827
11.822
11.816
11.812
11.809
11.804
11.798
11.792
11.784
11.768
11.761
11.755
11.752
11.752
11.748
11.743
11.731
11.727
11.718
11.721
11.720
11.713
11.708
11.702
11.691
11.682
11.678
11.665
11.655
11.657
11.649
11.643
11.641
11.636
11.635
11.630
11.625
11.621
11.623
11.626
11.622
11.616
11.608
11.600
11.595
11.587
11.574
11.569
11.565
11.565
11.563
11.562
11.560
11.558
11.556
11.549
11.542
11.544
11.546
11.543
11.543
11.538
11.536
11.536
11.536
11.531
11.512
11.516
11.512
11.511
11.502
11.479
11.473
11.466
11.462
11.449
11.449
11.449
11.443
11.441
11.437
11.430
11.426
11.422
11.414
11.393
11.396
11.392
11.389
11.387
11.383
11.381
11.379
11.377
11.366
11.365
11.365
11.362
11.360
11.355
11.353
11.347
11.342
11.339
11.322
11.322
11.316
11.309
11.304
11.301
11.292
11.290
11.281
11.269
11.246
11.241
11.234
11.230
11.224
11.218
11.212
11.206
11.200
11.182
11.182
11.172
11.167
11.159
11.153
11.148
11.145
11.140
11.134
11.122
11.126
11.119
11.110
11.095
11.081
11.061
11.053
11.049
11.036
11.036
11.028
11.016
11.000
10.990
10.988
10.986
10.978
10.952
10.937
10.928
10.925
10.918
10.902
10.885
10.870
10.841
10.824
10.815
10.817
10.811
10.803
10.796
10.776
10.767
10.758
10.752
10.735
10.733
10.730
10.725
10.717
10.706
10.701
10.696
10.691
10.684
10.675
10.672
10.669
10.659
10.657
10.657
10.656
10.646
10.640
10.625
10.612
10.607
10.606
10.600
10.602
10.602
10.600
10.591
10.575
10.559
10.559
10.557
10.550
10.545
10.535
10.530
10.525
10.522
10.508
10.506
10.498
10.486
10.483
10.475
10.471
10.462
10.459
10.447
10.437
10.436
10.425
10.419
10.413
10.400
10.390
10.386
10.373
10.362
10.361
10.359
10.353
10.348
10.344
10.338
10.329
10.325
10.312
10.301
10.291
10.281
10.273
10.266
10.258
10.253
10.247
10.244
10.239
10.239
10.238
10.229
10.224
10.218
10.216
10.211
10.202
10.193
10.181
10.181
10.173
10.168
10.157
10.137
10.128
10.123
10.121
10.118
10.112
10.100
10.078
10.069
10.060
10.050
10.041
10.034
10.034
10.022
10.020
10.017
10.015
10.016
10.010
10.002
9.990
9.984
9.974
9.973
9.971
9.964
9.961
9.961
9.958
9.950
9.946
9.933
9.906
9.900
9.886
9.875
9.870
9.849
9.819
9.805
9.790
9.776
9.765
9.767
9.764
9.757
9.751
9.734
9.721
9.720
9.717
9.705
9.703
9.700
9.693
9.681
9.675
9.662
9.646
9.643
9.635
9.623
9.624
9.622
9.611
9.595
9.592
9.581
9.562
9.543
9.533
9.534
9.534
9.534
9.534
9.529
9.516
9.498
9.479
9.473
9.465
9.467
9.461
9.453
9.445
9.433
9.424
9.422
9.422
9.415
9.413
9.414
9.402
9.380
9.365
9.351
9.331
9.321
9.313
9.287
9.277
9.269
9.265
9.266
9.265
9.265
9.262
9.253
9.222
9.192
9.183
9.175
9.167
9.156
9.143
9.132
9.114
9.115
9.098
9.069
9.060
9.048
9.026
9.010
8.989
8.979
8.972
8.966
8.955
8.951
8.927
8.901
8.890
8.888
8.887
8.887
8.880
8.875
8.871
8.868
8.864
8.862
8.855
8.849
8.846
8.838
8.828
8.811
8.813
8.812
8.808
8.798
8.784
8.774
8.757
8.746
8.733
8.728
8.730
8.728
8.728
8.721
8.714
8.710
8.708
8.704
8.702
8.703
8.694
8.673
8.655
8.637
8.605
8.594
8.593
8.582
8.569
8.555
8.546
8.535
8.517
8.498
8.490
8.484
8.473
8.461
8.453
8.445
8.428
8.401
8.386
8.378
8.374
8.374
8.373
8.371
8.371
8.362
8.351
8.340
8.331
8.326
8.327
8.325
8.316
8.312
8.299
8.290
8.289
8.286
8.280
8.276
8.275
8.266
8.262
8.265
8.266
8.265
8.268
8.268
8.264
8.260
8.252
8.246
8.247
8.250
8.250
8.251
8.250
8.249
8.249
8.250
8.249
8.244
8.245
8.241
8.238
8.228
8.215
8.213
8.202
8.180
8.176
8.176
8.176
8.160
8.148
8.143
8.131
8.107
8.090
8.086
8.081
8.067
8.050
8.038
8.034
8.025
8.020
8.016
8.010
8.007
7.999
7.988
7.981
7.971
7.966
7.959
7.948
7.939
7.929
7.919
7.909
7.898
7.879
7.862
7.851
7.848
7.844
7.842
7.840
7.837
7.834
7.824
7.816
7.810
7.804
7.801
7.800
7.800
7.798
7.785
7.776
7.768
7.766
7.764
7.758
7.751
7.751
7.746
7.739
7.727
7.715
7.714
7.706
7.690
7.680
7.672
7.665
7.654
7.642
7.635
7.627
7.619
7.610
7.599
7.587
7.579
7.566
7.556
7.556
7.551
7.544
7.540
7.533
7.530
7.523
7.519
7.506
7.495
7.487
7.474
7.463
7.458
7.458
7.453
7.447
7.433
7.420
7.415
7.412
7.409
7.397
7.385
7.368
7.361
7.357
7.349
7.343
7.336
7.334
7.329
7.324
7.315
7.308
7.305
7.302
7.300
7.296
7.292
7.288
7.277
7.275
7.270
7.262
7.251
7.241
7.234
7.229
7.220
7.211
7.203
7.186
7.178
7.170
7.156
7.137
7.129
7.119
7.104
7.083
7.064
7.054
7.038
7.021
7.001
6.980
6.959
6.953
6.951
6.949
6.946
6.934
6.915
6.896
6.885
6.884
6.884
6.874
6.865
6.842
6.833
6.826
6.824
6.824
6.824
6.817
6.818
6.815
6.806
6.790
6.775
6.768
6.757
6.750
6.740
6.729
6.725
6.723
6.714
6.705
6.689
6.677
6.658
6.643
6.637
6.628
6.626
6.623
6.616
6.616
6.616
6.616
6.615
6.613
6.607
6.606
6.603
6.591
6.580
6.569
6.563
6.531
6.499
6.490
6.484
6.482
6.482
6.481
6.469
6.442
6.407
6.375
6.372
6.372
6.372
6.372
6.372
6.372
6.372
6.369
6.361
6.341
6.320
6.314
6.311
6.309
6.299
6.291
6.287
6.284
6.278
6.274
6.274
6.258
6.250
6.239
6.225
6.217
6.208
6.184
6.169
6.165
6.158
6.143
6.126
6.115
6.104
6.097
6.092
6.087
6.081
6.080
6.079
6.071
6.046
6.036
6.033
6.031
6.026
6.013
6.007
5.999
5.986
5.971
5.957
5.946
5.945
5.941
5.933
5.926
5.925
5.924
5.922
5.920
5.916
5.912
5.908
5.908
5.903
5.901
5.898
5.896
5.894
5.892
5.890
5.887
5.884
5.884
5.884
5.884
5.882
5.880
5.877
5.872
5.865
5.861
5.859
5.859
5.857
5.855
5.855
5.854
5.851
5.847
5.846
5.843
5.839
5.836
5.835
5.834
5.831
5.827
5.823
5.822
5.821
5.818
5.814
5.811
5.811
5.811
5.811
5.810
5.810
5.809
5.807
5.802
5.800
5.799
5.798
5.797
5.796
5.795
5.796
5.795
5.793
5.789
5.790
5.789
5.787
5.787
5.786
5.784
5.785
5.784
5.780
5.779
5.775
5.770
5.768
5.768
5.764
5.762
5.753
5.752
5.752
5.752
5.751
5.750
5.750
5.749
5.746
5.739
5.738
5.738
5.737
5.737
5.736
5.732
5.727
5.725
5.725
5.725
5.725
5.725
5.725
5.725
5.725
5.725
5.722
5.720
5.719
5.718
5.718
5.714
5.714
5.713
5.714
5.713
5.713
5.713
5.710
5.709
5.704
5.701
5.701
5.701
5.699
5.694
5.692
5.692
5.691
5.688
5.684
5.682
5.681
5.682
5.682
5.682
5.680
5.681
5.681
5.681
5.681
5.681
5.680
5.681
5.681
5.681
5.681
5.681
5.681
5.682
5.682
5.683
5.683
5.682
5.682
5.682
5.682
5.682
5.682
5.682
5.681
5.681
5.682
5.682
5.682
5.682
5.682
5.681
5.682
5.683
5.682
5.682
5.681
5.682
5.683
5.682
5.681
5.681
5.682
5.681
5.683
5.681
5.682
5.682
5.682
5.680
5.681
5.682
5.682
5.681
5.681
5.682
5.681
5.682
5.682
5.682
5.682
5.681
5.682
5.681
5.682
5.681
5.682
5.682
5.681
5.682
5.681
5.683
5.681
5.681
5.682
5.681
5.682
5.682
5.681
5.681
5.682
5.682
5.682
5.680
5.681
5.682
5.682
