15.548
15.547
15.543
15.544
15.543
15.543
15.542
15.542
15.542
15.542
15.544
15.541
15.539
15.537
15.541
15.539
15.539
15.539
15.539
15.538
15.538
15.538
15.538
15.537
15.536
15.537
15.536
15.533
15.535
15.535
15.536
15.535
15.535
15.534
15.534
15.534
15.533
15.535
15.534
15.536
15.535
15.533
15.533
15.533
15.534
15.532
15.533
15.531
15.530
15.532
15.531
15.531
15.532
15.530
15.530
15.531
15.530
15.530
15.529
15.531
15.529
15.528
15.529
15.530
15.528
15.527
15.530
15.528
15.529
15.528
15.528
15.526
15.528
15.530
15.527
15.524
15.529
15.527
15.529
15.526
15.527
15.528
15.527
15.528
15.526
15.527
15.526
15.526
15.525
15.525
15.527
15.525
15.527
15.524
15.524
15.525
15.524
15.525
15.523
15.525
15.524
15.525
15.525
15.525
15.525
15.526
15.525
15.523
15.524
15.524
15.526
15.525
15.522
15.524
15.523
15.523
15.526
15.525
15.524
15.525
15.524
15.524
15.521
15.523
15.522
15.523
15.524
15.524
15.524
15.524
15.525
15.523
15.523
15.524
15.523
15.523
15.524
15.526
15.525
15.525
15.525
15.523
15.523
15.524
15.524
15.524
15.526
15.522
15.524
15.523
15.524
15.524
15.522
15.524
15.523
15.524
15.525
15.526
15.523
15.525
15.523
15.522
15.523
15.526
15.524
15.524
15.525
15.524
15.522
15.525
15.523
15.525
15.524
15.525
15.525
15.525
15.526
15.525
15.526
15.524
15.522
15.526
15.524
15.526
15.527
15.526
15.528
15.528
15.528
15.522
15.524
15.528
15.528
15.524
15.528
15.528
15.526
15.528
15.528
15.526
15.528
15.526
15.527
15.526
15.528
15.528
15.529
15.527
15.525
15.528
15.528
15.529
15.528
15.529
15.528
15.530
15.527
15.528
15.527
15.528
15.529
15.528
15.528
15.529
15.528
15.527
15.529
15.529
15.529
15.529
15.530
15.529
15.528
15.529
15.531
15.530
15.529
15.529
15.529
15.530
15.530
15.530
15.531
15.531
15.532
15.532
15.532
15.532
15.533
15.533
15.532
15.534
15.533
15.535
15.533
15.532
15.532
15.533
15.534
15.535
15.534
15.533
15.536
15.536
15.534
15.533
15.534
15.538
15.534
15.535
15.537
15.535
15.536
15.537
15.536
15.533
15.538
15.538
15.537
15.536
15.536
15.537
15.535
15.537
15.535
15.536
15.539
15.538
15.535
15.536
15.538
15.536
15.537
15.536
15.539
15.537
15.537
15.535
15.538
15.537
15.538
15.539
15.538
15.539
15.539
15.539
15.539
15.542
15.540
15.539
15.540
15.539
15.541
15.538
15.541
15.543
15.544
15.541
15.542
15.542
15.542
15.545
15.544
15.544
15.543
15.546
15.542
15.545
15.546
15.544
15.545
15.544
15.544
15.545
15.545
15.546
15.546
15.545
15.547
15.546
15.545
15.546
15.546
15.545
15.547
15.548
15.546
15.547
15.546
15.546
15.548
15.544
15.547
15.546
15.546
15.548
15.547
15.549
15.547
15.547
15.548
15.547
15.549
15.549
15.551
15.549
15.551
15.552
15.549
15.552
15.550
15.549
15.552
15.551
15.551
15.552
15.551
15.552
15.554
15.554
15.550
15.553
15.551
15.554
15.552
15.551
15.554
15.552
15.554
15.554
15.553
15.554
15.554
15.553
15.551
15.554
15.554
15.553
15.555
15.555
15.556
15.555
15.555
15.556
15.554
15.557
15.554
15.556
15.555
15.553
15.556
15.557
15.556
15.557
15.559
15.559
15.556
15.557
15.557
15.557
15.559
15.557
15.558
15.557
15.557
15.561
15.560
15.559
15.559
15.559
15.558
15.560
15.558
15.559
15.561
15.560
15.559
15.560
15.561
15.562
15.561
15.559
15.560
15.560
15.561
15.559
15.561
15.561
15.562
15.562
15.562
15.562
15.562
15.561
15.562
15.562
15.564
15.562
15.561
15.564
15.563
15.565
15.564
15.564
15.565
15.565
15.564
15.565
15.565
15.565
15.565
15.566
15.565
15.563
15.565
15.565
15.565
15.566
15.566
15.564
15.564
15.567
15.567
15.566
15.568
15.567
15.566
15.567
15.566
15.567
15.568
15.566
15.565
15.567
15.568
15.568
15.570
15.570
15.569
15.568
15.569
15.568
15.568
15.569
15.568
15.569
15.571
15.570
15.570
15.567
15.568
15.569
15.569
15.570
15.569
15.572
15.571
15.569
15.574
15.569
15.572
15.571
15.570
15.572
15.570
15.572
15.572
15.572
15.570
15.572
15.572
15.574
15.571
15.572
15.574
15.573
15.574
15.573
15.573
15.571
15.574
15.575
15.575
15.574
15.575
15.576
15.577
15.573
15.575
15.576
15.574
15.578
15.576
15.575
15.574
15.574
15.578
15.574
15.576
15.577
15.576
15.575
15.575
15.577
15.578
15.580
15.577
15.578
15.577
15.579
15.578
15.578
15.578
15.577
15.577
15.578
15.578
15.579
15.578
15.581
15.580
15.578
15.578
15.583
15.583
15.582
15.580
15.581
15.583
15.581
15.579
15.580
15.583
15.582
15.580
15.579
15.579
15.583
15.581
15.583
15.583
15.584
15.583
15.584
15.582
15.580
15.582
15.583
15.584
15.584
15.584
15.583
15.583
15.584
15.584
15.585
15.581
15.584
15.585
15.586
15.585
15.585
15.583
15.584
15.583
15.585
15.584
15.586
15.585
15.587
15.585
15.588
15.586
15.585
15.588
15.586
15.587
15.587
15.586
15.587
15.586
15.588
15.586
15.586
15.587
15.587
15.587
15.585
15.589
15.588
15.587
15.587
15.589
15.588
15.587
15.587
15.589
15.589
15.591
15.588
15.589
15.590
15.590
15.590
15.589
15.589
15.591
15.588
15.590
15.590
15.590
15.590
15.588
15.589
15.590
15.592
15.590
15.591
15.589
15.591
15.588
15.589
15.591
15.593
15.592
15.591
15.592
15.592
15.592
15.590
15.592
15.591
15.593
15.592
15.594
15.592
15.592
15.593
15.592
15.595
15.592
15.594
15.593
15.594
15.594
15.595
15.596
15.597
15.594
15.596
15.595
15.596
15.596
15.596
15.597
15.596
15.597
15.596
15.597
15.598
15.596
15.597
15.597
15.595
15.598
15.597
15.597
15.596
15.596
15.597
15.598
15.598
15.598
15.598
15.596
15.596
15.597
15.597
15.598
15.600
15.599
15.601
15.599
15.599
15.598
15.600
15.600
15.599
15.599
15.598
15.600
15.602
15.601
15.599
15.600
15.600
15.600
15.601
15.601
15.599
15.600
15.601
15.600
15.600
15.601
15.600
15.601
15.603
15.601
15.601
15.602
15.601
15.602
15.603
15.602
15.601
15.601
15.602
15.600
15.602
15.604
15.602
15.601
15.602
15.603
15.604
15.602
15.604
15.604
15.604
15.603
15.605
15.602
15.605
15.604
15.604
15.603
15.605
15.603
15.605
15.605
15.605
15.605
15.604
15.603
15.605
15.604
15.604
15.606
15.605
15.605
15.605
15.606
15.605
15.605
15.607
15.605
15.605
15.603
15.605
15.605
15.606
15.607
15.607
15.605
15.605
15.609
15.607
15.606
15.606
15.608
15.607
15.607
15.606
15.608
15.606
15.607
15.611
15.607
15.609
15.607
15.607
15.607
15.608
15.609
15.609
15.607
15.610
15.608
15.608
15.607
15.610
15.607
15.608
15.608
15.609
15.608
15.607
15.609
15.607
15.609
15.610
15.610
15.610
15.611
15.613
15.609
15.613
15.611
15.610
15.609
15.610
15.610
15.609
15.610
15.610
15.610
15.612
15.610
15.610
15.610
15.612
15.610
15.610
15.611
15.611
15.610
15.610
15.612
15.612
15.613
15.609
15.611
15.610
15.611
15.613
15.614
15.612
15.612
15.613
15.613
15.613
15.612
15.612
15.611
15.613
15.613
15.615
15.613
15.613
15.612
15.613
15.614
15.613
15.612
15.614
15.613
15.614
15.614
15.614
15.614
15.615
15.617
15.614
15.614
15.615
15.615
15.615
15.616
15.615
15.615
15.616
15.615
15.615
15.616
15.616
15.617
15.616
15.614
15.616
15.614
15.614
15.617
15.615
15.615
15.616
15.614
15.618
15.615
15.615
15.617
15.615
15.618
15.615
15.614
15.616
15.618
15.616
15.619
15.619
15.617
15.616
15.619
15.619
15.619
15.617
15.617
15.620
15.617
15.617
15.618
15.618
15.618
15.620
15.618
15.620
15.618
15.618
15.618
15.618
15.618
15.621
15.618
15.620
15.620
15.619
15.620
15.617
15.619
15.620
15.618
15.619
15.621
15.621
15.619
15.619
15.620
15.619
15.620
15.621
15.619
15.620
15.619
15.619
15.620
15.619
15.622
15.621
15.620
15.621
15.621
15.621
15.623
15.621
15.622
15.623
15.620
15.623
15.621
15.621
15.622
15.621
15.620
15.622
15.622
15.621
15.622
15.622
15.624
15.622
15.623
15.622
15.623
15.621
15.622
15.622
15.623
15.621
15.621
15.624
15.623
15.620
15.621
15.623
15.622
15.621
15.625
15.624
15.621
15.625
15.626
15.626
15.626
15.623
15.622
15.625
15.625
15.625
15.624
15.625
15.624
15.624
15.627
15.623
15.627
15.622
15.625
15.625
15.628
15.626
15.625
15.625
15.623
15.625
15.625
15.623
15.627
15.623
15.626
15.625
15.624
15.625
15.626
15.627
15.625
15.627
15.627
15.625
15.627
15.625
15.628
15.625
15.628
15.626
15.626
15.627
15.629
15.626
15.628
15.628
15.628
15.629
15.627
15.625
15.627
15.627
15.627
15.626
15.628
15.626
15.626
15.628
15.627
15.630
15.629
15.627
15.632
15.630
15.630
15.629
15.631
15.627
15.632
15.631
15.629
15.630
15.628
15.628
15.629
15.629
15.630
15.630
15.630
15.631
15.629
15.630
15.631
15.631
15.629
15.630
15.631
15.630
15.631
15.630
15.630
15.631
15.631
15.630
15.629
15.627
15.628
15.630
15.629
15.630
15.629
15.631
15.630
15.630
15.630
15.630
15.631
15.633
15.632
15.634
15.633
15.634
15.633
15.633
15.633
15.633
15.632
15.632
15.631
15.632
15.633
15.634
15.633
15.632
15.634
15.633
15.632
15.633
15.633
15.634
15.633
15.632
15.633
15.633
15.633
15.632
15.632
15.631
15.636
15.633
15.633
15.635
15.632
15.633
15.634
15.632
15.633
15.635
15.633
15.633
15.634
15.634
15.633
15.633
15.632
15.633
15.633
15.633
15.634
15.635
15.635
15.636
15.634
15.637
15.637
15.635
15.633
15.637
15.637
15.636
15.636
15.639
15.637
15.636
15.636
15.635
15.636
15.637
15.637
15.638
15.638
15.636
15.640
15.641
15.638
15.639
15.637
15.638
15.640
15.637
15.636
15.640
15.636
15.636
15.638
15.637
15.639
15.638
15.637
15.639
15.638
15.638
15.640
15.640
15.640
15.639
15.639
15.637
15.637
15.639
15.638
15.637
15.638
15.637
15.636
15.641
15.638
15.640
15.639
15.640
15.639
15.639
15.638
15.641
15.640
15.640
15.638
15.640
15.640
15.640
15.639
15.641
15.640
15.639
15.643
15.643
15.640
15.641
15.640
15.642
15.642
15.642
15.642
15.641
15.641
15.640
15.640
15.641
15.641
15.643
15.642
15.643
15.641
15.640
15.641
15.642
15.642
15.643
15.642
15.642
15.643
15.639
15.641
15.640
15.641
15.644
15.643
15.643
15.642
15.644
15.643
15.641
15.644
15.642
15.644
15.644
15.643
15.642
15.643
15.644
15.644
15.644
15.646
15.644
15.644
15.644
15.644
15.644
15.644
15.643
15.647
15.642
15.644
15.644
15.645
15.641
15.642
15.643
15.643
15.644
15.644
15.644
15.642
15.644
15.644
15.645
15.643
15.647
15.648
15.645
15.642
15.645
15.646
15.647
15.647
15.646
15.645
15.647
15.648
15.646
15.645
15.647
15.645
15.647
15.648
15.647
15.646
15.646
15.646
15.645
15.648
15.647
15.646
15.647
15.646
15.647
15.647
15.646
15.648
15.648
15.649
15.646
15.648
15.648
15.647
15.649
15.646
15.646
15.646
15.650
15.647
15.647
15.646
15.648
15.651
15.648
15.648
15.647
15.646
15.650
15.649
15.650
15.648
15.649
15.650
15.647
15.651
15.648
15.650
15.649
15.649
15.648
15.649
15.649
15.647
15.648
15.647
15.648
15.650
15.650
15.651
15.648
15.650
15.650
15.650
15.648
15.651
15.650
15.650
15.651
15.650
15.649
15.652
15.651
15.651
15.652
15.650
15.651
15.650
15.649
15.650
15.648
15.652
15.651
15.650
15.650
15.651
15.650
15.649
15.650
15.649
15.651
15.652
15.649
15.649
15.650
15.648
15.651
15.649
15.650
15.649
15.650
15.649
15.649
15.650
15.649
15.649
15.646
15.646
15.646
15.647
15.648
15.647
15.645
15.645
15.643
15.644
15.643
15.641
15.644
15.643
15.641
15.640
15.640
15.639
15.638
15.638
15.638
15.633
15.635
15.637
15.635
15.633
15.633
15.634
15.632
15.630
15.630
15.632
15.631
15.633
15.632
15.631
15.629
15.628
15.627
15.627
15.626
15.626
15.624
15.626
15.626
15.623
15.623
15.623
15.621
15.624
15.623
15.621
15.620
15.619
15.617
15.620
15.616
15.619
15.615
15.618
15.616
15.615
15.613
15.616
15.613
15.615
15.611
15.611
15.612
15.610
15.611
15.612
15.611
15.609
15.609
15.609
15.609
15.610
15.609
15.608
15.610
15.608
15.608
15.606
15.608
15.606
15.605
15.608
15.606
15.604
15.606
15.604
15.606
15.605
15.606
15.605
15.602
15.603
15.605
15.602
15.603
15.604
15.602
15.602
15.602
15.602
15.603
15.602
15.603
15.602
15.600
15.602
15.601
15.602
15.600
15.600
15.601
15.601
15.599
15.602
15.603
15.602
15.601
15.602
15.598
15.599
15.602
15.602
15.600
15.602
15.599
15.601
15.601
15.603
15.601
15.601
15.601
15.600
15.600
15.602
15.602
15.601
15.602
15.602
15.601
15.601
15.599
15.600
15.600
15.598
15.601
15.598
15.601
15.601
15.600
15.598
15.601
15.600
15.601
15.600
15.601
15.602
15.601
15.599
15.601
15.602
15.602
15.601
15.602
15.601
15.605
15.601
15.601
15.602
15.602
15.602
15.602
15.602
15.602
15.601
15.601
15.602
15.603
15.601
15.602
15.602
15.603
15.602
15.603
15.603
15.602
15.602
15.603
15.604
15.604
15.604
15.605
15.601
15.602
15.604
15.601
15.605
15.604
15.604
15.605
15.604
15.605
15.604
15.605
15.605
15.602
15.604
15.603
15.604
15.605
15.604
15.605
15.605
15.606
15.606
15.606
15.607
15.606
15.604
15.606
15.605
15.605
15.607
15.605
15.606
15.606
15.609
15.606
15.606
15.609
15.606
15.605
15.609
15.607
15.607
15.606
15.607
15.608
15.609
15.607
15.608
15.607
15.608
15.608
15.607
15.608
15.608
15.607
15.609
15.607
15.608
15.606
15.608
15.610
15.609
15.609
15.609
15.608
15.610
15.609
15.611
15.610
15.609
15.607
15.609
15.609
15.610
15.610
15.611
15.611
15.610
15.609
15.608
15.610
15.609
15.609
15.611
15.609
15.612
15.612
15.610
15.611
15.609
15.611
15.611
15.611
15.611
15.610
15.609
15.609
15.611
15.610
15.609
15.612
15.611
15.612
15.612
15.611
15.611
15.612
15.611
15.612
15.611
15.611
15.612
15.613
15.610
15.613
15.612
15.613
15.613
15.611
15.613
15.613
15.613
15.612
15.613
15.614
15.612
15.613
15.614
15.613
15.614
15.615
15.615
15.615
15.613
15.615
15.615
15.614
15.615
15.615
15.616
15.616
15.615
15.616
15.617
15.616
15.614
15.617
15.614
15.618
15.615
15.618
15.617
15.617
15.616
15.617
15.616
15.616
15.619
15.619
15.618
15.617
15.617
15.615
15.616
15.618
15.619
15.619
15.618
15.620
15.618
15.618
15.617
15.621
15.617
15.621
15.618
15.618
15.617
15.618
15.620
15.617
15.619
15.620
15.620
15.620
15.620
15.621
15.620
15.621
15.621
15.619
15.620
15.619
15.619
15.623
15.620
15.622
15.620
15.620
15.619
15.621
15.621
15.623
15.622
15.621
15.621
15.622
15.619
15.621
15.622
15.621
15.622
15.623
15.623
15.621
15.621
15.622
15.623
15.620
15.623
15.623
15.623
15.621
15.621
15.622
15.623
15.623
15.623
15.624
15.628
15.623
15.625
15.625
15.622
15.625
15.624
15.622
15.625
15.625
15.625
15.623
15.625
15.625
15.625
15.627
15.624
15.623
15.626
15.626
15.626
15.625
15.625
15.627
15.623
15.626
15.629
15.624
15.628
15.625
15.626
15.626
15.626
15.626
15.626
15.624
15.628
15.625
15.625
15.627
15.628
15.628
15.627
15.629
15.627
15.626
15.626
15.628
15.628
15.628
15.628
15.628
15.625
15.626
15.630
15.627
15.629
15.630
15.627
15.627
15.630
15.628
15.628
15.628
15.629
15.631
15.632
15.627
15.629
15.628
