15.006
15.009
15.009
15.014
15.017
15.022
15.025
15.030
15.036
15.038
15.041
15.045
15.048
15.051
15.056
15.061
15.063
15.067
15.070
15.075
15.080
15.084
15.087
15.090
15.092
15.097
15.099
15.103
15.106
15.111
15.114
15.117
15.119
15.129
15.131
15.137
15.137
15.142
15.147
15.149
15.153
15.157
15.162
15.167
15.171
15.175
15.176
15.182
15.184
15.188
15.189
15.192
15.199
15.199
15.203
15.208
15.211
15.214
15.219
15.221
15.223
15.225
15.228
15.231
15.232
15.236
15.239
15.244
15.248
15.251
15.252
15.256
15.260
15.261
15.264
15.266
15.269
15.268
15.273
15.275
15.280
15.281
15.281
15.284
15.290
15.290
15.291
15.292
15.297
15.298
15.303
15.306
15.307
15.309
15.310
15.311
15.313
15.316
15.315
15.319
15.321
15.324
15.324
15.323
15.327
15.330
15.330
15.331
15.334
15.336
15.340
15.340
15.342
15.342
15.345
15.345
15.348
15.346
15.349
15.349
15.353
15.353
15.355
15.354
15.356
15.356
15.360
15.360
15.362
15.361
15.361
15.364
15.365
15.365
15.367
15.369
15.367
15.373
15.370
15.374
15.373
15.374
15.375
15.374
15.376
15.376
15.378
15.381
15.381
15.380
15.382
15.385
15.382
15.384
15.386
15.386
15.385
15.387
15.387
15.389
15.389
15.389
15.390
15.387
15.392
15.389
15.393
15.394
15.394
15.394
15.394
15.394
15.395
15.396
15.396
15.396
15.398
15.400
15.397
15.399
15.400
15.401
15.399
15.400
15.401
15.401
15.402
15.402
15.403
15.404
15.403
15.404
15.401
15.404
15.406
15.404
15.404
15.406
15.406
15.406
15.405
15.407
15.406
15.406
15.406
15.410
15.407
15.411
15.407
15.409
15.409
15.408
15.408
15.413
15.412
15.410
15.410
15.411
15.412
15.413
15.411
15.411
15.414
15.413
15.414
15.413
15.414
15.415
15.416
15.414
15.415
15.417
15.416
15.417
15.417
15.413
15.416
15.417
15.419
15.420
15.417
15.418
15.419
15.418
15.420
15.420
15.421
15.418
15.419
15.419
15.420
15.423
15.421
15.425
15.419
15.423
15.423
15.421
15.426
15.422
15.422
15.423
15.424
15.424
15.424
15.425
15.423
15.428
15.427
15.425
15.426
15.427
15.425
15.425
15.425
15.428
15.427
15.427
15.426
15.426
15.429
15.429
15.429
15.428
15.428
15.427
15.429
15.427
15.426
15.428
15.428
15.428
15.430
15.427
15.430
15.431
15.432
15.429
15.430
15.431
15.429
15.430
15.429
15.428
15.429
15.432
15.432
15.428
15.432
15.432
15.430
15.433
15.431
15.435
15.432
15.433
15.433
15.431
15.434
15.435
15.433
15.433
15.432
15.434
15.431
15.432
15.433
15.434
15.431
15.434
15.434
15.433
15.434
15.435
15.434
15.433
15.435
15.437
15.435
15.436
15.435
15.437
15.435
15.436
15.436
15.437
15.437
15.435
15.437
15.439
15.438
15.435
15.439
15.438
15.438
15.438
15.438
15.436
15.438
15.440
15.439
15.441
15.440
15.438
15.438
15.439
15.439
15.439
15.439
15.439
15.439
15.437
15.439
15.440
15.438
15.437
15.439
15.440
15.441
15.439
15.440
15.439
15.440
15.442
15.441
15.441
15.442
15.441
15.442
15.442
15.441
15.443
15.443
15.441
15.441
15.443
15.440
15.444
15.441
15.444
15.444
15.442
15.443
15.442
15.445
15.441
15.442
15.439
15.444
15.443
15.445
15.445
15.444
15.444
15.445
15.444
15.443
15.444
15.445
15.445
15.444
15.445
15.446
15.446
15.446
15.446
15.446
15.446
15.442
15.445
15.444
15.444
15.446
15.447
15.448
15.448
15.448
15.445
15.445
15.447
15.447
15.447
15.448
15.447
15.448
15.448
15.449
15.448
15.449
15.448
15.449
15.448
15.448
15.447
15.449
15.449
15.447
15.447
15.448
15.448
15.448
15.449
15.450
15.451
15.448
15.449
15.449
15.449
15.451
15.450
15.448
15.452
15.451
15.450
15.450
15.451
15.454
15.449
15.451
15.451
15.455
15.454
15.452
15.452
15.450
15.451
15.450
15.451
15.451
15.451
15.453
15.450
15.452
15.452
15.454
15.453
15.453
15.453
15.453
15.457
15.455
15.454
15.454
15.455
15.455
15.454
15.454
15.454
15.454
15.454
15.456
15.456
15.454
15.452
15.451
15.451
15.453
15.453
15.456
15.455
15.456
15.455
15.452
15.453
15.455
15.455
15.453
15.457
15.456
15.458
15.456
15.456
15.456
15.456
15.457
15.458
15.456
15.457
15.457
15.456
15.457
15.459
15.459
15.459
15.458
15.456
15.457
15.460
15.458
15.461
15.457
15.459
15.459
15.458
15.457
15.459
15.458
15.457
15.461
15.461
15.457
15.461
15.461
15.461
15.459
15.459
15.460
15.461
15.462
15.461
15.458
15.460
15.461
15.461
15.463
15.462
15.461
15.461
15.461
15.461
15.459
15.460
15.459
15.462
15.462
15.463
15.461
15.463
15.462
15.464
15.464
15.459
15.464
15.464
15.465
15.464
15.462
15.464
15.462
15.464
15.466
15.465
15.467
15.464
15.465
15.463
15.464
15.468
15.464
15.466
15.467
15.466
15.468
15.465
15.465
15.467
15.467
15.465
15.467
15.465
15.466
15.465
15.466
15.468
15.466
15.468
15.467
15.468
15.467
15.468
15.466
15.468
15.467
15.470
15.469
15.468
15.468
15.470
15.468
15.468
15.470
15.469
15.469
15.468
15.468
15.470
15.471
15.472
15.471
15.471
15.471
15.471
15.472
15.471
15.472
15.471
15.469
15.470
15.470
15.469
15.471
15.470
15.472
15.469
15.472
15.471
15.472
15.470
15.471
15.472
15.469
15.473
15.473
15.471
15.472
15.472
15.474
15.474
15.473
15.472
15.472
15.473
15.474
15.475
15.473
15.474
15.475
15.472
15.474
15.473
15.474
15.474
15.473
15.475
15.475
15.473
15.475
15.474
15.473
15.474
15.474
15.474
15.473
15.478
15.475
15.477
15.477
15.475
15.475
15.475
15.475
15.475
15.477
15.476
15.476
15.477
15.477
15.475
15.477
15.476
15.477
15.476
15.477
15.475
15.477
15.477
15.478
15.479
15.477
15.478
15.477
15.477
15.478
15.481
15.478
15.479
15.480
15.476
15.480
15.479
15.478
15.481
15.479
15.479
15.481
15.480
15.479
15.482
15.480
15.481
15.480
15.481
15.481
15.481
15.480
15.478
15.481
15.482
15.480
15.481
15.482
15.481
15.481
15.479
15.481
15.483
15.482
15.481
15.481
15.483
15.482
15.482
15.483
15.481
15.481
15.482
15.484
15.483
15.482
15.482
15.482
15.483
15.483
15.483
15.482
15.483
15.484
15.484
15.486
15.486
15.486
15.484
15.484
15.483
15.487
15.485
15.484
15.488
15.485
15.487
15.484
15.483
15.484
15.483
15.484
15.484
15.485
15.486
15.485
15.485
15.486
15.484
15.485
15.485
15.486
15.484
15.486
15.487
15.488
15.487
15.488
15.490
15.487
15.485
15.485
15.487
15.488
15.489
15.487
15.489
15.488
15.486
15.486
15.486
15.488
15.489
15.490
15.490
15.490
15.489
15.490
15.488
15.488
15.491
15.489
15.492
15.490
15.491
15.491
15.491
15.490
15.488
15.487
15.493
15.490
15.490
15.490
15.491
15.490
15.490
15.492
15.490
15.491
15.491
15.489
15.493
15.491
15.493
15.491
15.493
15.492
15.490
15.494
15.494
15.492
15.494
15.494
15.492
15.492
15.492
15.493
15.492
15.492
15.494
15.493
15.490
15.492
15.493
15.493
15.493
15.492
15.493
15.495
15.494
15.494
15.490
15.495
15.495
15.495
15.493
15.494
15.496
15.496
15.496
15.495
15.493
15.496
15.498
15.496
15.496
15.496
15.497
15.495
15.497
15.498
15.495
15.496
15.498
15.496
15.497
15.496
15.498
15.498
15.495
15.494
15.496
15.495
15.496
15.495
15.497
15.495
15.495
15.497
15.496
15.498
15.497
15.497
15.497
15.497
15.500
15.497
15.499
15.497
15.497
15.499
15.498
15.499
15.497
15.499
15.498
15.496
15.499
15.501
15.500
15.498
15.500
15.499
15.501
15.499
15.499
15.502
15.500
15.500
15.499
15.499
15.500
15.500
15.500
15.500
15.501
15.501
15.498
15.504
15.500
15.502
15.500
15.501
15.500
15.501
15.502
15.502
15.505
15.501
15.504
15.503
15.502
15.501
15.500
15.502
15.503
15.503
15.501
15.502
15.502
15.500
15.501
15.499
15.503
15.504
15.503
15.504
15.504
15.503
15.502
15.502
15.505
15.506
15.503
15.503
15.504
15.505
15.507
15.503
15.503
15.506
15.507
15.504
15.502
15.504
15.507
15.508
15.508
15.509
15.505
15.508
15.508
15.506
15.506
15.507
15.505
15.506
15.507
15.506
15.507
15.506
15.508
15.506
15.506
15.507
15.509
15.505
15.507
15.506
15.509
15.506
15.507
15.507
15.508
15.507
15.511
15.509
15.507
15.511
15.510
15.509
15.508
15.509
15.510
15.510
15.511
15.509
15.510
15.513
15.509
15.508
15.511
15.509
15.508
15.507
15.510
15.507
15.509
15.509
15.511
15.509
15.509
15.510
15.514
15.512
15.513
15.508
15.511
15.512
15.511
15.513
15.512
15.513
15.512
15.514
15.511
15.512
15.514
15.511
15.511
15.511
15.510
15.511
15.511
15.516
15.510
15.513
15.515
15.513
15.513
15.514
15.515
15.513
15.513
15.513
15.513
15.513
15.514
15.513
15.514
15.516
15.514
15.516
15.514
15.513
15.515
15.515
15.513
15.515
15.517
15.516
15.516
15.517
15.516
15.513
15.519
15.518
15.516
15.516
15.518
15.516
15.516
15.516
15.512
15.515
15.518
15.515
15.519
15.517
15.517
15.518
15.517
15.516
15.518
15.518
15.519
15.516
15.518
15.519
15.517
15.520
15.518
15.515
15.519
15.518
15.519
15.518
15.518
15.519
15.519
15.520
15.516
15.518
15.518
15.520
15.520
15.519
15.520
15.519
15.520
15.520
15.521
15.519
15.520
15.518
15.517
15.518
15.520
15.519
15.520
15.520
15.518
15.521
15.519
15.520
15.520
15.521
15.521
15.521
15.521
15.522
15.522
15.521
15.521
15.522
15.522
15.521
15.521
15.520
15.522
15.521
15.521
15.521
15.522
15.521
15.521
15.521
15.521
15.521
15.521
15.520
15.522
15.522
15.525
15.522
15.523
15.523
15.521
15.523
15.522
15.524
15.523
15.525
15.525
15.525
15.524
15.523
15.523
15.523
15.523
15.525
15.523
15.523
15.524
15.526
15.522
15.524
15.523
15.525
15.525
15.526
15.523
15.525
15.525
15.524
15.526
15.525
15.523
15.525
15.525
15.524
15.524
15.526
15.525
15.528
15.527
15.525
15.526
15.526
15.526
15.525
15.525
15.526
15.526
15.527
15.527
15.526
15.527
15.528
15.528
15.525
15.529
15.527
15.528
15.529
15.527
15.526
15.528
15.527
15.527
15.527
15.528
15.526
15.532
15.527
15.527
15.526
15.528
15.527
15.527
15.526
15.529
15.527
15.528
15.528
15.529
15.530
15.528
15.529
15.529
15.530
15.529
15.531
15.530
15.528
15.530
15.530
15.530
15.528
15.532
15.531
15.529
15.530
15.530
15.529
15.530
15.529
15.529
15.529
15.529
15.528
15.531
15.530
15.529
15.528
15.529
15.531
15.530
15.534
15.531
15.530
15.532
15.530
15.530
15.530
15.533
15.531
15.532
15.531
15.532
15.531
15.532
15.529
15.531
15.532
15.531
15.533
15.533
15.533
15.533
15.533
15.534
15.534
15.529
15.534
15.535
15.531
15.532
15.534
15.533
15.533
15.534
15.532
15.533
15.530
15.533
15.532
15.532
15.535
15.534
15.534
15.533
15.534
15.533
15.535
15.536
15.533
15.534
15.533
15.533
15.535
15.534
15.538
15.536
15.536
15.536
15.535
15.536
15.534
15.536
15.533
15.537
15.535
15.537
15.539
15.536
15.536
15.534
15.536
15.535
15.537
15.535
15.537
15.536
15.537
15.536
15.537
15.536
15.537
15.531
15.538
15.539
15.537
15.536
15.536
15.538
15.536
15.536
15.537
15.537
15.540
15.536
15.537
15.539
15.534
15.540
15.536
15.539
15.536
15.537
15.538
15.537
15.538
15.541
15.538
15.539
15.539
15.537
15.540
15.540
15.542
15.541
15.538
15.543
15.541
15.541
15.541
15.539
15.540
15.537
15.539
15.541
15.539
15.541
15.539
15.540
15.539
15.540
15.541
15.544
15.541
15.540
15.540
15.540
15.542
15.541
15.540
15.541
15.543
15.542
15.544
15.541
15.540
15.542
15.540
15.542
15.540
15.540
15.542
15.541
15.542
15.541
15.543
15.542
15.543
15.541
15.543
15.544
15.545
15.542
15.545
15.541
15.543
15.544
15.543
15.544
15.543
15.544
15.543
15.542
15.544
15.543
15.542
15.543
15.543
15.543
15.544
15.543
15.541
15.543
15.543
15.542
15.545
15.544
15.545
15.543
15.543
15.542
15.545
15.543
15.543
15.543
15.543
15.544
15.545
15.546
15.544
15.545
15.546
15.544
15.545
15.544
15.545
15.544
15.546
15.549
15.545
15.545
15.546
15.550
15.546
15.546
15.546
15.547
15.545
15.549
15.547
15.547
15.546
15.548
15.544
15.546
15.548
15.548
15.548
15.550
15.546
15.546
15.548
15.548
15.546
15.547
15.547
15.547
15.546
15.546
15.546
15.548
15.547
15.549
15.548
15.551
15.549
15.549
15.546
15.549
15.547
15.546
15.548
15.548
15.547
15.549
15.550
15.550
15.549
15.551
15.548
15.549
15.549
15.549
15.550
15.550
15.548
15.550
15.552
15.549
15.554
15.552
15.549
15.551
15.549
15.552
15.550
15.551
15.550
15.552
15.551
15.552
15.553
15.554
15.553
15.555
15.550
15.550
15.550
15.550
15.552
15.553
15.550
15.550
15.550
15.550
15.550
15.552
15.553
15.551
15.553
15.552
15.553
15.553
15.555
15.552
15.554
15.554
15.553
15.554
15.553
15.552
15.552
15.557
15.554
15.553
15.552
15.554
15.556
15.553
15.556
15.554
15.555
15.555
15.554
15.555
15.555
15.555
15.554
15.555
15.554
15.554
15.557
15.557
15.556
15.556
15.557
15.556
15.557
15.554
15.556
15.557
15.556
15.555
15.557
15.558
15.556
15.556
15.555
15.556
15.555
15.555
15.555
15.555
15.554
15.555
15.555
15.556
15.556
15.556
15.555
15.556
15.556
15.555
15.558
15.554
15.558
15.556
15.556
15.556
15.556
15.558
15.557
15.559
15.558
15.558
15.558
15.559
15.558
15.556
15.558
15.557
15.560
15.556
15.559
15.556
15.557
15.557
15.558
15.556
15.558
15.558
15.560
15.559
15.558
15.558
15.558
15.558
15.558
15.559
15.558
15.558
15.562
15.559
15.561
15.561
15.559
15.558
15.559
15.560
15.560
15.559
15.558
15.558
15.556
15.559
15.557
15.559
15.559
15.560
15.559
15.560
15.562
15.560
15.560
15.559
15.560
15.559
15.558
15.561
15.560
15.558
15.562
15.560
15.562
15.561
15.559
15.562
15.561
15.561
15.561
15.559
15.560
15.562
15.561
15.562
15.560
15.561
15.561
15.561
15.562
15.562
15.562
15.562
15.562
15.562
15.563
15.561
15.561
15.562
15.562
15.563
15.564
15.562
15.561
15.563
15.562
15.560
15.563
15.563
15.563
15.562
15.564
15.564
15.563
15.564
15.564
15.563
15.563
15.562
15.563
15.564
15.563
15.563
15.564
15.564
15.562
15.564
15.565
15.565
15.563
15.563
15.563
15.561
15.564
15.566
15.564
15.564
15.565
15.564
15.565
15.567
15.564
15.562
15.566
15.565
15.565
15.565
15.565
15.566
15.567
15.564
15.566
15.568
15.562
15.566
15.566
15.564
15.567
15.565
15.566
15.565
15.565
15.567
15.567
15.567
15.567
15.566
15.567
15.568
15.566
15.566
15.565
15.564
15.564
15.566
15.565
15.567
15.566
15.567
15.566
15.568
15.568
15.569
15.567
15.568
15.567
15.568
15.567
15.569
15.568
15.569
15.569
15.568
15.569
15.567
15.569
15.570
15.567
15.567
15.569
15.568
15.569
15.569
15.567
15.568
15.570
15.566
15.569
15.568
15.570
15.568
15.568
15.570
15.570
15.568
15.568
15.572
15.569
