5.681
5.681
5.681
5.681
5.681
5.682
5.682
5.681
5.681
5.682
5.681
5.682
5.681
5.682
5.681
5.682
5.681
5.682
5.683
5.682
5.682
5.681
5.682
5.682
5.682
5.682
5.682
5.683
5.682
5.682
5.682
5.681
5.683
5.683
5.682
5.682
5.682
5.682
5.683
5.683
5.681
5.681
5.682
5.682
5.681
5.682
5.681
5.681
5.682
5.682
5.682
5.683
5.682
5.682
5.682
5.682
5.683
5.682
5.682
5.682
5.682
5.682
5.682
5.681
5.682
5.682
5.681
5.683
5.682
5.682
5.682
5.682
5.682
5.683
5.683
5.683
5.682
5.682
5.681
5.682
5.682
5.682
5.682
5.683
5.682
5.683
5.683
5.683
5.682
5.681
5.681
5.681
5.680
5.680
5.681
5.680
5.681
5.681
5.681
5.681
5.681
5.681
5.681
5.682
5.681
5.682
5.685
5.687
5.687
5.688
5.688
5.688
5.688
5.689
5.689
5.690
5.692
5.691
5.694
5.697
5.699
5.701
5.701
5.701
5.703
5.705
5.707
5.710
5.713
5.713
5.714
5.718
5.718
5.718
5.719
5.719
5.719
5.720
5.720
5.722
5.722
5.722
5.724
5.725
5.731
5.735
5.736
5.737
5.737
5.737
5.737
5.738
5.740
5.743
5.744
5.746
5.746
5.747
5.747
5.747
5.747
5.750
5.750
5.751
5.753
5.755
5.754
5.754
5.756
5.758
5.761
5.762
5.762
5.764
5.763
5.767
5.768
5.769
5.771
5.771
5.771
5.772
5.772
5.774
5.774
5.776
5.777
5.777
5.779
5.779
5.779
5.781
5.781
5.782
5.783
5.784
5.784
5.784
5.786
5.786
5.786
5.786
5.786
5.788
5.788
5.790
5.793
5.795
5.797
5.797
5.798
5.798
5.799
5.801
5.803
5.805
5.805
5.804
5.805
5.811
5.813
5.812
5.814
5.814
5.814
5.815
5.817
5.821
5.823
5.826
5.826
5.827
5.829
5.831
5.833
5.835
5.840
5.847
5.847
5.849
5.854
5.858
5.859
5.859
5.859
5.861
5.866
5.871
5.876
5.878
5.878
5.879
5.882
5.884
5.885
5.886
5.892
5.896
5.896
5.896
5.898
5.905
5.906
5.907
5.908
5.913
5.920
5.925
5.937
5.942
5.945
5.948
5.959
5.964
5.967
5.971
5.987
6.023
6.044
6.066
6.077
6.078
6.079
6.083
6.090
6.091
6.091
6.093
6.103
6.117
6.123
6.124
6.127
6.132
6.145
6.150
6.152
6.161
6.176
6.182
6.188
6.189
6.189
6.189
6.189
6.191
6.195
6.199
6.203
6.216
6.222
6.228
6.239
6.245
6.250
6.264
6.280
6.287
6.288
6.292
6.299
6.302
6.308
6.312
6.323
6.330
6.335
6.341
6.347
6.352
6.360
6.362
6.367
6.372
6.379
6.385
6.391
6.409
6.421
6.423
6.434
6.445
6.455
6.468
6.482
6.494
6.507
6.519
6.519
6.525
6.532
6.539
6.544
6.565
6.583
6.590
6.592
6.597
6.603
6.608
6.616
6.625
6.628
6.635
6.646
6.653
6.662
6.678
6.694
6.704
6.714
6.717
6.725
6.728
6.737
6.744
6.750
6.757
6.767
6.774
6.781
6.790
6.799
6.799
6.810
6.816
6.823
6.833
6.846
6.860
6.867
6.873
6.885
6.896
6.909
6.918
6.927
6.934
6.946
6.954
6.958
6.964
6.969
6.970
6.975
6.991
6.996
7.004
7.010
7.018
7.020
7.024
7.029
7.034
7.043
7.048
7.056
7.063
7.066
7.064
7.068
7.080
7.092
7.104
7.121
7.130
7.139
7.148
7.167
7.187
7.196
7.202
7.212
7.218
7.227
7.235
7.243
7.259
7.273
7.280
7.288
7.293
7.304
7.313
7.324
7.333
7.336
7.338
7.343
7.349
7.355
7.362
7.383
7.397
7.407
7.413
7.431
7.447
7.454
7.458
7.462
7.471
7.479
7.490
7.498
7.505
7.507
7.516
7.534
7.549
7.556
7.568
7.575
7.580
7.585
7.593
7.605
7.613
7.620
7.631
7.649
7.653
7.657
7.662
7.673
7.703
7.703
7.711
7.714
7.715
7.724
7.741
7.759
7.783
7.812
7.833
7.849
7.865
7.892
7.912
7.920
7.922
7.922
7.928
7.947
7.959
7.986
8.012
8.039
8.068
8.094
8.105
8.118
8.129
8.140
8.162
8.177
8.190
8.206
8.233
8.252
8.264
8.280
8.298
8.305
8.318
8.336
8.355
8.365
8.382
8.402
8.423
8.445
8.477
8.491
8.493
8.496
8.514
8.545
8.555
8.575
8.597
8.618
8.636
8.650
8.672
8.700
8.737
8.774
8.784
8.798
8.802
8.819
8.833
8.850
8.862
8.872
8.887
8.898
8.925
8.951
8.966
8.985
9.014
9.025
9.035
9.063
9.081
9.094
9.125
9.143
9.155
9.168
9.189
9.218
9.246
9.270
9.299
9.335
9.358
9.405
9.420
9.440
9.460
9.473
9.497
9.522
9.534
9.546
9.562
9.584
9.610
9.630
9.636
9.636
9.637
9.646
9.677
9.738
9.763
9.759
9.765
9.767
9.768
9.778
9.792
9.807
9.838
9.891
9.921
9.944
9.950
9.949
9.962
9.972
9.977
10.004
10.026
10.038
10.052
10.074
10.100
10.117
10.124
10.143
10.152
10.170
10.187
10.214
10.245
10.273
10.307
10.327
10.337
10.344
10.347
10.351
10.352
10.363
10.364
10.382
10.390
10.400
10.407
10.422
10.437
10.443
10.455
10.460
10.472
10.478
10.484
10.487
10.501
10.512
10.525
10.536
10.548
10.553
10.569
10.578
10.583
10.596
10.610
10.630
10.645
10.653
10.649
10.655
10.666
10.670
10.681
10.685
10.698
10.708
10.716
10.723
10.730
10.756
10.769
10.777
10.783
10.795
10.803
10.808
10.811
10.803
10.815
10.831
10.837
10.840
10.840
10.849
10.856
10.870
10.887
10.889
10.901
10.904
10.909
10.917
10.925
10.935
10.946
10.959
10.967
10.963
10.976
10.986
10.990
11.005
11.023
11.045
11.053
11.060
11.073
11.096
11.108
11.117
11.122
11.122
11.124
11.126
11.134
11.146
11.154
11.157
11.157
11.156
11.169
11.171
11.176
11.182
11.198
11.209
11.232
11.235
11.237
11.239
11.239
11.244
11.265
11.283
11.293
11.300
11.317
11.338
11.353
11.359
11.361
11.364
11.367
11.380
11.389
11.401
11.442
11.455
11.464
11.465
11.468
11.472
11.478
11.485
11.489
11.509
11.525
11.542
11.549
11.560
11.569
11.580
11.592
11.607
11.616
11.631
11.652
11.670
11.677
11.683
11.686
11.691
11.700
11.710
11.721
11.727
11.736
11.743
11.746
11.751
11.756
11.768
11.776
11.788
11.804
11.808
11.816
11.832
11.848
11.856
11.865
11.867
11.868
11.867
11.898
11.918
11.947
11.966
11.976
11.980
11.986
11.989
11.998
12.015
12.024
12.030
12.038
12.048
12.051
12.059
12.069
12.075
12.085
12.097
12.107
12.115
12.130
12.151
12.170
12.183
12.182
12.183
12.195
12.202
12.214
12.228
12.236
12.245
12.256
12.268
12.276
12.287
12.287
12.303
12.314
12.319
12.328
12.342
12.358
12.375
12.390
12.399
12.419
12.428
12.434
12.446
12.463
12.476
12.489
12.486
12.497
12.501
12.508
12.516
12.524
12.524
12.533
12.542
12.549
12.557
12.561
12.564
12.569
12.575
12.586
12.598
12.612
12.622
12.618
12.640
12.651
12.659
12.677
12.696
12.712
12.714
12.718
12.720
12.729
12.758
12.781
12.781
12.804
12.819
12.829
12.845
12.870
12.887
12.890
12.890
12.891
12.894
12.908
12.922
12.935
12.943
12.948
12.966
12.981
12.982
12.985
12.987
12.988
12.990
12.998
13.000
13.006
13.017
13.025
13.026
13.032
13.037
13.045
13.049
13.052
13.062
13.063
13.084
13.098
13.102
13.106
13.107
13.111
13.131
13.147
13.137
13.145
13.157
13.160
13.164
13.170
13.177
13.192
13.202
13.204
13.204
13.203
13.193
13.206
13.208
13.208
13.210
13.217
13.232
13.232
13.247
13.262
13.270
13.286
13.293
13.299
13.309
13.316
13.321
13.330
13.343
13.355
13.367
13.377
13.389
13.402
13.417
13.428
13.428
13.433
13.452
13.452
13.455
13.454
13.457
13.461
13.464
13.465
13.455
13.468
13.476
13.487
13.505
13.517
13.528
13.538
13.551
13.572
13.586
13.589
13.585
13.599
13.599
13.599
13.606
13.611
13.618
13.619
13.644
13.657
13.662
13.671
13.676
13.684
13.685
13.690
13.686
13.701
13.715
13.728
13.740
13.750
13.763
13.778
13.786
13.788
13.795
13.813
13.831
13.851
13.863
13.865
13.869
13.875
13.879
13.875
13.881
13.901
13.915
13.924
13.925
13.928
13.940
13.946
13.952
13.953
13.958
13.965
13.982
13.995
14.021
14.041
14.048
14.054
14.060
14.061
14.080
14.089
14.100
14.118
14.132
14.147
14.160
14.167
14.179
14.193
14.204
14.211
14.218
14.233
14.250
14.265
14.281
14.284
14.279
14.299
14.307
14.322
14.335
14.347
14.357
14.368
14.380
14.385
14.416
14.441
14.445
14.449
14.451
14.454
14.465
14.474
14.489
14.504
14.520
14.529
14.532
14.544
14.568
14.579
14.584
14.587
14.586
14.604
14.622
14.636
14.649
14.663
14.682
14.699
14.711
14.721
14.731
14.747
14.766
14.784
14.797
14.807
14.816
14.832
14.844
14.845
14.850
14.866
14.868
14.879
14.898
14.928
14.946
14.958
14.967
14.954
14.972
14.979
14.983
14.990
14.997
15.009
15.016
15.022
15.022
15.025
15.027
15.029
15.034
15.037
15.044
15.067
15.085
15.101
15.107
15.131
15.165
15.199
15.210
15.210
15.210
15.210
15.213
15.216
15.222
15.226
15.232
15.235
15.252
15.256
15.259
15.260
15.265
15.257
15.263
15.273
15.277
15.281
15.283
15.288
15.294
15.297
15.301
15.291
15.308
15.308
15.309
15.312
15.315
15.320
15.328
15.340
15.354
15.367
15.372
15.381
15.377
15.397
15.411
15.420
15.430
15.434
15.434
15.442
15.442
15.449
15.459
15.465
15.472
15.478
15.486
15.490
15.499
15.514
15.527
15.533
15.541
15.563
15.582
15.588
15.592
15.595
15.616
15.625
15.632
15.659
15.687
15.696
15.703
15.711
15.717
15.709
15.733
15.741
15.756
15.771
15.773
15.778
15.785
15.796
15.796
15.800
15.810
15.823
15.823
15.839
15.845
15.864
15.891
15.906
15.901
15.920
15.930
15.936
15.943
15.954
15.961
15.969
15.999
16.029
16.044
16.068
16.081
16.099
16.124
16.143
16.167
16.192
16.219
16.227
16.255
16.264
16.272
16.281
16.284
16.288
16.292
16.296
16.293
16.291
16.311
16.321
16.333
16.343
16.346
16.352
16.357
16.365
16.370
16.371
16.377
16.382
16.382
16.394
16.399
16.407
16.415
16.428
16.432
16.469
16.490
16.512
16.525
16.526
16.528
16.532
16.541
16.544
16.554
16.575
16.598
16.609
16.626
16.630
16.638
16.647
16.652
16.641
16.660
16.663
16.666
16.674
16.675
16.675
16.677
16.681
16.679
16.682
16.703
16.711
16.717
16.733
16.754
16.764
16.772
16.778
16.779
16.786
16.796
16.803
16.807
16.816
16.821
16.827
16.833
16.834
16.828
16.847
16.852
16.859
16.875
16.884
16.896
16.907
16.917
16.913
16.947
16.963
16.976
16.993
17.013
17.031
17.043
17.053
17.049
17.060
17.086
17.103
17.112
17.120
17.126
17.136
17.143
17.151
17.143
17.160
17.176
17.195
17.211
17.229
17.239
17.247
17.257
17.262
17.267
17.273
17.274
17.277
17.286
17.293
17.300
17.307
17.311
17.302
17.323
17.332
17.338
17.343
17.347
17.354
17.360
17.372
17.389
17.395
17.402
17.417
17.431
17.450
17.462
17.467
17.474
17.484
17.484
17.509
17.529
17.541
17.553
17.560
17.566
17.568
17.578
17.587
17.578
17.600
17.608
17.619
17.632
17.651
17.664
17.687
17.702
17.713
17.722
17.729
17.737
17.743
17.749
17.756
17.761
17.761
17.770
17.761
17.784
17.798
17.814
17.839
17.857
17.870
17.890
17.907
17.921
17.945
17.960
17.971
17.984
18.000
18.027
18.047
18.065
18.078
18.072
18.099
18.115
18.141
18.169
18.186
18.200
18.209
18.221
18.219
18.211
18.235
18.239
18.243
18.244
18.251
18.264
18.274
18.282
18.285
18.289
18.299
18.318
18.328
18.340
18.352
18.375
18.391
18.399
18.391
18.424
18.440
18.450
18.465
18.472
18.486
18.496
18.508
18.513
18.521
18.531
18.539
18.547
18.569
18.595
18.627
18.640
18.645
18.633
18.655
18.662
18.672
18.680
18.686
18.689
18.693
18.699
18.691
18.698
18.713
18.719
18.727
18.738
18.750
18.755
18.760
18.765
18.767
18.773
18.781
18.800
18.814
18.816
18.820
18.824
18.833
18.825
18.839
18.853
18.864
18.878
18.882
18.889
18.899
18.912
18.921
18.926
18.938
18.945
18.951
18.955
18.965
18.970
18.976
18.984
18.987
18.978
19.005
19.009
19.020
19.028
19.038
19.057
19.077
19.099
19.102
19.127
19.139
19.141
19.145
19.152
19.153
19.155
19.159
19.162
19.173
19.189
19.192
19.192
19.206
19.218
19.228
19.238
19.245
19.231
19.255
19.281
19.292
19.299
19.299
19.308
19.317
19.325
19.332
19.317
19.339
19.343
19.355
19.360
19.360
19.360
19.360
19.360
19.348
19.345
19.379
19.397
19.413
19.416
19.420
19.426
19.433
19.438
19.421
19.444
19.455
19.465
19.469
19.479
19.499
19.526
19.549
19.539
19.558
19.590
19.604
19.613
19.631
19.648
19.659
19.670
19.684
19.686
19.717
19.733
19.749
19.757
19.763
19.775
19.794
19.805
19.812
19.825
19.839
19.851
19.860
19.861
19.870
19.876
19.885
19.888
19.878
19.904
19.910
19.910
19.910
19.910
19.910
19.914
19.922
19.916
19.922
19.942
19.948
19.959
19.972
19.980
19.990
19.998
20.001
19.987
20.016
20.028
20.034
20.040
20.043
20.046
20.057
20.066
20.059
20.074
20.086
20.087
20.097
20.105
20.112
20.116
20.119
20.125
20.119
20.151
20.163
20.175
20.185
20.193
20.203
20.212
20.219
20.205
20.232
20.257
20.281
20.295
20.301
20.313
20.322
20.329
20.340
20.343
20.391
20.398
20.399
20.399
20.402
20.409
20.420
20.429
20.421
20.432
20.450
20.455
20.472
20.489
20.505
20.530
20.548
20.561
20.554
20.560
20.564
20.570
20.581
20.584
20.591
20.593
20.597
20.597
20.598
20.601
20.612
20.623
20.631
20.642
20.652
20.662
20.673
20.659
20.686
20.702
20.710
20.721
20.728
20.733
20.740
20.742
20.737
20.730
20.753
20.760
20.766
20.772
20.775
20.778
20.786
20.795
20.784
20.812
20.833
20.843
20.857
20.855
20.864
20.870
20.874
20.881
20.884
20.886
20.893
20.898
20.901
20.906
20.914
20.936
20.965
20.961
20.986
20.996
20.996
20.999
20.999
21.008
21.017
21.021
21.015
21.000
21.024
21.027
21.031
21.035
21.042
21.046
21.049
21.053
21.031
21.057
21.065
21.069
21.072
21.071
21.073
21.077
21.082
21.077
21.066
21.091
21.095
21.096
21.099
21.101
21.103
21.105
21.106
21.085
21.109
21.114
21.118
21.121
21.120
21.122
21.124
21.128
21.130
21.133
21.139
21.142
21.138
21.143
21.143
21.145
21.146
21.150
21.128
21.149
21.155
21.155
21.157
21.155
21.155
21.156
21.159
21.156
21.140
21.166
21.167
21.167
21.168
21.170
21.171
21.173
21.174
21.153
21.175
21.180
21.186
21.186
21.185
21.187
21.189
21.190
21.190
21.169
21.193
21.197
21.199
21.202
21.202
21.203
21.204
21.208
21.207
21.207
21.209
21.212
21.204
21.213
21.214
21.216
21.218
21.216
21.198
21.225
21.228
21.229
21.232
21.229
21.230
21.233
21.236
21.223
21.223
21.240
21.240
21.243
21.240
21.244
21.246
21.248
21.245
21.229
21.254
21.255
21.262
21.259
21.260
21.264
21.265
21.269
21.255
21.253
21.271
21.271
21.273
21.268
21.269
21.269
21.269
21.268
21.247
21.271
21.272
21.270
21.269
21.269
21.269
21.269
21.270
21.248
21.269
21.271
21.271
21.273
21.270
21.270
21.270
21.270
21.264
21.248
21.272
21.271
21.271
21.273
21.270
21.270
21.269
21.270
21.248
21.267
21.270
21.271
21.273
21.270
21.268
21.269
21.269
21.262
21.247
21.267
21.267
21.267
21.268
21.266
21.265
21.266
21.269
21.270
21.271
21.269
21.270
21.270
21.269
21.268
21.269
21.267
21.253
21.251
21.269
21.267
21.268
