21.273
21.271
21.270
21.269
21.269
21.268
21.268
21.254
21.256
21.271
21.271
21.272
21.270
21.269
21.269
21.269
21.269
21.244
21.269
21.270
21.270
21.271
21.268
21.269
21.269
21.268
21.245
21.271
21.270
21.270
21.271
21.270
21.269
21.269
21.269
21.270
21.247
21.269
21.271
21.271
21.270
21.270
21.270
21.269
21.268
21.257
21.248
21.270
21.271
21.271
21.269
21.268
21.268
21.268
21.269
21.247
21.267
21.271
21.271
21.272
21.270
21.269
21.269
21.273
21.270
21.269
21.271
21.270
21.270
21.271
21.270
21.269
21.270
21.268
21.250
21.256
21.271
21.271
21.272
21.269
21.269
21.268
21.269
21.270
21.246
21.268
21.270
21.272
21.270
21.268
21.269
21.269
21.268
21.249
21.258
21.270
21.272
21.271
21.268
21.268
21.267
21.268
21.266
21.246
21.270
21.272
21.276
21.270
21.269
21.268
21.268
21.271
21.269
21.265
21.265
21.265
21.265
21.265
21.266
21.266
21.265
21.264
21.243
21.271
21.272
21.271
21.272
21.270
21.270
21.269
21.271
21.249
21.264
21.272
21.273
21.272
21.271
21.271
21.270
21.270
21.264
21.252
21.273
21.272
21.273
21.272
21.271
21.271
21.271
21.271
21.251
21.264
21.272
21.273
21.271
21.269
21.269
21.269
21.269
21.269
21.247
21.271
21.271
21.272
21.272
21.270
21.270
21.268
21.265
21.254
21.243
21.261
21.262
21.263
21.257
21.257
21.256
21.255
21.254
21.228
21.252
21.252
21.252
21.247
21.245
21.245
21.240
21.240
21.224
21.221
21.240
21.240
21.240
21.237
21.238
21.238
21.238
21.237
21.213
21.230
21.234
21.232
21.231
21.229
21.228
21.228
21.228
21.227
21.227
21.226
21.224
21.222
21.221
21.220
21.218
21.217
21.216
21.196
21.204
21.216
21.214
21.214
21.211
21.208
21.208
21.206
21.205
21.180
21.201
21.204
21.203
21.205
21.202
21.201
21.198
21.196
21.176
21.186
21.197
21.195
21.194
21.191
21.189
21.188
21.187
21.186
21.159
21.181
21.183
21.183
21.182
21.180
21.178
21.174
21.171
21.157
21.152
21.170
21.167
21.167
21.167
21.162
21.160
21.158
21.156
21.134
21.151
21.155
21.155
21.158
21.155
21.153
21.153
21.152
21.141
21.132
21.152
21.154
21.152
21.148
21.146
21.148
21.145
21.145
21.122
21.137
21.142
21.142
21.141
21.139
21.138
21.134
21.130
21.115
21.102
21.121
21.121
21.121
21.117
21.118
21.117
21.115
21.115
21.114
21.113
21.112
21.109
21.102
21.106
21.105
21.105
21.103
21.089
21.078
21.099
21.097
21.097
21.093
21.093
21.090
21.088
21.085
21.059
21.077
21.078
21.077
21.072
21.068
21.059
21.054
21.051
21.042
21.025
21.042
21.039
21.032
21.024
21.021
21.021
21.021
21.021
20.998
21.016
21.021
21.021
21.022
21.019
21.016
21.014
21.012
21.004
20.989
21.011
21.008
21.013
21.010
21.008
21.005
21.001
20.990
20.964
20.981
20.980
20.977
20.974
20.963
20.959
20.954
20.943
20.922
20.903
20.917
20.910
20.901
20.897
20.889
20.886
20.885
20.875
20.863
20.842
20.859
20.855
20.851
20.848
20.844
20.842
20.838
20.827
20.805
20.812
20.797
20.788
20.781
20.771
20.761
20.753
20.747
20.739
20.729
20.727
20.724
20.719
20.721
20.720
20.722
20.725
20.716
20.683
20.681
20.662
20.651
20.638
20.621
20.597
20.593
20.591
20.573
20.573
20.572
20.568
20.567
20.561
20.557
20.553
20.550
20.549
20.544
20.512
20.517
20.515
20.505
20.496
20.487
20.483
20.473
20.447
20.453
20.459
20.452
20.443
20.436
20.433
20.422
20.420
20.410
20.400
20.397
20.387
20.384
20.367
20.356
20.349
20.344
20.337
20.314
20.307
20.320
20.313
20.312
20.305
20.300
20.295
20.292
20.288
20.263
20.276
20.273
20.265
20.256
20.255
20.251
20.252
20.251
20.251
20.244
20.230
20.254
20.256
20.254
20.251
20.244
20.237
20.222
20.176
20.173
20.165
20.164
20.162
20.158
20.153
20.148
20.128
20.102
20.111
20.112
20.104
20.091
20.085
20.084
20.081
20.080
20.075
20.061
20.081
20.081
20.080
20.075
20.069
20.069
20.069
20.068
20.050
20.049
20.055
20.055
20.051
20.044
20.042
20.036
20.032
20.031
20.022
20.008
19.984
19.997
19.991
19.983
19.979
19.973
19.961
19.943
19.930
19.935
19.927
19.919
19.909
19.900
19.891
19.886
19.882
19.877
19.871
19.858
19.849
19.848
19.841
19.836
19.827
19.819
19.803
19.789
19.802
19.800
19.800
19.794
19.781
19.771
19.758
19.741
19.715
19.708
19.705
19.703
19.701
19.691
19.674
19.662
19.644
19.631
19.624
19.617
19.595
19.592
19.595
19.583
19.573
19.567
19.561
19.542
19.533
19.537
19.524
19.515
19.503
19.494
19.483
19.477
19.470
19.441
19.441
19.443
19.437
19.429
19.421
19.411
19.396
19.378
19.353
19.327
19.341
19.336
19.334
19.325
19.303
19.274
19.240
19.234
19.196
19.200
19.199
19.185
19.173
19.160
19.138
19.122
19.109
19.098
19.095
19.090
19.079
19.053
19.066
19.055
19.051
19.049
19.039
18.994
18.985
18.983
18.970
18.953
18.939
18.918
18.914
18.914
18.906
18.905
18.898
18.894
18.890
18.882
18.870
18.848
18.829
18.817
18.799
18.788
18.788
18.780
18.776
18.774
18.774
18.771
18.760
18.753
18.722
18.724
18.713
18.707
18.696
18.689
18.680
18.675
18.671
18.661
18.653
18.646
18.640
18.618
18.632
18.624
18.616
18.611
18.603
18.577
18.573
18.578
18.569
18.577
18.548
18.538
18.534
18.530
18.526
18.518
18.515
18.508
18.506
18.498
18.487
18.476
18.471
18.469
18.454
18.447
18.451
18.445
18.441
18.437
18.436
18.433
18.433
18.427
18.397
18.408
18.408
18.401
18.391
18.380
18.361
18.347
18.336
18.328
18.322
18.308
18.295
18.270
18.280
18.262
18.257
18.253
18.250
18.232
18.235
18.238
18.230
18.227
18.212
18.201
18.188
18.182
18.167
18.167
18.166
18.166
18.161
18.156
18.140
18.129
18.126
18.117
18.088
18.075
18.077
18.063
18.052
18.039
18.030
18.022
18.008
17.998
17.980
17.996
17.988
17.981
17.974
17.968
17.961
17.957
17.952
17.942
17.932
17.924
17.920
17.912
17.907
17.903
17.896
17.887
17.878
17.847
17.853
17.843
17.828
17.816
17.803
17.797
17.784
17.776
17.767
17.763
17.773
17.766
17.763
17.757
17.752
17.741
17.740
17.737
17.712
17.725
17.722
17.710
17.705
17.699
17.698
17.691
17.686
17.672
17.662
17.669
17.663
17.661
17.646
17.637
17.627
17.622
17.614
17.604
17.603
17.602
17.601
17.598
17.595
17.594
17.590
17.583
17.567
17.553
17.554
17.543
17.534
17.515
17.498
17.490
17.481
17.473
17.454
17.458
17.459
17.457
17.452
17.441
17.432
17.422
17.415
17.396
17.375
17.385
17.379
17.366
17.358
17.351
17.346
17.342
17.336
17.323
17.314
17.314
17.301
17.289
17.282
17.276
17.269
17.261
17.254
17.245
17.236
17.229
17.224
17.215
17.206
17.200
17.196
17.192
17.177
17.175
17.179
17.175
17.175
17.168
17.163
17.154
17.147
17.139
17.135
17.127
17.119
17.113
17.104
17.099
17.092
17.083
17.078
17.062
17.049
17.060
17.053
17.048
17.041
17.037
17.029
17.017
17.004
16.976
16.980
16.980
16.976
16.973
16.969
16.963
16.959
16.958
16.955
16.948
16.944
16.941
16.934
16.927
16.921
16.919
16.916
16.911
16.889
16.899
16.886
16.874
16.862
16.852
16.848
16.844
16.834
16.826
16.814
16.822
16.821
16.817
16.814
16.803
16.790
16.782
16.773
16.759
16.753
16.760
16.754
16.751
16.743
16.736
16.736
16.734
16.722
16.703
16.718
16.714
16.711
16.704
16.699
16.690
16.684
16.680
16.675
16.667
16.661
16.653
16.651
16.645
16.640
16.638
16.636
16.627
16.615
16.626
16.618
16.614
16.607
16.600
16.593
16.589
16.587
16.582
16.579
16.577
16.576
16.573
16.568
16.567
16.565
16.565
16.559
16.549
16.563
16.559
16.557
16.556
16.553
16.552
16.551
16.550
16.535
16.543
16.547
16.545
16.542
16.541
16.539
16.533
16.532
16.534
16.528
16.528
16.524
16.523
16.521
16.520
16.518
16.518
16.517
16.503
16.511
16.516
16.516
16.517
16.514
16.515
16.514
16.514
16.514
16.512
16.512
16.511
16.511
16.514
16.509
16.508
16.508
16.507
16.498
16.496
16.507
16.506
16.502
16.496
16.493
16.492
16.489
16.484
16.465
16.476
16.476
16.473
16.468
16.467
16.465
16.463
16.456
16.448
16.443
16.443
16.437
16.431
16.429
16.422
16.419
16.418
16.414
16.391
16.399
16.394
16.390
16.388
16.382
16.380
16.377
16.373
16.370
16.367
16.361
16.359
16.353
16.353
16.347
16.343
16.337
16.333
16.300
16.302
16.298
16.296
16.294
16.284
16.280
16.276
16.272
16.263
16.253
16.265
16.263
16.257
16.252
16.250
16.249
16.248
16.243
16.230
16.233
16.223
16.211
16.210
16.206
16.204
16.203
16.202
16.193
16.192
16.202
16.201
16.200
16.201
16.199
16.197
16.195
16.192
16.175
16.183
16.185
16.177
16.174
16.168
16.162
16.159
16.155
16.142
16.143
16.150
16.150
16.146
16.141
16.138
16.138
16.138
16.139
16.122
16.135
16.137
16.133
16.127
16.113
16.104
16.100
16.096
16.085
16.081
16.085
16.086
16.084
16.082
16.082
16.078
16.076
16.071
16.050
16.060
16.060
16.059
16.060
16.056
16.053
16.048
16.045
16.036
16.033
16.044
16.044
16.043
16.040
16.040
16.040
16.040
16.033
16.029
16.041
16.039
16.035
16.036
16.032
16.033
16.032
16.029
16.024
16.009
16.016
16.010
16.005
16.004
16.002
15.999
15.995
15.992
15.981
15.983
15.991
15.989
15.986
15.980
15.974
15.969
15.967
15.960
15.950
15.961
15.959
15.956
15.955
15.952
15.947
15.942
15.940
15.923
15.933
15.934
15.932
15.931
15.930
15.929
15.926
15.926
15.919
15.911
15.924
15.924
15.924
15.924
15.921
15.922
15.920
15.918
15.902
15.902
15.906
15.904
15.904
15.898
15.896
15.894
15.893
15.890
15.872
15.891
15.887
15.886
15.891
15.886
15.881
15.881
15.881
15.878
15.864
15.868
15.873
15.874
15.869
15.869
15.869
15.868
15.864
15.861
15.857
15.854
15.849
15.848
15.846
15.845
15.844
15.840
15.825
15.824
15.832
15.831
15.830
15.826
15.824
15.821
15.818
15.813
15.795
15.801
15.801
15.799
15.798
15.796
15.794
15.790
15.784
15.766
15.761
15.771
15.767
15.765
15.763
15.759
15.756
15.755
15.753
15.747
15.739
15.753
15.751
15.750
15.747
15.742
15.738
15.738
15.737
15.736
15.735
15.735
15.726
15.731
15.727
15.726
15.723
15.722
15.704
15.705
15.707
15.704
15.706
15.702
15.701
15.698
15.691
15.678
15.657
15.666
15.662
15.654
15.643
15.637
15.636
15.636
15.637
15.624
15.626
15.629
15.625
15.617
15.612
15.603
15.594
15.588
15.586
15.564
15.572
15.568
15.564
15.557
15.542
15.534
15.527
15.521
15.514
15.506
15.515
15.512
15.506
15.499
15.487
15.476
15.467
15.466
15.451
15.450
15.456
15.454
15.452
15.446
15.442
15.440
15.432
15.432
15.417
15.430
15.420
15.417
15.411
15.406
15.404
15.403
15.400
15.377
15.373
15.369
15.367
15.362
15.356
15.354
15.344
15.333
15.324
15.304
15.316
15.313
15.309
15.307
15.300
15.296
15.295
15.294
15.289
15.283
15.281
15.275
15.267
15.268
15.262
15.259
15.258
15.257
15.240
15.248
15.251
15.250
15.250
15.246
15.244
15.240
15.237
15.230
15.218
15.229
15.223
15.220
15.217
15.214
15.213
15.210
15.206
15.188
15.187
15.187
15.184
15.175
15.168
15.163
15.161
15.159
15.155
15.137
15.150
15.149
15.146
15.139
15.134
15.134
15.125
15.116
15.108
15.097
15.110
15.102
15.092
15.088
15.084
15.081
15.077
15.076
15.058
15.065
15.063
15.063
15.063
15.062
15.059
15.059
15.057
15.048
15.038
15.045
15.041
15.039
15.036
15.032
15.030
15.027
15.026
15.025
15.020
15.006
15.017
15.015
15.011
15.006
15.002
14.996
14.983
14.977
14.985
14.981
14.978
14.972
14.966
14.957
14.951
14.943
14.941
14.933
14.927
14.929
14.930
14.927
14.918
14.907
14.905
14.898
14.877
14.885
14.881
14.880
14.877
14.871
14.868
14.864
14.861
14.852
14.850
14.857
14.856
14.856
14.852
14.850
14.846
14.844
14.840
14.824
14.835
14.832
14.832
14.824
14.819
14.817
14.815
14.814
14.810
14.796
14.810
14.807
14.805
14.800
14.795
14.783
14.773
14.766
14.746
14.727
14.713
14.710
14.707
14.702
14.697
14.694
14.686
14.682
14.665
14.672
14.657
14.640
14.619
14.603
14.594
14.587
14.581
14.565
14.569
14.572
14.565
14.560
14.557
14.554
14.551
14.544
14.531
14.521
14.520
14.506
14.495
14.484
14.477
14.473
14.471
14.469
14.460
14.461
14.464
14.451
14.442
14.429
14.420
14.414
14.414
14.406
14.402
14.393
14.388
14.383
14.382
14.378
14.373
14.368
14.367
14.356
14.355
14.361
14.356
14.355
14.350
14.344
14.343
14.340
14.337
14.318
14.327
14.327
14.325
14.315
14.304
14.294
14.284
14.274
14.263
14.265
14.269
14.263
14.259
14.254
14.248
14.246
14.236
14.233
14.213
14.214
14.209
14.203
14.193
14.182
14.165
14.157
14.158
14.156
14.153
14.151
14.149
14.140
14.147
14.145
14.144
14.138
14.129
14.116
14.113
14.105
14.091
14.085
14.081
14.078
14.075
14.075
14.069
14.053
14.063
14.061
14.054
14.051
14.048
14.043
14.042
14.039
14.021
14.025
14.020
14.006
13.999
13.983
13.978
13.977
13.976
13.967
13.953
13.963
13.958
13.945
13.934
13.928
13.925
13.917
13.914
13.899
13.893
13.899
13.893
13.890
13.883
13.881
13.879
13.875
13.870
13.853
13.861
13.858
13.857
13.855
13.849
13.843
13.835
13.827
13.817
13.796
13.795
13.786
13.781
13.764
13.743
13.731
13.731
13.731
13.715
13.723
13.721
13.714
13.704
13.697
13.688
13.684
13.682
13.682
13.669
13.678
13.682
13.681
13.680
13.673
13.661
13.647
13.647
13.640
13.635
13.627
13.623
13.618
13.611
13.609
13.607
13.603
13.596
13.571
13.572
13.559
13.553
13.551
13.548
13.541
13.533
13.532
13.515
13.508
13.510
13.508
13.509
13.508
13.506
13.497
13.471
13.447
13.404
13.387
13.369
13.354
13.346
13.341
13.337
13.337
13.336
13.332
13.324
13.308
13.313
13.310
13.307
13.304
13.293
13.287
13.285
13.272
13.281
13.281
13.280
13.279
13.272
13.263
13.250
13.243
13.234
13.224
13.230
13.222
13.220
13.221
13.218
13.213
13.208
13.204
13.192
13.198
13.198
13.198
13.196
13.193
13.190
13.187
13.184
13.175
13.161
13.171
13.170
13.167
13.165
13.169
13.159
13.152
13.147
13.147
13.142
13.126
13.130
13.131
13.126
13.123
13.121
13.115
13.106
13.097
13.104
13.099
13.093
13.084
13.074
13.064
13.056
13.050
13.035
13.038
13.037
13.035
13.030
13.021
13.008
13.004
13.002
12.990
12.988
12.988
12.988
12.986
12.986
12.983
12.982
12.977
12.976
12.964
12.975
12.971
12.964
12.961
12.959
12.959
12.953
12.951
12.946
12.943
12.941
12.930
12.939
12.937
12.930
12.920
12.904
12.887
12.873
12.878
12.873
12.866
12.866
12.864
12.855
12.852
12.844
12.839
12.826
12.836
12.832
12.824
12.818
12.811
12.806
12.804
12.796
12.781
12.786
12.790
12.788
12.785
12.781
12.776
12.770
12.761
12.757
12.744
12.754
12.754
12.754
12.751
12.750
12.751
12.749
12.749
12.749
12.749
12.748
12.735
12.742
12.736
12.722
12.705
12.695
12.683
12.672
12.665
12.659
12.654
12.646
12.636
12.628
12.622
12.617
12.594
12.585
12.585
12.573
12.565
12.557
12.538
12.524
12.512
12.499
12.488
12.492
12.479
12.474
12.467
12.463
12.461
12.457
12.458
12.441
12.439
12.434
12.429
12.417
12.399
12.381
12.352
12.337
12.331
12.327
12.317
12.305
12.288
12.297
12.292
12.291
12.288
12.283
12.278
12.274
12.268
12.264
12.256
12.250
12.228
12.199
12.189
12.183
12.170
12.175
12.167
12.159
12.151
12.134
12.131
12.122
12.120
12.104
12.090
12.081
12.076
12.075
12.073
12.070
12.064
12.054
12.041
12.027
12.034
12.029
12.024
12.021
12.015
12.006
11.996
11.987
11.985
11.979
11.968
11.954
11.936
11.934
11.925
11.916
11.914
11.914
11.901
11.902
11.902
11.893
11.890
11.884
11.882
11.878
11.874
11.863
11.854
11.858
11.855
11.851
11.839
11.829
11.825
11.816
11.804
11.792
11.795
11.792
11.783
11.778
11.767
11.758
11.752
11.741
11.729
11.719
11.723
11.718
11.711
11.704
11.695
11.686
11.675
11.670
11.668
11.663
11.662
11.662
11.654
11.654
11.647
11.642
11.639
11.630
11.623
11.620
11.612
11.606
11.599
11.595
11.589
11.585
11.584
11.574
11.579
11.581
11.576
11.572
11.565
11.560
11.557
11.547
11.533
11.516
11.519
11.515
11.512
11.510
11.508
11.479
11.458
11.454
11.444
11.450
11.450
11.446
11.443
11.440
11.440
11.440
11.439
11.435
11.426
11.424
11.414
11.406
11.403
11.399
11.394
11.391
11.389
11.389
11.386
11.384
11.384
11.384
11.380
11.377
11.375
11.372
11.366
11.361
11.365
11.365
11.360
11.352
11.341
11.333
11.321
11.309
11.295
11.296
11.295
11.292
11.288
11.281
11.279
11.276
11.267
11.249
11.236
11.228
11.214
11.203
11.193
11.181
11.169
11.165
11.157
11.146
11.136
11.132
11.128
11.125
11.121
11.114
11.107
11.105
11.099
11.096
11.096
11.096
11.096
11.096
11.096
11.096
11.095
11.096
11.089
11.090
11.094
11.091
11.090
11.084
11.073
11.055
11.045
11.031
11.010
11.004
10.992
10.982
10.971
10.964
10.963
10.960
10.953
10.940
10.929
10.925
10.913
10.910
10.901
10.900
10.894
10.888
10.878
10.873
10.863
10.847
10.829
10.822
10.811
10.799
10.779
10.767
10.759
10.755
10.760
10.754
10.742
10.731
10.724
10.715
10.705
10.693
10.679
10.677
10.671
10.668
10.661
10.656
10.653
10.646
10.640
10.632
10.624
10.620
10.615
10.610
10.608
10.605
10.602
10.601
10.600
10.591
10.583
10.571
10.561
10.556
10.548
10.543
10.536
10.535
10.531
10.528
10.522
10.517
10.506
10.481
10.451
10.437
10.435
10.425
10.406
10.388
10.376
10.361
10.344
10.332
10.327
10.322
10.313
10.308
10.296
10.298
10.294
10.291
10.286
10.277
10.269
10.264
10.260
10.250
10.244
10.239
10.227
10.220
10.213
10.197
10.186
10.179
10.165
10.144
10.144
10.144
10.141
10.137
10.132
10.130
10.125
10.120
10.116
10.111
10.106
10.095
10.082
10.072
10.067
10.064
10.060
10.061
10.049
10.045
10.042
10.041
10.040
10.037
10.035
10.030
10.023
10.019
10.010
10.012
10.007
9.997
9.988
9.984
9.976
9.973
9.961
9.951
9.949
9.949
9.938
9.929
9.913
9.905
9.899
9.893
9.885
9.873
9.874
9.868
9.863
9.851
9.842
9.837
9.828
9.821
9.816
9.814
9.811
9.802
9.791
9.788
9.774
9.765
9.765
9.764
9.754
9.754
9.744
9.741
9.730
9.717
9.705
9.695
9.690
9.684
9.680
9.680
9.674
9.664
9.656
9.648
9.645
9.631
9.618
9.607
9.611
9.612
9.612
9.614
9.613
9.612
9.609
9.607
9.604
9.595
9.598
9.595
9.588
9.579
9.570
9.557
9.544
9.535
9.523
9.500
9.483
9.473
9.466
9.460
9.453
9.448
9.442
9.427
9.415
9.407
9.395
9.386
9.383
9.374
9.363
9.355
9.347
9.334
9.326
9.326
9.322
9.321
9.317
9.313
9.303
9.294
9.288
9.277
9.277
9.267
9.259
9.253
9.245
9.241
9.231
9.228
9.212
9.201
9.192
9.185
9.180
9.173
9.165
9.158
9.155
9.154
9.146
9.143
9.143
9.142
9.143
9.141
9.139
9.134
9.131
9.126
9.119
9.109
9.094
9.084
9.069
9.058
9.053
9.037
9.023
9.004
8.997
8.996
8.991
8.976
8.962
8.954
8.938
8.921
8.901
8.887
8.886
8.881
8.873
8.860
8.848
8.837
8.824
8.810
8.795
8.789
8.783
8.777
8.775
8.766
8.756
8.749
8.737
8.728
8.716
8.711
8.704
8.695
8.678
8.667
8.662
8.658
8.655
8.649
8.643
8.643
8.639
8.625
8.610
8.597
8.586
8.581
8.574
8.566
8.557
8.551
8.545
8.532
8.512
8.501
8.493
8.483
8.467
8.457
8.455
8.447
8.434
8.424
8.418
8.411
8.405
8.400
8.391
8.386
8.378
8.364
8.357
8.350
8.348
8.342
8.337
8.329
8.324
8.315
8.301
8.289
8.279
8.275
8.268
8.264
8.257
8.252
8.252
8.252
8.251
8.251
8.248
8.244
8.243
8.240
8.231
8.219
8.215
8.211
8.203
8.196
8.185
8.175
8.160
8.148
8.133
8.127
8.119
8.114
8.104
8.086
8.070
8.056
8.044
8.036
8.029
8.020
8.012
8.008
8.003
7.988
7.971
7.970
7.967
7.959
7.951
7.947
7.940
7.931
7.925
7.922
7.914
7.910
7.907
7.900
7.898
7.895
7.890
7.883
7.873
7.862
7.855
7.847
7.837
7.834
7.825
7.818
7.816
7.812
7.812
7.812
7.810
7.803
7.801
7.800
7.796
7.790
7.787
7.785
7.785
7.780
7.773
7.764
7.764
7.764
7.752
7.741
7.732
7.724
7.714
7.708
7.702
7.685
7.676
7.667
7.666
7.662
7.660
7.654
7.649
7.643
7.633
7.622
7.617
7.608
7.600
7.588
7.581
7.581
7.577
7.569
7.564
7.558
7.547
7.541
7.538
7.532
7.520
7.512
7.507
7.506
7.505
7.503
7.495
7.492
7.483
7.476
7.471
7.466
7.453
7.444
7.441
7.430
7.424
7.424
7.422
7.420
7.416
7.410
7.403
7.397
7.394
7.390
7.387
7.385
7.374
7.365
7.361
7.361
7.361
7.361
7.361
7.359
7.354
7.349
7.349
7.349
7.342
7.334
7.333
7.331
7.325
7.324
7.323
7.315
7.304
7.299
7.297
7.290
7.286
7.273
7.259
7.247
7.239
7.235
7.230
7.224
7.213
7.202
7.198
7.192
7.185
7.178
7.178
7.178
7.176
7.173
7.168
7.169
7.167
7.163
7.155
7.152
7.144
7.138
7.134
7.129
7.123
7.117
7.109
7.104
7.104
7.092
7.080
7.076
7.068
7.044
7.040
7.039
7.033
7.031
7.028
7.019
7.018
7.013
7.009
7.003
6.999
6.995
6.995
6.994
6.994
6.989
6.983
6.970
6.965
6.958
6.946
6.937
6.933
6.926
6.920
6.918
6.917
6.916
6.912
6.912
6.910
6.909
6.909
6.909
6.909
6.909
6.909
6.905
6.898
6.898
6.897
6.895
6.892
6.885
6.879
6.872
6.870
6.865
6.857
6.832
6.822
6.820
6.819
6.816
6.812
6.801
6.789
6.777
6.764
6.749
6.731
6.720
6.705
6.687
6.681
6.677
6.669
6.665
6.656
6.653
6.651
6.646
6.642
6.637
6.622
6.616
6.608
6.600
6.594
6.590
6.581
6.580
6.573
6.567
6.557
6.550
6.543
6.539
6.537
6.533
6.531
6.526
6.519
6.515
6.513
6.514
6.506
6.499
6.494
6.489
6.482
6.480
6.473
6.470
6.464
6.463
6.465
6.464
6.458
6.453
6.449
6.445
6.442
6.433
6.432
6.432
6.432
6.432
6.429
6.422
6.421
6.421
6.421
6.419
6.419
6.411
6.402
6.396
6.396
6.396
6.392
6.387
6.384
6.385
6.384
6.382
6.377
6.372
6.368
6.364
6.363
6.362
6.361
6.360
6.348
6.343
6.331
6.322
6.318
6.312
6.307
6.299
6.283
6.259
6.247
6.238
6.229
6.223
6.215
6.213
6.207
6.193
6.172
6.164
6.152
6.146
6.140
6.126
6.116
6.113
6.105
6.100
6.095
6.092
6.084
6.075
6.063
6.052
6.042
6.029
6.017
6.005
5.991
5.980
5.979
5.978
5.974
5.972
5.969
5.967
5.958
5.955
5.950
5.939
5.930
5.927
5.925
5.915
5.908
5.908
5.908
5.908
5.901
5.893
5.885
5.884
5.880
5.872
5.870
5.866
5.864
5.861
5.859
5.858
5.857
5.855
5.850
5.847
5.845
5.840
5.835
5.834
5.830
5.827
5.823
5.820
5.815
5.815
5.813
5.814
5.813
5.813
5.812
5.811
5.809
5.809
5.805
5.799
5.798
5.798
5.795
5.791
5.788
5.786
5.785
5.783
5.782
5.780
5.775
5.774
5.774
5.773
5.771
5.768
5.767
5.765
5.762
5.762
5.762
5.759
5.756
5.753
5.753
5.752
5.750
5.750
5.750
5.749
5.747
5.746
5.741
5.737
5.737
5.737
5.735
5.730
5.726
5.725
5.725
5.724
5.722
5.721
5.719
5.715
5.714
5.713
5.713
5.713
5.713
5.712
5.710
5.707
5.706
5.704
5.701
5.700
5.697
5.694
5.693
5.690
5.688
5.685
5.683
5.682
5.681
5.683
5.683
5.683
5.683
5.683
5.684
5.682
5.682
5.683
5.682
5.683
5.682
5.683
5.683
5.681
5.684
5.683
5.683
5.683
5.682
5.682
5.683
5.683
5.682
5.683
5.683
5.682
5.683
5.682
5.683
5.682
5.682
5.682
5.683
5.682
5.681
5.682
5.683
5.683
5.682
5.681
5.682
5.684
5.683
5.683
5.682
5.683
5.682
5.683
5.682
5.682
5.683
5.681
5.683
5.683
5.682
5.682
5.682
5.683
5.683
5.683
5.682
5.682
5.682
5.682
5.682
5.682
5.682
5.682
5.682
5.683
5.682
5.682
5.683
5.681
5.682
5.682
5.682
5.682
5.682
5.681
5.682
5.682
5.682
5.683
5.683
5.682
5.682
5.682
5.681
5.682
5.683
5.682
5.683
5.682
5.682
5.683
5.682
5.682
5.682
