20.448
20.449
20.448
20.449
20.448
20.449
20.448
20.452
20.449
20.449
20.451
20.450
20.451
20.452
20.451
20.451
20.453
20.450
20.451
20.454
20.450
20.450
20.454
20.450
20.453
20.452
20.451
20.453
20.451
20.451
20.451
20.450
20.451
20.450
20.451
20.449
20.450
20.452
20.451
20.452
20.451
20.452
20.452
20.452
20.451
20.453
20.450
20.450
20.452
20.451
20.450
20.452
20.453
20.452
20.453
20.451
20.452
20.449
20.450
20.453
20.451
20.451
20.451
20.450
20.452
20.449
20.449
20.449
20.452
20.451
20.451
20.452
20.451
20.450
20.451
20.450
20.449
20.451
20.451
20.450
20.451
20.452
20.452
20.452
20.451
20.452
20.449
20.452
20.452
20.450
20.450
20.450
20.451
20.450
20.450
20.449
20.451
20.450
20.452
20.449
20.451
20.449
20.450
20.452
20.451
20.448
20.454
20.451
20.451
20.451
20.452
20.451
20.451
20.452
20.449
20.450
20.453
20.451
20.452
20.450
20.450
20.451
20.449
20.449
20.450
20.448
20.453
20.450
20.448
20.454
20.451
20.451
20.452
20.452
20.449
20.450
20.451
20.451
20.451
20.451
20.452
20.451
20.450
20.453
20.448
20.449
20.450
20.451
20.449
20.451
20.450
20.451
20.449
20.449
20.452
20.449
20.450
20.452
20.452
20.451
20.451
20.449
20.451
20.448
20.451
20.450
20.450
20.447
20.451
20.451
20.450
20.450
20.446
20.451
20.451
20.448
20.449
20.450
20.451
20.449
20.451
20.448
20.450
20.450
20.450
20.448
20.450
20.449
20.449
20.449
20.450
20.450
20.449
20.452
20.450
20.449
20.450
20.452
20.450
20.450
20.449
20.448
20.452
20.452
20.449
20.453
20.450
20.449
20.449
20.450
20.449
20.451
20.450
20.450
20.450
20.449
20.450
20.450
20.450
20.449
20.446
20.449
20.451
20.452
20.449
20.449
20.450
20.448
20.451
20.447
20.449
20.451
20.452
20.449
20.449
20.449
20.448
20.449
20.450
20.448
20.449
20.450
20.451
20.447
20.450
20.449
20.451
20.448
20.449
20.449
20.450
20.451
20.451
20.448
20.449
20.448
20.454
20.450
20.448
20.448
20.452
20.449
20.450
20.451
20.451
20.450
20.451
20.451
20.448
20.450
20.449
20.449
20.450
20.452
20.452
20.450
20.451
20.451
20.450
20.450
20.450
20.450
20.450
20.449
20.449
20.448
20.449
20.449
20.450
20.449
20.453
20.452
20.451
20.452
20.450
20.449
20.451
20.449
20.452
20.451
20.452
20.451
20.450
20.452
20.452
20.452
20.450
20.453
20.452
20.451
20.453
20.450
20.451
20.453
20.451
20.452
20.451
20.453
20.451
20.451
20.451
20.452
20.452
20.451
20.451
20.451
20.451
20.451
20.449
20.452
20.452
20.451
20.452
20.452
20.451
20.451
20.451
20.451
20.452
20.450
20.453
20.452
20.451
20.449
20.453
20.450
20.452
20.451
20.452
20.451
20.452
20.452
20.453
20.452
20.449
20.450
20.450
20.451
20.451
20.451
20.452
20.451
20.450
20.452
20.451
20.451
20.451
20.452
20.450
20.451
20.449
20.450
20.452
20.450
20.451
20.452
20.452
20.449
20.451
20.453
20.452
20.452
20.451
20.452
20.450
20.450
20.451
20.449
20.450
20.452
20.451
20.451
20.450
20.452
20.451
20.451
20.451
20.449
20.452
20.450
20.448
20.451
20.449
20.452
20.451
20.453
20.452
20.452
20.452
20.453
20.451
20.451
20.452
20.454
20.455
20.454
20.452
20.453
20.453
20.453
20.453
20.452
20.454
20.453
20.452
20.452
20.452
20.454
20.453
20.452
20.453
20.453
20.453
20.452
20.451
20.453
20.453
20.452
20.454
20.452
20.451
20.453
20.452
20.454
20.453
20.453
20.453
20.454
20.454
20.453
20.453
20.456
20.452
20.452
20.454
20.455
20.453
20.454
20.454
20.453
20.451
20.454
20.455
20.453
20.452
20.453
20.452
20.453
20.452
20.450
20.454
20.454
20.454
20.452
20.451
20.453
20.454
20.454
20.456
20.453
20.452
20.454
20.454
20.454
20.453
20.454
20.454
20.452
20.451
20.452
20.454
20.452
20.454
20.457
20.453
20.454
20.452
20.452
20.455
20.453
20.456
20.452
20.454
20.455
20.454
20.454
20.455
20.452
20.455
20.454
20.454
20.452
20.454
20.453
20.454
20.452
20.454
20.454
20.455
20.453
20.454
20.455
20.454
20.454
20.455
20.455
20.454
20.455
20.454
20.454
20.454
20.456
20.454
20.455
20.456
20.452
20.455
20.456
20.456
20.456
20.453
20.456
20.455
20.453
20.453
20.452
20.455
20.455
20.453
20.452
20.456
20.455
20.456
20.455
20.457
20.455
20.454
20.456
20.454
20.455
20.456
20.454
20.457
20.452
20.454
20.455
20.455
20.455
20.457
20.455
20.456
20.456
20.454
20.454
20.456
20.456
20.455
20.456
20.455
20.454
20.456
20.456
20.454
20.455
20.457
20.455
20.456
20.457
20.455
20.455
20.457
20.456
20.455
20.456
20.458
20.457
20.454
20.456
20.455
20.456
20.457
20.456
20.455
20.455
20.455
20.456
20.455
20.454
20.458
20.456
20.458
20.455
20.454
20.455
20.456
20.457
20.457
20.458
20.457
20.457
20.455
20.455
20.457
20.456
20.457
20.456
20.456
20.457
20.457
20.458
20.457
20.456
20.457
20.459
20.456
20.458
20.458
20.456
20.456
20.457
20.457
20.458
20.457
20.457
20.456
20.457
20.459
20.458
20.457
20.456
20.457
20.459
20.459
20.457
20.458
20.458
20.457
20.458
20.458
20.456
20.456
20.458
20.457
20.459
20.457
20.457
20.460
20.458
20.459
20.459
20.457
20.458
20.460
20.456
20.458
20.457
20.457
20.456
20.457
20.456
20.461
20.459
20.460
20.460
20.459
20.458
20.459
20.460
20.461
20.457
20.459
20.459
20.461
20.459
20.460
20.459
20.457
20.459
20.458
20.458
20.460
20.459
20.459
20.460
20.461
20.460
20.458
20.460
20.460
20.459
20.458
20.458
20.461
20.459
20.461
20.459
20.458
20.459
20.460
20.459
20.458
20.462
20.458
20.462
20.461
20.461
20.460
20.461
20.461
20.462
20.460
20.463
20.463
20.459
20.461
20.460
20.463
20.461
20.460
20.460
20.461
20.461
20.461
20.461
20.461
20.461
20.459
20.459
20.462
20.461
20.462
20.462
20.462
20.459
20.461
20.461
20.461
20.462
20.463
20.461
20.462
20.463
20.462
20.461
20.462
20.463
20.462
20.460
20.461
20.462
20.460
20.460
20.460
20.463
20.464
20.464
20.462
20.463
20.463
20.463
20.464
20.463
20.462
20.466
20.463
20.463
20.464
20.465
20.464
20.466
20.463
20.464
20.465
20.465
20.464
20.463
20.461
20.464
20.463
20.463
20.462
20.463
20.461
20.465
20.463
20.465
20.463
20.462
20.463
20.464
20.462
20.465
20.465
20.466
20.464
20.465
20.465
20.463
20.466
20.464
20.462
20.463
20.466
20.465
20.465
20.466
20.463
20.465
20.465
20.464
20.465
20.465
20.462
20.462
20.466
20.466
20.466
20.465
20.465
20.466
20.466
20.466
20.465
20.463
20.462
20.466
20.464
20.467
20.466
20.465
20.465
20.465
20.465
20.466
20.466
20.466
20.468
20.467
20.467
20.466
20.465
20.466
20.467
20.468
20.468
20.465
20.466
20.468
20.466
20.467
20.467
20.467
20.466
20.467
20.467
20.464
20.466
20.465
20.465
20.464
20.468
20.464
20.469
20.468
20.466
20.468
20.464
20.467
20.467
20.467
20.467
20.467
20.467
20.468
20.469
20.469
20.465
20.467
20.467
20.467
20.467
20.467
20.468
20.469
20.468
20.467
20.468
20.467
20.468
20.469
20.466
20.467
20.467
20.468
20.466
20.467
20.468
20.470
20.468
20.468
20.468
20.468
20.469
20.468
20.469
20.468
20.468
20.469
20.468
20.468
20.469
20.468
20.470
20.468
20.467
20.470
20.470
20.468
20.470
20.470
20.467
20.469
20.471
20.469
20.469
20.470
20.468
20.468
20.469
20.470
20.469
20.470
20.470
20.468
20.468
20.470
20.469
20.467
20.469
20.469
20.468
20.470
20.469
20.470
20.470
20.471
20.470
20.469
20.473
20.469
20.472
20.469
20.470
20.470
20.469
20.471
20.471
20.470
20.472
20.468
20.469
20.471
20.473
20.469
20.470
20.470
20.472
20.471
20.473
20.471
20.472
20.469
20.470
20.472
20.472
20.471
20.471
20.472
20.470
20.470
20.470
20.471
20.473
20.471
20.472
20.470
20.471
20.471
20.470
20.470
20.470
20.471
20.471
20.472
20.472
20.471
20.469
20.470
20.470
20.471
20.473
20.470
20.471
20.471
20.471
20.472
20.472
20.471
20.473
20.471
20.472
20.473
20.475
20.473
20.473
20.472
20.472
20.474
20.472
20.469
20.472
20.472
20.472
20.472
20.472
20.473
20.474
20.471
20.472
20.471
20.474
20.473
20.472
20.472
20.474
20.474
20.473
20.474
20.472
20.471
20.475
20.471
20.473
20.473
20.472
20.473
20.473
20.474
20.471
20.474
20.472
20.474
20.472
20.474
20.475
20.474
20.472
20.473
20.474
20.473
20.473
20.476
20.473
20.474
20.474
20.474
20.474
20.474
20.474
20.472
20.474
20.475
20.472
20.476
20.473
20.474
20.474
20.474
20.475
20.475
20.475
20.472
20.475
20.476
20.475
20.474
20.474
20.472
20.474
20.476
20.475
20.475
20.476
20.474
20.476
20.472
20.475
20.477
20.475
20.474
20.477
20.475
20.474
20.475
20.475
20.474
20.476
20.473
20.477
20.474
20.475
20.476
20.476
20.476
20.476
20.473
20.476
20.475
20.478
20.476
20.476
20.477
20.476
20.475
20.476
20.474
20.477
20.476
20.478
20.478
20.476
20.475
20.475
20.477
20.476
20.474
20.476
20.477
20.473
20.476
20.478
20.478
20.476
20.475
20.474
20.476
20.476
20.478
20.477
20.476
20.477
20.476
20.477
20.476
20.477
20.477
20.476
20.477
20.475
20.477
20.477
20.476
20.475
20.477
20.477
20.475
20.477
20.475
20.475
20.477
20.476
20.476
20.477
20.479
20.478
20.477
20.479
20.478
20.479
20.477
20.477
20.474
20.477
20.479
20.477
20.477
20.478
20.476
20.477
20.477
20.477
20.476
20.477
20.480
20.478
20.476
20.479
20.477
20.477
20.480
20.477
20.475
20.478
20.477
20.479
20.479
20.478
20.478
20.479
20.477
20.477
20.478
20.478
20.479
20.478
20.477
20.478
20.478
20.478
20.478
20.474
20.478
20.478
20.478
20.478
20.478
20.478
20.478
20.480
20.477
20.479
20.481
20.478
20.478
20.476
20.478
20.478
20.479
20.479
20.479
20.480
20.480
20.477
20.480
20.478
20.477
20.478
20.480
20.477
20.478
20.480
20.480
20.479
20.480
20.480
20.480
20.480
20.479
20.480
20.481
20.480
20.478
20.478
20.479
20.480
20.480
20.479
20.479
20.479
20.479
20.478
20.481
20.479
20.478
20.480
20.480
20.480
20.478
20.481
20.480
20.479
20.480
20.479
20.478
20.479
20.482
20.478
20.476
20.480
20.478
20.480
20.479
20.480
20.479
20.479
20.480
20.480
20.479
20.480
20.480
20.480
20.482
20.482
20.482
20.481
20.481
20.481
20.480
20.479
20.481
20.482
20.482
20.479
20.479
20.482
20.481
20.482
20.482
20.480
20.481
20.483
20.481
20.479
20.480
20.480
20.479
20.483
20.482
20.480
20.480
20.481
20.481
20.481
20.481
20.480
20.479
20.481
20.480
20.480
20.481
20.483
20.480
20.481
20.481
20.481
20.481
20.479
20.480
20.482
20.482
20.481
20.482
20.481
20.481
20.482
20.481
20.481
20.481
20.482
20.481
20.483
20.480
20.483
20.482
20.481
20.481
20.479
20.481
20.482
20.484
20.482
20.484
20.482
20.482
20.483
20.484
20.482
20.480
20.483
20.483
20.482
20.485
20.481
20.482
20.483
20.481
20.480
20.482
20.483
20.481
20.481
20.479
20.483
20.480
20.481
20.481
20.486
20.484
20.483
20.483
20.484
20.480
20.485
20.483
20.482
20.482
20.482
20.482
20.483
20.481
20.482
20.482
20.485
20.481
20.483
20.484
20.484
20.484
20.482
20.482
20.482
20.483
20.483
20.484
20.481
20.483
20.482
20.484
20.483
20.482
20.482
20.482
20.482
20.482
20.483
20.482
20.483
20.483
20.484
20.483
20.483
20.482
20.484
20.484
20.484
20.485
20.482
20.484
20.484
20.482
20.485
20.483
20.485
20.485
20.485
20.485
20.484
20.482
20.485
20.485
20.485
20.485
20.482
20.485
20.482
20.486
20.484
20.486
20.484
20.485
20.484
20.484
20.480
20.482
20.484
20.483
20.484
20.484
20.483
20.481
20.484
20.484
20.484
20.483
20.484
20.485
20.484
20.483
20.483
20.484
20.485
20.485
20.485
20.485
20.486
20.484
20.485
20.483
20.484
20.487
20.485
20.486
20.485
20.484
20.487
20.485
20.483
20.485
20.485
20.486
20.483
20.486
20.487
20.485
20.485
20.486
20.484
20.484
20.487
20.485
20.485
20.484
20.485
20.485
20.484
20.482
20.487
20.486
20.484
20.486
20.487
20.485
20.486
20.485
20.485
20.485
20.487
20.485
20.484
20.484
20.487
20.485
20.485
20.484
20.485
20.484
20.485
20.488
20.484
20.487
20.487
20.487
20.486
20.487
20.486
20.487
20.485
20.485
20.487
20.488
20.487
20.487
20.486
20.484
20.486
20.488
20.486
20.485
20.487
20.486
20.487
20.487
20.486
20.486
20.486
20.485
20.486
20.487
20.487
20.485
20.487
20.485
20.485
20.486
20.486
20.488
20.486
20.484
20.484
20.487
20.489
20.485
20.485
20.487
20.486
20.487
20.485
20.486
20.486
20.489
20.489
20.486
20.487
20.489
20.487
20.490
20.488
20.488
20.489
20.488
20.486
20.485
20.487
20.486
20.490
20.486
20.488
20.488
20.488
20.487
20.485
20.487
20.490
20.490
20.487
20.488
20.487
20.488
20.488
20.485
20.486
20.486
20.489
20.487
20.485
20.487
20.484
20.488
20.487
20.483
20.486
20.485
20.487
20.488
20.486
20.487
20.487
20.490
20.488
20.487
20.488
20.487
20.487
20.487
20.487
20.488
20.486
20.486
20.486
20.487
20.488
20.486
20.489
20.486
20.486
20.488
20.488
20.487
20.485
20.492
20.487
20.487
20.485
20.488
20.490
20.488
20.489
20.488
20.487
20.486
20.490
20.489
20.489
20.490
20.488
20.489
20.490
20.485
20.485
20.488
20.489
20.489
20.488
20.490
20.489
20.488
20.489
20.490
20.487
20.489
20.486
20.488
20.486
20.489
20.487
20.487
20.486
20.488
20.489
20.488
20.487
20.490
20.489
20.489
20.489
20.485
20.489
20.489
20.487
20.489
20.486
20.487
20.488
20.489
20.486
20.487
20.491
20.489
20.490
20.487
20.489
20.486
20.490
20.487
20.488
20.488
20.485
20.491
20.489
20.489
20.489
20.491
20.490
20.491
20.489
20.490
20.489
20.490
20.488
20.487
20.489
20.489
20.490
20.488
20.489
20.491
20.492
20.486
20.490
20.489
20.491
20.488
20.489
20.487
20.490
20.490
20.491
20.490
20.492
20.490
20.489
20.489
20.487
20.488
20.490
20.491
20.490
20.490
20.489
20.488
20.491
20.489
20.490
20.489
20.489
20.491
20.489
20.490
20.491
20.491
20.490
20.489
20.490
20.490
20.489
20.490
20.490
20.490
20.491
20.492
20.491
20.488
20.489
20.490
20.489
20.491
20.488
20.489
20.490
20.490
20.489
20.490
20.491
20.490
20.492
20.489
20.490
20.491
20.489
20.489
20.487
20.491
20.492
20.492
20.491
20.489
20.490
20.489
20.491
20.490
20.490
20.489
20.491
20.490
20.488
20.488
20.490
20.491
20.488
20.487
20.491
20.491
20.490
20.490
20.491
20.490
20.490
20.490
20.488
20.489
20.490
20.490
20.491
20.488
20.489
20.492
20.491
20.490
20.490
20.489
20.493
20.491
20.493
20.490
20.493
20.491
20.492
20.490
20.488
20.492
20.494
20.492
20.491
20.491
20.491
20.490
20.492
20.491
20.491
20.491
20.490
20.493
20.490
20.490
20.492
20.492
20.490
20.493
20.491
20.492
20.491
20.492
20.491
20.493
20.492
20.492
20.491
20.491
20.492
20.491
20.490
20.491
20.493
20.493
20.491
20.489
20.489
20.491
20.491
20.491
20.490
20.489
20.490
20.490
20.489
20.489
20.491
20.491
20.490
20.489
20.491
20.492
20.490
20.489
20.494
20.490
20.489
20.491
20.489
20.490
20.490
20.491
20.490
20.491
20.491
20.490
20.492
20.491
20.491
20.493
20.491
20.490
20.489
20.493
20.489
20.491
20.494
20.494
20.491
20.488
20.490
20.492
20.490
20.491
20.487
20.492
20.491
20.490
20.491
20.491
20.489
20.491
20.491
20.488
20.489
20.494
20.491
20.493
20.493
20.491
20.492
20.493
20.494
20.493
20.491
20.492
20.493
20.491
20.493
20.493
20.492
20.492
20.491
20.490
20.493
20.492
20.493
20.492
20.492
20.491
20.492
20.494
20.491
20.492
20.493
20.491
20.492
20.494
20.492
20.493
20.494
20.490
20.491
20.494
20.491
20.493
20.493
20.493
20.492
20.491
20.494
20.492
20.495
20.493
20.493
20.493
20.493
20.491
20.493
20.490
20.493
20.493
20.491
20.493
20.493
20.492
20.493
20.492
20.491
20.494
20.493
20.495
20.494
20.493
20.491
20.493
20.492
20.493
20.494
20.491
20.491
20.491
20.492
20.494
20.493
20.493
20.492
20.493
20.493
20.491
20.493
20.493
20.496
20.494
20.494
20.495
20.492
20.494
20.493
20.492
20.494
20.491
20.495
20.494
20.493
20.492
20.492
20.493
20.494
20.494
20.493
20.491
20.495
20.492
20.494
20.494
20.494
20.493
20.493
20.492
20.496
20.494
20.493
20.494
20.492
20.492
20.492
20.491
20.490
20.491
20.493
20.496
20.494
20.494
20.494
20.492
20.491
20.492
20.491
20.492
20.494
20.494
20.491
20.491
20.494
20.494
20.492
20.493
20.495
20.492
20.495
20.494
20.492
20.493
20.492
20.494
20.493
20.493
20.493
20.493
20.495
20.494
20.493
20.493
20.493
20.494
20.494
20.497
20.493
20.493
20.495
20.491
20.495
20.495
20.494
20.493
20.493
20.494
20.494
20.493
20.493
20.495
20.493
20.493
20.494
20.489
20.496
20.494
20.495
20.494
20.496
20.496
20.493
20.494
20.494
20.496
20.496
20.494
20.496
20.494
20.493
20.494
20.496
20.495
20.494
20.495
20.491
20.495
20.496
20.494
20.493
20.495
20.495
20.494
20.494
20.496
20.493
20.494
20.493
20.495
20.494
20.497
20.496
20.492
20.496
20.497
20.495
20.495
20.494
20.494
20.494
20.493
20.494
20.495
20.495
20.496
20.496
20.495
20.496
20.495
20.495
20.494
20.495
20.495
20.496
20.496
20.495
20.496
20.496
20.496
20.495
20.494
20.495
20.495
20.496
20.496
20.495
20.496
20.496
20.494
20.495
20.494
20.494
20.497
20.494
20.497
20.496
20.497
20.494
20.494
20.495
20.493
20.494
20.494
20.494
20.493
20.494
20.494
20.495
20.495
20.494
20.495
20.496
20.496
20.496
20.497
20.495
20.493
20.495
20.495
20.493
20.496
20.496
20.496
20.496
20.496
20.497
20.495
20.495
20.496
20.495
20.496
20.495
20.496
20.495
20.496
20.495
20.496
20.496
20.495
20.497
20.498
20.498
20.496
20.497
20.498
20.498
20.495
20.496
20.498
20.497
20.496
20.499
20.495
20.495
20.497
20.497
20.496
20.495
20.496
20.497
20.497
20.498
20.497
20.497
20.497
20.497
20.495
20.497
20.496
20.499
20.499
20.498
20.500
20.499
20.496
20.495
20.497
20.497
20.497
20.497
20.497
20.497
20.499
20.496
20.496
20.497
20.499
20.496
20.498
20.498
20.495
20.497
20.497
20.495
20.497
20.496
20.498
20.497
20.498
20.498
20.497
20.498
20.498
20.497
20.496
20.498
20.498
20.499
20.496
20.499
20.498
20.498
20.497
20.497
20.496
20.497
20.498
20.497
20.498
20.498
20.499
20.495
20.498
20.497
20.499
20.499
20.497
20.498
20.497
20.496
20.499
20.498
20.498
20.499
20.498
20.498
20.496
20.498
20.497
20.496
20.499
20.498
20.496
20.497
20.497
20.498
20.498
20.497
20.499
20.498
20.498
20.498
20.498
20.500
20.498
20.499
20.497
20.499
20.498
20.498
20.498
20.497
20.499
20.498
20.500
20.498
20.497
20.499
20.498
20.498
20.497
20.495
20.498
20.499
20.499
20.498
20.500
20.498
20.497
20.499
20.499
20.500
20.499
20.499
20.497
20.499
20.497
20.499
20.499
20.498
20.499
20.499
20.499
20.499
20.497
20.498
20.499
20.499
20.501
20.498
20.499
20.500
20.498
20.499
20.498
20.500
20.499
20.499
20.500
20.499
20.501
20.499
20.498
20.498
20.498
20.499
20.499
20.499
20.499
20.498
20.498
20.500
20.498
20.499
20.501
20.499
20.498
20.498
20.501
20.498
20.500
20.500
20.500
20.497
20.500
20.499
20.499
20.497
20.502
20.501
20.499
20.498
20.499
20.500
20.499
20.498
20.499
20.501
20.499
20.498
20.499
20.499
20.499
20.500
