5.682
5.682
5.681
5.682
5.682
5.682
5.683
5.681
5.682
5.682
5.681
5.682
5.681
5.682
5.682
5.682
5.681
5.681
5.682
5.682
5.682
5.683
5.683
5.682
5.682
5.682
5.682
5.683
5.682
5.682
5.682
5.681
5.682
5.681
5.682
5.683
5.682
5.681
5.682
5.682
5.682
5.681
5.682
5.682
5.682
5.682
5.682
5.682
5.682
5.682
5.682
5.682
5.684
5.683
5.681
5.682
5.682
5.681
5.682
5.682
5.682
5.682
5.682
5.682
5.682
5.682
5.683
5.683
5.682
5.682
5.682
5.682
5.682
5.682
5.683
5.683
5.684
5.683
5.682
5.683
5.682
5.683
5.682
5.682
5.683
5.682
5.683
5.682
5.682
5.682
5.682
5.682
5.683
5.683
5.683
5.683
5.682
5.682
5.682
5.683
5.682
5.683
5.683
5.682
5.683
5.683
5.682
5.684
5.683
5.682
5.682
5.683
5.682
5.682
5.683
5.682
5.681
5.681
5.682
5.681
5.682
5.682
5.682
5.682
5.682
5.682
5.681
5.682
5.683
5.685
5.686
5.687
5.688
5.688
5.689
5.691
5.693
5.693
5.695
5.695
5.698
5.700
5.701
5.701
5.701
5.704
5.705
5.707
5.707
5.708
5.708
5.710
5.712
5.713
5.713
5.713
5.713
5.713
5.713
5.715
5.718
5.719
5.719
5.719
5.721
5.721
5.722
5.722
5.724
5.725
5.725
5.725
5.727
5.730
5.733
5.735
5.736
5.736
5.736
5.737
5.737
5.737
5.737
5.737
5.738
5.737
5.738
5.739
5.739
5.739
5.740
5.741
5.744
5.745
5.747
5.747
5.748
5.747
5.748
5.750
5.750
5.750
5.750
5.750
5.751
5.750
5.752
5.752
5.753
5.754
5.753
5.755
5.756
5.762
5.762
5.762
5.764
5.765
5.767
5.767
5.768
5.769
5.771
5.770
5.772
5.772
5.773
5.774
5.774
5.775
5.778
5.781
5.781
5.782
5.783
5.783
5.784
5.784
5.786
5.786
5.787
5.788
5.788
5.789
5.791
5.790
5.792
5.793
5.795
5.795
5.797
5.798
5.798
5.798
5.799
5.801
5.802
5.804
5.804
5.806
5.807
5.808
5.811
5.811
5.811
5.811
5.812
5.812
5.814
5.816
5.818
5.821
5.821
5.822
5.822
5.823
5.823
5.823
5.824
5.825
5.828
5.829
5.828
5.830
5.831
5.832
5.834
5.835
5.837
5.839
5.840
5.842
5.845
5.847
5.847
5.849
5.853
5.855
5.856
5.857
5.859
5.859
5.860
5.859
5.860
5.861
5.864
5.864
5.866
5.867
5.867
5.868
5.869
5.870
5.872
5.872
5.872
5.872
5.877
5.884
5.884
5.884
5.884
5.889
5.894
5.896
5.902
5.908
5.908
5.910
5.916
5.918
5.918
5.919
5.923
5.928
5.933
5.938
5.945
5.957
5.964
5.969
5.971
5.975
5.974
5.974
5.974
5.974
5.974
5.973
5.974
5.978
5.983
6.000
6.013
6.019
6.031
6.040
6.042
6.042
6.045
6.057
6.066
6.071
6.078
6.081
6.085
6.087
6.091
6.094
6.101
6.103
6.106
6.111
6.114
6.116
6.119
6.124
6.126
6.127
6.127
6.128
6.127
6.127
6.128
6.128
6.135
6.139
6.141
6.147
6.160
6.168
6.176
6.178
6.187
6.190
6.194
6.202
6.213
6.216
6.220
6.224
6.226
6.228
6.234
6.244
6.253
6.262
6.273
6.281
6.291
6.302
6.313
6.328
6.351
6.363
6.372
6.378
6.386
6.412
6.426
6.447
6.469
6.476
6.482
6.498
6.524
6.525
6.526
6.532
6.547
6.559
6.563
6.565
6.572
6.580
6.583
6.585
6.587
6.591
6.593
6.601
6.607
6.615
6.621
6.629
6.640
6.643
6.649
6.655
6.665
6.677
6.693
6.718
6.734
6.750
6.766
6.783
6.804
6.817
6.834
6.849
6.852
6.860
6.870
6.884
6.901
6.919
6.936
6.950
6.967
6.978
6.994
6.995
7.003
7.019
7.031
7.032
7.038
7.053
7.064
7.068
7.075
7.088
7.101
7.106
7.115
7.125
7.129
7.133
7.140
7.151
7.155
7.164
7.176
7.183
7.192
7.204
7.221
7.233
7.239
7.259
7.288
7.299
7.307
7.311
7.315
7.325
7.336
7.347
7.349
7.354
7.359
7.364
7.385
7.404
7.414
7.422
7.434
7.446
7.457
7.462
7.479
7.492
7.500
7.507
7.518
7.527
7.536
7.549
7.560
7.563
7.567
7.572
7.581
7.586
7.593
7.605
7.619
7.638
7.664
7.696
7.714
7.736
7.746
7.744
7.756
7.773
7.791
7.808
7.819
7.836
7.848
7.861
7.876
7.891
7.903
7.918
7.924
7.939
7.950
7.958
7.966
7.970
7.982
8.008
8.018
8.026
8.038
8.048
8.059
8.077
8.101
8.136
8.162
8.183
8.210
8.235
8.250
8.271
8.292
8.303
8.313
8.312
8.321
8.325
8.327
8.335
8.337
8.343
8.350
8.363
8.377
8.382
8.387
8.394
8.403
8.414
8.436
8.447
8.458
8.464
8.472
8.474
8.476
8.484
8.484
8.488
8.496
8.497
8.504
8.509
8.522
8.532
8.540
8.552
8.574
8.605
8.618
8.623
8.639
8.655
8.665
8.672
8.680
8.693
8.704
8.718
8.728
8.738
8.749
8.763
8.780
8.799
8.811
8.819
8.829
8.842
8.863
8.874
8.875
8.890
8.900
8.925
8.949
8.960
8.968
8.987
9.010
9.034
9.068
9.093
9.101
9.127
9.140
9.146
9.155
9.161
9.166
9.167
9.167
9.168
9.166
9.176
9.183
9.192
9.204
9.224
9.239
9.254
9.269
9.274
9.281
9.290
9.299
9.311
9.314
9.321
9.327
9.353
9.380
9.402
9.410
9.416
9.427
9.435
9.440
9.453
9.482
9.497
9.509
9.509
9.509
9.509
9.510
9.518
9.529
9.538
9.544
9.546
9.546
9.555
9.556
9.567
9.583
9.590
9.597
9.614
9.631
9.644
9.650
9.655
9.666
9.694
9.709
9.717
9.728
9.750
9.755
9.763
9.768
9.779
9.786
9.790
9.797
9.802
9.804
9.814
9.824
9.831
9.835
9.834
9.836
9.846
9.863
9.864
9.875
9.883
9.891
9.901
9.909
9.916
9.921
9.924
9.937
9.945
9.949
9.949
9.948
9.956
9.961
9.969
9.980
9.985
9.982
9.990
9.998
10.018
10.031
10.044
10.065
10.082
10.099
10.104
10.105
10.111
10.120
10.127
10.135
10.141
10.144
10.144
10.144
10.138
10.150
10.165
10.173
10.179
10.181
10.181
10.183
10.185
10.183
10.182
10.191
10.193
10.195
10.197
10.205
10.250
10.306
10.326
10.341
10.364
10.369
10.369
10.374
10.403
10.468
10.489
10.504
10.510
10.521
10.536
10.546
10.556
10.571
10.584
10.590
10.593
10.596
10.594
10.594
10.596
10.600
10.608
10.621
10.640
10.651
10.657
10.656
10.656
10.682
10.725
10.759
10.787
10.794
10.796
10.798
10.799
10.791
10.798
10.801
10.803
10.801
10.801
10.801
10.801
10.803
10.803
10.818
10.838
10.850
10.858
10.881
10.894
10.901
10.906
10.913
10.917
10.918
10.922
10.925
10.926
10.929
10.936
10.948
10.962
10.968
10.977
10.987
10.998
11.018
11.023
11.023
11.024
11.024
11.028
11.025
11.038
11.047
11.054
11.059
11.060
11.061
11.070
11.075
11.075
11.082
11.089
11.093
11.099
11.101
11.105
11.108
11.114
11.121
11.126
11.133
11.138
11.149
11.165
11.173
11.175
11.180
11.182
11.188
11.194
11.202
11.214
11.231
11.243
11.262
11.279
11.296
11.310
11.330
11.351
11.362
11.365
11.366
11.365
11.378
11.389
11.399
11.401
11.406
11.420
11.426
11.434
11.439
11.444
11.450
11.459
11.471
11.470
11.488
11.499
11.509
11.511
11.511
11.513
11.517
11.521
11.527
11.535
11.537
11.543
11.548
11.550
11.555
11.560
11.562
11.569
11.567
11.583
11.595
11.603
11.609
11.612
11.618
11.621
11.623
11.626
11.633
11.645
11.655
11.661
11.666
11.667
11.670
11.681
11.703
11.711
11.730
11.741
11.751
11.754
11.755
11.757
11.766
11.768
11.765
11.765
11.780
11.783
11.792
11.801
11.810
11.816
11.816
11.816
11.816
11.828
11.829
11.831
11.832
11.834
11.836
11.837
11.839
11.835
11.842
11.852
11.862
11.876
11.879
11.886
11.893
11.900
11.902
11.892
11.902
11.902
11.903
11.903
11.905
11.909
11.914
11.922
11.931
11.943
11.959
11.963
11.976
11.997
12.003
12.012
12.021
12.024
12.022
12.027
12.037
12.048
12.057
12.061
12.068
12.073
12.078
12.085
12.090
12.109
12.114
12.126
12.138
12.146
12.157
12.162
12.178
12.179
12.183
12.197
12.226
12.255
12.273
12.285
12.291
12.292
12.295
12.301
12.305
12.311
12.315
12.312
12.316
12.317
12.317
12.321
12.325
12.331
12.356
12.367
12.384
12.393
12.394
12.395
12.397
12.401
12.407
12.422
12.432
12.434
12.437
12.438
12.439
12.439
12.440
12.437
12.436
12.447
12.450
12.456
12.463
12.464
12.468
12.470
12.472
12.463
12.473
12.475
12.475
12.479
12.485
12.503
12.525
12.533
12.536
12.534
12.548
12.562
12.587
12.598
12.604
12.605
12.607
12.610
12.611
12.618
12.628
12.638
12.652
12.659
12.671
12.700
12.728
12.747
12.742
12.756
12.766
12.784
12.805
12.813
12.818
12.831
12.840
12.839
12.849
12.862
12.866
12.872
12.885
12.891
12.896
12.904
12.915
12.906
12.919
12.927
12.930
12.938
12.941
12.949
12.952
12.961
12.964
12.968
12.973
12.976
12.975
12.981
12.984
12.984
12.985
12.984
12.984
12.981
12.976
12.988
12.994
12.998
13.001
13.010
13.020
13.024
13.013
13.025
13.025
13.027
13.033
13.034
13.037
13.039
13.043
13.038
13.043
13.054
13.060
13.067
13.083
13.105
13.113
13.117
13.114
13.109
13.121
13.123
13.133
13.142
13.144
13.145
13.147
13.148
13.147
13.148
13.159
13.171
13.179
13.184
13.187
13.196
13.204
13.214
13.212
13.231
13.238
13.246
13.256
13.258
13.260
13.265
13.269
13.271
13.272
13.284
13.293
13.304
13.309
13.312
13.317
13.325
13.332
13.328
13.347
13.356
13.359
13.367
13.371
13.379
13.385
13.391
13.393
13.392
13.408
13.413
13.416
13.423
13.422
13.425
13.430
13.440
13.437
13.445
13.452
13.456
13.461
13.464
13.466
13.470
13.478
13.487
13.490
13.510
13.516
13.521
13.525
13.532
13.547
13.561
13.574
13.575
13.584
13.595
13.599
13.603
13.602
13.607
13.611
13.620
13.631
13.638
13.664
13.675
13.684
13.696
13.714
13.727
13.744
13.752
13.753
13.773
13.787
13.799
13.813
13.824
13.835
13.844
13.851
13.854
13.847
13.861
13.867
13.867
13.871
13.874
13.877
13.880
13.886
13.880
13.890
13.899
13.901
13.904
13.908
13.914
13.915
13.916
13.921
13.927
13.946
13.952
13.954
13.967
13.978
13.984
13.989
13.994
13.997
14.005
14.032
14.042
14.050
14.052
14.062
14.074
14.083
14.087
14.077
14.095
14.100
14.112
14.127
14.131
14.136
14.136
14.142
14.138
14.141
14.160
14.169
14.178
14.185
14.199
14.209
14.223
14.232
14.245
14.268
14.286
14.295
14.305
14.315
14.326
14.330
14.332
14.331
14.336
14.348
14.352
14.355
14.353
14.353
14.355
14.356
14.372
14.363
14.380
14.384
14.385
14.387
14.392
14.392
14.392
14.397
14.413
14.433
14.446
14.454
14.468
14.477
14.486
14.494
14.504
14.510
14.514
14.518
14.522
14.526
14.530
14.535
14.537
14.539
14.545
14.553
14.551
14.575
14.585
14.592
14.600
14.610
14.624
14.641
14.653
14.656
14.678
14.697
14.708
14.723
14.733
14.744
14.751
14.763
14.764
14.770
14.797
14.816
14.840
14.852
14.857
14.865
14.876
14.893
14.891
14.916
14.928
14.940
14.947
14.953
14.961
14.966
14.968
14.967
14.970
14.972
14.978
14.980
14.985
14.991
15.002
15.015
15.023
15.021
15.032
15.048
15.059
15.073
15.080
15.089
15.100
15.110
15.125
15.133
15.166
15.184
15.197
15.206
15.210
15.219
15.228
15.242
15.247
15.262
15.271
15.282
15.292
15.301
15.308
15.313
15.320
15.322
15.317
15.336
15.344
15.355
15.364
15.369
15.370
15.378
15.384
15.388
15.395
15.410
15.425
15.432
15.430
15.434
15.439
15.442
15.450
15.442
15.460
15.468
15.479
15.486
15.488
15.493
15.503
15.506
15.506
15.507
15.525
15.529
15.535
15.539
15.544
15.561
15.577
15.581
15.570
15.596
15.606
15.617
15.630
15.639
15.647
15.657
15.662
15.662
15.669
15.691
15.698
15.710
15.718
15.728
15.734
15.736
15.742
15.733
15.746
15.757
15.765
15.772
15.776
15.782
15.785
15.792
15.790
15.788
15.808
15.819
15.830
15.840
15.845
15.851
15.857
15.858
15.853
15.864
15.879
15.885
15.893
15.897
15.903
15.905
15.907
15.903
15.907
15.923
15.929
15.934
15.940
15.943
15.953
15.955
15.962
15.950
15.966
15.976
15.988
15.995
16.001
16.020
16.035
16.048
16.052
16.053
16.059
16.064
16.071
16.090
16.103
16.113
16.119
16.126
16.119
16.134
16.148
16.150
16.156
16.160
16.164
16.172
16.178
16.182
16.175
16.199
16.204
16.213
16.217
16.225
16.235
16.238
16.244
16.240
16.251
16.262
16.269
16.278
16.284
16.290
16.304
16.320
16.333
16.324
16.343
16.353
16.358
16.369
16.380
16.393
16.415
16.422
16.417
16.434
16.443
16.448
16.455
16.459
16.468
16.477
16.484
16.486
16.478
16.492
16.492
16.493
16.492
16.492
16.495
16.503
16.518
16.519
16.554
16.567
16.582
16.594
16.602
16.610
16.624
16.633
16.636
16.632
16.651
16.655
16.658
16.663
16.661
16.661
16.661
16.661
16.651
16.647
16.662
16.661
16.669
16.671
16.674
16.675
16.677
16.677
16.666
16.687
16.687
16.692
16.696
16.697
16.696
16.696
16.698
16.686
16.702
16.724
16.733
16.744
16.766
16.774
16.784
16.790
16.793
16.789
16.814
16.821
16.823
16.827
16.833
16.845
16.857
16.876
16.867
16.887
16.895
16.898
16.905
16.909
16.915
16.919
16.922
16.933
16.942
16.937
16.963
16.970
16.976
16.980
16.985
16.992
17.000
17.002
17.005
17.014
17.024
17.027
17.040
17.045
17.050
17.053
17.053
17.045
17.065
17.067
17.071
17.075
17.078
17.080
17.088
17.093
17.082
17.099
17.108
17.114
17.117
17.117
17.125
17.126
17.126
17.127
17.112
17.136
17.141
17.146
17.146
17.149
17.151
17.153
17.157
17.162
17.162
17.150
17.174
17.183
17.191
17.208
17.234
17.247
17.255
17.261
17.266
17.272
17.274
17.279
17.285
17.293
17.300
17.306
17.299
17.301
17.315
17.317
17.323
17.327
17.334
17.339
17.344
17.345
17.330
17.349
17.355
17.361
17.376
17.389
17.400
17.413
17.429
17.437
17.458
17.475
17.484
17.502
17.516
17.533
17.543
17.549
17.554
17.566
17.577
17.568
17.588
17.594
17.594
17.608
17.623
17.630
17.630
17.636
17.641
17.651
17.656
17.664
17.679
17.689
17.698
17.706
17.699
17.723
17.736
17.739
17.746
17.748
17.751
17.753
17.755
17.748
17.745
17.760
17.761
17.767
17.772
17.778
17.784
17.790
17.796
17.784
17.805
17.806
17.807
17.809
17.809
17.811
17.813
17.814
17.816
17.821
17.822
17.809
17.834
17.833
17.834
17.835
17.834
17.838
17.825
17.849
17.857
17.861
17.869
17.872
17.879
17.889
17.899
17.896
17.890
17.914
17.921
17.931
17.947
17.956
17.958
17.962
17.965
17.955
17.970
17.981
17.987
17.993
17.997
18.006
18.018
18.027
18.028
18.023
18.049
18.056
18.066
18.077
18.084
18.091
18.098
18.103
18.106
18.110
18.115
18.103
18.115
18.129
18.136
18.147
18.152
18.161
18.164
18.169
18.175
18.176
18.178
18.178
18.178
18.181
18.182
18.181
18.173
18.201
18.210
18.218
18.228
18.233
18.240
18.252
18.262
18.257
18.262
18.283
18.285
18.286
18.286
18.289
18.293
18.301
18.304
18.299
18.325
18.338
18.351
18.363
18.372
18.383
18.390
18.390
18.396
18.399
18.405
18.391
18.416
18.426
18.430
18.441
18.453
18.464
18.459
18.499
18.510
18.515
18.524
18.530
18.540
18.551
18.565
18.565
18.564
18.587
18.594
18.604
18.606
18.611
18.616
18.622
18.631
18.620
18.644
18.655
18.670
18.684
18.690
18.697
18.701
18.707
18.716
18.723
18.750
18.759
18.770
18.780
18.797
18.820
18.834
18.840
18.847
18.857
18.882
18.876
18.882
18.889
18.903
18.914
18.921
18.926
18.934
18.943
18.948
18.959
18.969
18.972
18.976
18.982
18.994
18.990
19.000
19.019
19.024
19.036
19.048
19.066
19.080
19.096
19.109
19.093
19.119
19.129
19.139
19.140
19.145
19.152
19.159
19.168
19.167
19.169
19.188
19.191
19.197
19.200
19.209
19.221
19.235
19.238
19.241
19.247
19.249
19.251
19.265
19.275
19.291
19.300
19.317
19.324
19.335
19.343
19.348
19.344
19.357
19.360
19.364
19.375
19.395
19.382
19.408
19.428
19.439
19.446
19.450
19.460
19.468
19.473
19.473
19.474
19.516
19.535
19.547
19.555
19.568
19.580
19.591
19.602
19.595
19.587
19.607
19.608
19.612
19.610
19.614
19.617
19.627
19.645
19.656
19.669
19.678
19.682
19.690
19.697
19.707
19.714
19.717
19.715
19.720
19.755
19.772
19.785
19.789
19.797
19.804
19.813
19.821
19.811
19.843
19.849
19.857
19.864
19.870
19.880
19.887
19.897
19.899
19.895
19.931
19.939
19.946
19.951
19.962
19.968
19.973
19.981
19.975
20.007
20.020
20.034
20.044
20.053
20.063
20.073
20.081
20.089
20.093
20.097
20.105
20.113
20.117
20.120
20.129
20.140
20.150
20.157
20.172
20.183
20.188
20.190
20.199
20.203
20.213
20.221
20.220
20.220
20.249
20.255
20.260
20.266
20.271
20.280
20.288
20.297
20.281
20.305
20.314
20.320
20.323
20.327
20.334
20.338
20.344
20.345
20.365
20.393
20.400
20.411
20.415
20.421
20.422
20.430
20.439
20.447
20.456
20.466
20.473
20.481
20.486
20.496
20.505
20.513
20.517
20.514
20.544
20.554
20.563
20.568
20.569
20.570
20.572
20.574
20.558
20.574
20.588
20.597
20.616
20.629
20.636
20.642
20.648
20.649
20.651
20.696
20.711
20.723
20.734
20.740
20.747
20.754
20.763
20.755
20.760
20.785
20.789
20.798
20.803
20.812
20.821
20.826
20.833
20.835
20.840
20.846
20.848
20.854
20.862
20.876
20.886
20.896
20.900
20.905
20.909
20.916
20.927
20.933
20.944
20.956
20.961
20.964
20.950
20.980
20.985
20.993
21.000
21.005
21.008
21.010
21.011
21.000
20.998
21.021
21.021
21.023
21.020
21.021
21.028
21.033
21.036
21.018
21.044
21.050
21.054
21.058
21.058
21.066
21.069
21.071
21.074
21.080
21.082
21.082
21.084
21.089
21.090
21.093
21.094
21.098
21.082
21.100
21.105
21.106
21.107
21.106
21.106
21.110
21.113
21.106
21.102
21.125
21.127
21.128
21.130
21.130
21.132
21.135
21.137
21.115
21.139
21.142
21.143
21.144
21.145
21.147
21.150
21.151
21.133
21.147
21.155
21.156
21.160
21.159
21.160
21.162
21.164
21.165
21.166
21.169
21.170
21.171
21.173
21.172
21.173
21.174
21.175
21.176
21.178
21.179
21.182
21.185
21.185
21.187
21.188
21.188
21.188
21.167
21.195
21.195
21.195
21.196
21.195
21.195
21.197
21.199
21.184
21.188
21.204
21.204
21.207
21.204
21.204
21.204
21.205
21.207
21.184
21.211
21.213
21.216
21.218
21.216
21.218
21.219
21.219
21.209
21.209
21.223
21.225
21.227
21.228
21.229
21.230
21.234
21.236
21.238
21.238
21.240
21.237
21.239
21.241
21.241
21.245
21.246
21.233
21.232
21.252
21.252
21.255
21.252
21.253
21.255
21.258
21.258
21.239
21.267
21.271
21.270
21.269
21.270
21.270
21.270
21.270
21.271
21.253
21.255
21.271
21.272
21.270
21.269
21.269
21.270
21.267
21.247
21.271
21.269
21.269
21.270
21.270
21.271
21.271
21.272
21.272
21.271
21.272
21.272
21.272
21.271
21.271
21.272
21.271
21.270
21.247
21.272
21.272
21.273
21.273
21.270
21.271
21.271
21.271
21.255
21.260
21.273
21.272
21.272
21.269
21.271
21.270
21.271
21.263
21.248
21.271
21.271
21.272
21.271
21.269
21.270
21.269
21.270
21.250
21.265
21.273
21.269
21.270
21.269
21.269
21.269
21.270
21.270
21.269
21.270
21.270
21.268
21.270
21.268
21.268
21.268
21.269
21.248
21.263
21.270
21.269
21.269
21.266
21.268
21.265
21.265
21.260
21.244
21.266
21.267
21.267
21.268
21.266
21.266
