21.275
21.273
21.278
21.271
21.271
21.271
21.272
21.272
21.248
21.270
21.273
21.273
21.275
21.271
21.272
21.271
21.272
21.264
21.249
21.273
21.272
21.274
21.272
21.271
21.271
21.271
21.271
21.249
21.270
21.273
21.273
21.276
21.272
21.272
21.273
21.272
21.272
21.249
21.272
21.274
21.273
21.272
21.272
21.271
21.272
21.273
21.248
21.271
21.274
21.273
21.275
21.273
21.272
21.271
21.272
21.261
21.256
21.274
21.274
21.274
21.272
21.272
21.271
21.271
21.272
21.249
21.270
21.273
21.274
21.274
21.272
21.271
21.271
21.273
21.271
21.271
21.272
21.272
21.271
21.270
21.271
21.271
21.271
21.272
21.254
21.262
21.274
21.273
21.275
21.271
21.271
21.271
21.271
21.270
21.247
21.273
21.272
21.275
21.272
21.270
21.271
21.271
21.271
21.249
21.265
21.273
21.273
21.274
21.272
21.272
21.271
21.271
21.269
21.248
21.274
21.273
21.273
21.271
21.273
21.273
21.272
21.272
21.271
21.272
21.272
21.271
21.273
21.272
21.272
21.273
21.272
21.271
21.248
21.273
21.274
21.273
21.274
21.272
21.273
21.272
21.272
21.258
21.256
21.274
21.274
21.275
21.272
21.272
21.272
21.271
21.272
21.249
21.267
21.274
21.275
21.274
21.272
21.273
21.273
21.272
21.263
21.251
21.273
21.274
21.273
21.271
21.272
21.272
21.272
21.272
21.249
21.272
21.273
21.273
21.274
21.272
21.271
21.271
21.272
21.266
21.248
21.274
21.273
21.273
21.273
21.272
21.271
21.271
21.271
21.250
21.269
21.273
21.274
21.274
21.273
21.272
21.272
21.272
21.272
21.248
21.273
21.273
21.272
21.274
21.272
21.271
21.273
21.271
21.249
21.269
21.273
21.273
21.275
21.271
21.272
21.272
21.271
21.271
21.272
21.271
21.271
21.274
21.271
21.272
21.271
21.272
21.272
21.250
21.270
21.274
21.274
21.275
21.273
21.273
21.271
21.272
21.271
21.249
21.271
21.272
21.273
21.275
21.272
21.274
21.273
21.273
21.270
21.250
21.272
21.273
21.275
21.272
21.272
21.272
21.271
21.273
21.249
21.271
21.274
21.273
21.274
21.272
21.272
21.271
21.272
21.258
21.257
21.273
21.274
21.275
21.271
21.272
21.272
21.272
21.271
21.250
21.273
21.274
21.274
21.274
21.273
21.273
21.274
21.274
21.255
21.259
21.273
21.273
21.275
21.272
21.273
21.272
21.273
21.272
21.270
21.248
21.274
21.273
21.274
21.272
21.272
21.271
21.272
21.261
21.254
21.272
21.272
21.273
21.273
21.272
21.271
21.271
21.275
21.271
21.272
21.270
21.271
21.271
21.268
21.266
21.265
21.265
21.261
21.242
21.264
21.264
21.265
21.265
21.262
21.258
21.257
21.257
21.241
21.244
21.256
21.254
21.257
21.251
21.251
21.246
21.244
21.244
21.242
21.219
21.240
21.242
21.252
21.243
21.240
21.240
21.237
21.236
21.216
21.224
21.232
21.233
21.229
21.229
21.228
21.228
21.225
21.203
21.226
21.221
21.219
21.219
21.216
21.212
21.208
21.207
21.187
21.192
21.205
21.204
21.204
21.199
21.197
21.197
21.197
21.189
21.172
21.194
21.192
21.194
21.188
21.187
21.186
21.185
21.183
21.179
21.173
21.155
21.179
21.177
21.167
21.167
21.165
21.161
21.158
21.137
21.139
21.155
21.153
21.150
21.147
21.143
21.142
21.138
21.122
21.113
21.130
21.130
21.129
21.122
21.120
21.118
21.118
21.116
21.093
21.116
21.117
21.117
21.113
21.111
21.111
21.108
21.108
21.085
21.102
21.102
21.101
21.102
21.099
21.101
21.098
21.094
21.094
21.091
21.085
21.061
21.082
21.080
21.078
21.077
21.075
21.075
21.062
21.066
21.082
21.081
21.074
21.046
21.043
21.041
21.037
21.032
21.006
21.021
21.018
21.016
21.008
21.003
20.996
20.993
20.988
20.971
20.966
20.974
20.953
20.935
20.927
20.913
20.900
20.896
20.891
20.861
20.864
20.863
20.852
20.847
20.837
20.821
20.813
20.800
20.789
20.786
20.781
20.755
20.773
20.762
20.752
20.743
20.740
20.734
20.704
20.711
20.715
20.715
20.712
20.696
20.675
20.652
20.637
20.629
20.607
20.606
20.602
20.592
20.572
20.569
20.560
20.554
20.549
20.521
20.528
20.517
20.506
20.500
20.491
20.486
20.476
20.466
20.452
20.433
20.439
20.435
20.424
20.407
20.398
20.389
20.371
20.358
20.347
20.337
20.322
20.307
20.325
20.318
20.312
20.306
20.300
20.281
20.288
20.295
20.289
20.283
20.267
20.258
20.251
20.247
20.236
20.227
20.227
20.227
20.222
20.219
20.210
20.203
20.203
20.203
20.196
20.182
20.180
20.167
20.147
20.127
20.118
20.113
20.099
20.085
20.060
20.076
20.076
20.067
20.055
20.045
20.040
20.035
20.032
20.026
20.017
20.007
19.999
19.963
19.982
19.976
19.960
19.946
19.935
19.905
19.907
19.910
19.903
19.897
19.888
19.877
19.862
19.849
19.834
19.821
19.786
19.793
19.789
19.782
19.778
19.775
19.770
19.770
19.746
19.746
19.747
19.739
19.736
19.732
19.724
19.717
19.712
19.697
19.668
19.675
19.673
19.672
19.656
19.647
19.638
19.634
19.622
19.617
19.615
19.610
19.610
19.594
19.608
19.607
19.606
19.606
19.607
19.582
19.591
19.585
19.579
19.574
19.567
19.564
19.560
19.561
19.557
19.554
19.553
19.551
19.550
19.545
19.544
19.541
19.532
19.521
19.421
19.433
19.436
19.431
19.429
19.422
19.418
19.411
19.400
19.383
19.351
19.368
19.364
19.361
19.357
19.353
19.350
19.348
19.349
19.345
19.343
19.343
19.342
19.332
19.340
19.337
19.336
19.332
19.331
19.310
19.330
19.331
19.327
19.325
19.319
19.318
19.317
19.316
19.307
19.297
19.292
19.288
19.284
19.287
19.282
19.273
19.267
19.264
19.244
19.258
19.257
19.254
19.251
19.249
19.247
19.247
19.245
19.237
19.224
19.241
19.239
19.241
19.235
19.235
19.230
19.226
19.226
19.223
19.218
19.214
19.211
19.206
19.201
19.199
19.196
19.192
19.187
19.161
19.167
19.165
19.161
19.156
19.148
19.143
19.133
19.111
19.001
18.983
18.989
18.985
18.985
18.979
18.977
18.974
18.970
18.965
18.947
18.963
18.960
18.958
18.955
18.951
18.950
18.947
18.945
18.937
18.925
18.945
18.945
18.945
18.945
18.945
18.945
18.942
18.934
18.923
18.910
18.904
18.898
18.898
18.887
18.878
18.857
18.837
18.821
18.801
18.817
18.807
18.792
18.782
18.777
18.776
18.775
18.775
18.756
18.767
18.771
18.763
18.760
18.753
18.741
18.641
18.637
18.620
18.614
18.625
18.621
18.618
18.614
18.607
18.604
18.598
18.592
18.572
18.574
18.580
18.573
18.511
18.505
18.500
18.495
18.486
18.480
18.467
18.446
18.433
18.421
18.418
18.410
18.403
18.391
18.383
18.354
18.347
18.358
18.357
18.358
18.355
18.356
18.357
18.360
18.361
18.341
18.358
18.359
18.355
18.354
18.348
18.344
18.336
18.297
18.251
18.232
18.249
18.246
18.239
18.235
18.230
18.225
18.213
18.204
18.178
18.185
18.187
18.183
18.180
18.173
18.167
18.163
18.158
18.150
18.136
18.126
18.115
18.103
18.089
18.077
18.066
18.054
18.048
18.019
18.031
18.028
18.025
18.017
18.006
18.002
17.998
17.992
17.984
17.980
17.970
17.965
17.953
17.956
17.947
17.937
17.931
17.920
17.892
17.901
17.899
17.884
17.877
17.871
17.869
17.866
17.865
17.863
17.847
17.864
17.864
17.862
17.859
17.858
17.851
17.848
17.847
17.833
17.843
17.828
17.736
17.732
17.722
17.714
17.697
17.690
17.684
17.671
17.658
17.645
17.655
17.634
17.615
17.603
17.591
17.578
17.560
17.536
17.548
17.543
17.540
17.531
17.517
17.502
17.495
17.493
17.465
17.473
17.470
17.463
17.458
17.439
17.427
17.422
17.419
17.412
17.403
17.419
17.419
17.418
17.414
17.413
17.409
17.404
17.330
17.299
17.299
17.292
17.286
17.286
17.284
17.278
17.277
17.277
17.276
17.272
17.255
17.264
17.258
17.249
17.245
17.242
17.241
17.242
17.240
17.240
17.239
17.238
17.240
17.236
17.236
17.223
17.212
17.184
17.171
17.175
17.170
17.163
17.157
17.151
17.146
17.137
17.131
17.109
17.116
17.111
17.103
17.099
17.092
17.078
17.069
17.064
17.046
17.030
17.035
17.028
17.018
17.013
17.002
16.990
16.975
16.965
16.946
16.948
16.942
16.931
16.924
16.911
16.899
16.882
16.869
16.858
16.832
16.829
16.820
16.816
16.813
16.797
16.776
16.750
16.745
16.736
16.724
16.730
16.714
16.703
16.690
16.675
16.663
16.656
16.651
16.629
16.636
16.636
16.626
16.614
16.608
16.602
16.590
16.575
16.541
16.536
16.528
16.517
16.506
16.493
16.484
16.468
16.460
16.450
16.422
16.429
16.422
16.419
16.419
16.413
16.406
16.397
16.391
16.374
16.367
16.360
16.346
16.335
16.320
16.301
16.281
16.267
16.249
16.237
16.249
16.245
16.231
16.223
16.216
16.207
16.195
16.190
16.173
16.154
16.149
16.146
16.144
16.122
16.101
16.089
16.076
16.059
16.035
16.046
16.036
16.028
16.024
16.013
16.003
16.001
15.993
15.975
15.965
15.972
15.968
15.963
15.953
15.933
15.911
15.900
15.892
15.861
15.867
15.866
15.859
15.850
15.833
15.819
15.807
15.796
15.777
15.779
15.779
15.772
15.764
15.743
15.729
15.721
15.717
15.715
15.695
15.706
15.706
15.702
15.702
15.697
15.688
15.672
15.656
15.639
15.626
15.637
15.628
15.624
15.619
15.607
15.591
15.582
15.576
15.549
15.555
15.550
15.545
15.544
15.540
15.541
15.538
15.533
15.529
15.526
15.515
15.494
15.482
15.466
15.463
15.456
15.444
15.433
15.404
15.389
15.381
15.372
15.365
15.353
15.344
15.335
15.329
15.316
15.297
15.303
15.296
15.293
15.287
15.278
15.266
15.257
15.250
15.228
15.223
15.214
15.200
15.189
15.174
15.159
15.151
15.138
15.123
15.100
15.110
15.103
15.100
15.096
15.092
15.088
15.083
15.067
15.039
15.038
15.035
15.031
15.030
15.015
15.004
14.990
14.980
14.965
14.954
14.964
14.961
14.956
14.953
14.946
14.941
14.939
14.935
14.918
14.924
14.921
14.912
14.908
14.905
14.905
14.901
14.892
14.873
14.869
14.870
14.868
14.866
14.860
14.858
14.856
14.853
14.848
14.832
14.844
14.841
14.833
14.827
14.816
14.811
14.807
14.807
14.796
14.787
14.779
14.771
14.762
14.749
14.745
14.736
14.730
14.723
14.694
14.696
14.686
14.675
14.665
14.653
14.651
14.648
14.643
14.627
14.611
14.618
14.616
14.615
14.609
14.602
14.599
14.596
14.594
14.573
14.575
14.558
14.551
14.539
14.527
14.505
14.487
14.477
14.457
14.445
14.450
14.441
14.430
14.413
14.396
14.380
14.368
14.369
14.361
14.361
14.359
14.359
14.355
14.346
14.333
14.324
14.322
14.315
14.311
14.304
14.299
14.313
14.307
14.304
14.292
14.285
14.283
14.270
14.276
14.270
14.267
14.258
14.237
14.221
14.216
14.209
14.186
14.182
14.172
14.163
14.162
14.154
14.149
14.148
14.148
14.143
14.118
14.116
14.102
14.092
14.082
14.064
14.047
14.031
13.989
13.967
13.958
13.943
13.924
13.908
13.883
13.871
13.865
13.855
13.845
13.824
13.831
13.825
13.819
13.815
13.798
13.782
13.763
13.742
13.712
13.707
13.703
13.696
13.692
13.684
13.684
13.682
13.672
13.650
13.623
13.616
13.607
13.599
13.596
13.583
13.562
13.549
13.533
13.520
13.506
13.510
13.500
13.483
13.471
13.461
13.456
13.452
13.446
13.431
13.427
13.423
13.427
13.422
13.416
13.416
13.416
13.416
13.411
13.404
13.416
13.416
13.416
13.416
13.416
13.416
13.416
13.416
13.406
13.410
13.416
13.416
13.416
13.416
13.416
13.416
13.416
13.411
13.405
13.416
13.416
13.416
13.417
13.418
13.416
13.416
13.416
13.416
13.406
13.412
13.416
13.417
13.416
13.416
13.416
13.416
13.414
13.404
13.416
13.416
13.416
13.417
13.416
13.416
13.416
13.416
13.406
13.411
13.416
13.416
13.416
13.416
13.416
13.416
13.416
13.412
13.404
13.416
13.416
13.416
13.416
13.416
13.416
13.416
13.416
13.407
13.410
13.416
13.416
13.417
13.416
13.418
13.419
13.416
13.416
13.416
13.416
13.412
13.405
13.417
13.416
13.416
13.416
13.416
13.411
13.407
13.416
13.416
13.416
13.416
13.416
13.416
13.416
13.416
13.404
13.415
13.416
13.416
13.417
13.416
13.416
13.416
13.416
13.411
13.407
13.416
13.416
13.417
13.416
13.416
13.416
13.416
13.416
13.407
13.409
13.416
13.416
13.417
13.416
13.416
13.417
13.416
13.416
13.416
13.416
13.405
13.412
13.416
13.416
13.416
13.416
13.416
13.416
13.416
13.416
13.416
13.411
13.416
13.416
13.416
13.416
13.416
13.403
13.414
13.416
13.416
13.416
13.416
13.416
13.416
13.416
13.410
13.406
13.416
13.416
13.417
13.416
13.416
13.416
13.416
13.415
13.404
13.416
13.416
13.416
13.418
13.416
13.416
13.416
13.416
13.416
13.416
13.416
13.403
13.416
13.417
13.416
13.416
13.416
13.416
13.407
13.411
13.416
13.416
13.417
13.416
13.416
13.416
13.416
13.416
13.403
13.416
13.416
13.416
13.416
13.416
13.416
13.416
13.416
13.407
13.412
13.416
13.416
13.417
13.416
13.416
13.416
13.416
13.416
13.403
13.415
13.416
13.416
13.417
13.416
13.416
13.416
13.416
13.416
13.416
13.416
13.403
13.416
13.416
13.416
13.416
13.416
13.416
13.416
13.416
13.416
13.416
13.412
13.416
13.416
13.416
13.416
13.413
13.404
13.416
13.416
13.416
13.417
13.416
13.416
13.416
13.416
13.405
13.412
13.416
13.416
13.416
13.416
13.416
13.416
13.416
13.411
13.407
13.416
13.416
13.417
13.416
13.416
13.416
13.416
13.416
13.416
13.416
13.416
13.404
13.416
13.416
13.416
13.416
13.416
13.416
13.416
13.416
13.416
13.416
13.416
13.416
13.416
13.416
13.416
13.411
13.405
13.416
13.416
13.416
13.416
13.416
13.416
13.416
13.416
13.404
13.414
13.416
13.416
13.416
13.416
13.416
13.416
13.416
13.408
13.410
13.416
13.416
13.417
13.416
13.416
13.416
13.416
13.416
13.416
13.416
13.416
13.403
13.417
13.416
13.416
13.416
13.416
13.416
13.416
13.416
13.408
13.411
13.416
13.416
13.416
13.416
13.416
13.404
13.416
13.416
13.416
13.417
13.416
13.416
13.416
13.416
13.410
13.407
13.416
13.416
13.416
13.416
13.416
13.416
13.416
13.416
13.403
13.416
13.416
13.416
13.417
13.416
13.416
13.416
13.416
13.416
13.416
13.416
13.416
13.404
13.416
13.416
13.416
13.416
13.416
13.416
13.416
13.416
13.416
13.420
13.416
13.416
13.416
13.416
13.414
13.403
13.416
13.416
13.416
13.417
13.416
13.416
13.416
13.416
13.409
13.409
13.416
13.416
13.417
13.416
13.416
13.416
13.416
13.413
13.403
13.416
13.416
13.416
13.418
13.416
13.416
13.417
13.416
13.416
13.416
13.416
13.413
13.409
13.416
13.416
13.416
13.416
13.416
13.416
13.416
13.416
13.416
13.416
13.416
13.416
13.416
13.416
13.407
13.408
13.416
13.416
13.417
13.416
13.416
13.416
13.416
13.415
13.403
13.416
13.416
13.416
13.417
13.416
13.416
13.416
13.416
13.410
13.410
13.416
13.416
13.416
13.416
13.416
13.416
13.417
13.416
13.416
13.416
13.416
13.416
13.416
13.416
13.416
13.416
13.416
13.416
13.416
13.416
13.416
13.410
13.417
13.416
13.416
13.416
13.416
13.405
13.413
13.416
13.416
13.417
13.416
13.416
13.416
13.416
13.411
13.407
13.416
13.416
13.418
13.416
13.416
13.416
13.416
13.416
13.403
13.416
13.417
13.416
13.417
13.416
13.416
13.416
13.417
13.416
13.416
13.416
13.416
13.416
13.416
13.416
13.416
13.416
13.416
13.403
13.416
13.416
13.416
13.418
13.416
13.416
13.416
13.416
13.411
13.405
13.416
13.416
13.418
13.416
13.416
13.416
13.416
13.416
13.404
13.416
13.416
13.416
13.417
13.416
13.416
13.416
13.416
13.412
13.405
13.416
13.416
13.417
13.416
13.416
13.416
13.416
13.417
13.416
13.416
13.416
13.416
13.416
13.416
13.416
13.416
13.417
13.416
13.416
13.416
13.416
13.414
13.417
13.416
13.416
13.416
13.416
13.406
13.410
13.416
13.416
13.417
13.416
13.416
13.416
13.416
13.415
13.403
13.416
13.416
13.416
13.416
13.416
13.416
13.416
13.416
13.404
13.413
13.416
13.416
13.418
13.416
13.416
13.416
13.416
13.419
13.416
13.416
13.416
13.416
13.416
13.416
13.416
13.416
13.416
13.403
13.415
13.416
13.416
13.417
13.416
13.416
13.416
13.416
13.416
13.404
13.416
13.416
13.416
13.417
13.416
13.416
13.416
13.417
13.406
13.416
13.417
13.417
13.419
13.418
13.422
13.427
13.428
13.430
13.425
13.440
13.440
13.443
13.448
13.452
13.454
13.465
13.463
13.467
13.471
13.475
13.479
13.485
13.489
13.496
13.501
13.508
13.513
13.513
13.514
13.519
13.520
13.524
13.525
13.530
13.534
13.536
13.529
13.533
13.538
13.540
13.547
13.549
13.550
13.553
13.557
13.558
13.550
13.565
13.566
13.570
13.578
13.586
13.589
13.596
13.601
13.594
13.604
13.616
13.621
13.631
13.635
13.639
13.647
13.647
13.652
13.656
13.659
13.661
13.663
13.669
13.673
13.678
13.684
13.691
13.707
13.717
13.721
13.721
13.721
13.723
13.726
13.730
13.732
13.731
13.731
13.746
13.755
13.762
13.776
13.785
13.794
13.806
13.806
13.801
13.800
13.808
13.808
13.809
13.807
13.816
13.830
13.842
13.844
13.839
13.855
13.858
13.860
13.864
13.866
13.866
13.868
13.870
13.870
13.880
13.893
13.900
13.909
13.916
13.919
13.927
13.940
13.945
13.950
13.953
13.953
13.956
13.962
13.962
13.965
13.967
13.971
13.967
13.976
13.985
13.989
13.997
14.005
14.013
14.031
14.039
14.043
14.036
14.053
14.059
14.062
14.064
14.068
14.072
14.075
14.075
14.064
14.081
14.087
14.088
14.093
14.095
14.099
14.108
14.122
14.130
14.131
14.150
14.151
14.154
14.158
14.160
14.163
14.168
14.172
14.180
14.184
14.185
14.190
14.193
14.208
14.209
14.212
14.218
14.225
14.218
14.237
14.250
14.258
14.268
14.272
14.280
14.284
14.291
14.286
14.289
14.307
14.319
14.330
14.332
14.340
14.343
14.348
14.352
14.345
14.364
14.370
14.376
14.381
14.384
14.392
14.398
14.404
14.410
14.414
14.429
14.432
14.436
14.441
14.442
14.452
14.453
14.455
14.441
14.456
14.463
14.465
14.472
14.478
14.484
14.496
14.504
14.508
14.505
14.527
14.533
14.538
14.539
14.544
14.552
14.561
14.572
14.573
14.572
14.586
14.587
14.589
14.587
14.589
14.592
14.596
14.598
14.587
14.602
14.612
14.621
14.626
14.631
14.645
14.654
14.667
14.671
14.678
14.697
14.709
14.722
14.732
14.737
14.746
14.758
14.770
14.771
14.776
14.786
14.800
14.806
14.813
14.823
14.832
14.836
14.840
14.829
14.844
14.845
14.847
14.851
14.853
14.856
14.858
14.862
14.852
14.867
14.877
14.886
14.893
14.896
14.903
14.905
14.915
14.916
14.918
14.934
14.942
14.950
14.954
14.953
14.954
14.954
14.959
14.950
14.966
14.976
14.980
14.981
14.984
14.987
14.991
14.996
14.997
14.991
15.009
15.015
15.017
15.022
15.025
15.028
15.036
15.042
15.042
15.052
15.076
15.082
15.087
15.089
15.094
15.100
15.103
15.104
15.094
15.111
15.112
15.113
15.121
15.125
15.133
15.143
15.156
15.163
15.164
15.184
15.186
15.192
15.205
15.212
15.221
15.229
15.240
15.235
15.251
15.259
15.261
15.267
15.272
15.281
15.286
15.294
15.295
15.301
15.308
15.313
15.320
15.323
15.329
15.332
15.332
15.336
15.324
15.340
15.345
15.351
15.355
15.357
15.363
15.367
15.370
15.370
15.368
15.382
15.391
15.400
15.421
15.430
15.435
15.441
15.447
15.437
15.457
15.464
15.468
15.473
15.477
15.481
15.490
15.493
15.498
15.491
15.510
15.514
15.515
15.516
15.516
15.522
15.527
15.528
15.522
15.532
15.541
15.546
15.554
15.556
15.563
15.567
15.574
15.578
15.570
15.599
15.613
15.620
15.629
15.640
15.650
15.661
15.672
15.677
15.679
15.698
15.699
15.703
15.705
15.710
15.716
15.724
15.731
15.723
15.745
15.750
15.756
15.763
15.771
15.776
15.783
15.788
15.788
15.782
15.801
15.808
15.816
15.824
15.831
15.834
15.844
15.853
15.845
15.864
15.873
15.881
15.889
15.894
15.901
15.906
15.906
15.902
15.901
15.920
15.926
15.932
15.941
15.947
15.955
15.958
15.964
15.953
15.963
15.971
15.976
15.986
15.993
16.003
16.019
16.029
16.029
16.031
16.052
16.055
16.061
16.065
16.068
16.077
16.086
16.090
16.085
16.093
16.109
16.114
16.123
16.125
16.130
16.135
16.138
16.143
16.150
16.157
16.165
16.174
16.185
16.187
16.191
16.197
16.201
16.196
16.204
16.222
16.227
16.233
16.236
16.237
16.241
16.244
16.248
16.239
16.259
16.265
16.269
16.272
16.277
16.282
16.284
16.291
16.287
16.303
16.317
16.326
16.334
16.340
16.345
16.349
16.354
16.358
16.345
16.364
16.369
16.371
16.378
16.380
16.384
16.393
16.400
16.406
16.414
16.418
16.423
16.425
16.434
16.439
16.442
16.444
16.448
16.438
16.457
16.464
16.467
16.473
16.477
16.482
16.490
16.494
16.495
16.499
16.522
16.530
16.541
16.548
16.561
16.568
16.577
16.582
16.573
16.597
16.613
16.624
16.630
16.629
16.633
16.638
16.654
16.650
16.653
16.659
16.663
16.668
16.676
16.677
16.687
16.698
16.710
16.720
16.730
16.737
16.752
16.766
16.774
16.785
16.789
16.794
16.796
16.788
16.796
16.802
16.825
16.836
16.841
16.845
16.848
16.853
16.848
16.853
16.877
16.885
16.897
16.904
16.912
16.919
16.929
16.937
16.938
16.968
16.978
16.986
16.994
17.000
17.011
17.023
17.031
17.037
17.041
17.049
17.058
17.057
17.085
17.101
17.106
17.118
17.126
17.132
17.126
17.150
17.157
17.165
17.169
17.175
17.180
17.187
17.176
17.188
17.200
17.209
17.225
17.235
17.239
17.247
17.250
17.253
17.242
17.263
17.266
17.267
17.269
17.273
17.279
17.288
17.302
17.305
17.330
17.334
17.341
17.350
17.355
17.368
17.385
17.400
17.406
17.395
17.420
17.429
17.437
17.451
17.464
17.469
17.480
17.489
17.499
17.508
17.508
17.539
17.543
17.554
17.567
17.590
17.614
17.626
17.615
17.654
17.665
17.679
17.688
17.697
17.708
17.714
17.723
17.720
17.722
17.747
17.751
17.758
17.759
17.761
17.761
17.766
17.771
17.761
17.786
17.798
17.809
17.821
17.828
17.835
17.843
17.849
17.846
17.851
17.865
17.872
17.890
17.906
17.913
17.915
17.920
17.923
17.932
17.936
17.937
17.964
17.972
17.973
17.976
17.981
17.982
17.975
17.973
17.993
18.002
18.014
18.026
18.036
18.046
18.057
18.066
18.057
18.082
18.091
18.099
18.113
18.120
18.126
18.129
18.139
18.133
18.146
18.161
18.165
18.171
18.176
18.181
18.188
18.193
18.204
18.192
18.219
18.230
18.237
18.240
18.240
18.248
18.259
18.274
18.285
18.293
18.299
18.296
18.320
18.323
18.325
18.331
18.339
18.347
18.335
18.363
18.371
18.381
18.389
18.395
18.404
18.408
18.410
18.405
18.402
18.424
18.427
18.433
18.433
18.436
18.442
18.445
18.448
18.432
18.453
18.457
18.462
18.477
18.484
18.492
18.497
18.500
18.494
18.495
18.524
18.533
18.537
18.538
18.539
18.542
18.545
18.562
18.577
18.583
18.587
18.591
18.606
18.613
18.619
18.627
18.631
18.622
18.625
18.641
18.646
18.654
18.658
18.661
18.665
18.672
18.678
18.663
18.683
18.691
18.697
18.701
18.703
18.707
18.713
18.719
18.714
18.724
18.750
18.757
18.764
18.774
18.775
18.781
18.787
18.799
18.792
18.812
18.826
18.832
18.839
18.845
18.851
18.860
18.868
18.875
18.882
18.886
18.890
18.893
18.899
18.902
18.909
18.916
18.921
18.912
18.931
18.946
18.958
18.968
18.968
18.969
18.970
18.970
18.963
18.964
18.980
18.983
18.990
18.989
18.994
19.002
19.009
19.018
19.011
19.038
19.046
19.055
19.064
19.069
19.075
19.080
19.084
19.086
19.082
19.108
19.116
19.123
19.131
19.133
19.141
19.150
19.157
19.155
19.160
19.165
19.176
19.189
19.193
19.198
19.209
19.220
19.228
19.224
19.255
19.271
19.292
19.314
19.329
19.338
19.341
19.347
19.339
19.344
19.362
19.372
19.381
19.384
19.385
19.385
19.385
19.390
19.376
19.402
19.410
19.419
19.425
19.427
19.432
19.438
19.444
19.433
19.443
19.464
19.469
19.472
19.472
19.478
19.484
19.500
19.510
19.522
19.536
19.543
19.545
19.556
19.558
19.566
19.575
19.581
19.570
19.588
19.602
19.609
19.614
19.616
19.617
19.618
19.625
19.626
19.618
19.648
19.654
19.658
19.663
19.664
19.666
19.666
19.669
19.657
19.663
19.680
19.687
19.696
19.702
19.711
19.716
19.721
19.721
19.711
19.740
19.751
19.758
19.764
19.769
19.772
19.775
19.782
19.789
19.797
19.805
19.812
19.816
19.816
19.820
19.822
19.825
19.827
19.816
19.846
19.849
19.851
19.858
19.859
19.861
19.862
19.865
19.851
19.868
19.878
19.881
19.885
19.885
19.889
19.897
19.901
19.897
19.898
19.922
19.930
19.937
19.944
19.950
19.958
19.968
19.976
19.964
19.996
20.011
20.019
20.029
20.032
20.037
20.043
20.046
20.055
20.057
20.061
20.067
20.069
20.074
20.077
20.081
20.085
20.089
20.074
20.090
20.104
20.107
20.115
20.116
20.119
20.125
20.132
20.139
20.123
20.149
20.153
20.154
20.155
20.156
20.160
20.163
20.166
20.152
20.171
20.186
20.195
20.203
20.206
20.206
20.212
20.216
20.220
20.204
20.217
20.230
20.236
20.242
20.250
20.264
20.286
20.300
20.303
20.321
20.332
20.340
20.351
20.359
20.371
20.383
20.392
20.398
20.383
20.408
20.419
20.423
20.431
20.437
20.443
20.452
20.465
20.464
20.460
20.487
20.496
20.505
20.511
20.519
20.531
20.544
20.548
20.535
20.560
20.561
20.564
20.569
20.573
20.581
20.587
20.596
20.608
20.616
20.623
20.630
20.642
20.652
20.660
20.670
20.679
20.691
20.699
20.703
20.707
20.715
20.722
20.728
20.733
20.740
20.749
20.753
20.749
20.750
20.755
20.796
20.811
20.822
20.835
20.847
20.851
20.843
20.866
20.884
20.886
20.890
20.893
20.898
20.902
20.909
20.910
20.902
20.941
20.952
20.959
20.968
20.979
20.988
20.996
21.007
21.009
21.012
21.016
21.017
21.018
21.019
21.020
21.022
21.023
21.026
21.008
21.037
21.038
21.043
21.049
21.054
21.057
21.061
21.065
21.055
21.059
21.077
21.080
21.084
21.086
21.089
21.092
21.095
21.099
21.079
21.105
21.108
21.110
21.111
21.113
21.116
21.117
21.118
21.100
21.106
21.121
21.122
21.123
21.124
21.126
21.126
21.129
21.130
21.114
21.129
21.141
21.142
21.144
21.143
21.147
21.149
21.151
21.152
21.154
21.153
21.155
21.156
21.160
21.160
21.161
21.163
21.164
21.148
21.156
21.173
21.176
21.177
21.175
21.178
21.179
21.181
21.182
21.163
21.187
21.189
21.190
21.194
21.195
21.197
21.198
21.199
21.180
21.189
21.204
21.204
21.208
21.207
21.208
21.209
21.212
21.216
21.195
21.214
21.223
21.225
21.228
21.227
21.228
21.229
21.230
21.222
21.216
21.237
21.237
21.238
21.240
21.240
21.240
21.240
21.242
21.219
21.242
21.245
21.247
21.251
21.250
21.252
21.253
21.254
21.246
21.238
21.261
21.261
21.264
21.262
21.263
21.266
21.268
21.271
21.249
21.266
21.273
21.273
21.274
21.271
21.272
21.272
21.271
21.261
21.253
21.273
21.273
21.275
21.271
21.272
21.272
21.273
21.271
21.249
21.272
21.273
21.273
21.273
21.273
21.273
21.272
21.273
21.264
21.251
21.274
21.275
21.275
21.275
21.272
21.272
21.272
21.273
21.256
21.257
21.275
21.274
21.277
21.272
21.272
21.272
21.272
21.270
21.250
21.273
21.274
21.274
21.274
21.272
21.272
21.273
21.272
21.256
21.258
21.274
21.273
21.274
21.271
21.272
21.272
21.272
21.269
21.273
21.273
21.273
21.272
21.274
21.272
21.272
21.272
21.271
21.254
21.257
21.270
21.269
21.270
21.270
21.268
21.268
21.271
21.268
21.245
