21.272
21.275
21.275
21.274
21.274
21.273
21.273
21.273
21.261
21.253
21.273
21.273
21.275
21.273
21.272
21.272
21.272
21.272
21.250
21.272
21.274
21.273
21.277
21.273
21.273
21.273
21.273
21.260
21.256
21.274
21.274
21.275
21.274
21.273
21.272
21.274
21.271
21.250
21.275
21.275
21.274
21.275
21.273
21.273
21.274
21.273
21.256
21.259
21.275
21.275
21.275
21.274
21.273
21.273
21.274
21.272
21.271
21.272
21.273
21.270
21.272
21.272
21.272
21.272
21.273
21.259
21.254
21.274
21.273
21.275
21.274
21.271
21.272
21.272
21.271
21.248
21.269
21.274
21.273
21.274
21.271
21.271
21.272
21.270
21.256
21.250
21.272
21.271
21.273
21.266
21.266
21.266
21.266
21.269
21.248
21.270
21.270
21.270
21.271
21.267
21.266
21.265
21.264
21.252
21.241
21.261
21.258
21.257
21.252
21.250
21.249
21.246
21.245
21.220
21.242
21.242
21.241
21.245
21.240
21.240
21.240
21.240
21.230
21.221
21.240
21.240
21.242
21.238
21.237
21.237
21.235
21.232
21.207
21.228
21.228
21.228
21.226
21.222
21.219
21.219
21.216
21.199
21.190
21.209
21.206
21.207
21.204
21.204
21.204
21.204
21.203
21.202
21.201
21.199
21.199
21.198
21.191
21.189
21.189
21.188
21.184
21.164
21.186
21.186
21.186
21.190
21.183
21.183
21.183
21.182
21.176
21.158
21.179
21.179
21.178
21.173
21.170
21.167
21.166
21.163
21.140
21.159
21.160
21.160
21.159
21.155
21.154
21.153
21.153
21.138
21.133
21.147
21.145
21.142
21.138
21.134
21.130
21.130
21.130
21.110
21.113
21.128
21.126
21.125
21.119
21.118
21.117
21.113
21.099
21.076
21.095
21.092
21.087
21.085
21.077
21.070
21.063
21.055
21.035
21.021
21.033
21.028
21.027
21.021
21.014
20.994
20.993
20.989
20.962
20.976
20.969
20.938
20.914
20.898
20.895
20.888
20.884
20.863
20.859
20.871
20.867
20.866
20.861
20.856
20.853
20.851
20.846
20.839
20.835
20.816
20.798
20.786
20.768
20.734
20.635
20.619
20.601
20.583
20.600
20.594
20.592
20.591
20.581
20.575
20.570
20.564
20.539
20.539
20.543
20.520
20.509
20.491
20.478
20.466
20.448
20.433
20.406
20.420
20.413
20.403
20.394
20.369
20.288
20.280
20.268
20.241
20.246
20.252
20.251
20.247
20.241
20.237
20.237
20.239
20.239
20.238
20.235
20.232
20.225
20.208
20.190
20.182
20.172
20.158
20.119
20.098
20.092
20.081
20.025
19.950
19.938
19.934
19.930
19.923
19.902
19.903
19.916
19.914
19.913
19.910
19.910
19.909
19.907
19.897
19.886
19.904
19.899
19.892
19.887
19.883
19.885
19.882
19.874
19.851
19.850
19.856
19.850
19.852
19.848
19.847
19.843
19.838
19.832
19.804
19.804
19.795
19.781
19.765
19.750
19.738
19.733
19.720
19.675
19.653
19.641
19.630
19.627
19.614
19.604
19.597
19.581
19.555
19.523
19.533
19.531
19.520
19.500
19.483
19.477
19.471
19.459
19.435
19.440
19.442
19.434
19.429
19.421
19.420
19.417
19.415
19.415
19.391
19.408
19.407
19.401
19.393
19.373
19.356
19.348
19.343
19.336
19.325
19.311
19.299
19.287
19.278
19.268
19.254
19.239
19.219
19.174
19.177
19.171
19.156
19.137
19.106
19.093
19.082
19.069
19.059
19.030
19.041
19.031
19.019
19.003
18.990
18.976
18.965
18.958
18.938
18.940
18.942
18.928
18.918
18.902
18.892
18.885
18.872
18.859
18.836
18.847
18.837
18.831
18.827
18.814
18.797
18.775
18.756
18.726
18.703
18.702
18.685
18.672
18.664
18.654
18.636
18.626
18.620
18.595
18.600
18.589
18.579
18.572
18.550
18.536
18.531
18.528
18.513
18.482
18.486
18.483
18.481
18.472
18.469
18.467
18.460
18.451
18.422
18.435
18.436
18.429
18.418
18.410
18.392
18.377
18.359
18.333
18.331
18.334
18.328
18.329
18.314
18.303
18.285
18.271
18.266
18.259
18.251
18.245
18.237
18.230
18.212
18.202
18.197
18.188
18.176
18.155
18.167
18.164
18.161
18.162
18.155
18.143
18.127
18.117
18.105
18.079
18.083
18.077
18.063
18.051
18.042
18.031
18.025
18.017
17.994
18.008
18.002
17.996
17.994
17.985
17.976
17.960
17.955
17.937
17.935
17.932
17.919
17.912
17.908
17.906
17.901
17.894
17.883
17.860
17.857
17.859
17.851
17.846
17.834
17.820
17.808
17.798
17.776
17.764
17.775
17.769
17.764
17.754
17.740
17.733
17.725
17.713
17.710
17.685
17.692
17.692
17.683
17.674
17.664
17.663
17.663
17.655
17.646
17.663
17.656
17.647
17.631
17.622
17.616
17.612
17.609
17.590
17.599
17.601
17.598
17.596
17.590
17.589
17.585
17.579
17.568
17.565
17.576
17.574
17.572
17.566
17.566
17.566
17.564
17.561
17.538
17.546
17.545
17.542
17.541
17.524
17.508
17.500
17.493
17.490
17.480
17.453
17.455
17.445
17.431
17.425
17.419
17.417
17.408
17.380
17.372
17.362
17.353
17.346
17.333
17.323
17.315
17.309
17.286
17.255
17.260
17.249
17.238
17.222
17.206
17.198
17.191
17.186
17.178
17.174
17.168
17.162
17.147
17.144
17.139
17.138
17.137
17.133
17.115
17.133
17.129
17.128
17.128
17.120
17.112
17.106
17.102
17.100
17.091
17.065
17.078
17.078
17.069
17.062
17.054
17.048
17.041
17.018
17.018
17.006
16.996
16.987
16.975
16.962
16.955
16.944
16.931
16.917
16.930
16.928
16.926
16.917
16.911
16.907
16.902
16.883
16.865
16.848
16.835
16.821
16.816
16.808
16.789
16.779
16.769
16.756
16.736
16.746
16.739
16.734
16.717
16.690
16.688
16.679
16.675
16.658
16.644
16.624
16.620
16.625
16.618
16.617
16.614
16.601
16.587
16.566
16.574
16.571
16.565
16.560
16.549
16.544
16.541
16.536
16.521
16.515
16.518
16.515
16.508
16.493
16.475
16.467
16.466
16.458
16.454
16.443
16.426
16.410
16.391
16.382
16.375
16.370
16.362
16.357
16.335
16.340
16.338
16.330
16.309
16.296
16.293
16.287
16.284
16.273
16.259
16.223
16.216
16.197
16.158
16.143
16.138
16.135
16.124
16.109
16.120
16.111
16.099
16.094
16.091
16.091
16.091
16.088
16.065
16.068
16.068
16.055
16.050
16.040
16.032
16.020
16.007
15.999
15.981
15.986
15.975
15.971
15.968
15.957
15.954
15.945
15.935
15.916
15.898
15.906
15.899
15.896
15.894
15.889
15.886
15.881
15.873
15.867
15.854
15.829
15.818
15.810
15.797
15.785
15.772
15.752
15.727
15.708
15.708
15.697
15.679
15.668
15.665
15.662
15.662
15.661
15.646
15.657
15.657
15.653
15.652
15.649
15.644
15.637
15.631
15.621
15.615
15.613
15.613
15.615
15.602
15.587
15.577
15.569
15.562
15.532
15.525
15.516
15.504
15.498
15.485
15.468
15.453
15.448
15.441
15.430
15.402
15.371
15.378
15.368
15.352
15.329
15.312
15.300
15.271
15.261
15.243
15.227
15.220
15.212
15.210
15.210
15.205
15.187
15.183
15.192
15.191
15.192
15.190
15.191
15.181
15.164
15.150
15.131
15.129
15.118
15.113
15.113
15.093
15.063
15.034
15.026
15.008
14.991
14.988
14.978
14.966
14.948
14.923
14.896
14.860
14.837
14.803
14.792
14.784
14.768
14.776
14.761
14.748
14.739
14.730
14.707
14.691
14.700
14.697
14.696
14.686
14.685
14.679
14.662
14.634
14.597
14.592
14.578
14.545
14.529
14.506
14.491
14.488
14.479
14.458
14.446
14.442
14.411
14.377
14.361
14.350
14.333
14.315
14.301
14.282
14.293
14.292
14.285
14.283
14.257
14.245
14.245
14.242
14.240
14.239
14.237
14.233
14.222
14.195
14.165
14.154
14.148
14.143
14.114
14.094
14.071
14.050
14.044
14.035
14.010
13.987
13.961
13.938
13.903
13.884
13.862
13.844
13.831
13.828
13.821
13.798
13.787
13.782
13.771
13.757
13.749
13.720
13.689
13.671
13.651
13.631
13.605
13.595
13.595
13.571
13.549
13.536
13.524
13.508
13.481
13.459
13.437
13.416
13.391
13.375
13.371
13.369
13.361
13.354
13.341
13.325
13.318
13.317
13.298
13.280
13.268
13.265
13.257
13.238
13.220
13.200
13.192
13.168
13.147
13.126
13.104
13.081
13.061
13.042
13.021
12.995
12.968
12.946
12.928
12.921
12.915
12.914
12.902
12.886
12.862
12.868
12.866
12.859
12.849
12.834
12.819
12.800
12.783
12.775
12.766
12.756
12.742
12.725
12.709
12.680
12.663
12.650
12.639
12.618
12.610
12.604
12.586
12.566
12.550
12.527
12.502
12.480
12.463
12.457
12.441
12.448
12.451
12.451
12.444
12.439
12.431
12.426
12.416
12.408
12.396
12.390
12.385
12.382
12.376
12.363
12.345
12.336
12.321
12.326
12.309
12.285
12.284
12.281
12.280
12.268
12.249
12.222
12.197
12.194
12.190
12.183
12.170
12.160
12.144
12.119
12.082
12.039
12.020
12.006
11.987
11.983
11.979
11.974
11.963
11.944
11.926
11.908
11.897
11.885
11.873
11.865
11.857
11.835
11.816
11.804
11.780
11.759
11.750
11.734
11.726
11.708
11.692
11.676
11.668
11.658
11.638
11.631
11.612
11.585
11.580
11.567
11.552
11.540
11.531
11.527
11.521
11.513
11.502
11.498
11.483
11.473
11.464
11.457
11.450
11.438
11.439
11.426
11.425
11.407
11.389
11.367
11.348
11.327
11.302
11.293
11.281
11.263
11.242
11.227
11.211
11.196
11.179
11.151
11.135
11.117
11.097
11.083
11.077
11.072
11.072
11.070
11.049
11.026
11.016
11.011
11.000
10.989
10.978
10.970
10.966
10.964
10.966
10.959
10.937
10.931
10.925
10.921
10.907
10.890
10.876
10.851
10.830
10.803
10.795
10.782
10.766
10.745
10.724
10.705
10.687
10.675
10.643
10.628
10.611
10.599
10.592
10.581
10.566
10.551
10.535
10.518
10.503
10.501
10.469
10.450
10.440
10.426
10.389
10.372
10.362
10.334
10.327
10.316
10.297
10.283
10.261
10.246
10.222
10.217
10.216
10.196
10.185
10.184
10.183
10.178
10.148
10.139
10.135
10.136
10.133
10.129
10.132
10.130
10.120
10.112
10.107
10.096
10.083
10.070
10.051
10.042
10.032
10.025
10.018
10.007
9.998
9.989
9.982
9.968
9.963
9.961
9.958
9.955
9.950
9.934
9.912
9.901
9.892
9.880
9.875
9.858
9.838
9.824
9.814
9.806
9.792
9.782
9.763
9.752
9.734
9.720
9.714
9.711
9.710
9.699
9.675
9.666
9.644
9.644
9.644
9.634
9.622
9.607
9.593
9.590
9.583
9.575
9.564
9.558
9.549
9.542
9.537
9.536
9.531
9.521
9.509
9.495
9.485
9.481
9.478
9.471
9.458
9.445
9.436
9.430
9.426
9.412
9.408
9.389
9.382
9.375
9.367
9.363
9.356
9.351
9.338
9.337
9.328
9.326
9.325
9.321
9.314
9.301
9.291
9.286
9.271
9.266
9.264
9.255
9.253
9.246
9.233
9.221
9.208
9.193
9.192
9.192
9.178
9.168
9.161
9.153
9.143
9.131
9.107
9.091
9.079
9.069
9.058
9.052
9.041
9.027
9.015
9.003
8.987
8.972
8.964
8.960
8.960
8.957
8.941
8.929
8.919
8.908
8.897
8.895
8.893
8.892
8.887
8.880
8.863
8.851
8.850
8.836
8.821
8.809
8.801
8.793
8.777
8.772
8.766
8.764
8.757
8.742
8.738
8.730
8.726
8.717
8.704
8.703
8.696
8.686
8.667
8.654
8.643
8.627
8.613
8.595
8.580
8.570
8.567
8.557
8.547
8.545
8.542
8.528
8.513
8.506
8.497
8.495
8.490
8.481
8.472
8.471
8.462
8.459
8.451
8.445
8.435
8.433
8.427
8.415
8.412
8.410
8.399
8.398
8.392
8.386
8.366
8.348
8.334
8.323
8.317
8.310
8.304
8.293
8.274
8.267
8.265
8.264
8.253
8.250
8.244
8.243
8.241
8.229
8.208
8.189
8.177
8.162
8.144
8.138
8.125
8.107
8.083
8.063
8.049
8.044
8.032
8.017
8.005
7.987
7.972
7.960
7.951
7.939
7.926
7.922
7.914
7.904
7.898
7.885
7.877
7.867
7.848
7.830
7.812
7.802
7.798
7.788
7.778
7.767
7.755
7.749
7.746
7.740
7.732
7.719
7.713
7.710
7.704
7.699
7.687
7.679
7.669
7.651
7.632
7.618
7.608
7.604
7.595
7.590
7.580
7.575
7.568
7.558
7.551
7.543
7.540
7.530
7.526
7.521
7.514
7.507
7.506
7.503
7.496
7.488
7.483
7.472
7.469
7.461
7.458
7.450
7.437
7.420
7.406
7.397
7.391
7.381
7.369
7.361
7.360
7.355
7.350
7.348
7.339
7.331
7.320
7.312
7.306
7.297
7.288
7.279
7.269
7.253
7.241
7.239
7.233
7.227
7.223
7.218
7.214
7.215
7.214
7.205
7.201
7.190
7.187
7.181
7.173
7.157
7.142
7.130
7.125
7.116
7.107
7.103
7.092
7.080
7.068
7.057
7.050
7.043
7.037
7.031
7.022
7.018
7.008
7.002
6.995
6.983
6.970
6.963
6.954
6.943
6.934
6.921
6.913
6.909
6.902
6.894
6.883
6.870
6.861
6.847
6.837
6.829
6.824
6.816
6.812
6.806
6.794
6.787
6.781
6.775
6.775
6.770
6.763
6.756
6.750
6.750
6.743
6.738
6.729
6.721
6.711
6.697
6.688
6.680
6.673
6.663
6.653
6.648
6.641
6.638
6.630
6.627
6.619
6.615
6.602
6.592
6.584
6.574
6.562
6.549
6.535
6.531
6.521
6.513
6.504
6.492
6.482
6.476
6.471
6.469
6.465
6.458
6.449
6.445
6.434
6.427
6.421
6.418
6.411
6.404
6.390
6.382
6.374
6.372
6.368
6.366
6.362
6.359
6.346
6.336
6.329
6.321
6.307
6.298
6.283
6.263
6.249
6.235
6.226
6.226
6.221
6.213
6.198
6.190
6.186
6.177
6.172
6.169
6.165
6.159
6.152
6.146
6.140
6.131
6.120
6.116
6.115
6.110
6.104
6.098
6.092
6.088
6.080
6.079
6.075
6.065
6.055
6.042
6.040
6.039
6.037
6.031
6.021
6.013
6.004
5.998
5.994
5.987
5.980
5.969
5.963
5.957
5.957
5.948
5.941
5.936
5.936
5.936
5.935
5.934
5.933
5.931
5.922
5.915
5.908
5.906
5.900
5.898
5.896
5.892
5.890
5.887
5.887
5.884
5.882
5.878
5.875
5.872
5.867
5.864
5.861
5.859
5.859
5.858
5.854
5.851
5.849
5.847
5.844
5.840
5.835
5.835
5.835
5.835
5.833
5.832
5.830
5.829
5.826
5.824
5.823
5.823
5.822
5.819
5.812
5.811
5.811
5.811
5.810
5.809
5.806
5.805
5.805
5.805
5.804
5.803
5.801
5.799
5.798
5.798
5.798
5.797
5.796
5.791
5.789
5.788
5.787
5.786
5.784
5.783
5.783
5.781
5.779
5.774
5.772
5.771
5.769
5.767
5.766
5.765
5.765
5.762
5.762
5.762
5.762
5.762
5.759
5.755
5.753
5.751
5.750
5.750
5.750
5.749
5.747
5.747
5.745
5.741
5.737
5.737
5.737
5.737
5.734
5.735
5.733
5.731
5.728
5.726
5.725
5.724
5.723
5.721
5.719
5.716
5.713
5.713
5.713
5.713
5.713
5.712
5.711
5.711
5.710
5.708
5.707
5.707
5.704
5.702
5.701
5.700
5.698
5.697
5.695
5.692
5.688
5.688
5.686
5.684
5.682
5.682
5.683
5.683
5.682
5.683
5.682
5.682
5.683
5.682
5.683
5.683
5.682
5.682
5.682
5.683
5.682
5.682
5.683
5.683
5.681
5.683
5.682
5.682
5.682
5.683
5.682
5.682
5.682
5.682
5.683
5.682
5.683
5.683
5.683
5.683
5.683
5.683
5.684
5.683
5.682
5.684
5.683
5.683
5.683
5.683
5.682
5.682
5.683
5.683
5.683
5.682
5.682
5.682
5.682
5.682
5.683
5.682
5.683
5.683
5.683
5.682
5.682
5.682
5.682
5.683
5.682
5.682
5.682
5.682
5.682
5.683
5.683
5.683
5.682
5.682
5.682
5.682
5.681
5.682
5.683
5.682
5.682
5.683
5.682
5.682
5.682
5.682
5.683
5.682
5.681
5.682
5.682
5.682
5.682
5.682
5.683
5.681
5.683
5.682
5.681
5.682
5.683
5.682
5.682
5.682
5.682
5.682
5.683
5.682
5.683
5.682
5.683
