35.038
35.035
35.037
35.035
35.035
35.035
35.033
35.036
35.036
35.035
35.037
35.035
35.037
35.034
35.038
35.035
35.035
35.033
35.034
35.035
35.034
35.033
35.033
35.033
35.030
35.034
35.035
35.031
35.032
35.034
35.034
35.032
35.032
35.031
35.034
35.031
35.033
35.032
35.033
35.032
35.031
35.032
35.033
35.029
35.030
35.032
35.028
35.029
35.032
35.030
35.028
35.028
35.027
35.028
35.030
35.031
35.030
35.027
35.031
35.027
35.030
35.028
35.026
35.035
35.033
35.034
35.030
35.032
35.031
35.032
35.031
35.029
35.031
35.032
35.028
35.029
35.028
35.030
35.029
35.029
35.029
35.028
35.027
35.028
35.029
35.028
35.027
35.028
35.028
35.024
35.027
35.028
35.028
35.029
35.027
35.026
35.024
35.028
35.025
35.024
35.025
35.026
35.022
35.024
35.028
35.024
35.024
35.027
35.027
35.023
35.027
35.023
35.025
35.025
35.024
35.025
35.024
35.024
35.022
35.024
35.024
35.026
35.024
35.025
35.025
35.023
35.024
35.023
35.024
35.022
35.021
35.025
35.021
35.022
35.022
35.022
35.022
35.024
35.024
35.026
35.021
35.025
35.024
35.024
35.025
35.025
35.023
35.021
35.022
35.024
35.024
35.021
35.023
35.024
35.023
35.021
35.021
35.022
35.022
35.023
35.021
35.021
35.020
35.021
35.018
35.021
35.021
35.022
35.021
35.021
35.022
35.023
35.021
35.022
35.022
35.023
35.021
35.020
35.024
35.020
35.023
35.021
35.021
35.024
35.018
35.022
35.021
35.021
35.022
35.023
35.024
35.021
35.022
35.019
35.023
35.021
35.021
35.020
35.023
35.019
35.023
35.021
35.020
35.019
35.019
35.019
35.020
35.021
35.018
35.019
35.022
35.019
35.020
35.023
35.018
35.021
35.018
35.019
35.019
35.017
35.022
35.018
35.019
35.020
35.020
35.020
35.019
35.016
35.019
35.017
35.020
35.020
35.019
35.021
35.018
35.020
35.019
35.020
35.019
35.019
35.018
35.018
35.019
35.019
35.018
35.019
35.020
35.019
35.020
35.019
35.016
35.017
35.019
35.019
35.019
35.018
35.018
35.020
35.017
35.019
35.015
35.016
35.016
35.018
35.017
35.019
35.018
35.017
35.015
35.018
35.017
35.017
35.016
35.016
35.017
35.016
35.014
35.018
35.016
35.016
35.016
35.016
35.016
35.016
35.012
35.014
35.017
35.015
35.017
35.014
35.015
35.015
35.015
35.014
35.013
35.014
35.014
35.017
35.013
35.014
35.014
35.013
35.012
35.014
35.014
35.014
35.013
35.014
35.013
35.014
35.013
35.014
35.012
35.013
35.011
35.011
35.012
35.012
35.011
35.013
35.011
35.013
35.015
35.011
35.012
35.012
35.010
35.012
35.011
35.009
35.012
35.009
35.012
35.010
35.010
35.009
35.010
35.009
35.011
35.010
35.009
35.010
35.009
35.008
35.009
35.008
35.009
35.008
35.009
35.008
35.009
35.007
35.007
35.007
35.006
35.007
35.005
35.006
35.006
35.006
35.008
35.006
35.008
35.007
35.008
35.007
35.009
35.007
35.008
35.005
35.008
35.007
35.008
35.006
35.006
35.005
35.005
35.006
35.005
35.005
35.005
35.005
35.006
35.006
35.006
35.003
35.004
35.005
35.006
35.003
35.006
35.006
35.007
35.006
35.005
35.006
35.008
35.004
35.003
35.005
35.004
35.003
35.004
35.005
35.001
35.002
35.004
35.004
35.005
35.002
35.005
35.003
35.003
35.002
35.001
35.002
35.005
35.005
35.002
35.002
35.003
35.001
35.002
35.001
35.002
35.002
35.001
35.001
34.998
35.001
35.001
35.000
34.999
34.998
34.998
35.000
34.999
34.998
34.998
34.995
35.000
34.999
34.999
34.997
34.999
34.997
34.998
34.997
34.999
34.997
34.999
34.997
34.995
34.994
34.997
34.999
34.997
34.996
34.996
34.995
34.996
34.993
34.996
35.000
34.998
34.997
34.997
34.997
34.995
34.997
34.994
34.995
34.995
34.992
34.993
34.993
34.993
34.995
34.993
34.995
34.992
34.990
34.993
34.994
34.994
34.992
34.994
34.993
34.993
34.991
34.992
34.993
34.990
34.991
34.991
34.990
34.993
34.992
34.992
34.992
34.988
34.989
34.989
34.989
34.988
34.990
34.989
34.993
34.991
34.989
34.987
34.991
34.991
34.989
34.988
34.987
34.988
34.988
34.989
34.986
34.990
34.984
34.986
34.987
34.985
34.989
34.987
34.989
34.986
34.985
34.984
34.985
34.985
34.985
34.985
34.984
34.984
34.985
34.984
34.987
34.984
34.984
34.983
34.984
34.987
34.985
34.982
34.982
34.980
34.981
34.982
34.982
34.983
34.982
34.981
34.982
34.984
34.980
34.980
34.983
34.982
34.981
34.980
34.981
34.980
34.982
34.980
34.980
34.979
34.979
34.980
34.982
34.979
34.979
34.981
34.978
34.978
34.978
34.977
34.977
34.976
34.979
34.977
34.978
34.979
34.978
34.975
34.976
34.978
34.976
34.976
34.978
34.976
34.977
34.977
34.973
34.975
34.974
34.971
34.975
34.977
34.977
34.974
34.974
34.975
34.973
34.974
34.973
34.975
34.974
34.971
34.973
34.974
34.974
34.973
34.969
34.971
34.974
34.972
34.974
34.974
34.975
34.971
34.972
34.971
34.969
34.972
34.970
34.971
34.972
34.971
34.970
34.969
34.970
34.968
34.970
34.969
34.968
34.968
34.969
34.969
34.968
34.968
34.970
34.966
34.968
34.970
34.968
34.970
34.966
34.971
34.969
34.970
34.968
34.968
34.967
34.969
34.966
34.967
34.968
34.966
34.969
34.967
34.969
34.967
34.965
34.967
34.966
34.966
34.966
34.967
34.965
34.965
34.967
34.964
34.964
34.966
34.964
34.965
34.965
34.967
34.963
34.966
34.963
34.966
34.963
34.963
34.963
34.963
34.964
34.964
34.963
34.964
34.964
34.963
34.962
34.963
34.962
34.961
34.960
34.962
34.961
34.962
34.961
34.962
34.961
34.961
34.961
34.961
34.960
34.962
34.960
34.959
34.961
34.961
34.959
34.959
34.962
34.959
34.960
34.959
34.959
34.959
34.959
34.959
34.960
34.960
34.958
34.960
34.959
34.958
34.959
34.957
34.958
34.957
34.959
34.959
34.959
34.957
34.957
34.958
34.959
34.957
34.956
34.957
34.959
34.957
34.958
34.957
34.957
34.958
34.958
34.956
34.955
34.956
34.959
34.957
34.955
34.957
34.956
34.956
34.958
34.957
34.956
34.956
34.954
34.956
34.954
34.955
34.955
34.956
34.954
34.954
34.955
34.956
34.956
34.953
34.956
34.954
34.956
34.955
34.954
34.953
34.955
34.954
34.955
34.952
34.955
34.955
34.954
34.953
34.956
34.953
34.953
34.952
34.954
34.952
34.953
34.952
34.952
34.953
34.951
34.952
34.953
34.953
34.952
34.952
34.951
34.954
34.952
34.951
34.951
34.951
34.951
34.952
34.951
34.951
34.952
34.951
34.949
34.952
34.952
34.951
34.951
34.949
34.950
34.949
34.949
34.949
34.950
34.951
34.950
34.948
34.950
34.950
34.951
34.949
34.951
34.951
34.949
34.949
34.948
34.945
34.947
34.947
34.946
34.946
34.948
34.947
34.946
34.947
34.946
34.945
34.948
34.947
34.948
34.944
34.945
34.946
34.945
34.945
34.947
34.947
34.945
34.946
34.944
34.944
34.943
34.945
34.945
34.945
34.942
34.944
34.944
34.943
34.941
34.944
34.942
34.946
34.944
34.944
34.945
34.946
34.942
34.942
34.944
34.940
34.947
34.943
34.939
34.941
34.939
34.942
34.940
34.941
34.941
34.945
34.941
34.943
34.941
34.941
34.942
34.940
34.939
34.940
34.941
34.942
34.940
34.941
34.942
34.941
34.939
34.939
34.940
34.938
34.937
34.939
34.938
34.938
34.939
34.940
34.939
34.936
34.939
34.936
34.938
34.937
34.938
34.937
34.938
34.938
34.937
34.937
34.937
34.938
34.935
34.938
34.937
34.935
34.934
34.936
34.933
34.935
34.935
34.935
34.937
34.935
34.934
34.936
34.935
34.933
34.935
34.935
34.933
34.935
34.931
34.935
34.933
34.934
34.933
34.935
34.935
34.934
34.929
34.932
34.931
34.931
34.932
34.932
34.930
34.934
34.931
34.931
34.932
34.931
34.932
34.929
34.934
34.934
34.929
34.932
34.930
34.929
34.930
34.929
34.930
34.936
34.931
34.928
34.931
34.929
34.929
34.928
34.931
34.930
34.930
34.927
34.928
34.928
34.930
34.928
34.930
34.929
34.928
34.928
34.930
34.931
34.928
34.926
34.926
34.928
34.929
34.926
34.926
34.926
34.928
34.923
34.929
34.928
34.926
34.926
34.927
34.925
34.927
34.929
34.924
34.925
34.924
34.925
34.923
34.926
34.924
34.925
34.923
34.925
34.924
34.924
34.925
34.924
34.925
34.925
34.925
34.925
34.925
34.926
34.925
34.923
34.925
34.926
34.922
34.929
34.924
34.924
34.926
34.923
34.923
34.922
34.922
34.924
34.925
34.921
34.922
34.921
34.922
34.921
34.921
34.918
34.922
34.919
34.919
34.920
34.918
34.919
34.921
34.920
34.919
34.920
34.919
34.918
34.922
34.917
34.919
34.921
34.919
34.918
34.921
34.920
34.919
34.918
34.920
34.918
34.919
34.915
34.920
34.916
34.915
34.916
34.917
34.920
34.919
34.920
34.918
34.917
34.918
34.918
34.918
34.916
34.916
34.921
34.917
34.919
34.918
34.920
34.914
34.918
34.917
34.916
34.916
34.918
34.916
34.916
34.916
34.914
34.914
34.916
34.913
34.914
34.916
34.917
34.915
34.914
34.915
34.917
34.916
34.914
34.914
34.914
34.914
34.915
34.915
34.913
34.914
34.914
34.915
34.914
34.913
34.913
34.913
34.915
34.915
34.914
34.913
34.915
34.913
34.913
34.912
34.912
34.913
34.912
34.915
34.913
34.912
34.913
34.913
34.912
34.912
34.912
34.912
34.912
34.913
34.914
34.911
34.911
34.913
34.911
34.912
34.913
34.912
34.910
34.912
34.913
34.911
34.911
34.912
34.911
34.909
34.912
34.909
34.911
34.911
34.910
34.912
34.910
34.910
34.911
34.911
34.910
34.911
34.911
34.910
34.909
34.908
34.911
34.910
34.908
34.907
34.910
34.910
34.911
34.910
34.908
34.910
34.910
34.908
34.908
34.909
34.911
34.910
34.910
34.908
34.909
34.910
34.910
34.908
34.910
34.911
34.907
34.909
34.909
34.908
34.907
34.907
34.909
34.908
34.906
34.908
34.907
34.908
34.906
34.906
34.907
34.906
34.907
34.906
34.906
34.907
34.907
34.908
34.906
34.906
34.906
34.907
34.907
34.906
34.907
34.904
34.905
34.906
34.906
34.905
34.904
34.906
34.905
34.904
34.905
34.903
34.905
34.903
34.904
34.905
34.904
34.904
34.905
34.906
34.904
34.904
34.906
34.905
34.905
34.904
34.903
34.902
34.900
34.905
34.903
34.904
34.903
34.901
34.903
34.903
34.903
34.902
34.903
34.904
34.902
34.904
34.904
34.903
34.904
34.900
34.901
34.902
34.900
34.901
34.901
34.901
34.902
34.900
34.900
34.899
34.900
34.902
34.899
34.900
34.900
34.899
34.900
34.902
34.900
34.898
34.898
34.901
34.899
34.900
34.899
34.898
34.902
34.899
34.899
34.898
34.899
34.900
34.901
34.898
34.899
34.899
34.900
34.900
34.898
34.896
34.897
34.897
34.895
34.900
34.894
34.897
34.898
34.899
34.896
34.895
34.896
34.895
34.895
34.898
34.897
34.896
34.894
34.896
34.897
34.895
34.894
34.897
34.896
34.893
34.893
34.894
34.895
34.895
34.894
34.897
34.895
34.894
34.895
34.894
34.895
34.893
34.893
34.894
34.894
34.897
34.895
34.896
34.894
34.895
34.893
34.892
34.895
34.896
34.893
34.892
34.892
34.892
34.893
34.893
34.892
34.894
34.893
34.892
34.891
34.892
34.893
34.895
34.892
34.894
34.892
34.894
34.892
34.892
34.889
34.891
34.892
34.894
34.890
34.891
34.892
34.892
34.893
34.892
34.892
34.890
34.890
34.893
34.892
34.892
34.890
34.893
34.888
34.891
34.891
34.891
34.891
34.890
34.892
34.892
34.890
34.889
34.891
34.891
34.888
34.890
34.890
34.891
34.889
34.891
34.889
34.889
34.890
34.890
34.889
34.891
34.892
34.889
34.887
34.891
34.891
34.889
34.886
34.888
34.888
34.886
34.889
34.890
34.887
34.891
34.889
34.890
34.888
34.890
34.889
34.889
34.891
34.888
34.888
34.889
34.887
34.889
34.888
34.887
34.889
34.888
34.888
34.890
34.886
34.886
34.887
34.887
34.888
34.889
34.890
34.888
34.889
34.887
34.884
34.888
34.889
34.884
34.886
34.886
34.891
34.887
34.887
34.889
34.886
34.885
34.885
34.887
34.885
34.887
34.889
34.885
34.886
34.887
34.885
34.886
34.886
34.887
34.885
34.888
34.885
34.888
34.887
34.886
34.886
34.885
34.885
34.885
34.886
34.885
34.889
34.885
34.884
34.885
34.884
34.884
34.887
34.885
34.886
34.884
34.882
34.887
34.883
34.883
34.886
34.884
34.886
34.885
34.885
34.885
34.887
34.885
34.886
34.883
34.885
34.884
34.884
34.886
34.885
34.886
34.885
34.884
34.883
34.881
34.884
34.881
34.885
34.881
34.884
34.883
34.882
34.881
34.883
34.883
34.882
34.886
34.884
34.884
34.884
34.881
34.885
34.885
34.882
34.882
34.884
34.880
34.883
34.882
34.882
34.885
34.883
34.882
34.882
34.880
34.883
34.882
34.881
34.881
34.884
34.884
34.882
34.882
34.880
34.879
34.880
34.881
34.881
34.882
34.879
34.880
34.881
34.880
34.879
34.880
34.879
34.878
34.879
34.880
34.878
34.880
34.881
34.877
34.880
34.879
34.878
34.879
34.879
34.876
34.878
34.881
34.880
34.879
34.876
34.877
34.878
34.876
34.879
34.876
34.875
34.877
34.877
34.876
34.876
34.878
34.880
34.877
34.878
34.878
34.876
34.876
34.876
34.877
34.878
34.877
34.875
34.875
34.875
34.876
34.877
34.877
34.875
34.876
34.875
34.879
34.874
34.873
34.874
34.873
34.877
34.873
34.873
34.873
34.874
34.871
34.873
34.873
34.875
34.875
34.873
34.872
34.875
34.874
34.875
34.872
34.872
34.873
34.873
34.873
34.874
34.871
34.872
34.871
34.872
34.871
34.871
34.869
34.869
34.870
34.870
34.873
34.872
34.870
34.871
34.869
34.870
34.871
34.869
34.869
34.870
34.870
34.868
34.871
34.868
34.867
34.869
34.868
34.867
34.866
34.868
34.867
34.868
34.867
34.865
34.870
34.868
34.867
34.866
34.865
34.866
34.866
34.869
34.866
34.867
34.867
34.865
34.866
34.867
34.866
34.866
34.865
34.867
34.865
34.865
34.865
34.864
34.864
34.865
34.863
34.864
34.866
34.864
34.863
34.864
34.864
34.863
34.863
34.864
34.864
34.864
34.862
34.864
34.863
34.864
34.865
34.862
34.863
34.862
34.864
34.864
34.862
34.864
34.864
34.864
34.863
34.863
34.863
34.862
34.863
34.863
34.864
34.861
34.863
34.861
34.861
34.862
34.862
34.861
34.861
34.862
34.863
34.860
34.862
34.861
34.861
34.861
34.862
34.860
34.861
34.861
34.861
34.862
34.860
34.860
34.860
34.858
34.857
34.858
34.859
34.857
34.859
34.861
34.859
34.860
34.859
34.859
34.857
34.856
34.859
34.857
34.857
34.856
34.857
34.855
34.856
34.856
34.858
34.856
34.856
34.857
34.857
34.855
34.858
34.857
34.856
34.858
34.857
34.855
34.855
34.857
34.856
34.855
34.853
34.853
34.854
34.856
34.855
34.855
34.855
34.857
34.853
34.854
34.853
34.855
34.855
34.852
34.853
34.855
34.851
34.855
34.853
34.852
34.850
34.854
34.852
34.852
34.850
34.853
34.853
34.853
34.852
34.853
34.851
34.851
34.851
34.852
34.852
34.851
34.848
34.848
34.850
34.850
34.849
34.848
34.849
34.851
34.851
34.847
34.849
34.849
34.851
34.851
34.846
34.848
34.846
34.849
34.848
34.847
34.844
34.847
34.849
34.850
34.851
34.853
34.850
34.849
34.847
34.847
34.850
34.848
34.847
34.850
34.847
34.849
34.846
34.844
34.848
34.848
34.848
34.848
34.847
34.847
34.847
34.845
34.846
34.844
34.846
34.846
34.846
34.847
34.845
34.845
34.848
34.843
34.845
34.846
34.846
34.847
34.844
34.843
34.846
34.842
34.845
34.845
34.844
34.846
34.844
34.845
34.844
34.845
34.845
34.844
34.843
34.845
34.843
34.844
34.843
34.843
34.844
34.843
34.845
34.843
34.842
34.843
34.842
34.843
34.844
34.842
34.842
34.843
34.844
34.844
34.842
34.844
34.844
34.845
34.844
34.842
34.845
34.842
34.842
34.842
34.843
34.844
34.845
34.841
34.842
34.842
34.843
34.843
34.845
34.844
34.844
34.844
34.844
34.843
34.842
34.844
34.842
34.840
34.841
34.842
34.841
34.843
34.840
34.841
34.843
34.839
34.841
34.842
34.839
34.840
34.842
34.843
34.841
34.840
34.841
34.842
34.841
34.841
34.843
34.841
34.840
34.840
34.843
34.841
34.842
34.840
34.841
34.843
34.838
34.841
34.842
34.839
34.841
34.841
34.841
34.842
34.843
34.843
34.841
34.842
34.842
34.841
34.842
34.842
34.842
34.840
34.843
34.839
34.842
34.841
34.838
34.842
34.839
34.839
34.839
34.841
34.841
34.842
34.839
34.839
34.841
34.841
34.841
34.840
34.839
34.841
34.838
34.840
34.839
34.840
34.837
34.839
34.842
34.838
34.840
34.843
34.840
34.838
34.841
34.839
34.839
34.837
34.837
34.838
34.840
34.841
34.839
34.838
34.838
34.840
34.838
34.836
34.837
34.839
34.837
34.838
34.837
34.839
34.838
34.840
34.838
34.839
34.838
34.837
34.837
34.839
34.837
34.840
34.837
34.835
34.837
34.836
34.834
34.836
34.837
34.835
34.836
34.837
34.837
34.837
34.837
34.834
34.836
34.833
34.835
34.833
34.835
34.837
34.836
34.834
34.834
34.835
34.833
34.834
34.834
34.834
34.833
34.833
34.834
34.835
34.833
34.833
34.834
34.833
34.833
34.833
34.833
34.830
34.832
34.833
34.831
34.833
34.831
34.832
34.831
34.831
34.832
34.833
34.831
34.832
34.831
34.831
34.830
34.831
34.832
34.832
34.830
34.830
34.831
34.828
34.830
34.831
34.830
34.829
34.831
34.830
34.829
34.828
34.830
34.829
34.829
34.826
34.829
34.830
34.828
34.829
34.829
34.826
34.828
34.825
34.829
34.827
34.828
34.828
34.825
34.827
34.828
34.826
34.825
34.824
34.827
34.825
34.827
34.827
34.827
34.825
34.825
34.826
34.826
34.824
34.825
34.823
34.824
34.823
34.825
34.825
34.823
34.821
34.824
34.823
34.825
34.825
34.825
34.825
34.824
34.824
34.824
34.824
34.821
34.823
34.823
34.823
34.822
34.824
34.822
34.821
34.822
34.822
34.821
34.822
34.823
34.821
34.823
34.821
34.821
34.820
34.820
34.822
34.822
34.822
34.822
34.822
34.820
34.819
34.820
34.821
34.819
34.818
34.821
34.821
34.823
34.820
34.819
34.819
34.821
34.819
34.820
34.821
34.820
34.820
34.819
34.820
34.820
34.819
34.819
34.821
34.819
34.820
34.819
34.819
34.820
34.820
34.819
34.819
34.819
34.818
34.821
34.820
34.818
34.819
34.819
34.820
34.818
34.820
34.817
34.819
34.819
34.818
34.818
34.819
34.819
34.820
34.819
34.818
34.819
34.818
34.817
34.818
34.819
34.818
34.817
34.818
34.820
34.817
34.818
34.818
34.818
34.818
34.817
34.819
34.818
34.817
34.820
34.818
34.819
34.819
34.819
34.817
34.818
34.817
34.818
34.818
34.817
34.817
34.817
34.818
34.816
34.817
34.816
34.816
34.816
34.818
34.816
34.819
34.819
34.816
34.817
34.816
34.817
34.816
34.818
34.817
34.819
34.818
34.817
34.814
34.815
34.816
34.816
34.817
34.816
34.817
34.817
34.818
34.815
34.815
34.815
34.816
34.816
34.817
34.814
34.814
34.818
34.820
34.816
34.816
34.815
34.815
34.816
34.816
34.816
34.817
34.817
34.818
34.817
34.818
34.812
34.817
34.817
34.816
34.815
34.817
34.816
34.814
34.813
34.817
34.816
34.816
34.816
34.816
34.815
34.816
34.815
34.814
34.814
34.816
34.816
34.816
34.813
34.816
34.816
34.815
34.815
34.814
34.814
34.815
34.814
34.815
34.813
34.815
34.815
34.814
34.814
34.813
34.814
34.813
34.815
34.813
34.815
34.816
34.815
34.814
34.814
34.812
34.813
34.813
34.812
34.814
34.815
34.815
34.815
34.811
34.815
34.816
34.813
34.815
34.814
34.813
34.814
34.814
34.814
34.814
34.814
34.812
34.811
34.811
34.812
34.813
34.814
34.814
34.813
34.812
34.811
34.813
34.812
34.813
34.810
34.811
34.813
34.811
34.811
34.812
34.810
34.812
34.809
34.813
34.811
34.812
34.810
34.811
34.811
34.812
34.810
34.809
34.811
34.811
34.812
34.810
34.811
34.809
34.810
34.810
34.809
34.807
34.808
34.810
34.808
34.810
34.806
34.808
34.809
34.810
34.807
34.807
34.805
34.806
34.808
34.807
34.809
34.807
34.807
34.808
34.808
34.808
34.806
34.806
34.808
34.806
34.808
34.806
34.807
34.805
34.805
34.804
34.806
34.807
34.807
34.805
34.806
34.807
34.805
34.805
34.802
34.804
34.804
34.805
34.802
34.805
34.801
34.804
34.803
34.800
34.803
34.802
34.803
34.804
34.802
34.804
34.802
34.802
34.803
34.799
34.800
34.799
34.805
34.802
34.802
34.802
34.800
34.799
34.797
34.803
34.799
34.800
34.800
34.799
34.799
34.802
34.802
34.798
34.799
34.801
34.799
34.800
34.798
34.797
34.800
34.798
34.802
34.800
34.799
34.795
34.795
34.796
34.797
34.796
34.795
34.797
34.794
34.794
34.798
34.796
34.794
34.795
34.792
34.794
34.793
34.794
34.793
34.794
34.793
34.793
34.791
34.790
34.792
34.790
34.793
34.793
34.792
34.790
34.789
34.794
34.792
34.790
34.790
34.790
34.791
34.789
34.788
34.790
34.793
34.791
34.793
34.791
34.789
34.789
34.788
34.788
34.788
34.790
34.790
34.788
34.786
34.788
34.787
34.788
34.788
34.785
34.786
34.787
34.786
34.788
34.785
34.786
34.785
34.783
34.784
34.785
34.787
34.787
34.786
34.787
34.788
34.784
34.787
34.783
34.786
34.783
34.784
34.786
34.784
34.785
34.782
34.782
34.784
34.785
34.784
34.784
34.785
34.782
34.784
34.783
34.783
34.786
34.781
34.781
34.782
34.782
34.781
34.782
34.781
34.783
34.781
34.779
34.789
34.792
34.792
34.785
34.784
34.783
34.786
34.784
34.783
34.780
34.786
34.782
34.783
34.783
34.783
34.785
34.781
34.782
34.782
34.784
34.783
34.782
34.783
34.783
34.783
34.783
34.784
34.782
34.782
34.784
34.782
34.783
34.782
34.783
34.782
34.780
34.783
34.777
34.781
34.779
34.780
34.782
34.779
34.782
34.782
34.779
34.781
34.781
34.779
34.778
34.780
34.781
34.779
34.779
34.778
34.780
34.781
34.778
34.778
34.778
34.776
34.778
34.778
34.780
34.779
34.780
34.777
34.776
34.777
34.778
34.778
34.779
34.777
34.776
34.778
34.776
34.776
34.778
34.776
34.778
34.776
34.776
34.780
34.776
34.777
34.776
34.777
34.777
34.776
34.774
34.777
34.777
34.774
34.778
34.777
34.776
34.776
34.777
34.775
34.776
34.774
34.777
34.776
34.777
34.775
34.774
34.773
34.776
34.774
34.775
34.774
34.774
34.775
34.773
34.775
34.772
34.772
34.775
34.777
34.775
34.775
34.772
34.774
34.773
34.774
34.774
34.772
34.774
34.776
34.771
34.775
34.774
34.775
34.773
34.772
34.775
34.773
34.772
34.773
34.771
34.773
34.774
34.772
34.773
34.773
34.772
34.772
34.770
34.771
34.771
34.771
34.769
34.772
34.772
34.772
34.769
34.770
34.770
34.773
34.769
34.769
34.769
34.771
34.769
34.770
34.772
34.769
34.770
34.770
34.769
34.768
34.768
34.770
34.770
34.766
34.767
34.769
34.768
34.769
34.769
34.768
34.768
34.769
34.768
34.768
34.768
34.765
34.768
34.769
34.764
34.767
34.769
34.768
34.768
34.765
34.767
34.766
34.767
34.767
34.766
34.764
34.765
34.767
34.767
34.764
34.764
34.767
34.766
34.764
34.766
34.764
34.765
34.764
34.765
34.762
34.765
34.764
34.761
34.762
34.764
34.764
34.764
34.764
34.764
34.763
34.762
34.761
34.764
34.760
34.764
34.763
34.762
34.761
34.763
34.760
34.760
34.762
34.760
34.761
34.761
34.760
34.761
34.761
34.760
34.761
34.761
34.759
34.757
34.759
34.760
34.761
34.760
34.760
34.757
34.759
34.757
34.757
34.756
34.757
34.755
34.758
34.757
34.757
34.756
34.757
34.756
34.758
34.755
34.756
34.758
34.756
34.758
34.757
34.754
34.761
34.756
34.757
34.756
34.754
34.754
34.754
34.753
34.757
34.754
34.755
34.755
34.756
34.754
34.758
34.753
34.757
34.754
34.755
34.753
34.754
34.754
34.756
34.756
34.755
34.754
34.755
34.754
34.756
34.754
34.752
34.753
34.753
34.751
34.754
34.752
34.753
34.753
34.754
34.750
34.754
34.752
34.752
34.751
34.749
34.753
34.751
34.753
34.754
34.754
34.752
34.749
34.751
34.753
34.750
34.752
34.755
34.753
34.750
34.753
34.750
34.752
34.752
34.751
34.752
34.752
34.749
34.754
34.748
34.753
34.750
34.749
34.750
34.752
34.751
34.748
34.751
34.750
34.752
34.751
34.751
34.752
34.750
34.748
34.750
34.752
34.750
34.751
34.749
34.751
34.750
34.750
34.750
34.748
34.748
34.751
34.752
34.751
34.751
34.746
34.746
34.748
34.749
34.749
34.749
34.749
34.748
34.747
34.747
34.749
34.748
34.750
34.750
34.749
34.749
34.747
34.749
34.749
34.749
34.748
34.747
34.751
34.749
34.750
34.747
34.749
34.750
34.750
34.748
34.749
34.748
34.750
34.749
34.748
34.747
34.749
34.752
34.750
34.750
34.748
34.752
34.748
34.751
34.749
34.750
34.751
34.750
34.749
34.750
34.752
34.749
34.750
34.751
34.748
34.749
34.750
34.753
34.751
34.750
34.752
34.750
34.751
34.748
34.750
34.751
34.750
34.751
34.750
34.750
34.749
34.750
34.751
34.750
34.751
34.753
34.751
34.750
34.749
34.752
34.749
34.751
34.751
34.748
