21.275
21.255
21.266
21.276
21.276
21.277
21.275
21.275
21.275
21.275
21.274
21.274
21.275
21.274
21.272
21.275
21.275
21.274
21.275
21.276
21.255
21.262
21.277
21.276
21.277
21.274
21.276
21.275
21.274
21.275
21.274
21.254
21.265
21.276
21.276
21.275
21.275
21.275
21.274
21.259
21.257
21.276
21.276
21.277
21.276
21.285
21.275
21.274
21.275
21.276
21.271
21.252
21.276
21.276
21.276
21.275
21.276
21.276
21.276
21.275
21.252
21.269
21.276
21.276
21.274
21.274
21.274
21.274
21.256
21.261
21.277
21.275
21.277
21.275
21.275
21.274
21.274
21.275
21.275
21.253
21.265
21.276
21.275
21.275
21.273
21.275
21.274
21.257
21.257
21.276
21.276
21.277
21.275
21.274
21.275
21.275
21.275
21.275
21.252
21.268
21.276
21.275
21.276
21.275
21.274
21.275
21.275
21.272
21.251
21.275
21.276
21.274
21.275
21.274
21.274
21.275
21.252
21.270
21.277
21.276
21.277
21.276
21.275
21.275
21.275
21.276
21.276
21.251
21.272
21.276
21.275
21.275
21.274
21.274
21.275
21.257
21.260
21.277
21.277
21.277
21.275
21.274
21.274
21.276
21.272
21.251
21.275
21.277
21.276
21.273
21.276
21.275
21.275
21.276
21.273
21.274
21.274
21.274
21.273
21.274
21.274
21.274
21.275
21.274
21.252
21.273
21.276
21.275
21.276
21.277
21.275
21.276
21.275
21.275
21.269
21.251
21.276
21.277
21.274
21.275
21.275
21.275
21.273
21.252
21.273
21.276
21.276
21.276
21.276
21.277
21.276
21.275
21.264
21.255
21.277
21.277
21.277
21.274
21.276
21.276
21.276
21.275
21.253
21.274
21.277
21.277
21.278
21.276
21.276
21.277
21.277
21.270
21.252
21.277
21.277
21.277
21.278
21.281
21.276
21.277
21.276
21.276
21.277
21.253
21.274
21.277
21.276
21.276
21.276
21.276
21.276
21.252
21.272
21.277
21.277
21.277
21.276
21.276
21.275
21.275
21.267
21.254
21.277
21.277
21.276
21.273
21.275
21.275
21.275
21.277
21.275
21.275
21.276
21.275
21.275
21.275
21.275
21.274
21.274
21.267
21.253
21.277
21.276
21.276
21.276
21.280
21.275
21.275
21.274
21.274
21.269
21.251
21.275
21.277
21.274
21.273
21.272
21.270
21.269
21.245
21.268
21.268
21.267
21.269
21.267
21.265
21.266
21.265
21.246
21.256
21.266
21.268
21.268
21.266
21.269
21.265
21.264
21.262
21.260
21.256
21.256
21.255
21.258
21.254
21.252
21.252
21.252
21.240
21.232
21.252
21.252
21.249
21.246
21.244
21.245
21.243
21.241
21.241
21.241
21.220
21.230
21.242
21.240
21.240
21.239
21.239
21.237
21.238
21.214
21.232
21.235
21.235
21.231
21.231
21.231
21.230
21.208
21.223
21.229
21.229
21.230
21.227
21.226
21.226
21.225
21.224
21.223
21.222
21.221
21.222
21.218
21.216
21.213
21.211
21.212
21.189
21.200
21.210
21.208
21.209
21.206
21.208
21.204
21.204
21.202
21.200
21.194
21.172
21.194
21.194
21.192
21.191
21.191
21.189
21.188
21.175
21.170
21.189
21.190
21.187
21.187
21.186
21.186
21.182
21.164
21.187
21.187
21.186
21.185
21.180
21.180
21.179
21.180
21.179
21.178
21.176
21.175
21.175
21.170
21.169
21.168
21.167
21.165
21.144
21.166
21.166
21.166
21.165
21.163
21.164
21.163
21.160
21.158
21.155
21.153
21.129
21.152
21.148
21.149
21.145
21.145
21.144
21.143
21.118
21.132
21.130
21.129
21.124
21.122
21.121
21.122
21.102
21.109
21.120
21.119
21.120
21.115
21.112
21.110
21.109
21.107
21.086
21.108
21.108
21.108
21.106
21.105
21.102
21.099
21.095
21.074
21.085
21.094
21.092
21.091
21.087
21.085
21.088
21.084
21.084
21.084
21.083
21.079
21.051
21.072
21.069
21.066
21.063
21.060
21.044
21.037
21.050
21.046
21.045
21.044
21.041
21.039
21.037
21.033
21.009
21.020
21.030
21.029
21.026
21.022
21.021
21.019
21.017
21.012
21.011
21.010
21.008
21.003
21.004
21.002
20.998
20.994
20.992
20.970
20.977
20.981
20.971
20.967
20.953
20.938
20.930
20.917
20.904
20.898
20.895
20.892
20.859
20.873
20.862
20.853
20.848
20.841
20.806
20.801
20.795
20.784
20.778
20.761
20.749
20.738
20.729
20.723
20.694
20.700
20.679
20.669
20.668
20.665
20.654
20.643
20.633
20.616
20.600
20.583
20.601
20.596
20.588
20.582
20.578
20.570
20.565
20.540
20.558
20.559
20.555
20.550
20.541
20.528
20.520
20.515
20.507
20.503
20.497
20.495
20.473
20.487
20.483
20.480
20.475
20.471
20.445
20.449
20.446
20.435
20.426
20.407
20.392
20.360
20.347
20.335
20.313
20.332
20.327
20.325
20.318
20.302
20.288
20.265
20.253
20.234
20.226
20.215
20.208
20.198
20.190
20.185
20.181
20.174
20.163
20.128
20.132
20.120
20.099
20.082
20.069
20.053
20.045
20.040
20.034
20.032
20.028
20.019
20.001
20.006
20.000
19.992
19.985
19.976
19.940
19.947
19.941
19.933
19.926
19.916
19.917
19.889
19.882
19.873
19.861
19.853
19.823
19.829
19.819
19.806
19.796
19.785
19.779
19.770
19.763
19.754
19.750
19.745
19.745
19.737
19.728
19.719
19.712
19.692
19.708
19.696
19.682
19.675
19.667
19.652
19.641
19.638
19.629
19.619
19.612
19.605
19.591
19.584
19.566
19.559
19.551
19.542
19.511
19.508
19.506
19.499
19.484
19.478
19.468
19.458
19.452
19.446
19.436
19.418
19.414
19.424
19.421
19.419
19.413
19.409
19.404
19.383
19.396
19.391
19.385
19.367
19.355
19.348
19.342
19.333
19.316
19.307
19.316
19.300
19.294
19.287
19.285
19.277
19.265
19.251
19.239
19.230
19.213
19.203
19.196
19.193
19.176
19.159
19.138
19.118
19.110
19.084
19.090
19.092
19.090
19.089
19.082
19.080
19.077
19.053
19.060
19.061
19.052
19.047
19.033
19.022
19.007
18.994
18.989
18.970
18.982
18.980
18.972
18.964
18.963
18.958
18.949
18.945
18.929
18.937
18.945
18.945
18.942
18.930
18.922
18.915
18.913
18.911
18.905
18.896
18.893
18.892
18.888
18.885
18.881
18.875
18.860
18.855
18.846
18.819
18.829
18.826
18.823
18.814
18.801
18.776
18.763
18.735
18.740
18.728
18.707
18.687
18.663
18.654
18.647
18.640
18.622
18.596
18.582
18.561
18.553
18.542
18.537
18.533
18.516
18.496
18.467
18.482
18.477
18.469
18.458
18.446
18.435
18.422
18.401
18.379
18.357
18.345
18.335
18.329
18.323
18.323
18.312
18.304
18.299
18.296
18.284
18.263
18.274
18.264
18.253
18.249
18.240
18.234
18.229
18.199
18.211
18.209
18.198
18.188
18.180
18.176
18.167
18.162
18.154
18.133
18.113
18.097
18.082
18.066
18.050
18.039
18.031
18.025
17.995
17.994
17.990
17.987
17.985
17.978
17.966
17.950
17.927
17.903
17.898
17.884
17.873
17.868
17.860
17.854
17.849
17.844
17.836
17.818
17.827
17.826
17.820
17.811
17.799
17.784
17.777
17.773
17.757
17.755
17.761
17.749
17.738
17.725
17.724
17.717
17.706
17.691
17.671
17.655
17.630
17.608
17.616
17.606
17.589
17.565
17.554
17.538
17.537
17.545
17.542
17.534
17.517
17.509
17.497
17.486
17.469
17.435
17.416
17.405
17.396
17.392
17.388
17.383
17.381
17.371
17.352
17.341
17.348
17.346
17.343
17.334
17.319
17.290
17.273
17.271
17.248
17.258
17.255
17.248
17.236
17.224
17.206
17.184
17.174
17.169
17.163
17.154
17.145
17.141
17.139
17.134
17.126
17.117
17.107
17.094
17.085
17.081
17.072
17.070
17.064
17.053
17.044
17.041
17.042
17.021
17.020
16.997
16.977
16.956
16.943
16.938
16.928
16.919
16.896
16.897
16.896
16.888
16.883
16.882
16.880
16.879
16.870
16.867
16.847
16.865
16.863
16.852
16.847
16.839
16.825
16.819
16.808
16.788
16.772
16.763
16.756
16.748
16.738
16.723
16.715
16.710
16.702
16.681
16.685
16.680
16.675
16.666
16.655
16.646
16.640
16.637
16.619
16.605
16.590
16.584
16.584
16.583
16.578
16.571
16.564
16.560
16.532
16.525
16.513
16.492
16.481
16.467
16.455
16.449
16.443
16.430
16.410
16.421
16.418
16.410
16.403
16.394
16.393
16.386
16.376
16.354
16.357
16.357
16.352
16.345
16.334
16.326
16.310
16.299
16.290
16.274
16.282
16.275
16.271
16.257
16.249
16.230
16.195
16.174
16.159
16.151
16.144
16.138
16.138
16.135
16.135
16.126
16.090
16.057
16.046
16.048
16.023
16.010
15.994
15.977
15.969
15.958
15.942
15.915
15.911
15.906
15.894
15.883
15.867
15.851
15.840
15.828
15.802
15.794
15.794
15.783
15.758
15.737
15.720
15.707
15.698
15.690
15.662
15.658
15.649
15.634
15.623
15.613
15.613
15.613
15.613
15.600
15.576
15.580
15.564
15.560
15.554
15.551
15.535
15.515
15.503
15.498
15.487
15.467
15.472
15.464
15.448
15.439
15.430
15.402
15.383
15.359
15.358
15.336
15.320
15.307
15.298
15.290
15.283
15.271
15.248
15.244
15.236
15.227
15.220
15.212
15.206
15.178
15.152
15.128
15.097
15.096
15.085
15.081
15.082
15.078
15.077
15.077
15.076
15.052
15.018
15.016
14.997
14.981
14.966
14.955
14.934
14.929
14.914
14.895
14.869
14.866
14.874
14.870
14.865
14.859
14.856
14.848
14.836
14.820
14.818
14.810
14.807
14.797
14.790
14.783
14.781
14.781
14.778
14.771
14.769
14.766
14.763
14.762
14.760
14.752
14.747
14.740
14.725
14.734
14.734
14.732
14.732
14.728
14.730
14.731
14.731
14.722
14.720
14.732
14.731
14.711
14.697
14.689
14.677
14.663
14.650
14.643
14.617
14.610
14.613
14.613
14.608
14.602
14.608
14.598
14.582
14.565
14.563
14.560
14.549
14.558
14.554
14.551
14.543
14.538
14.518
14.524
14.523
14.512
14.503
14.490
14.479
14.472
14.460
14.446
14.429
14.433
14.427
14.417
14.405
14.395
14.386
14.372
14.362
14.342
14.343
14.331
14.305
14.293
14.284
14.277
14.270
14.265
14.250
14.233
14.241
14.231
14.216
14.196
14.186
14.179
14.164
14.160
14.159
14.157
14.153
14.134
14.132
14.125
14.123
14.113
14.109
14.101
14.099
14.092
14.087
14.082
14.074
14.058
14.050
14.045
14.040
14.021
14.017
14.012
14.001
13.996
13.976
13.956
13.949
13.937
13.920
13.893
13.887
13.870
13.856
13.838
13.829
13.815
13.797
13.776
13.743
13.733
13.724
13.717
13.706
13.696
13.688
13.684
13.677
13.671
13.649
13.652
13.645
13.637
13.637
13.637
13.632
13.623
13.615
13.611
13.609
13.606
13.603
13.597
13.586
13.574
13.565
13.562
13.558
13.550
13.559
13.555
13.550
13.544
13.537
13.530
13.525
13.525
13.513
13.519
13.519
13.513
13.507
13.499
13.491
13.479
13.467
13.460
13.450
13.461
13.461
13.461
13.461
13.460
13.461
13.460
13.461
13.450
13.455
13.462
13.461
13.461
13.460
13.460
13.461
13.461
13.460
13.458
13.455
13.452
13.446
13.440
13.432
13.425
13.416
13.405
13.388
13.392
13.395
13.391
13.383
13.372
13.364
13.354
13.348
13.337
13.333
13.323
13.332
13.332
13.325
13.311
13.290
13.269
13.259
13.252
13.237
13.244
13.239
13.232
13.222
13.220
13.214
13.208
13.200
13.191
13.196
13.188
13.181
13.177
13.175
13.174
13.174
13.174
13.164
13.167
13.171
13.171
13.170
13.169
13.169
13.169
13.168
13.162
13.158
13.168
13.168
13.166
13.166
13.162
13.159
13.157
13.151
13.148
13.145
13.134
13.145
13.146
13.144
13.142
13.140
13.139
13.137
13.135
13.121
13.126
13.123
13.123
13.121
13.120
13.120
13.118
13.111
13.104
13.110
13.110
13.111
13.110
13.110
13.110
13.109
13.104
13.101
13.092
13.083
13.069
13.063
13.056
13.049
13.047
13.040
13.032
13.022
13.025
13.023
13.017
13.006
12.996
12.981
12.965
12.954
12.939
12.939
12.936
12.926
12.919
12.909
12.905
12.891
12.889
12.887
12.887
12.881
12.878
12.887
12.884
12.878
12.874
12.870
12.864
12.849
12.844
12.851
12.841
12.819
12.796
12.781
12.779
12.770
12.754
12.744
12.740
12.732
12.724
12.722
12.717
12.711
12.701
12.695
12.689
12.676
12.684
12.683
12.675
12.668
12.659
12.659
12.658
12.650
12.616
12.603
12.588
12.574
12.567
12.558
12.541
12.534
12.523
12.510
12.499
12.479
12.476
12.476
12.474
12.464
12.452
12.439
12.433
12.423
12.427
12.429
12.416
12.415
12.415
12.400
12.390
12.390
12.387
12.380
12.373
12.366
12.350
12.332
12.327
12.318
12.311
12.305
12.292
12.294
12.292
12.287
12.282
12.280
12.279
12.276
12.275
12.274
12.266
12.276
12.277
12.276
12.276
12.275
12.275
12.274
12.271
12.268
12.267
12.253
12.260
12.262
12.256
12.250
12.248
12.244
12.243
12.232
12.244
12.244
12.244
12.244
12.244
12.243
12.242
12.241
12.205
12.191
12.190
12.189
12.189
12.187
12.183
12.165
12.159
12.156
12.137
12.128
12.118
12.104
12.097
12.088
12.083
12.076
12.072
12.059
12.048
12.052
12.049
12.048
12.038
12.036
12.033
12.029
12.024
12.017
12.012
11.998
12.000
12.001
11.999
11.998
11.996
11.995
11.990
11.987
11.994
11.993
11.995
11.993
11.995
11.992
11.989
11.987
11.983
11.982
11.979
11.979
11.979
11.976
11.974
11.969
11.968
11.963
11.951
11.947
11.937
11.926
11.917
11.901
11.898
11.888
11.872
11.859
11.865
11.858
11.853
11.847
11.825
11.805
11.778
11.746
11.740
11.739
11.736
11.719
11.722
11.718
11.706
11.691
11.671
11.660
11.638
11.633
11.622
11.602
11.584
11.560
11.546
11.523
11.514
11.512
11.511
11.492
11.478
11.478
11.472
11.464
11.462
11.454
11.452
11.442
11.439
11.446
11.446
11.447
11.445
11.440
11.438
11.434
11.426
11.416
11.426
11.422
11.418
11.409
11.401
11.400
11.390
11.384
11.381
11.374
11.367
11.353
11.358
11.358
11.353
11.353
11.353
11.344
11.331
11.328
11.326
11.315
11.307
11.305
11.304
11.301
11.300
11.291
11.282
11.279
11.272
11.268
11.261
11.255
11.247
11.243
11.242
11.228
11.224
11.214
11.198
11.179
11.161
11.146
11.138
11.132
11.126
11.122
11.110
11.108
11.103
11.096
11.093
11.086
11.076
11.065
11.060
11.056
11.050
11.034
11.033
11.028
11.020
11.011
11.013
11.002
10.995
10.991
10.987
10.987
10.988
10.985
10.974
10.964
10.955
10.939
10.932
10.935
10.933
10.934
10.931
10.925
10.918
10.909
10.902
10.889
10.890
10.876
10.859
10.844
10.829
10.820
10.815
10.815
10.815
10.812
10.803
10.803
10.787
10.771
10.767
10.767
10.765
10.757
10.746
10.726
10.707
10.687
10.688
10.682
10.677
10.672
10.667
10.657
10.650
10.645
10.639
10.626
10.625
10.620
10.613
10.600
10.585
10.571
10.569
10.567
10.567
10.568
10.567
10.562
10.554
10.544
10.535
10.526
10.519
10.510
10.505
10.499
10.489
10.480
10.465
10.456
10.441
10.439
10.436
10.428
10.422
10.415
10.408
10.398
10.388
10.380
10.375
10.368
10.364
10.352
10.357
10.353
10.344
10.336
10.329
10.315
10.307
10.305
10.302
10.301
10.293
10.291
10.284
10.268
10.248
10.219
10.209
10.187
10.182
10.182
10.181
10.181
10.174
10.168
10.149
10.144
10.145
10.143
10.143
10.143
10.143
10.143
10.144
10.144
10.134
10.132
10.110
10.096
10.097
10.096
10.095
10.085
10.074
10.065
10.062
10.060
10.060
10.059
10.059
10.059
10.056
10.052
10.048
10.042
10.046
10.046
10.042
10.037
10.031
10.019
10.010
9.999
9.991
9.987
9.979
9.970
9.960
9.955
9.953
9.951
9.949
9.945
9.940
9.948
9.949
9.948
9.947
9.938
9.927
9.918
9.910
9.895
9.895
9.888
9.887
9.886
9.883
9.882
9.882
9.883
9.880
9.876
9.875
9.873
9.869
9.871
9.866
9.861
9.851
9.850
9.840
9.835
9.835
9.829
9.828
9.821
9.819
9.817
9.818
9.814
9.811
9.802
9.799
9.793
9.792
9.788
9.784
9.780
9.778
9.770
9.767
9.766
9.763
9.756
9.751
9.741
9.740
9.736
9.733
9.729
9.730
9.724
9.724
9.719
9.719
9.717
9.710
9.698
9.688
9.684
9.683
9.683
9.685
9.684
9.680
9.668
9.664
9.660
9.656
9.661
9.658
9.656
9.652
9.646
9.644
9.634
9.631
9.628
9.607
9.595
9.595
9.595
9.593
9.592
9.591
9.591
9.589
9.584
9.593
9.591
9.585
9.583
9.581
9.575
9.570
9.564
9.551
9.540
9.536
9.532
9.523
9.500
9.474
9.457
9.443
9.434
9.424
9.422
9.417
9.412
9.401
9.384
9.368
9.356
9.344
9.332
9.326
9.326
9.322
9.316
9.310
9.302
9.291
9.284
9.276
9.265
9.255
9.241
9.229
9.226
9.216
9.197
9.192
9.192
9.191
9.191
9.192
9.189
9.188
9.182
9.176
9.170
9.167
9.164
9.155
9.154
9.150
9.148
9.144
9.139
9.128
9.112
9.102
9.094
9.088
9.082
9.070
9.062
9.054
9.043
9.033
9.033
9.032
9.024
9.031
9.030
9.027
9.026
9.021
9.017
9.017
9.016
9.012
9.003
8.992
8.984
8.980
8.971
8.965
8.963
8.960
8.959
8.952
8.952
8.949
8.948
8.940
8.929
8.921
8.912
8.901
8.896
8.890
8.884
8.881
8.872
8.862
8.853
8.843
8.838
8.829
8.826
8.821
8.815
8.814
8.816
8.814
8.814
8.806
8.769
8.720
8.704
8.705
8.705
8.704
8.699
8.692
8.688
8.679
8.668
8.653
8.623
8.606
8.599
8.594
8.586
8.581
8.576
8.573
8.570
8.568
8.559
8.557
8.556
8.554
8.550
8.542
8.537
8.525
8.512
8.504
8.486
8.473
8.467
8.459
8.456
8.451
8.441
8.425
8.409
8.404
8.400
8.395
8.382
8.368
8.363
8.363
8.363
8.362
8.362
8.363
8.362
8.360
8.356
8.352
8.353
8.353
8.352
8.350
8.352
8.353
8.353
8.353
8.352
8.353
8.351
8.343
8.321
8.322
8.324
8.325
8.318
8.302
8.295
8.289
8.285
8.275
8.252
8.240
8.222
8.212
8.192
8.176
8.156
8.149
8.141
8.123
8.118
8.105
8.088
8.081
8.081
8.066
8.044
8.043
8.042
8.037
8.034
8.025
8.008
7.985
7.969
7.959
7.950
7.947
7.932
7.927
7.928
7.924
7.921
7.910
7.899
7.895
7.886
7.876
7.864
7.867
7.868
7.868
7.868
7.867
7.867
7.868
7.868
7.854
7.811
7.793
7.785
7.783
7.771
7.756
7.746
7.740
7.731
7.707
7.682
7.676
7.668
7.666
7.650
7.626
7.621
7.621
7.619
7.617
7.617
7.617
7.617
7.617
7.617
7.613
7.605
7.595
7.593
7.574
7.568
7.565
7.564
7.564
7.559
7.554
7.544
7.539
7.533
7.532
7.532
7.526
7.515
7.497
7.478
7.470
7.460
7.455
7.447
7.440
7.422
7.411
7.407
7.406
7.405
7.405
7.405
7.406
7.399
7.382
7.352
7.335
7.324
7.323
7.319
7.312
7.305
7.296
7.287
7.274
7.263
7.248
7.239
7.230
7.221
7.214
7.211
7.212
7.203
7.184
7.175
7.169
7.167
7.167
7.166
7.162
7.153
7.143
7.136
7.130
7.120
7.107
7.100
7.094
7.091
7.080
7.076
7.066
7.059
7.057
7.056
7.056
7.055
7.051
7.045
7.035
7.032
7.027
7.014
6.993
6.967
6.953
6.939
6.934
6.934
6.922
6.912
6.907
6.899
6.894
6.891
6.886
6.879
6.871
6.860
6.860
6.860
6.857
6.843
6.836
6.825
6.814
6.799
6.785
6.774
6.769
6.762
6.750
6.738
6.735
6.733
6.731
6.731
6.719
6.687
6.677
6.674
6.666
6.653
6.647
6.643
6.641
6.637
6.628
6.621
6.616
6.603
6.594
6.591
6.581
6.575
6.570
6.567
6.560
6.553
6.544
6.538
6.533
6.525
6.511
6.506
6.496
6.494
6.493
6.481
6.470
6.470
6.470
6.470
6.470
6.470
6.463
6.458
6.454
6.447
6.440
6.427
6.420
6.409
6.401
6.386
6.376
6.371
6.369
6.361
6.350
6.341
6.335
6.327
6.323
6.313
6.307
6.301
6.296
6.291
6.287
6.285
6.275
6.263
6.257
6.250
6.248
6.233
6.226
6.222
6.216
6.211
6.201
6.194
6.184
6.174
6.164
6.154
6.146
6.140
6.135
6.126
6.111
6.104
6.104
6.096
6.091
6.085
6.079
6.070
6.062
6.054
6.042
6.039
6.034
6.027
6.018
6.016
6.008
6.006
6.006
5.997
5.982
5.971
5.969
5.969
5.969
5.967
5.964
5.959
5.957
5.957
5.957
5.955
5.949
5.945
5.945
5.941
5.936
5.933
5.924
5.918
5.910
5.908
5.908
5.908
5.906
5.903
5.898
5.896
5.895
5.889
5.884
5.884
5.883
5.881
5.880
5.880
5.880
5.877
5.874
5.872
5.868
5.866
5.865
5.862
5.861
5.859
5.859
5.858
5.858
5.856
5.855
5.855
5.853
5.853
5.851
5.848
5.847
5.847
5.845
5.844
5.841
5.837
5.835
5.835
5.834
5.833
5.831
5.830
5.830
5.829
5.829
5.827
5.825
5.825
5.826
5.824
5.823
5.823
5.822
5.822
5.821
5.821
5.821
5.818
5.816
5.816
5.815
5.815
5.814
5.814
5.811
5.811
5.811
5.811
5.811
5.810
5.809
5.806
5.804
5.803
5.802
5.800
5.801
5.801
5.801
5.801
5.801
5.801
5.798
5.798
5.798
5.796
5.794
5.792
5.789
5.786
5.786
5.786
5.784
5.781
5.781
5.780
5.778
5.777
5.775
5.774
5.774
5.774
5.772
5.771
5.769
5.768
5.768
5.767
5.765
5.763
5.762
5.762
5.762
5.756
5.753
5.751
5.750
5.750
5.750
5.748
5.747
5.747
5.746
5.744
5.741
5.738
5.737
5.736
5.735
5.734
5.733
5.731
5.730
5.730
5.729
5.728
5.725
5.723
5.723
5.723
5.721
5.720
5.717
5.715
5.713
5.713
5.712
5.711
5.709
5.708
5.706
5.704
5.704
5.704
5.702
5.701
5.701
5.700
5.700
5.698
5.695
5.692
5.689
5.688
5.688
5.687
5.685
5.683
5.682
5.682
5.683
5.682
5.681
5.682
5.683
5.682
5.682
5.682
5.682
5.682
5.681
5.684
5.683
5.682
5.682
5.682
5.683
5.682
5.682
5.682
5.682
5.682
5.682
5.682
5.683
5.682
5.683
5.682
5.683
5.682
5.682
5.682
5.682
5.682
5.683
5.682
5.682
5.682
5.682
5.682
5.684
5.682
5.683
5.683
5.682
5.682
5.682
5.682
5.682
5.682
5.682
5.681
5.682
5.682
5.681
5.681
5.682
5.682
5.681
5.682
5.682
5.681
5.683
5.682
5.682
5.682
5.682
5.682
5.682
5.682
5.682
5.682
5.682
5.682
5.682
5.682
5.682
5.682
5.683
5.682
5.682
5.683
5.682
5.683
5.682
5.682
5.682
5.682
5.681
5.683
