2.608
2.611
2.613
2.625
2.627
2.637
2.628
2.625
2.626
2.627
2.621
2.631
2.647
2.646
2.645
2.647
2.626
2.623
2.618
2.619
2.617
2.648
2.649
2.650
2.649
2.633
2.620
2.618
2.614
2.622
2.615
2.629
2.621
2.624
2.653
2.618
2.620
2.629
2.627
2.618
2.653
2.654
2.652
2.652
2.636
2.623
2.629
2.620
2.618
2.626
2.620
2.620
2.624
2.653
2.625
2.627
2.628
2.627
2.628
2.659
2.659
2.655
2.659
2.640
2.630
2.625
2.642
2.629
2.634
2.659
2.659
2.655
2.659
2.628
2.629
2.629
2.633
2.627
2.636
2.635
2.636
2.650
2.631
2.628
2.628
2.630
2.629
2.645
2.658
2.661
2.660
2.658
2.624
2.628
2.632
2.620
2.625
2.628
2.626
2.632
2.637
2.629
2.624
2.627
2.629
2.627
2.645
2.654
2.655
2.657
2.653
2.619
2.627
2.624
2.627
2.623
2.649
2.651
2.651
2.652
2.634
2.617
2.620
2.617
2.612
2.613
2.614
2.613
2.618
2.641
2.608
2.613
2.613
2.613
2.609
2.642
2.638
2.623
2.597
2.612
2.604
2.609
2.600
2.592
2.594
2.590
2.597
2.592
2.626
2.591
2.594
2.601
2.593
2.597
2.617
2.582
2.587
2.583
2.588
2.595
2.593
2.588
2.588
2.604
2.586
2.597
2.585
2.579
2.572
2.579
2.579
2.577
2.579
2.579
2.578
2.579
2.596
2.571
2.578
2.577
2.574
2.580
2.585
2.573
2.570
2.563
2.575
2.562
2.566
2.566
2.551
2.556
2.559
2.554
2.555
2.578
2.549
2.574
2.558
2.552
2.553
2.571
2.547
2.546
2.541
2.537
2.551
2.542
2.544
2.541
2.544
2.546
2.528
2.531
2.530
2.539
2.532
2.531
2.529
2.528
2.529
2.528
2.528
2.537
2.525
2.527
2.528
2.525
2.523
2.526
2.553
2.553
2.553
2.551
2.522
2.516
2.518
2.503
2.526
2.504
2.510
2.506
2.514
2.525
2.501
2.504
2.514
2.499
2.512
2.530
2.527
2.530
2.526
2.505
2.491
2.494
2.488
2.490
2.513
2.523
2.521
2.519
2.506
2.485
2.479
2.481
2.477
2.478
2.478
2.478
2.480
2.511
2.473
2.477
2.478
2.478
2.477
2.495
2.505
2.500
2.502
2.490
2.473
2.467
2.465
2.449
2.457
2.455
2.461
2.453
2.482
2.454
2.456
2.455
2.452
2.451
2.475
2.478
2.483
2.478
2.468
2.456
2.438
2.437
2.434
2.433
2.430
2.439
2.471
2.468
2.431
2.435
2.438
2.430
2.427
2.432
2.428
2.427
2.449
2.437
2.427
2.427
2.427
2.427
2.442
2.454
2.454
2.453
2.449
2.419
2.417
2.419
2.408
2.419
2.414
2.406
2.410
2.430
2.412
2.408
2.422
2.416
2.405
2.425
2.433
2.431
2.432
2.419
2.397
2.386
2.384
2.390
2.388
2.401
2.395
2.414
2.422
2.385
2.405
2.385
2.396
2.377
2.388
2.381
2.380
2.405
2.393
2.379
2.377
2.381
2.377
2.394
2.407
2.408
2.408
2.406
2.375
2.374
2.377
2.363
2.369
2.371
2.373
2.377
2.375
2.362
2.375
2.373
2.374
2.377
2.384
2.391
2.391
2.388
2.388
2.366
2.362
2.367
2.361
2.354
2.375
2.381
2.381
2.381
2.360
2.354
2.339
2.338
2.356
2.344
2.340
2.341
2.353
2.372
2.342
2.347
2.337
2.341
2.342
2.365
2.365
2.368
2.365
2.361
2.331
2.326
2.330
2.323
2.331
2.326
2.328
2.324
2.357
2.324
2.337
2.333
2.337
2.319
2.354
2.351
2.351
2.354
2.337
2.322
2.311
2.317
2.317
2.311
2.320
2.324
2.342
2.339
2.315
2.310
2.311
2.312
2.317
2.300
2.305
2.299
2.328
2.306
2.302
2.315
2.308
2.297
2.326
2.331
2.331
2.329
2.321
2.300
2.298
2.294
2.287
2.285
2.283
2.279
2.282
2.312
2.285
2.300
2.278
2.282
2.284
2.301
2.284
2.276
2.276
2.281
2.276
2.275
2.277
2.276
2.289
2.276
2.275
2.291
2.279
2.272
2.276
2.274
2.271
2.275
2.274
2.274
2.276
2.286
2.263
2.274
2.272
2.279
2.275
2.286
2.268
2.275
2.263
2.261
2.263
2.264
2.266
2.256
2.254
2.254
2.254
2.257
2.260
2.259
2.259
2.258
2.258
2.261
2.273
2.260
2.249
2.259
2.247
2.251
2.271
2.252
2.251
2.241
2.269
2.249
2.248
2.231
2.234
2.256
2.251
2.245
2.246
2.249
2.248
2.248
2.240
2.271
2.246
2.242
2.243
2.243
2.240
2.258
2.272
2.280
2.242
2.233
2.249
2.245
2.244
2.233
2.245
2.251
2.236
2.236
2.263
2.247
2.235
2.248
2.241
2.240
2.262
2.273
2.272
2.271
2.264
2.245
2.235
2.228
2.231
2.249
2.269
2.268
2.268
2.268
2.232
2.233
2.228
2.228
2.244
2.225
2.226
2.228
2.250
2.250
2.231
2.231
2.227
2.230
2.241
2.264
2.262
2.264
2.264
2.225
2.237
2.236
2.225
2.235
2.225
2.223
2.239
2.240
2.235
2.226
2.225
2.225
2.240
2.245
2.260
2.259
2.259
2.255
2.223
2.227
2.212
2.225
2.225
2.223
2.226
2.252
2.255
2.236
2.225
2.232
2.221
2.225
2.232
2.225
2.225
2.222
2.258
2.222
2.223
2.224
2.224
2.233
2.255
2.256
2.255
2.255
2.236
2.224
2.220
2.225
2.217
2.220
2.222
2.220
2.215
2.247
2.225
2.228
2.225
2.223
2.221
2.250
2.252
2.253
2.252
2.236
2.233
2.211
2.212
2.214
2.214
2.211
2.214
2.251
2.250
2.230
2.226
2.222
2.197
2.217
2.216
2.212
2.212
2.231
2.235
2.215
2.219
2.224
2.215
2.221
2.249
2.248
2.248
2.244
2.209
2.213
2.212
2.204
2.208
2.209
2.210
2.210
2.223
2.222
2.213
2.214
2.210
2.215
2.224
2.244
2.243
2.243
2.236
2.220
2.216
2.212
2.212
2.215
2.240
2.241
2.243
2.242
2.214
2.214
2.214
2.206
2.216
2.221
2.200
2.215
2.221
2.233
2.207
2.205
2.205
2.209
2.221
2.237
2.237
2.239
2.233
2.199
2.202
2.203
2.195
2.199
2.205
2.211
2.205
2.201
2.223
2.218
2.206
2.218
2.202
2.208
2.234
2.232
2.230
2.233
2.202
2.204
2.217
2.201
2.201
2.227
2.236
2.198
2.202
2.212
2.211
2.215
2.198
2.192
2.195
2.201
2.191
2.210
2.223
2.207
2.211
2.207
2.197
2.204
2.220
2.209
2.193
2.178
2.190
2.203
2.196
2.196
2.196
2.189
2.188
2.192
2.191
2.219
2.188
2.195
2.195
2.196
2.209
2.220
2.204
2.185
2.205
2.195
2.212
2.200
2.192
2.187
2.194
2.190
2.193
2.222
2.188
2.193
2.191
2.198
2.203
2.208
2.196
2.208
2.192
2.210
2.194
2.188
2.194
2.180
2.187
2.197
2.197
2.187
2.181
2.182
2.202
2.187
2.185
2.177
2.179
2.183
2.182
2.192
2.199
2.191
2.189
2.208
2.187
2.193
2.206
2.184
2.179
2.189
2.186
2.195
2.187
2.185
2.184
2.194
2.198
2.177
2.181
2.176
2.182
2.188
2.193
2.182
2.194
2.200
2.193
2.183
2.203
2.202
2.181
2.186
2.188
2.184
2.204
2.218
2.216
2.217
2.218
2.187
2.182
2.187
2.180
2.186
2.178
2.185
2.183
2.197
2.194
2.180
2.181
2.182
2.197
2.195
2.218
2.218
2.215
2.216
2.185
2.185
2.178
2.178
2.180
2.218
2.220
2.218
2.216
2.193
2.177
2.179
2.178
2.185
2.184
2.185
2.178
2.195
2.215
2.182
2.179
2.177
2.178
2.184
2.214
2.217
2.214
2.214
2.201
2.185
2.181
2.178
2.172
2.174
2.174
2.174
2.174
2.212
2.175
2.174
2.180
2.182
2.174
2.200
2.216
2.215
2.215
2.194
2.174
2.171
2.174
2.180
2.187
2.189
2.193
2.213
2.216
2.184
2.186
2.184
2.187
2.195
2.181
2.182
2.192
2.203
2.198
2.177
2.185
2.204
2.191
2.201
2.211
2.213
2.213
2.211
2.197
2.186
2.192
2.174
2.177
2.177
2.176
2.181
2.193
2.190
2.174
2.185
2.183
2.175
2.200
2.207
2.211
2.208
2.203
2.185
2.180
2.166
2.175
2.175
2.179
2.176
2.174
2.179
2.175
2.177
2.177
2.176
2.175
2.174
2.176
2.177
2.192
2.200
2.179
2.180
2.182
2.181
2.178
2.199
2.204
2.204
2.203
2.185
2.199
2.202
2.188
2.189
2.201
2.199
2.202
2.199
2.200
2.186
2.201
2.199
2.199
2.200
2.199
2.196
2.198
2.195
2.178
2.183
2.180
2.185
2.161
2.167
2.160
2.167
2.196
2.196
2.162
2.152
2.166
2.147
2.164
2.164
2.163
2.162
2.182
2.173
2.159
2.174
2.162
2.163
2.169
2.190
2.194
2.188
2.189
2.164
2.159
2.159
2.147
2.152
2.149
2.150
2.168
2.164
2.167
2.152
2.167
2.170
2.160
2.169
2.187
2.186
2.189
2.186
2.169
2.168
2.170
2.173
2.169
2.182
2.187
2.187
2.163
2.152
2.156
2.164
2.160
2.158
2.149
2.164
2.152
2.170
2.174
2.157
2.155
2.154
2.170
2.158
2.174
2.153
2.170
2.163
2.168
2.171
2.169
2.165
2.162
2.164
2.164
2.167
2.161
2.177
2.167
2.169
2.173
2.166
2.165
2.165
2.160
2.169
2.170
2.162
2.160
2.150
2.161
2.159
2.154
2.160
2.181
2.163
2.135
2.138
2.161
2.161
2.153
2.160
2.150
2.155
2.164
2.182
2.165
2.156
2.162
2.162
2.168
2.170
2.161
2.156
2.148
2.150
2.163
2.157
2.158
2.151
2.163
2.150
2.158
2.157
2.156
2.167
2.149
2.174
2.164
2.166
2.181
2.134
2.159
2.173
2.158
2.170
2.174
2.162
2.162
2.167
2.166
2.157
2.161
2.169
2.162
2.163
2.172
2.162
2.168
2.165
2.167
2.174
2.181
2.181
2.165
2.168
2.171
2.171
2.181
2.198
2.198
2.200
2.197
2.172
2.176
2.171
2.160
2.168
2.174
2.166
2.170
2.180
2.191
2.174
2.178
2.180
2.174
2.192
2.202
2.205
2.199
2.199
2.180
2.174
2.174
2.180
2.174
2.196
2.207
2.204
2.208
2.181
2.176
2.183
2.174
2.181
2.174
2.174
2.174
2.184
2.202
2.160
2.174
2.174
2.174
2.174
2.190
2.209
2.212
2.211
2.178
2.194
2.174
2.170
2.174
2.174
2.177
2.174
2.187
2.201
2.175
2.175
2.194
2.186
2.188
2.214
2.213
2.215
2.213
2.199
2.179
2.175
2.175
2.181
2.184
2.177
2.207
2.213
2.193
2.181
2.194
2.196
2.185
2.184
2.197
2.186
2.194
2.217
2.180
2.179
2.195
2.185
2.181
2.205
2.221
2.219
2.219
2.206
2.183
2.193
2.184
2.176
2.183
2.179
2.180
2.175
2.213
2.189
2.203
2.192
2.188
2.188
2.217
2.220
2.216
2.224
2.217
2.200
2.203
2.184
2.194
2.181
2.191
2.189
2.224
2.226
2.206
2.192
2.195
2.188
2.174
2.196
2.192
2.189
2.195
2.221
2.209
2.197
2.194
2.194
2.210
2.226
2.228
2.230
2.226
2.212
2.196
2.190
2.200
2.184
2.190
2.190
2.189
2.194
2.231
2.201
2.198
2.201
2.203
2.197
2.233
2.231
2.234
2.234
2.218
2.203
2.201
2.202
2.200
2.226
2.236
2.230
2.198
2.205
2.205
2.203
2.203
2.194
2.217
2.201
2.215
2.215
2.223
2.200
2.220
2.208
2.211
2.207
2.226
2.198
2.200
2.199
2.198
2.211
2.208
2.208
2.192
2.199
2.206
2.201
2.218
2.229
2.204
2.209
2.224
2.231
2.228
2.239
2.233
2.238
2.209
2.207
2.213
2.226
2.189
2.191
2.221
2.211
2.205
2.209
2.216
2.148
2.155
2.116
2.149
2.155
2.182
2.217
2.222
2.222
2.207
2.212
2.219
2.214
2.216
2.226
2.234
2.213
2.212
2.210
2.217
2.221
2.216
2.216
2.213
2.211
2.207
2.209
2.212
2.228
2.217
2.213
2.217
2.220
2.213
2.217
2.211
2.219
2.214
2.211
2.222
2.205
2.217
2.215
2.214
2.216
2.221
2.244
2.242
2.243
2.250
2.244
2.249
2.249
2.250
2.250
2.248
2.248
2.230
2.251
2.249
2.254
2.247
2.227
2.252
2.249
2.249
2.230
2.244
2.222
2.209
2.221
2.223
2.223
2.220
2.220
2.238
2.222
2.221
2.224
2.217
2.222
2.228
2.221
2.225
2.221
2.207
2.208
2.214
2.222
2.223
2.243
2.216
2.213
2.223
2.228
2.224
2.233
2.221
2.222
2.224
2.220
2.224
2.219
2.250
2.219
2.220
2.219
2.226
2.220
2.250
2.251
2.251
2.252
2.227
2.222
2.225
2.223
2.214
2.221
2.211
2.216
2.211
2.235
2.225
2.222
2.225
2.225
2.226
2.251
2.253
2.253
2.251
2.231
2.222
2.215
2.224
2.230
2.224
2.225
2.221
2.253
2.239
2.227
2.220
2.222
2.218
2.222
2.222
2.217
2.217
2.249
2.219
2.220
2.223
2.222
2.220
2.246
2.253
2.253
2.253
2.243
2.220
2.230
2.218
2.208
2.219
2.222
2.214
2.223
2.250
2.224
2.225
2.225
2.226
2.219
2.255
2.249
2.255
2.253
2.248
2.228
2.219
2.213
2.217
2.221
2.219
2.221
2.236
2.253
2.229
2.223
2.222
2.216
2.225
2.225
2.223
2.224
2.240
2.238
2.225
2.225
2.230
2.225
2.243
2.257
2.254
2.256
2.257
2.232
2.229
2.226
2.212
2.214
2.223
2.228
2.222
2.239
2.234
2.231
2.225
2.225
2.225
2.245
2.260
2.260
2.258
2.250
2.225
2.221
2.220
2.225
2.223
2.224
2.229
2.258
2.259
2.225
2.225
2.225
2.224
2.226
2.225
2.225
2.226
2.248
2.241
2.228
2.225
2.225
2.233
2.246
2.260
2.262
2.259
2.258
2.230
2.231
2.226
2.221
2.213
2.213
2.223
2.225
2.235
2.246
2.225
2.233
2.221
2.223
2.238
2.260
2.263
2.261
2.263
2.238
2.227
2.228
2.225
2.225
2.225
2.225
2.264
2.265
2.252
2.225
2.231
2.231
2.236
2.239
2.244
2.226
2.226
2.264
2.225
2.225
2.231
2.227
2.234
2.261
2.266
2.267
2.270
2.244
2.243
2.239
2.229
2.228
2.226
2.230
2.229
2.233
2.265
2.234
2.248
2.234
2.235
2.233
2.265
2.267
2.269
2.271
2.252
2.250
2.227
2.251
2.236
2.256
2.243
2.257
2.268
2.268
2.244
2.234
2.232
2.231
2.253
2.230
2.232
2.233
2.268
2.243
2.239
2.241
2.237
2.241
2.264
2.272
2.236
2.240
2.251
2.240
2.241
2.236
2.239
2.232
2.240
2.233
2.251
2.267
2.247
2.257
2.250
2.258
2.244
2.266
2.234
2.237
2.239
2.257
2.248
2.234
2.244
2.248
2.263
2.247
2.257
2.246
2.250
2.245
2.242
2.252
2.248
2.260
2.254
2.249
2.238
2.244
2.249
2.247
2.245
2.252
2.244
2.246
2.255
2.263
2.267
2.247
2.257
2.265
2.253
2.253
2.247
2.240
2.247
2.243
2.268
2.264
2.247
2.262
2.250
2.246
2.271
2.242
2.243
2.253
2.261
2.251
2.257
2.252
2.245
2.272
2.247
2.247
2.250
2.261
2.262
2.247
2.251
2.267
2.262
2.274
2.255
2.247
2.235
2.251
2.257
2.250
2.252
2.249
2.248
2.246
2.253
2.263
2.287
2.250
2.260
2.246
2.249
2.248
2.247
2.243
2.244
2.245
2.242
2.249
2.250
2.251
2.250
2.273
2.284
2.282
2.281
2.270
2.253
2.252
2.248
2.247
2.260
2.278
2.283
2.283
2.283
2.247
2.267
2.249
2.248
2.253
2.279
2.281
2.283
2.280
2.270
2.254
2.253
2.245
2.241
2.249
2.248
2.247
2.257
2.280
2.246
2.252
2.262
2.260
2.266
2.253
2.264
2.265
2.265
2.256
2.261
2.260
2.269
2.250
2.268
2.278
2.282
2.280
2.272
2.263
2.256
2.250
