10.003
10.008
10.008
10.016
10.020
10.023
10.027
10.029
10.032
10.037
10.040
10.043
10.046
10.051
10.055
10.056
10.060
10.063
10.067
10.073
10.074
10.077
10.081
10.083
10.086
10.089
10.092
10.098
10.101
10.104
10.109
10.115
10.120
10.123
10.126
10.131
10.136
10.140
10.146
10.150
10.155
10.160
10.164
10.168
10.175
10.176
10.183
10.189
10.197
10.200
10.205
10.208
10.213
10.218
10.222
10.227
10.233
10.234
10.238
10.243
10.248
10.256
10.260
10.261
10.265
10.269
10.274
10.279
10.282
10.287
10.290
10.298
10.294
10.302
10.306
10.309
10.311
10.317
10.320
10.325
10.328
10.331
10.332
10.339
10.338
10.341
10.347
10.351
10.355
10.358
10.360
10.363
10.366
10.368
10.374
10.375
10.381
10.383
10.384
10.387
10.388
10.392
10.393
10.395
10.395
10.399
10.403
10.405
10.408
10.409
10.413
10.416
10.416
10.418
10.420
10.421
10.425
10.427
10.429
10.431
10.431
10.434
10.436
10.437
10.437
10.439
10.443
10.444
10.446
10.446
10.450
10.453
10.456
10.454
10.457
10.457
10.461
10.461
10.464
10.464
10.464
10.464
10.468
10.471
10.475
10.476
10.475
10.476
10.476
10.477
10.478
10.479
10.483
10.483
10.483
10.487
10.486
10.485
10.489
10.491
10.491
10.492
10.494
10.494
10.493
10.497
10.497
10.498
10.497
10.500
10.500
10.503
10.502
10.502
10.504
10.504
10.507
10.507
10.507
10.509
10.507
10.511
10.513
10.511
10.512
10.514
10.512
10.511
10.515
10.514
10.513
10.519
10.518
10.517
10.518
10.519
10.520
10.518
10.521
10.517
10.522
10.523
10.525
10.523
10.523
10.525
10.527
10.527
10.525
10.527
10.527
10.526
10.526
10.531
10.529
10.529
10.529
10.528
10.530
10.530
10.530
10.530
10.530
10.531
10.532
10.531
10.533
10.532
10.533
10.534
10.534
10.535
10.536
10.533
10.536
10.532
10.535
10.536
10.538
10.537
10.536
10.538
10.537
10.537
10.539
10.537
10.540
10.540
10.540
10.538
10.540
10.540
10.541
10.541
10.542
10.542
10.543
10.542
10.543
10.540
10.540
10.544
10.546
10.542
10.543
10.540
10.544
10.544
10.544
10.545
10.545
10.545
10.546
10.545
10.545
10.546
10.544
10.544
10.547
10.548
10.545
10.545
10.547
10.548
10.548
10.549
10.547
10.547
10.549
10.548
10.547
10.550
10.547
10.549
10.549
10.548
10.546
10.550
10.548
10.549
10.551
10.550
10.550
10.550
10.551
10.551
10.552
10.554
10.553
10.551
10.551
10.550
10.551
10.552
10.552
10.551
10.550
10.549
10.551
10.553
10.553
10.554
10.555
10.553
10.556
10.552
10.554
10.554
10.556
10.552
10.552
10.554
10.554
10.558
10.555
10.557
10.556
10.554
10.554
10.556
10.556
10.557
10.557
10.556
10.556
10.556
10.558
10.556
10.557
10.555
10.556
10.556
10.558
10.557
10.558
10.556
10.558
10.558
10.555
10.556
10.554
10.557
10.557
10.557
10.557
10.555
10.562
10.561
10.558
10.558
10.559
10.556
10.557
10.560
10.559
10.559
10.560
10.558
10.558
10.558
10.556
10.556
10.559
10.561
10.559
10.561
10.560
10.559
10.557
10.557
10.556
10.557
10.561
10.561
10.561
10.563
10.560
10.558
10.559
10.561
10.561
10.560
10.559
10.563
10.560
10.559
10.560
10.561
10.560
10.563
10.559
10.562
10.561
10.561
10.563
10.562
10.559
10.560
10.558
10.558
10.560
10.564
10.563
10.561
10.563
10.561
10.561
10.560
10.562
10.562
10.562
10.561
10.563
10.564
10.562
10.562
10.561
10.562
10.563
10.563
10.566
10.564
10.563
10.564
10.566
10.563
10.563
10.565
10.563
10.564
10.565
10.564
10.565
10.565
10.564
10.564
10.565
10.564
10.564
10.567
10.565
10.566
10.564
10.566
10.567
10.565
10.565
10.564
10.565
10.566
10.566
10.566
10.568
10.567
10.565
10.569
10.567
10.567
10.567
10.568
10.566
10.569
10.567
10.568
10.567
10.566
10.566
10.568
10.566
10.567
10.568
10.568
10.566
10.569
10.567
10.566
10.570
10.567
10.569
10.569
10.569
10.565
10.571
10.569
10.570
10.567
10.569
10.569
10.568
10.569
10.570
10.567
10.569
10.568
10.567
10.569
10.568
10.570
10.571
10.572
10.568
10.567
10.569
10.568
10.569
10.571
10.572
10.572
10.569
10.571
10.571
10.572
10.572
10.572
10.573
10.571
10.571
10.574
10.572
10.571
10.572
10.569
10.569
10.572
10.570
10.570
10.570
10.571
10.572
10.570
10.571
10.572
10.572
10.571
10.572
10.573
10.572
10.570
10.573
10.574
10.571
10.569
10.572
10.571
10.572
10.572
10.573
10.573
10.570
10.570
10.573
10.572
10.572
10.574
10.573
10.573
10.572
10.573
10.574
10.575
10.573
10.574
10.573
10.573
10.573
10.576
10.573
10.574
10.575
10.576
10.574
10.576
10.573
10.574
10.576
10.574
10.574
10.576
10.574
10.574
10.573
10.575
10.574
10.577
10.576
10.576
10.576
10.576
10.574
10.575
10.576
10.575
10.578
10.576
10.574
10.576
10.576
10.577
10.577
10.575
10.574
10.576
10.577
10.577
10.576
10.576
10.578
10.575
10.578
10.577
10.578
10.581
10.578
10.580
10.577
10.579
10.580
10.578
10.579
10.579
10.581
10.579
10.578
10.581
10.581
10.581
10.579
10.579
10.581
10.583
10.582
10.584
10.579
10.583
10.583
10.583
10.581
10.585
10.584
10.581
10.583
10.583
10.583
10.582
10.585
10.583
10.588
10.583
10.584
10.581
10.585
10.584
10.584
10.583
10.585
10.584
10.588
10.586
10.583
10.587
10.586
10.588
10.589
10.585
10.587
10.587
10.587
10.587
10.588
10.586
10.590
10.589
10.587
10.592
10.588
10.588
10.586
10.590
10.587
10.590
10.588
10.588
10.591
10.587
10.591
10.589
10.590
10.590
10.587
10.591
10.591
10.590
10.594
10.591
10.592
10.592
10.591
10.591
10.590
10.593
10.594
10.595
10.594
10.594
10.594
10.594
10.594
10.594
10.596
10.594
10.597
10.594
10.596
10.594
10.595
10.596
10.597
10.596
10.597
10.596
10.598
10.596
10.597
10.599
10.599
10.597
10.600
10.599
10.597
10.598
10.599
10.597
10.599
10.601
10.601
10.599
10.602
10.600
10.600
10.600
10.601
10.601
10.601
10.604
10.603
10.601
10.603
10.602
10.600
10.603
10.602
10.601
10.605
10.603
10.605
10.604
10.605
10.607
10.605
10.605
10.606
10.605
10.606
10.608
10.606
10.607
10.604
10.607
10.606
10.606
10.605
10.607
10.608
10.610
10.607
10.607
10.606
10.608
10.607
10.607
10.607
10.608
10.609
10.609
10.610
10.610
10.610
10.607
10.607
10.613
10.612
10.612
10.613
10.610
10.611
10.612
10.613
10.610
10.611
10.613
10.612
10.613
10.614
10.615
10.613
10.612
10.614
10.613
10.613
10.616
10.617
10.614
10.615
10.615
10.615
10.616
10.616
10.615
10.616
10.618
10.616
10.617
10.617
10.617
10.619
10.618
10.619
10.621
10.619
10.618
10.618
10.619
10.619
10.617
10.620
10.619
10.619
10.621
10.619
10.617
10.617
10.618
10.617
10.617
10.616
10.618
10.617
10.618
10.616
10.615
10.614
10.615
10.615
10.615
10.616
10.617
10.615
10.615
10.616
10.614
10.614
10.615
10.615
10.614
10.615
10.615
10.612
10.615
10.616
10.615
10.611
10.615
10.616
10.612
10.610
10.613
10.614
10.613
10.612
10.615
10.613
10.614
10.613
10.613
10.612
10.615
10.613
10.612
10.614
10.614
10.612
10.612
10.614
10.612
10.613
10.612
10.613
10.612
10.613
10.612
10.611
10.612
10.611
10.610
10.613
10.611
10.614
10.612
10.612
10.611
10.611
10.612
10.609
10.612
10.612
10.612
10.612
10.613
10.611
10.610
10.611
10.611
10.610
10.611
10.611
10.612
10.612
10.611
10.611
10.612
10.610
10.610
10.611
10.613
10.611
10.611
10.615
10.613
10.612
10.611
10.613
10.613
10.616
10.613
10.612
10.612
10.613
10.614
10.611
10.614
10.614
10.616
10.611
10.615
10.614
10.614
10.614
10.615
10.615
10.616
10.616
10.614
10.613
10.616
10.614
10.613
10.617
10.615
10.616
10.614
10.616
10.614
10.615
10.614
10.615
10.613
10.617
10.616
10.614
10.616
10.615
10.615
10.615
10.616
10.616
10.616
10.614
10.617
10.615
10.616
10.614
10.615
10.617
10.618
10.618
10.616
10.617
10.619
10.616
10.616
10.616
10.616
10.618
10.616
10.618
10.617
10.618
10.616
10.616
10.618
10.615
10.617
10.618
10.617
10.617
10.619
10.618
10.616
10.618
10.616
10.618
10.618
10.618
10.618
10.617
10.618
10.616
10.617
10.614
10.617
10.615
10.617
10.617
10.616
10.616
10.614
10.618
10.616
10.618
10.616
10.615
10.620
10.618
10.614
10.616
10.619
10.616
10.617
10.617
10.617
10.616
10.619
10.618
10.616
10.617
10.618
10.616
10.617
10.617
10.617
10.616
10.618
10.618
10.618
10.617
10.616
10.615
10.618
10.617
10.616
10.616
10.617
10.616
10.616
10.617
10.616
10.616
10.614
10.617
10.617
10.616
10.618
10.615
10.616
10.617
10.618
10.619
10.615
10.617
10.617
10.618
10.615
10.618
10.618
10.617
10.618
10.616
10.617
10.616
10.617
10.617
10.617
10.617
10.617
10.618
10.619
10.620
10.618
10.619
10.618
10.618
10.619
10.620
10.620
10.619
10.619
10.622
10.621
10.620
10.619
10.616
10.620
10.617
10.620
10.622
10.619
10.620
10.620
10.616
10.621
10.619
10.619
10.620
10.618
10.621
10.621
10.619
10.620
10.623
10.623
10.620
10.623
10.621
10.624
10.622
10.622
10.623
10.621
10.622
10.620
10.622
10.622
10.621
10.624
10.622
10.625
10.624
10.629
10.625
10.622
10.625
10.625
10.622
10.624
10.627
10.624
10.628
10.626
10.627
10.628
10.625
10.625
10.627
10.626
10.626
10.628
10.624
10.627
10.630
10.626
10.627
10.627
10.629
10.627
10.630
10.629
10.629
10.629
10.629
10.630
10.629
10.629
10.630
10.631
10.626
10.631
10.631
10.629
10.630
10.630
10.631
10.633
10.629
10.631
10.633
10.631
10.633
10.631
10.633
10.631
10.630
10.634
10.632
10.633
10.633
10.634
10.632
10.635
10.635
10.633
10.636
10.638
10.632
10.633
10.635
10.638
10.638
10.636
10.637
10.638
10.637
10.637
10.637
10.640
10.638
10.637
10.639
10.638
10.637
10.638
10.639
10.639
10.641
10.641
10.637
10.640
10.638
10.641
10.641
10.641
10.640
10.641
10.644
10.642
10.643
10.642
10.642
10.640
10.642
10.643
10.642
10.644
10.647
10.645
10.641
10.644
10.644
10.643
10.650
10.649
10.647
10.644
10.648
10.645
10.644
10.648
10.643
10.647
10.648
10.648
10.648
10.650
10.650
10.651
10.652
10.650
10.649
10.654
10.653
10.650
10.651
10.650
10.647
10.652
10.651
10.650
10.653
10.654
10.654
10.655
10.653
10.655
10.655
10.654
10.649
10.647
10.652
10.655
10.653
10.656
10.655
10.652
10.652
10.653
10.653
10.652
10.655
10.656
10.657
10.657
10.657
10.654
10.658
10.655
10.654
10.658
10.657
10.659
10.659
10.660
10.661
10.658
10.660
10.660
10.658
10.661
10.662
10.660
10.661
10.660
10.660
10.662
10.661
10.660
10.661
10.663
10.664
10.663
10.664
10.664
10.665
10.663
10.664
10.666
10.667
10.664
10.666
10.664
10.666
10.666
10.664
10.667
10.668
10.667
10.668
10.666
10.667
10.667
10.666
10.667
10.667
10.668
10.669
10.669
10.668
10.670
10.668
10.670
10.670
10.672
10.670
10.672
10.672
10.671
10.671
10.671
10.672
10.670
10.673
10.672
10.673
10.673
10.670
10.673
10.673
10.673
10.675
10.674
10.675
10.673
10.676
10.676
10.674
10.677
10.675
10.678
10.674
10.677
10.676
10.678
10.678
10.674
10.679
10.679
10.680
10.679
10.678
10.679
10.680
10.680
10.678
10.680
10.680
10.680
10.680
10.679
10.677
10.679
10.679
10.678
10.683
10.681
10.680
10.682
10.681
10.680
10.681
10.684
10.683
10.682
10.684
10.683
10.680
10.685
10.682
10.682
10.683
10.682
10.684
10.684
10.685
10.684
10.685
10.684
10.684
10.682
10.685
10.684
10.686
10.686
10.686
10.685
10.688
10.688
10.685
10.687
10.688
10.688
10.690
10.689
10.691
10.687
10.691
10.687
10.688
10.687
10.687
10.689
10.690
10.692
10.691
10.689
10.692
10.691
10.692
10.690
10.689
10.692
10.690
10.691
10.693
10.691
10.693
10.690
10.691
10.690
10.689
10.693
10.692
10.694
10.693
10.693
10.691
10.694
10.692
10.694
10.695
10.694
10.696
10.696
10.696
10.694
10.695
10.693
10.694
10.696
10.698
10.695
10.696
10.698
10.696
10.695
10.696
10.696
10.697
10.698
10.697
10.702
10.696
10.700
10.697
10.697
10.698
10.699
10.699
10.699
10.698
10.699
10.699
10.698
10.700
10.699
10.700
10.698
10.699
10.701
10.702
10.700
10.701
10.698
10.700
10.699
10.701
10.699
10.703
10.702
10.704
10.703
10.703
10.701
10.701
10.703
10.702
10.702
10.704
10.703
10.703
10.703
10.701
10.706
10.707
10.704
10.706
10.704
10.705
10.705
10.705
10.704
10.706
10.705
10.705
10.706
10.705
10.705
10.704
10.706
10.704
10.704
10.707
10.703
10.707
10.706
10.707
10.707
10.707
10.707
10.707
10.706
10.706
10.705
10.709
10.707
10.706
10.707
10.709
10.708
10.709
10.710
10.711
10.710
10.709
10.711
10.711
10.711
10.711
10.708
10.712
10.711
10.711
10.711
10.712
10.712
10.713
10.713
10.712
10.712
10.713
10.711
10.710
10.714
10.714
10.713
10.715
10.712
10.713
10.714
10.714
10.713
10.713
10.714
10.714
10.712
10.714
10.715
10.711
10.714
10.715
10.715
10.714
10.717
10.715
10.715
10.716
10.716
10.715
10.715
10.715
10.715
10.715
10.715
10.717
10.716
10.717
10.715
10.718
10.718
10.720
10.719
10.716
10.715
10.718
10.718
10.720
10.719
10.719
10.721
10.722
10.720
10.722
10.719
10.719
10.720
10.721
10.719
10.721
10.719
10.720
10.723
10.720
10.720
10.721
10.720
10.719
10.723
10.723
10.722
10.724
10.722
10.720
10.724
10.721
10.721
10.726
10.724
10.722
10.724
10.725
10.724
10.723
10.721
10.724
10.726
10.724
10.725
10.724
10.723
10.724
10.726
10.726
10.725
10.726
10.727
10.726
10.726
10.727
10.728
10.725
10.727
10.727
10.724
10.725
10.725
10.729
10.726
10.728
10.726
10.728
10.727
10.728
10.728
10.729
10.730
10.729
10.730
10.728
10.730
10.730
10.728
10.733
10.731
10.731
10.730
10.730
10.729
10.733
10.729
10.729
10.729
10.728
10.730
10.730
10.730
10.729
10.728
10.730
10.733
10.732
10.731
10.731
10.732
10.727
10.731
10.733
10.731
10.732
10.734
10.732
10.733
10.735
10.733
10.733
10.733
10.731
10.735
10.735
10.734
10.734
10.731
10.735
10.733
10.733
10.731
10.736
10.735
10.736
10.737
10.735
10.738
10.737
10.737
10.738
10.734
10.737
10.740
10.737
10.737
10.736
10.736
10.737
10.737
10.736
10.739
10.735
10.739
10.740
10.737
10.735
10.737
10.736
10.735
10.740
10.740
10.740
10.740
10.741
10.739
10.736
10.739
10.737
10.738
10.740
10.739
10.740
10.739
10.741
10.738
10.738
10.739
10.740
10.740
10.740
10.741
10.742
10.743
10.743
10.739
10.742
10.740
10.743
10.745
10.741
10.741
10.743
10.744
10.743
10.744
10.741
10.743
10.743
10.746
10.743
10.743
10.743
10.744
10.743
10.744
10.741
10.742
10.745
10.744
10.744
10.745
10.746
10.745
10.746
10.746
10.746
10.745
10.747
10.747
10.747
10.746
10.750
10.746
10.743
10.746
10.747
10.745
10.746
10.746
10.747
10.747
10.745
10.748
10.747
10.746
10.745
10.747
10.748
10.748
10.749
10.748
10.746
10.750
10.748
10.746
10.750
10.751
10.750
10.750
10.751
10.749
10.749
10.750
10.748
10.751
10.750
10.749
10.748
10.751
10.750
10.752
10.753
10.751
10.753
10.753
10.752
10.751
10.753
10.753
10.750
10.752
10.751
10.752
10.752
10.753
10.753
10.754
10.753
10.754
10.752
10.751
10.752
10.753
10.751
10.753
10.754
10.754
10.753
10.754
10.756
10.756
10.754
10.755
10.755
10.754
10.755
10.755
10.756
10.754
10.756
10.756
10.754
10.755
10.758
10.756
10.756
10.756
10.758
10.755
10.759
10.757
10.758
10.756
10.757
10.757
10.758
10.759
10.757
10.757
10.758
10.758
10.757
10.759
10.759
10.757
10.758
10.758
10.758
10.758
10.757
10.758
10.761
10.762
10.762
10.758
10.757
10.761
10.759
10.757
10.760
10.759
10.759
10.760
10.761
10.763
10.759
10.760
10.760
10.758
10.761
10.761
10.761
10.763
10.761
10.761
10.760
10.765
10.761
10.762
10.761
10.762
10.760
10.762
10.763
10.761
10.760
10.764
10.763
10.765
10.764
10.761
10.763
10.764
10.764
10.764
10.764
10.764
10.764
10.764
10.763
10.764
10.765
10.764
10.765
10.765
10.764
10.764
10.765
10.764
10.767
10.764
10.766
10.764
10.764
10.765
10.765
10.763
10.766
10.766
10.766
10.766
10.766
10.766
10.765
10.768
10.766
10.767
10.765
10.768
10.766
10.768
10.766
10.767
10.767
10.768
10.770
10.765
10.770
10.767
10.767
10.770
10.769
10.769
10.771
10.770
10.769
10.770
10.771
10.771
10.769
10.767
10.766
10.771
10.774
10.770
10.768
10.772
10.774
10.772
10.771
10.770
10.773
10.775
10.773
10.772
10.770
10.771
10.771
10.773
10.772
10.771
10.772
10.772
10.772
10.774
10.774
10.772
10.773
10.773
10.772
10.772
10.773
10.770
10.775
10.775
10.774
10.775
10.773
10.776
10.773
10.771
10.774
10.774
10.775
10.776
10.772
10.775
10.776
10.778
10.774
10.778
10.779
10.778
10.776
10.777
10.777
10.778
10.779
10.780
10.778
10.776
10.776
10.776
10.778
10.780
10.779
10.779
10.778
10.778
10.780
10.779
10.778
10.777
10.776
10.780
10.781
10.778
10.776
10.778
10.779
10.781
10.781
10.779
10.781
10.782
10.782
10.782
10.779
10.779
10.779
10.778
10.779
10.781
10.782
10.783
10.783
10.783
10.780
10.779
10.780
10.779
10.782
10.783
10.782
10.783
10.784
10.784
10.782
10.781
10.780
10.783
10.784
10.785
10.785
10.782
10.781
10.784
10.784
10.783
10.782
10.783
10.783
10.783
10.783
10.783
10.784
10.783
10.785
10.784
10.784
10.786
10.785
10.784
10.786
10.785
10.783
10.782
10.785
10.784
10.784
10.788
10.784
10.786
10.786
10.785
10.784
10.784
10.784
10.785
10.786
10.786
10.787
10.785
10.789
10.787
10.790
10.783
10.786
10.789
10.786
10.788
10.790
10.788
10.790
10.788
10.788
10.789
10.785
10.788
10.787
10.789
10.788
10.789
10.787
10.785
10.787
10.788
10.787
10.790
10.788
10.791
10.791
10.789
10.787
10.790
10.790
10.791
10.790
10.791
10.790
10.792
10.792
10.792
10.788
10.788
10.791
10.790
10.791
10.792
10.791
10.795
10.793
10.791
10.791
10.793
10.790
10.791
10.792
10.794
10.791
10.792
10.794
10.796
10.793
10.791
10.794
10.793
10.794
10.793
10.792
10.792
10.793
10.793
10.795
10.793
10.795
10.793
10.794
10.795
10.795
10.795
10.794
10.795
10.796
10.795
10.794
10.794
10.795
10.794
10.795
10.794
10.797
10.794
10.796
10.796
10.797
10.796
10.795
10.794
10.793
10.798
10.797
10.797
10.797
10.798
10.797
10.799
10.796
10.796
10.796
10.796
10.797
10.799
10.798
10.798
10.795
10.797
10.800
10.800
10.797
10.798
10.799
10.799
10.800
10.798
10.799
10.798
10.797
10.799
10.802
10.800
10.799
10.802
10.801
10.799
10.800
10.800
10.800
10.800
10.799
10.800
10.801
10.801
10.800
10.802
10.802
10.800
10.801
10.801
10.800
10.802
10.802
10.801
10.803
10.803
10.803
10.804
10.804
10.805
10.803
10.804
10.802
10.805
10.800
10.802
10.801
10.803
10.803
10.804
10.804
10.801
10.805
10.802
10.803
10.805
10.804
10.801
10.803
10.803
10.802
10.805
10.804
10.806
10.804
10.805
10.803
10.804
10.805
10.806
10.804
10.807
10.804
10.804
10.803
10.806
10.804
10.807
10.808
10.804
10.804
10.806
10.807
10.804
10.807
10.807
10.807
10.808
10.808
10.809
10.806
10.809
10.807
10.810
10.808
10.806
10.808
10.806
10.808
10.808
10.810
10.806
10.809
10.809
10.809
10.809
10.809
10.808
10.809
10.809
10.808
10.810
10.808
10.810
10.809
10.811
10.809
10.809
10.809
10.811
10.809
10.810
10.811
10.812
10.812
10.811
10.810
10.812
10.813
10.815
10.813
10.813
10.811
10.811
10.812
10.814
10.812
10.815
10.813
10.812
10.813
10.813
10.814
10.812
10.813
10.813
10.812
10.815
10.815
10.816
10.816
10.815
10.813
10.814
10.814
10.814
10.811
10.812
10.814
10.815
10.815
10.815
10.815
10.817
10.816
10.815
10.814
10.816
10.818
10.817
10.814
10.817
10.811
10.817
10.817
10.818
10.817
10.818
10.820
10.814
10.819
10.818
10.818
10.817
10.817
10.819
10.816
10.817
10.819
10.819
10.818
10.818
10.820
10.822
10.818
10.821
10.816
10.820
10.818
10.821
10.817
10.818
10.820
10.821
10.819
10.818
10.819
10.822
10.818
10.818
10.818
10.819
10.822
10.821
10.820
10.820
10.823
10.821
10.822
10.820
10.821
10.823
10.823
10.821
10.819
10.822
10.823
10.823
10.823
10.823
10.822
10.823
10.824
10.824
10.824
10.823
10.824
10.827
10.820
10.825
10.826
10.825
10.824
10.824
10.829
10.827
10.825
10.825
10.823
10.828
10.825
10.826
10.824
10.826
10.826
10.824
10.822
10.823
10.824
10.821
10.823
10.826
10.824
10.825
10.825
10.824
10.827
10.828
10.826
10.824
10.827
10.826
10.826
10.828
10.827
10.828
10.825
10.827
10.825
10.828
10.827
10.825
10.828
10.829
10.826
10.828
10.824
10.826
10.826
10.825
10.826
10.829
10.827
10.830
10.829
10.830
10.828
10.826
10.827
10.824
10.828
10.831
10.831
10.831
10.831
10.830
10.827
10.827
10.827
10.828
10.832
10.832
10.830
10.830
10.832
10.829
10.829
10.831
10.832
10.831
10.832
10.833
10.832
10.832
10.831
10.835
10.834
10.830
10.830
10.833
10.832
10.833
10.832
10.834
10.832
10.831
10.831
10.829
10.835
10.834
10.833
10.833
10.835
10.834
10.830
10.832
10.830
10.833
10.831
10.835
10.834
10.832
10.835
10.834
10.833
10.832
10.837
10.833
10.836
10.836
10.836
10.835
10.836
10.832
10.837
10.832
10.835
10.836
10.835
10.835
10.835
10.837
10.835
10.836
10.835
10.835
10.836
10.836
10.836
10.838
10.838
10.837
10.838
10.839
10.836
10.838
10.837
10.838
10.839
10.837
10.838
10.838
10.836
10.837
10.838
10.837
10.837
10.839
10.838
10.839
10.838
10.839
10.840
10.840
10.837
10.840
10.840
10.841
10.839
10.841
10.841
10.841
10.841
10.843
10.840
10.841
10.838
10.840
10.843
10.843
10.842
10.842
10.839
10.841
10.842
10.843
10.842
10.842
10.842
10.839
10.841
10.842
10.841
10.842
10.844
10.842
10.843
10.843
10.842
10.844
10.843
10.842
10.844
10.845
10.843
10.844
10.843
10.846
10.845
10.844
10.844
10.846
10.846
10.845
10.845
10.845
10.848
10.844
10.845
10.847
10.846
10.845
10.849
10.847
10.847
10.846
10.847
10.845
10.847
10.847
10.847
10.847
10.847
10.850
10.845
10.847
10.848
10.845
10.848
10.847
10.848
10.849
10.848
10.847
10.847
10.847
10.848
10.849
10.849
10.847
10.847
10.848
10.848
10.850
10.850
10.852
10.852
10.849
10.848
10.846
10.850
10.849
10.850
10.850
10.855
10.851
10.849
10.851
10.851
10.852
10.851
10.853
10.854
10.853
10.851
10.849
10.853
10.850
10.853
10.852
10.851
10.850
10.850
10.849
10.853
10.851
10.850
10.851
10.855
10.852
10.851
10.854
10.851
10.853
10.854
10.853
10.855
10.853
