5.680
5.680
5.679
5.679
5.680
5.680
5.679
5.679
5.680
5.679
5.679
5.680
5.680
5.679
5.680
5.680
5.680
5.680
5.681
5.678
5.679
5.680
5.680
5.679
5.679
5.679
5.680
5.680
5.680
5.680
5.680
5.681
5.681
5.680
5.680
5.680
5.681
5.680
5.681
5.680
5.680
5.681
5.680
5.679
5.681
5.682
5.680
5.679
5.679
5.680
5.679
5.679
5.680
5.681
5.684
5.688
5.689
5.692
5.697
5.701
5.701
5.703
5.706
5.709
5.711
5.713
5.713
5.718
5.722
5.725
5.728
5.732
5.736
5.737
5.737
5.741
5.744
5.745
5.748
5.750
5.750
5.751
5.753
5.758
5.761
5.762
5.762
5.766
5.768
5.770
5.771
5.774
5.775
5.780
5.780
5.781
5.783
5.786
5.788
5.793
5.796
5.798
5.802
5.807
5.811
5.811
5.815
5.817
5.821
5.823
5.827
5.832
5.835
5.835
5.839
5.842
5.847
5.849
5.855
5.856
5.858
5.859
5.863
5.869
5.872
5.874
5.880
5.884
5.884
5.888
5.892
5.896
5.900
5.905
5.908
5.915
5.923
5.933
5.939
5.945
5.956
5.963
5.969
5.979
5.995
6.012
6.032
6.042
6.050
6.056
6.060
6.066
6.075
6.079
6.084
6.091
6.099
6.112
6.126
6.139
6.145
6.152
6.167
6.183
6.201
6.213
6.215
6.219
6.223
6.226
6.238
6.250
6.257
6.272
6.291
6.299
6.304
6.311
6.323
6.332
6.342
6.350
6.360
6.372
6.386
6.409
6.420
6.435
6.453
6.460
6.468
6.470
6.477
6.483
6.486
6.493
6.496
6.506
6.519
6.527
6.531
6.541
6.556
6.565
6.567
6.573
6.580
6.592
6.604
6.617
6.628
6.638
6.646
6.658
6.676
6.691
6.714
6.725
6.730
6.738
6.741
6.745
6.751
6.762
6.765
6.772
6.775
6.776
6.784
6.793
6.810
6.818
6.825
6.836
6.848
6.860
6.868
6.876
6.885
6.894
6.905
6.911
6.919
6.927
6.934
6.940
6.948
6.958
6.963
6.970
6.982
6.994
6.997
7.002
7.007
7.019
7.025
7.038
7.045
7.052
7.056
7.065
7.080
7.098
7.109
7.121
7.129
7.136
7.150
7.161
7.168
7.173
7.178
7.181
7.189
7.197
7.207
7.214
7.222
7.227
7.232
7.238
7.242
7.251
7.263
7.277
7.289
7.302
7.316
7.328
7.337
7.344
7.349
7.359
7.361
7.365
7.371
7.380
7.390
7.399
7.410
7.415
7.422
7.426
7.435
7.445
7.450
7.455
7.458
7.459
7.468
7.481
7.494
7.503
7.507
7.518
7.522
7.532
7.543
7.549
7.557
7.570
7.581
7.589
7.593
7.596
7.606
7.617
7.626
7.642
7.653
7.660
7.666
7.673
7.682
7.694
7.705
7.715
7.727
7.738
7.747
7.754
7.764
7.772
7.779
7.788
7.800
7.809
7.817
7.830
7.843
7.852
7.869
7.881
7.896
7.910
7.921
7.925
7.928
7.928
7.926
7.930
7.935
7.946
7.952
7.959
7.960
7.968
7.971
7.974
7.976
7.983
7.990
8.000
8.008
8.015
8.020
8.032
8.044
8.048
8.053
8.057
8.066
8.070
8.081
8.083
8.093
8.102
8.110
8.118
8.125
8.130
8.132
8.142
8.147
8.154
8.159
8.169
8.178
8.183
8.198
8.208
8.215
8.228
8.239
8.244
8.250
8.252
8.253
8.266
8.276
8.283
8.289
8.295
8.301
8.309
8.317
8.325
8.337
8.347
8.353
8.362
8.371
8.377
8.384
8.389
8.397
8.398
8.403
8.408
8.414
8.426
8.440
8.452
8.460
8.470
8.477
8.485
8.495
8.502
8.510
8.521
8.533
8.543
8.548
8.552
8.554
8.557
8.563
8.570
8.581
8.598
8.611
8.620
8.620
8.624
8.630
8.639
8.643
8.648
8.656
8.667
8.679
8.688
8.696
8.702
8.704
8.710
8.718
8.724
8.732
8.741
8.756
8.765
8.770
8.772
8.777
8.783
8.791
8.804
8.815
8.822
8.828
8.837
8.849
8.861
8.863
8.866
8.869
8.875
8.882
8.887
8.896
8.900
8.905
8.911
8.917
8.920
8.923
8.924
8.926
8.927
8.930
8.932
8.932
8.933
8.928
8.928
8.933
8.936
8.936
8.942
9.018
9.049
9.059
9.073
9.090
9.118
9.145
9.157
9.164
9.169
9.186
9.206
9.232
9.249
9.265
9.283
9.300
9.312
9.315
9.318
9.320
9.323
9.319
9.324
9.335
9.349
9.362
9.370
9.380
9.399
9.412
9.422
9.430
9.438
9.448
9.460
9.472
9.485
9.492
9.491
9.489
9.490
9.493
9.495
9.497
9.497
9.525
9.571
9.609
9.611
9.615
9.617
9.618
9.627
9.644
9.658
9.678
9.695
9.712
9.722
9.738
9.746
9.753
9.760
9.764
9.770
9.772
9.775
9.778
9.789
9.800
9.805
9.814
9.821
9.828
9.839
9.851
9.859
9.863
9.872
9.886
9.906
9.935
9.951
9.960
9.973
9.987
10.000
10.015
10.033
10.051
10.059
10.071
10.075
10.077
10.080
10.094
10.112
10.124
10.132
10.139
10.144
10.149
10.162
10.170
10.179
10.181
10.193
10.201
10.205
10.208
10.217
10.226
10.243
10.255
10.266
10.278
10.296
10.306
10.311
10.324
10.335
10.361
10.377
10.393
10.414
10.430
10.440
10.451
10.474
10.503
10.525
10.543
10.561
10.574
10.577
10.584
10.593
10.601
10.614
10.624
10.632
10.642
10.645
10.645
10.648
10.657
10.665
10.673
10.681
10.691
10.697
10.706
10.712
10.714
10.730
10.740
10.752
10.766
10.778
10.793
10.803
10.815
10.828
10.840
10.853
10.868
10.886
10.898
10.906
10.913
10.924
10.932
10.936
10.968
10.986
11.008
11.024
11.040
11.056
11.075
11.092
11.103
11.109
11.112
11.123
11.132
11.140
11.154
11.169
11.184
11.194
11.207
11.222
11.237
11.242
11.278
11.292
11.304
11.309
11.316
11.321
11.335
11.346
11.361
11.371
11.377
11.381
11.403
11.423
11.442
11.455
11.481
11.511
11.512
11.530
11.547
11.555
11.560
11.563
11.565
11.576
11.591
11.613
11.627
11.638
11.644
11.648
11.658
11.665
11.666
11.671
11.682
11.692
11.711
11.726
11.731
11.739
11.746
11.755
11.760
11.772
11.782
11.790
11.805
11.818
11.832
11.843
11.856
11.867
11.884
11.898
11.911
11.925
11.951
11.964
11.977
11.987
11.996
12.004
12.012
12.018
12.020
12.034
12.047
12.061
12.075
12.082
12.084
12.092
12.102
12.119
12.149
12.182
12.195
12.211
12.231
12.247
12.256
12.268
12.279
12.288
12.309
12.326
12.359
12.386
12.408
12.425
12.442
12.463
12.474
12.484
12.493
12.513
12.532
12.548
12.561
12.560
12.561
12.568
12.573
12.585
12.598
12.614
12.627
12.648
12.658
12.663
12.671
12.683
12.688
12.710
12.723
12.743
12.755
12.765
12.775
12.792
12.805
12.825
12.857
12.882
12.905
12.927
12.946
12.955
12.967
12.973
12.976
12.979
12.995
13.006
13.011
13.013
13.025
13.024
13.026
13.032
13.041
13.055
13.062
13.072
13.084
13.097
13.105
13.110
13.123
13.137
13.145
13.157
13.165
13.173
13.186
13.196
13.205
13.216
13.223
13.238
13.254
13.269
13.281
13.295
13.311
13.320
13.335
13.353
13.367
13.378
13.393
13.406
13.422
13.431
13.440
13.444
13.444
13.452
13.461
13.473
13.482
13.488
13.492
13.501
13.505
13.513
13.523
13.535
13.554
13.584
13.596
13.599
13.605
13.611
13.608
13.624
13.644
13.663
13.681
13.696
13.705
13.720
13.736
13.751
13.759
13.777
13.792
13.815
13.837
13.852
13.860
13.864
13.869
13.868
13.881
13.897
13.915
13.936
13.953
13.963
13.979
13.989
13.998
14.013
14.033
14.038
14.038
14.050
14.051
14.051
14.052
14.055
14.054
14.074
14.089
14.108
14.136
14.154
14.176
14.204
14.241
14.266
14.281
14.299
14.319
14.332
14.357
14.368
14.388
14.404
14.425
14.436
14.441
14.451
14.462
14.477
14.495
14.515
14.525
14.533
14.538
14.542
14.559
14.578
14.601
14.636
14.670
14.691
14.703
14.715
14.720
14.731
14.743
14.757
14.769
14.794
14.808
14.825
14.849
14.865
14.867
14.893
14.907
14.917
14.929
14.941
14.954
14.963
14.970
14.973
14.977
14.982
14.988
15.008
15.015
15.027
15.036
15.040
15.049
15.066
15.080
15.092
15.104
15.121
15.140
15.157
15.167
15.178
15.187
15.205
15.221
15.229
15.240
15.248
15.255
15.260
15.274
15.272
15.278
15.283
15.285
15.289
15.289
15.308
15.318
15.328
15.338
15.349
15.352
15.375
15.384
15.393
15.403
15.427
15.437
15.445
15.453
15.445
15.463
15.469
15.480
15.492
15.504
15.518
15.538
15.548
15.562
15.580
15.595
15.612
15.625
15.644
15.661
15.683
15.704
15.714
15.716
15.737
15.749
15.759
15.774
15.787
15.801
15.808
15.819
15.827
15.835
15.854
15.862
15.862
15.881
15.886
15.894
15.900
15.906
15.899
15.910
15.917
15.921
15.928
15.937
15.946
15.959
15.967
15.971
15.963
15.996
16.010
16.036
16.046
16.056
16.067
16.082
16.101
16.115
16.135
16.140
16.148
16.153
16.166
16.175
16.187
16.199
16.203
16.191
16.197
16.204
16.211
16.229
16.235
16.245
16.248
16.253
16.255
16.251
16.255
16.259
16.261
16.278
16.284
16.293
16.296
16.308
16.308
16.326
16.334
16.342
16.346
16.349
16.353
16.357
16.359
16.361
16.357
16.362
16.370
16.373
16.387
16.395
16.402
16.407
16.413
16.416
16.427
16.430
16.436
16.443
16.451
16.459
16.468
16.484
16.502
16.509
16.525
16.544
16.557
16.578
16.598
16.614
16.627
16.639
16.642
16.646
16.653
16.662
16.667
16.686
16.693
16.702
16.712
16.725
16.727
16.749
16.774
16.789
16.801
16.813
16.824
16.833
16.841
16.838
16.840
16.848
16.863
16.884
16.915
16.930
16.952
16.967
16.979
16.998
17.028
17.053
17.070
17.087
17.093
17.104
17.113
17.120
17.126
17.129
17.147
17.157
17.164
17.191
17.205
17.224
17.241
17.252
17.253
17.262
17.268
17.279
17.293
17.315
17.324
17.334
17.346
17.353
17.355
17.377
17.395
17.414
17.459
17.475
17.493
17.507
17.517
17.525
17.533
17.545
17.566
17.578
17.599
17.607
17.620
17.632
17.642
17.634
17.666
17.672
17.688
17.709
17.727
17.739
17.748
17.754
17.754
17.757
17.770
17.787
17.798
17.825
17.848
17.861
17.875
17.904
17.919
17.921
17.933
17.948
17.963
17.992
18.006
18.026
18.041
18.045
18.056
18.065
18.080
18.084
18.100
18.116
18.130
18.149
18.164
18.164
18.172
18.182
18.196
18.216
18.240
18.252
18.271
18.278
18.286
18.295
18.310
18.328
18.354
18.385
18.405
18.437
18.466
18.489
18.493
18.498
18.506
18.511
18.515
18.533
18.539
18.541
18.542
18.543
18.533
18.540
18.547
18.555
18.574
18.588
18.596
18.609
18.624
18.633
18.641
18.651
18.660
18.649
18.668
18.678
18.686
18.693
18.703
18.698
18.711
18.722
18.736
18.754
18.767
18.778
18.783
18.798
18.818
18.837
18.861
18.873
18.884
18.894
18.897
18.908
18.914
18.923
18.922
18.932
18.942
18.954
18.975
18.991
19.002
19.013
19.027
19.031
19.029
19.040
19.054
19.066
19.091
19.103
19.111
19.117
19.126
19.120
19.141
19.146
19.153
19.159
19.171
19.183
19.200
19.209
19.220
19.211
19.220
19.246
19.259
19.280
19.302
19.328
19.346
19.348
19.357
19.366
19.385
19.398
19.410
19.421
19.428
19.434
19.444
19.452
19.463
19.481
19.492
19.507
19.523
19.538
19.553
19.565
19.574
19.559
19.587
19.597
19.604
19.610
19.611
19.617
19.640
19.660
19.665
19.673
19.687
19.694
19.707
19.720
19.744
19.773
19.787
19.797
19.775
19.804
19.812
19.820
19.831
19.841
19.853
19.870
19.884
19.885
19.891
19.907
19.909
19.914
19.923
19.925
19.934
19.944
19.954
19.945
19.977
19.990
20.008
20.020
20.023
20.032
20.038
20.044
20.053
20.062
20.055
20.079
20.083
20.097
20.108
20.118
20.127
20.132
20.122
20.160
20.171
20.187
20.202
20.215
20.229
20.241
20.253
20.259
20.276
20.300
20.312
20.326
20.334
20.347
20.364
20.386
20.398
20.396
20.409
20.428
20.451
20.467
20.476
20.485
20.495
20.498
20.504
20.496
20.501
20.510
20.523
20.551
20.562
20.566
20.565
20.569
20.568
20.576
20.585
20.610
20.636
20.667
20.689
20.714
20.733
20.743
20.750
20.784
20.798
20.832
20.851
20.859
20.862
20.865
20.872
20.860
20.862
20.872
20.883
20.898
20.933
20.961
20.978
20.995
21.004
20.997
21.000
21.017
21.025
21.030
21.027
21.029
21.032
21.036
21.029
21.030
21.034
21.040
21.051
21.072
21.076
21.082
21.083
21.082
21.073
21.075
21.078
21.082
21.100
21.104
21.106
21.110
21.115
21.103
21.119
21.123
21.127
21.130
21.130
21.134
21.140
21.145
21.144
21.131
21.135
21.141
21.145
21.166
21.167
21.167
21.168
21.169
21.155
21.155
21.156
21.171
21.180
21.179
21.180
21.182
21.183
21.183
21.167
21.167
21.167
21.168
21.188
21.191
21.192
21.194
21.211
21.201
21.203
21.204
21.204
21.206
21.207
21.210
21.212
21.214
21.216
21.198
21.198
21.201
21.203
21.216
21.225
21.225
21.228
21.228
21.220
21.214
21.216
21.219
21.223
21.241
21.244
21.249
21.249
21.250
21.250
21.251
21.231
21.243
21.254
21.253
21.254
21.255
21.257
21.244
21.241
21.243
21.243
21.249
21.266
21.267
21.269
21.273
21.276
21.277
21.277
21.277
21.268
21.277
21.277
21.277
21.277
21.277
21.261
21.258
21.259
21.260
21.264
21.277
21.277
21.277
21.277
21.273
21.259
21.259
21.259
21.259
21.277
21.277
21.277
21.277
21.277
21.264
21.260
21.260
21.260
21.272
21.277
21.277
21.277
21.277
21.277
21.260
21.260
21.260
21.259
21.271
21.277
21.277
21.277
21.277
21.268
21.259
21.260
21.258
21.259
21.277
21.277
21.277
21.277
21.277
21.262
21.277
21.277
21.277
21.277
21.277
21.277
21.277
21.277
21.269
21.258
21.258
21.258
21.259
21.277
21.277
21.278
21.277
21.277
21.277
21.277
21.263
21.258
21.274
21.277
21.277
21.277
