15.006
15.007
15.009
15.014
15.021
15.023
15.028
15.033
15.037
15.039
15.044
15.050
15.051
15.056
15.059
15.065
15.070
15.073
15.077
15.082
15.084
15.090
15.093
15.097
15.099
15.105
15.107
15.112
15.114
15.118
15.122
15.126
15.129
15.135
15.138
15.141
15.145
15.151
15.152
15.157
15.159
15.164
15.168
15.170
15.174
15.179
15.181
15.186
15.186
15.191
15.195
15.199
15.201
15.201
15.205
15.209
15.213
15.214
15.218
15.218
15.223
15.225
15.227
15.229
15.234
15.234
15.237
15.240
15.243
15.244
15.247
15.250
15.249
15.253
15.255
15.256
15.258
15.260
15.264
15.265
15.265
15.267
15.271
15.271
15.273
15.274
15.276
15.278
15.281
15.282
15.283
15.285
15.285
15.287
15.289
15.290
15.293
15.295
15.295
15.297
15.298
15.300
15.300
15.301
15.300
15.302
15.305
15.308
15.307
15.307
15.306
15.312
15.309
15.312
15.314
15.314
15.315
15.316
15.315
15.315
15.318
15.320
15.319
15.320
15.324
15.325
15.321
15.325
15.326
15.327
15.327
15.328
15.328
15.328
15.330
15.331
15.331
15.333
15.333
15.334
15.333
15.334
15.336
15.337
15.339
15.339
15.340
15.337
15.341
15.338
15.343
15.341
15.343
15.344
15.343
15.346
15.344
15.344
15.343
15.346
15.346
15.346
15.347
15.345
15.348
15.348
15.347
15.349
15.348
15.350
15.347
15.348
15.349
15.352
15.350
15.353
15.351
15.352
15.349
15.350
15.353
15.355
15.352
15.351
15.354
15.353
15.354
15.356
15.356
15.355
15.354
15.354
15.356
15.358
15.357
15.359
15.358
15.358
15.360
15.362
15.360
15.361
15.360
15.363
15.362
15.362
15.361
15.363
15.364
15.365
15.365
15.367
15.368
15.367
15.367
15.368
15.367
15.368
15.366
15.369
15.366
15.371
15.371
15.369
15.371
15.370
15.371
15.372
15.370
15.372
15.372
15.374
15.373
15.376
15.373
15.375
15.374
15.376
15.376
15.377
15.377
15.378
15.377
15.378
15.377
15.379
15.378
15.377
15.379
15.383
15.382
15.381
15.380
15.381
15.382
15.383
15.383
15.385
15.384
15.384
15.387
15.385
15.386
15.384
15.385
15.386
15.386
15.387
15.388
15.386
15.390
15.389
15.387
15.389
15.389
15.389
15.389
15.392
15.392
15.392
15.393
15.392
15.392
15.395
15.392
15.391
15.392
15.395
15.394
15.394
15.393
15.394
15.396
15.397
15.397
15.397
15.396
15.397
15.398
15.397
15.398
15.398
15.397
15.398
15.400
15.401
15.397
15.400
15.400
15.400
15.402
15.401
15.402
15.401
15.402
15.404
15.401
15.402
15.402
15.403
15.402
15.405
15.403
15.402
15.404
15.404
15.405
15.402
15.404
15.403
15.405
15.405
15.407
15.405
15.406
15.407
15.406
15.406
15.405
15.407
15.408
15.407
15.407
15.409
15.408
15.408
15.409
15.409
15.407
15.409
15.410
15.409
15.411
15.410
15.410
15.409
15.411
15.410
15.412
15.409
15.410
15.408
15.412
15.410
15.411
15.409
15.410
15.409
15.411
15.412
15.413
15.412
15.412
15.410
15.410
15.410
15.411
15.412
15.414
15.412
15.414
15.412
15.414
15.408
15.410
15.411
15.415
15.412
15.411
15.413
15.413
15.411
15.414
15.412
15.415
15.413
15.414
15.414
15.414
15.416
15.415
15.414
15.414
15.415
15.416
15.415
15.414
15.415
15.416
15.415
15.418
15.416
15.418
15.418
15.418
15.416
15.416
15.418
15.417
15.417
15.417
15.418
15.416
15.419
15.418
15.417
15.419
15.421
15.419
15.419
15.416
15.421
15.416
15.416
15.420
15.419
15.418
15.419
15.418
15.417
15.417
15.421
15.417
15.420
15.417
15.420
15.422
15.421
15.420
15.419
15.420
15.421
15.419
15.420
15.420
15.419
15.420
15.419
15.423
15.419
15.422
15.422
15.422
15.422
15.421
15.423
15.422
15.420
15.420
15.425
15.423
15.424
15.422
15.421
15.424
15.422
15.422
15.422
15.426
15.424
15.422
15.423
15.424
15.423
15.424
15.422
15.424
15.424
15.424
15.424
15.423
15.425
15.423
15.426
15.426
15.424
15.425
15.425
15.424
15.424
15.424
15.426
15.423
15.424
15.426
15.425
15.428
15.426
15.426
15.425
15.428
15.427
15.427
15.425
15.427
15.428
15.424
15.429
15.430
15.429
15.430
15.427
15.426
15.427
15.428
15.428
15.428
15.430
15.430
15.430
15.427
15.428
15.430
15.429
15.432
15.430
15.431
15.431
15.429
15.430
15.430
15.428
15.429
15.432
15.431
15.433
15.432
15.433
15.433
15.430
15.434
15.433
15.434
15.432
15.434
15.436
15.434
15.436
15.436
15.435
15.435
15.435
15.434
15.435
15.435
15.436
15.437
15.437
15.434
15.435
15.440
15.436
15.436
15.436
15.438
15.437
15.439
15.438
15.438
15.436
15.436
15.435
15.438
15.437
15.439
15.438
15.437
15.439
15.440
15.440
15.440
15.439
15.439
15.439
15.439
15.441
15.441
15.441
15.442
15.444
15.444
15.444
15.444
15.442
15.442
15.442
15.444
15.445
15.443
15.444
15.445
15.445
15.444
15.447
15.445
15.445
15.446
15.447
15.449
15.445
15.448
15.447
15.448
15.448
15.450
15.449
15.449
15.449
15.445
15.445
15.447
15.447
15.448
15.446
15.448
15.448
15.448
15.449
15.448
15.448
15.449
15.450
15.450
15.452
15.450
15.451
15.450
15.451
15.452
15.452
15.451
15.451
15.452
15.451
15.452
15.453
15.453
15.454
15.453
15.454
15.455
15.453
15.455
15.453
15.458
15.456
15.453
15.455
15.455
15.457
15.454
15.457
15.456
15.459
15.457
15.458
15.459
15.459
15.457
15.458
15.457
15.457
15.456
15.461
15.461
15.460
15.459
15.458
15.459
15.460
15.459
15.462
15.460
15.460
15.461
15.461
15.461
15.464
15.460
15.459
15.462
15.462
15.465
15.465
15.463
15.465
15.463
15.463
15.465
15.465
15.463
15.466
15.465
15.466
15.465
15.466
15.467
15.466
15.466
15.466
15.464
15.466
15.467
15.468
15.467
15.468
15.466
15.467
15.468
15.470
15.467
15.469
15.470
15.469
15.470
15.469
15.469
15.470
15.469
15.469
15.471
15.470
15.469
15.470
15.471
15.470
15.473
15.470
15.473
15.473
15.470
15.473
15.471
15.473
15.474
15.474
15.475
15.472
15.474
15.474
15.477
15.475
15.475
15.476
15.476
15.477
15.476
15.476
15.473
15.475
15.477
15.476
15.477
15.477
15.475
15.477
15.476
15.476
15.478
15.475
15.477
15.479
15.478
15.479
15.478
15.477
15.478
15.479
15.479
15.480
15.480
15.479
15.480
15.478
15.480
15.479
15.481
15.481
15.480
15.479
15.482
15.480
15.483
15.483
15.481
15.481
15.483
15.485
15.486
15.483
15.485
15.483
15.484
15.483
15.482
15.484
15.484
15.486
15.487
15.485
15.485
15.484
15.484
15.483
15.484
15.484
15.486
15.486
15.484
15.486
15.486
15.486
15.487
15.483
15.484
15.485
15.486
15.487
15.488
15.488
15.488
15.489
15.488
15.487
15.488
15.488
15.489
15.489
15.490
15.491
15.490
15.490
15.488
15.489
15.489
15.492
15.491
15.492
15.491
15.492
15.490
15.492
15.491
15.495
15.492
15.494
15.494
15.493
15.494
15.494
15.493
15.493
15.496
15.496
15.498
15.497
15.496
15.496
15.496
15.496
15.495
15.496
15.497
15.497
15.497
15.495
15.496
15.496
15.497
15.497
15.497
15.499
15.497
15.496
15.497
15.494
15.498
15.497
15.499
15.497
15.499
15.497
15.498
15.501
15.499
15.498
15.499
15.499
15.498
15.499
15.500
15.498
15.500
15.498
15.497
15.502
15.500
15.502
15.502
15.502
15.502
15.503
15.501
15.502
15.503
15.504
15.502
15.502
15.504
15.504
15.506
15.505
15.502
15.505
15.503
15.504
15.503
15.505
15.504
15.506
15.505
15.501
15.504
15.505
15.506
15.506
15.506
15.506
15.506
15.506
15.505
15.505
15.506
15.504
15.507
15.508
15.508
15.510
15.508
15.508
15.508
15.506
15.505
15.507
15.507
15.510
15.510
15.509
15.510
15.507
15.509
15.508
15.514
15.511
15.510
15.511
15.512
15.510
15.511
15.513
15.513
15.510
15.509
15.512
15.512
15.512
15.513
15.512
15.512
15.514
15.514
15.512
15.513
15.514
15.512
15.514
15.514
15.514
15.512
15.513
15.511
15.513
15.515
15.515
15.516
15.517
15.518
15.515
15.513
15.514
15.514
15.514
15.519
15.519
15.517
15.516
15.519
15.517
15.517
15.518
15.518
15.518
15.519
15.518
15.517
15.518
15.518
15.519
15.518
15.518
15.518
15.519
15.518
15.518
15.519
15.519
15.520
15.520
15.520
15.517
15.518
15.522
15.520
15.521
15.521
15.521
15.519
15.518
15.518
15.519
15.521
15.521
15.522
15.521
15.523
15.520
15.519
15.521
15.522
15.519
15.523
15.523
15.524
15.523
15.522
15.521
15.524
15.526
15.524
15.522
15.525
15.525
15.525
15.524
15.524
15.525
15.526
15.526
15.526
15.526
15.526
15.528
15.526
15.524
15.527
15.527
15.524
15.523
15.526
15.526
15.526
15.526
15.525
15.525
15.526
15.527
15.525
15.526
15.526
15.529
15.527
15.527
15.528
15.527
15.528
15.530
15.529
15.529
15.529
15.530
15.530
15.529
15.529
15.530
15.529
15.529
15.531
15.530
15.531
15.531
15.532
15.529
15.529
15.529
15.532
15.530
15.532
15.534
15.533
15.532
15.533
15.532
15.531
15.534
15.533
15.531
15.533
15.533
15.532
15.532
15.533
15.529
15.533
15.532
15.533
15.532
15.533
15.533
15.534
15.533
15.534
15.532
15.533
15.535
15.533
15.534
15.537
15.533
15.534
15.537
15.535
15.535
15.536
15.534
15.536
15.536
15.535
15.535
15.536
15.538
15.536
15.536
15.540
15.537
15.537
15.539
15.536
15.538
15.537
15.536
15.538
15.538
15.540
15.536
15.537
15.538
15.536
15.535
15.538
15.537
15.537
15.536
15.536
15.537
15.538
15.540
15.536
15.538
15.537
15.539
15.539
15.538
15.538
15.541
15.540
15.539
15.539
15.539
15.539
15.538
15.541
15.541
15.540
15.540
15.540
15.541
15.543
15.542
15.542
15.540
15.540
15.541
15.543
15.540
15.541
15.540
15.542
15.543
15.540
15.540
15.542
15.543
15.542
15.544
15.541
15.542
15.540
15.539
15.541
15.541
15.544
15.544
15.544
15.544
15.543
15.543
15.544
15.542
15.544
15.546
15.544
15.545
15.544
15.543
15.546
15.544
15.544
15.544
15.544
15.545
15.543
15.542
15.544
15.543
15.543
15.545
15.546
15.545
15.546
15.546
15.547
15.547
15.544
15.548
15.546
15.546
15.545
15.544
15.543
15.546
15.546
15.543
15.545
15.544
15.545
15.544
15.546
15.545
15.548
15.546
15.547
15.545
15.547
15.548
15.547
15.545
15.550
15.545
15.545
15.548
15.549
15.548
15.547
15.546
15.546
15.548
15.549
15.547
15.547
15.547
15.548
15.546
15.548
15.549
15.549
15.549
15.552
15.552
15.550
15.549
15.552
15.550
15.547
15.552
15.545
15.550
15.550
15.549
15.548
15.550
15.548
15.548
15.551
15.550
15.548
15.549
15.550
15.552
15.552
15.552
15.552
15.550
15.549
15.550
15.552
15.552
15.552
15.552
15.552
15.553
15.553
15.551
15.552
15.550
15.550
15.551
15.553
15.554
15.553
15.551
15.551
15.551
15.551
15.552
15.552
15.553
15.551
15.554
15.552
15.550
15.550
15.551
15.552
15.551
15.554
15.554
15.552
15.555
15.553
15.552
15.553
15.551
15.552
15.551
15.555
15.552
15.555
15.553
15.552
15.554
15.552
15.553
15.556
15.555
15.555
15.555
15.554
15.553
15.555
15.556
15.554
15.555
15.556
15.554
15.557
15.555
15.555
15.553
15.557
15.555
15.555
15.556
15.557
15.556
15.555
15.556
15.557
15.553
15.554
15.556
15.558
15.557
15.557
15.557
15.557
15.557
15.557
15.558
15.558
15.557
15.558
15.556
15.557
15.556
15.557
15.556
15.558
15.557
15.559
15.557
15.558
15.557
15.558
15.556
15.559
15.558
15.556
15.556
15.558
15.557
15.555
15.556
15.558
15.559
15.555
15.559
15.556
15.559
15.559
15.558
15.559
15.559
15.557
15.557
15.560
15.558
15.559
15.560
15.558
15.560
15.559
15.559
15.561
15.561
15.560
15.558
15.559
15.559
15.559
15.561
15.560
15.561
15.559
15.563
15.560
15.559
15.558
15.561
15.559
15.559
15.561
15.560
15.562
15.561
15.561
15.562
15.561
15.563
15.560
15.561
15.561
15.563
15.561
15.563
15.561
15.561
15.564
15.562
15.562
15.563
15.563
15.562
15.559
15.560
15.562
15.560
15.561
15.562
15.560
15.561
15.562
15.562
15.562
15.562
15.563
15.562
15.562
15.561
15.563
15.563
15.562
15.561
15.560
15.562
15.562
15.564
15.564
15.564
15.563
15.564
15.562
15.564
15.563
15.565
15.565
15.567
15.565
15.565
15.563
15.565
15.563
15.560
15.564
15.563
15.564
15.564
15.564
15.565
15.565
15.564
15.563
15.565
15.563
15.564
15.566
15.565
15.565
15.564
15.563
15.565
15.562
15.565
15.563
15.564
15.565
15.565
15.567
15.566
15.564
15.567
15.566
15.568
15.565
15.567
15.564
15.565
15.566
15.566
15.569
15.565
15.563
15.566
15.566
15.566
15.566
15.566
15.568
15.565
15.567
15.564
15.567
15.567
15.567
15.568
15.567
15.566
15.568
15.566
15.567
15.568
15.566
15.570
15.568
15.568
15.569
15.566
15.565
15.568
15.569
15.568
15.569
15.568
15.569
15.569
15.567
15.568
15.568
15.568
15.571
15.568
15.569
15.566
15.568
15.568
15.568
15.568
15.571
15.569
15.569
15.569
15.569
15.570
15.570
15.570
15.569
15.570
15.569
15.569
15.571
15.570
15.570
15.572
15.570
15.570
15.570
15.573
15.569
15.569
15.572
15.569
15.570
15.574
15.573
15.570
15.572
15.572
15.571
15.571
15.570
15.575
15.570
15.570
15.571
15.572
15.573
15.572
15.572
15.571
15.569
15.571
15.570
15.573
15.570
15.572
15.573
15.570
15.571
15.573
15.572
15.573
15.571
15.572
15.571
15.571
15.575
15.574
15.575
15.573
15.571
15.572
15.572
15.574
15.573
15.574
15.573
15.573
15.575
15.572
15.575
15.574
15.573
15.573
15.574
15.574
15.576
15.574
15.577
15.573
15.573
15.573
15.571
15.573
15.574
15.573
15.574
15.574
15.574
15.574
15.575
15.575
15.573
15.574
15.574
15.575
15.575
15.574
15.574
15.574
15.574
15.577
15.576
15.575
15.577
15.575
15.575
15.575
15.576
15.574
15.574
15.574
15.574
15.578
15.576
15.577
15.576
15.578
15.575
15.577
15.577
15.579
15.575
15.576
15.578
15.578
15.577
15.577
15.577
15.579
15.578
15.576
15.577
15.578
15.578
15.578
15.576
15.577
15.577
15.575
15.576
15.575
15.575
15.575
15.575
15.580
15.577
15.577
15.576
15.578
15.577
15.578
15.577
15.580
15.581
15.578
15.580
15.580
15.579
15.578
15.581
15.578
15.580
15.579
15.579
15.578
15.580
15.578
15.577
15.581
15.579
15.581
15.581
15.581
15.580
15.582
15.580
15.581
15.579
15.582
15.579
15.581
15.579
15.580
15.578
15.580
15.579
15.582
15.581
15.582
15.582
15.580
15.581
15.581
15.581
15.580
15.579
15.581
15.579
15.580
15.580
15.580
15.581
15.581
15.583
15.580
15.584
15.581
15.582
15.583
15.584
15.583
15.584
15.582
15.582
15.582
15.584
15.581
15.582
15.582
15.583
15.581
15.583
15.583
15.583
15.583
15.585
15.583
15.584
15.581
15.582
15.585
15.581
15.582
15.584
15.582
15.583
15.580
15.583
15.581
15.582
15.584
15.584
15.583
15.583
15.585
15.582
15.582
15.582
15.583
15.582
15.584
15.585
15.583
15.584
15.584
15.582
15.585
15.584
15.584
15.585
15.583
15.583
15.583
15.585
15.583
15.582
15.585
15.585
15.584
15.586
15.586
15.586
15.586
15.588
15.587
15.584
15.585
15.587
15.584
15.585
15.586
15.582
15.585
15.583
15.584
15.585
15.585
15.585
15.586
15.586
15.587
15.589
15.587
15.586
15.585
15.586
15.588
15.586
15.587
15.589
15.588
15.588
15.587
15.584
15.586
15.586
15.586
15.587
15.590
15.587
15.589
15.588
15.588
15.589
15.587
15.588
15.588
15.589
15.589
15.588
15.588
15.590
15.589
15.588
15.587
15.589
15.584
15.589
15.588
15.588
15.588
15.586
15.589
15.589
15.588
15.590
15.587
15.589
15.588
15.588
15.588
15.589
15.587
15.587
15.588
15.590
15.591
15.588
15.589
15.590
15.589
15.591
15.588
15.588
15.590
15.590
15.590
15.588
15.590
15.592
15.589
15.591
15.591
15.591
15.589
15.591
15.590
15.589
15.590
15.591
15.589
15.590
15.590
15.591
15.591
15.590
15.590
15.592
15.589
15.592
15.592
15.593
15.591
15.590
15.590
15.590
15.591
15.593
15.591
15.593
15.592
15.591
15.591
15.594
15.593
15.593
15.592
15.593
15.592
15.593
15.592
15.592
15.593
15.594
15.592
15.595
15.594
15.591
15.594
15.593
15.594
15.592
15.594
15.595
15.596
15.593
15.590
15.592
15.590
15.592
15.592
15.590
15.592
15.592
15.592
15.593
15.591
15.593
15.593
15.593
15.594
15.593
15.594
15.593
15.591
15.595
15.594
15.593
15.592
15.596
15.594
15.595
15.594
15.595
15.592
15.596
15.594
15.593
15.595
15.598
15.595
15.594
15.596
15.595
15.592
15.594
15.593
15.595
15.594
15.596
15.596
15.595
15.595
15.595
15.597
15.594
15.594
15.595
15.595
15.596
15.594
15.596
15.597
15.594
15.592
15.595
15.595
15.594
15.594
15.596
15.594
15.598
15.595
15.595
15.595
15.595
15.596
15.593
15.597
15.596
15.593
15.593
15.595
15.594
15.596
15.592
15.595
15.596
15.595
15.596
15.597
15.595
15.594
15.596
15.594
15.594
15.595
15.598
15.596
15.597
15.597
15.598
15.597
15.597
15.596
15.595
15.598
15.598
15.599
15.597
15.599
15.599
15.597
15.599
15.597
15.598
15.600
15.599
15.597
15.599
15.599
15.599
15.596
15.598
15.600
15.598
15.599
15.598
15.597
15.596
15.598
15.599
15.599
15.596
15.599
15.600
15.600
15.601
15.598
15.598
15.598
15.598
15.599
15.597
15.598
15.602
15.600
15.598
15.600
15.602
15.600
15.601
15.599
15.597
15.600
15.600
15.603
15.602
15.602
15.600
15.601
15.601
15.599
15.602
15.601
15.602
15.603
15.598
15.599
15.598
15.602
15.598
15.601
15.602
15.601
15.601
15.601
15.601
15.600
15.599
15.601
15.601
15.601
15.602
15.600
15.602
15.600
15.603
15.600
15.601
15.602
15.600
15.600
15.603
15.602
15.601
15.601
15.601
15.599
15.603
15.602
15.601
15.601
15.602
15.602
15.604
15.601
15.601
15.601
15.601
15.602
15.603
15.602
15.602
15.603
15.603
15.605
15.605
15.603
15.602
15.602
15.603
15.605
15.602
15.603
15.603
15.603
15.604
15.604
15.604
15.603
