5.680
5.680
5.680
5.679
5.680
5.680
5.680
5.680
5.680
5.679
5.680
5.679
5.680
5.680
5.681
5.681
5.680
5.679
5.680
5.679
5.680
5.680
5.679
5.680
5.681
5.680
5.680
5.680
5.680
5.682
5.680
5.680
5.680
5.680
5.680
5.681
5.680
5.680
5.680
5.681
5.680
5.681
5.681
5.681
5.682
5.681
5.681
5.680
5.680
5.679
5.679
5.679
5.680
5.679
5.679
5.681
5.680
5.680
5.680
5.680
5.681
5.681
5.680
5.681
5.680
5.681
5.681
5.681
5.680
5.681
5.680
5.681
5.680
5.681
5.680
5.681
5.680
5.681
5.680
5.681
5.680
5.682
5.681
5.680
5.681
5.681
5.681
5.680
5.681
5.679
5.680
5.680
5.680
5.680
5.680
5.680
5.681
5.680
5.680
5.681
5.680
5.680
5.681
5.680
5.681
5.680
5.681
5.680
5.681
5.681
5.681
5.680
5.680
5.680
5.680
5.680
5.680
5.681
5.681
5.680
5.680
5.680
5.682
5.683
5.684
5.684
5.685
5.687
5.688
5.688
5.691
5.691
5.691
5.693
5.694
5.695
5.696
5.698
5.700
5.701
5.701
5.701
5.701
5.701
5.701
5.701
5.703
5.704
5.704
5.704
5.706
5.708
5.709
5.710
5.712
5.713
5.713
5.713
5.713
5.713
5.714
5.716
5.718
5.719
5.719
5.721
5.724
5.725
5.725
5.725
5.725
5.726
5.727
5.728
5.730
5.732
5.733
5.733
5.735
5.736
5.737
5.737
5.737
5.737
5.737
5.738
5.741
5.742
5.743
5.743
5.745
5.746
5.746
5.746
5.747
5.749
5.749
5.749
5.750
5.750
5.750
5.750
5.750
5.750
5.750
5.750
5.751
5.751
5.750
5.752
5.753
5.753
5.754
5.758
5.762
5.766
5.768
5.767
5.767
5.768
5.768
5.769
5.770
5.770
5.770
5.770
5.771
5.772
5.773
5.774
5.774
5.774
5.774
5.774
5.777
5.778
5.778
5.779
5.780
5.780
5.782
5.783
5.783
5.783
5.785
5.786
5.786
5.786
5.786
5.786
5.787
5.786
5.786
5.787
5.788
5.787
5.788
5.789
5.790
5.790
5.790
5.791
5.792
5.794
5.795
5.796
5.796
5.797
5.798
5.798
5.798
5.800
5.800
5.802
5.803
5.805
5.807
5.808
5.809
5.810
5.811
5.811
5.811
5.811
5.811
5.811
5.811
5.813
5.815
5.815
5.816
5.818
5.819
5.821
5.822
5.822
5.823
5.823
5.823
5.826
5.827
5.828
5.829
5.830
5.830
5.832
5.832
5.833
5.834
5.835
5.835
5.835
5.835
5.835
5.836
5.837
5.837
5.839
5.840
5.841
5.843
5.847
5.847
5.849
5.851
5.851
5.853
5.855
5.858
5.859
5.858
5.859
5.859
5.859
5.859
5.859
5.862
5.865
5.868
5.871
5.872
5.876
5.882
5.884
5.884
5.884
5.885
5.885
5.889
5.890
5.892
5.894
5.895
5.896
5.896
5.896
5.896
5.899
5.901
5.902
5.903
5.904
5.907
5.907
5.908
5.908
5.911
5.914
5.920
5.926
5.933
5.934
5.941
5.944
5.945
5.949
5.956
5.957
5.960
5.967
5.969
5.971
5.973
5.986
6.002
6.018
6.033
6.040
6.053
6.074
6.081
6.087
6.091
6.092
6.098
6.104
6.113
6.116
6.123
6.133
6.143
6.150
6.154
6.162
6.166
6.175
6.178
6.182
6.189
6.207
6.215
6.223
6.230
6.243
6.253
6.261
6.271
6.285
6.294
6.299
6.309
6.323
6.334
6.340
6.344
6.348
6.349
6.353
6.358
6.360
6.365
6.372
6.373
6.376
6.382
6.386
6.396
6.409
6.418
6.421
6.432
6.445
6.457
6.465
6.470
6.471
6.477
6.482
6.489
6.498
6.510
6.522
6.534
6.552
6.573
6.587
6.592
6.604
6.620
6.631
6.641
6.641
6.643
6.647
6.653
6.663
6.673
6.683
6.693
6.707
6.718
6.726
6.735
6.745
6.750
6.763
6.769
6.780
6.792
6.800
6.815
6.824
6.842
6.860
6.862
6.863
6.865
6.874
6.889
6.894
6.897
6.897
6.902
6.910
6.927
6.945
6.959
6.967
6.972
6.990
6.996
7.005
7.014
7.019
7.031
7.037
7.052
7.055
7.056
7.059
7.074
7.089
7.099
7.106
7.106
7.113
7.122
7.135
7.153
7.167
7.178
7.178
7.178
7.184
7.193
7.204
7.214
7.222
7.227
7.234
7.239
7.251
7.266
7.283
7.294
7.305
7.312
7.314
7.326
7.339
7.349
7.353
7.356
7.353
7.360
7.361
7.369
7.385
7.394
7.397
7.407
7.420
7.428
7.438
7.446
7.449
7.458
7.458
7.461
7.471
7.483
7.501
7.518
7.530
7.536
7.543
7.554
7.559
7.560
7.567
7.580
7.590
7.600
7.612
7.617
7.619
7.627
7.635
7.642
7.651
7.659
7.666
7.674
7.680
7.690
7.701
7.706
7.711
7.715
7.724
7.732
7.743
7.766
7.779
7.785
7.788
7.798
7.803
7.812
7.819
7.825
7.836
7.841
7.849
7.863
7.874
7.880
7.885
7.888
7.894
7.898
7.898
7.906
7.910
7.917
7.922
7.922
7.924
7.928
7.935
7.950
7.959
7.964
7.969
7.973
7.983
7.993
8.005
8.008
8.009
8.020
8.032
8.039
8.044
8.044
8.044
8.044
8.044
8.047
8.057
8.072
8.091
8.105
8.116
8.125
8.139
8.152
8.172
8.184
8.193
8.191
8.192
8.196
8.199
8.198
8.200
8.200
8.198
8.195
8.195
8.195
8.196
8.200
8.202
8.206
8.215
8.215
8.223
8.244
8.257
8.279
8.296
8.313
8.325
8.335
8.347
8.356
8.363
8.372
8.381
8.388
8.398
8.407
8.419
8.440
8.464
8.482
8.495
8.500
8.503
8.508
8.514
8.539
8.550
8.563
8.578
8.594
8.607
8.611
8.616
8.624
8.631
8.644
8.655
8.672
8.684
8.709
8.731
8.751
8.760
8.764
8.770
8.777
8.779
8.785
8.799
8.813
8.828
8.844
8.850
8.855
8.869
8.881
8.887
8.887
8.898
8.927
8.947
8.955
8.959
8.961
8.968
8.978
8.995
9.009
9.020
9.034
9.046
9.061
9.073
9.087
9.093
9.094
9.100
9.111
9.119
9.133
9.140
9.144
9.154
9.159
9.166
9.167
9.178
9.191
9.201
9.207
9.218
9.233
9.243
9.251
9.261
9.265
9.277
9.277
9.279
9.280
9.282
9.284
9.286
9.287
9.283
9.293
9.356
9.376
9.387
9.406
9.415
9.421
9.424
9.431
9.435
9.436
9.448
9.455
9.468
9.482
9.492
9.503
9.517
9.533
9.541
9.546
9.552
9.570
9.582
9.592
9.603
9.619
9.642
9.644
9.653
9.654
9.655
9.656
9.660
9.661
9.663
9.664
9.664
9.688
9.710
9.718
9.724
9.726
9.729
9.734
9.744
9.753
9.753
9.761
9.771
9.778
9.783
9.785
9.785
9.784
9.786
9.791
9.801
9.802
9.803
9.819
9.849
9.872
9.879
9.888
9.896
9.901
9.911
9.925
9.937
9.954
9.971
9.985
9.999
10.014
10.023
10.039
10.056
10.071
10.086
10.111
10.121
10.132
10.139
10.144
10.145
10.148
10.160
10.167
10.173
10.178
10.181
10.182
10.185
10.190
10.193
10.199
10.201
10.205
10.217
10.220
10.225
10.235
10.242
10.253
10.262
10.266
10.271
10.285
10.295
10.303
10.310
10.317
10.329
10.343
10.359
10.364
10.365
10.373
10.376
10.382
10.388
10.401
10.416
10.429
10.438
10.449
10.463
10.486
10.506
10.525
10.535
10.536
10.535
10.539
10.545
10.554
10.570
10.584
10.596
10.606
10.618
10.627
10.634
10.644
10.640
10.645
10.654
10.657
10.659
10.665
10.669
10.679
10.688
10.693
10.701
10.711
10.715
10.718
10.718
10.722
10.727
10.730
10.728
10.728
10.730
10.735
10.738
10.742
10.743
10.742
10.742
10.743
10.748
10.756
10.771
10.788
10.801
10.815
10.828
10.837
10.850
10.863
10.876
10.887
10.901
10.913
10.927
10.947
10.962
10.972
10.988
10.999
11.005
11.007
11.016
11.033
11.053
11.060
11.072
11.087
11.096
11.098
11.107
11.119
11.126
11.133
11.142
11.152
11.159
11.169
11.169
11.174
11.187
11.193
11.194
11.196
11.197
11.194
11.196
11.204
11.206
11.214
11.219
11.226
11.230
11.236
11.236
11.234
11.239
11.243
11.251
11.269
11.279
11.283
11.290
11.301
11.307
11.316
11.329
11.340
11.346
11.364
11.371
11.376
11.377
11.381
11.392
11.407
11.423
11.424
11.436
11.441
11.448
11.449
11.450
11.460
11.467
11.475
11.478
11.495
11.512
11.519
11.526
11.538
11.541
11.545
11.553
11.559
11.560
11.568
11.575
11.579
11.583
11.583
11.584
11.574
11.584
11.586
11.589
11.592
11.597
11.603
11.607
11.605
11.610
11.618
11.620
11.621
11.624
11.628
11.634
11.642
11.645
11.646
11.647
11.651
11.653
11.653
11.668
11.677
11.690
11.705
11.715
11.724
11.732
11.743
11.759
11.788
11.799
11.804
11.807
11.813
11.806
11.819
11.821
11.826
11.829
11.835
11.843
11.855
11.863
11.861
11.864
11.880
11.888
11.892
11.901
11.917
11.921
11.925
11.926
11.933
11.956
11.965
11.974
11.980
11.987
11.990
11.997
12.001
12.010
12.012
12.018
12.025
12.034
12.034
12.048
12.059
12.068
12.076
12.079
12.081
12.094
12.100
12.108
12.121
12.122
12.122
12.124
12.126
12.122
12.126
12.131
12.134
12.146
12.158
12.164
12.169
12.174
12.182
12.182
12.183
12.183
12.183
12.194
12.197
12.207
12.219
12.229
12.232
12.243
12.254
12.256
12.260
12.259
12.261
12.261
12.262
12.263
12.264
12.264
12.264
12.264
12.262
12.263
12.265
12.265
12.267
12.273
12.280
12.283
12.285
12.298
12.321
12.336
12.348
12.355
12.360
12.358
12.363
12.373
12.384
12.394
12.408
12.417
12.430
12.428
12.431
12.438
12.441
12.450
12.451
12.464
12.468
12.474
12.477
12.482
12.477
12.480
12.483
12.486
12.490
12.499
12.502
12.504
12.507
12.514
12.520
12.526
12.533
12.537
12.540
12.548
12.555
12.561
12.564
12.562
12.566
12.569
12.573
12.581
12.597
12.601
12.604
12.609
12.611
12.610
12.614
12.621
12.627
12.642
12.658
12.665
12.674
12.683
12.692
12.695
12.697
12.698
12.704
12.714
12.719
12.728
12.740
12.752
12.754
12.763
12.777
12.796
12.813
12.830
12.841
12.855
12.867
12.872
12.873
12.876
12.878
12.882
12.888
12.892
12.903
12.915
12.923
12.926
12.927
12.927
12.936
12.948
12.964
12.975
12.979
12.984
12.988
12.991
13.000
13.018
13.025
13.036
13.037
13.041
13.049
13.057
13.058
13.066
13.075
13.094
13.110
13.119
13.123
13.124
13.135
13.140
13.139
13.155
13.163
13.170
13.171
13.179
13.184
13.186
13.193
13.195
13.201
13.209
13.210
13.211
13.211
13.211
13.212
13.211
13.213
13.218
13.220
13.220
13.228
13.249
13.263
13.274
13.300
13.312
13.308
13.306
13.312
13.322
13.349
13.366
13.385
13.398
13.402
13.407
13.407
13.418
13.425
13.429
13.437
13.440
13.445
13.450
13.451
13.443
13.461
13.467
13.476
13.489
13.496
13.501
13.510
13.520
13.525
13.528
13.540
13.561
13.584
13.596
13.599
13.602
13.604
13.607
13.608
13.608
13.611
13.597
13.599
13.606
13.605
13.614
13.623
13.638
13.639
13.666
13.683
13.690
13.699
13.714
13.728
13.745
13.752
13.752
13.764
13.783
13.796
13.805
13.811
13.825
13.837
13.850
13.861
13.853
13.871
13.879
13.882
13.887
13.889
13.893
13.898
13.903
13.918
13.925
13.932
13.945
13.952
13.955
13.955
13.957
13.960
13.965
13.968
13.989
13.993
14.001
14.012
14.029
14.038
14.044
14.050
14.047
14.059
14.072
14.081
14.087
14.089
14.098
14.105
14.111
14.112
14.116
14.108
14.124
14.126
14.132
14.138
14.148
14.156
14.164
14.172
14.177
14.183
14.186
14.188
14.204
14.223
14.247
14.258
14.268
14.266
14.284
14.298
14.323
14.333
14.342
14.347
14.355
14.361
14.364
14.359
14.363
14.366
14.370
14.387
14.400
14.404
14.406
14.417
14.420
14.422
14.427
14.432
14.435
14.448
14.455
14.465
14.476
14.479
14.470
14.470
14.475
14.486
14.510
14.525
14.536
14.549
14.568
14.580
14.586
14.590
14.599
14.596
14.611
14.613
14.623
14.627
14.636
14.645
14.666
14.673
14.673
14.680
14.684
14.693
14.709
14.730
14.749
14.763
14.770
14.766
14.773
14.798
14.810
14.831
14.848
14.853
14.846
14.850
14.853
14.856
14.868
14.876
14.887
14.894
14.904
14.901
14.899
14.902
14.902
14.909
14.932
14.954
14.968
14.978
14.986
14.990
15.012
15.014
15.017
15.026
15.028
15.034
15.045
15.062
15.059
15.074
15.078
15.088
15.100
15.111
15.123
15.143
15.160
15.177
15.204
15.225
15.233
15.236
15.254
15.267
15.273
15.278
15.283
15.283
15.288
15.296
15.308
15.323
15.342
15.345
15.348
15.356
15.364
15.359
15.365
15.369
15.376
15.392
15.395
15.402
15.415
15.430
15.430
15.442
15.447
15.453
15.462
15.481
15.492
15.503
15.513
15.521
15.518
15.529
15.546
15.552
15.563
15.571
15.582
15.589
15.601
15.613
15.624
15.630
15.636
15.645
15.666
15.688
15.707
15.721
15.734
15.735
15.740
15.746
15.749
15.772
15.783
15.783
15.784
15.787
15.796
15.793
15.796
15.803
15.812
15.832
15.840
15.853
15.862
15.870
15.870
15.880
15.901
15.907
15.918
15.931
15.942
15.955
15.967
15.959
15.974
15.981
15.985
15.992
15.995
16.003
16.027
16.040
16.053
16.064
16.074
16.063
16.093
16.106
16.125
16.142
16.153
16.168
16.166
16.192
16.199
16.201
16.207
16.211
16.222
16.235
16.247
16.250
16.252
16.262
16.268
16.272
16.273
16.284
16.296
16.318
16.337
16.332
16.359
16.364
16.372
16.385
16.398
16.414
16.426
16.431
16.434
16.442
16.463
16.474
16.482
16.496
16.511
16.532
16.546
16.561
16.571
16.586
16.599
16.609
16.629
16.639
16.662
16.667
16.670
16.673
16.659
16.680
16.687
16.696
16.711
16.721
16.733
16.736
16.749
16.756
16.772
16.785
16.799
16.809
16.818
16.826
16.837
16.846
16.855
16.856
16.880
16.894
16.905
16.913
16.919
16.930
16.941
16.956
16.960
16.970
16.985
17.003
17.021
17.034
17.046
17.056
17.066
17.078
17.077
17.093
17.106
17.116
17.134
17.145
17.151
17.164
17.175
17.175
17.175
17.176
17.183
17.190
17.208
17.230
17.249
17.262
17.260
17.266
17.270
17.273
17.279
17.290
17.314
17.334
17.346
17.348
17.346
17.347
17.359
17.371
17.380
17.403
17.419
17.434
17.461
17.477
17.483
17.499
17.522
17.553
17.567
17.580
17.590
17.590
17.594
17.589
17.596
17.604
17.609
17.617
17.632
17.641
17.658
17.673
17.690
17.688
17.694
17.705
17.714
17.740
17.748
17.751
17.761
17.767
17.773
17.782
17.786
17.788
17.791
17.808
17.811
17.818
17.828
17.832
17.832
17.844
17.855
17.866
17.897
17.909
17.923
17.933
17.941
17.939
17.949
17.961
17.975
17.990
18.014
18.035
18.045
18.063
18.082
18.076
18.079
18.080
18.085
18.108
18.121
18.133
18.150
18.164
18.156
18.158
18.166
18.175
18.184
18.201
18.213
18.234
18.244
18.248
18.246
18.250
18.254
18.262
18.282
18.288
18.294
18.298
18.311
18.312
18.327
18.347
18.366
18.377
18.385
18.393
18.396
18.409
18.414
18.417
18.427
18.433
18.443
18.471
18.475
18.490
18.503
18.515
18.513
18.511
18.518
18.526
18.542
18.554
18.566
18.571
18.577
18.576
18.584
18.603
18.616
18.627
18.647
18.654
18.668
18.691
18.700
18.687
18.689
18.689
18.690
18.704
18.719
18.726
18.733
18.743
18.745
18.744
18.768
18.773
18.774
18.779
18.783
18.793
18.808
18.817
18.813
18.826
18.835
18.869
18.880
18.889
18.896
18.902
18.909
18.918
18.924
18.933
18.923
18.949
18.955
18.968
18.979
18.987
18.995
18.986
19.011
19.018
19.024
19.031
19.031
19.035
19.039
19.042
19.035
19.047
19.055
19.065
19.067
19.067
19.075
19.080
19.088
19.093
19.082
19.116
19.128
19.140
19.153
19.162
19.171
19.179
19.189
19.198
19.204
19.211
19.215
19.205
19.230
19.239
19.242
19.250
19.260
19.272
19.291
19.287
19.321
19.335
19.341
19.350
19.359
19.366
19.371
19.380
19.399
19.410
19.419
19.425
19.432
19.434
19.442
19.449
19.459
19.446
19.475
19.482
19.494
19.505
19.512
19.519
19.527
19.538
19.551
19.557
19.561
19.566
19.572
19.582
19.599
19.615
19.631
19.636
19.647
19.656
19.660
19.665
19.683
19.690
19.699
19.702
19.706
19.711
19.716
19.714
19.720
19.743
19.766
19.781
19.790
19.801
19.809
19.812
19.821
19.832
19.838
19.862
19.873
19.880
19.885
19.885
19.875
19.881
19.883
19.885
19.899
19.915
19.926
19.934
19.940
19.946
19.954
19.958
19.968
19.977
19.982
19.985
19.997
20.008
20.015
20.008
20.020
20.032
20.048
20.068
20.081
20.094
20.096
20.103
20.105
20.112
20.116
20.105
20.114
20.142
20.152
20.157
20.165
20.171
20.166
20.171
20.178
20.185
20.203
20.214
20.217
20.224
20.229
20.227
20.224
20.234
20.244
20.249
20.269
20.273
20.280
20.289
20.294
20.286
20.295
20.311
20.315
20.323
20.325
20.329
20.335
20.337
20.339
20.330
20.336
20.345
20.359
20.388
20.399
20.414
20.423
20.431
20.435
20.442
20.447
20.435
20.445
20.470
20.478
20.484
20.491
20.495
20.487
20.494
20.500
20.508
20.536
20.552
20.558
20.568
20.572
20.563
20.559
20.560
20.561
20.565
20.584
20.591
20.597
20.605
20.620
20.617
20.629
20.639
20.647
20.661
20.679
20.688
20.693
20.703
20.703
20.697
20.703
20.714
20.722
20.748
20.751
20.757
20.762
20.765
20.770
20.775
20.780
20.765
20.782
20.791
20.796
20.801
20.803
20.797
20.801
20.812
20.825
20.832
20.861
20.874
20.879
20.885
20.888
20.884
20.879
20.889
20.898
20.924
20.944
20.965
20.976
20.983
20.972
20.963
20.990
20.998
21.005
21.005
21.010
21.019
21.027
21.023
21.022
21.032
21.033
21.035
21.040
21.045
21.054
21.062
21.063
21.066
21.070
21.075
21.070
21.077
21.085
21.089
21.091
21.092
21.092
21.081
21.105
21.107
21.110
21.114
21.114
21.115
21.118
21.120
21.099
21.126
21.128
21.130
21.131
21.130
21.133
21.138
21.140
21.139
21.129
21.147
21.148
21.150
21.150
21.148
21.151
21.154
21.156
21.149
21.160
21.164
21.166
21.165
21.165
21.164
21.166
21.167
21.172
21.171
21.170
21.171
21.173
21.156
21.175
21.177
21.178
21.179
21.179
21.167
21.184
21.188
21.188
21.189
21.191
21.191
21.191
21.193
21.174
21.198
21.200
21.201
21.202
21.201
21.204
21.205
21.206
21.207
21.192
21.211
21.215
21.216
21.216
21.216
21.217
21.217
21.220
21.207
21.204
21.206
21.207
21.214
21.229
21.231
21.237
21.239
21.240
21.244
21.247
21.247
21.245
21.247
21.249
21.250
21.252
21.252
21.238
21.236
21.238
21.239
21.247
21.261
21.263
21.265
21.265
21.261
21.275
21.277
21.277
21.277
21.277
21.277
21.277
21.277
21.277
21.259
21.259
21.259
21.259
21.267
21.277
21.277
21.277
21.277
21.271
21.259
21.259
21.259
21.261
21.278
21.277
21.279
21.278
21.279
21.277
21.277
21.277
21.277
21.280
21.277
21.277
21.277
21.277
21.274
21.259
21.261
21.259
21.260
21.275
21.278
21.277
21.278
21.277
21.277
21.277
21.277
21.277
21.277
21.277
21.277
21.277
21.277
21.276
21.258
21.259
21.259
21.259
21.273
21.277
21.277
21.277
21.277
21.264
21.257
21.259
21.260
21.258
21.275
21.277
21.277
21.277
21.277
21.278
21.277
21.277
21.277
21.278
21.277
21.277
21.276
21.276
21.266
21.254
21.257
21.256
21.256
21.275
21.275
21.273
