1.803
1.804
1.803
1.804
1.804
1.803
1.804
1.804
1.803
1.803
1.804
1.804
1.802
1.803
1.803
1.803
1.803
1.804
1.803
1.804
1.804
1.804
1.804
1.804
1.803
1.805
1.803
1.803
1.803
1.803
1.803
1.803
1.803
1.803
1.802
1.802
1.802
1.802
1.802
1.803
1.802
1.801
1.802
1.801
1.801
1.801
1.801
1.800
1.800
1.800
1.800
1.800
1.799
1.799
1.799
1.799
1.798
1.797
1.796
1.796
1.794
1.794
1.793
1.792
1.792
1.792
1.790
1.789
1.791
1.789
1.789
1.789
1.789
1.787
1.789
1.787
1.787
1.786
1.785
1.785
1.785
1.785
1.784
1.784
1.784
1.784
1.783
1.783
1.783
1.782
1.782
1.782
1.781
1.779
1.779
1.779
1.778
1.777
1.778
1.777
1.776
1.777
1.776
1.775
1.773
1.773
1.772
1.772
1.771
1.771
1.770
1.771
1.770
1.769
1.769
1.769
1.767
1.768
1.765
1.764
1.764
1.763
1.763
1.762
1.762
1.762
1.762
1.761
1.760
1.759
1.758
1.758
1.757
1.756
1.756
1.756
1.755
1.754
1.753
1.752
1.752
1.751
1.749
1.748
1.747
1.748
1.746
1.746
1.746
1.745
1.745
1.745
1.744
1.744
1.742
1.741
1.741
1.741
1.740
1.739
1.739
1.739
1.738
1.738
1.738
1.738
1.737
1.735
1.733
1.733
1.732
1.732
1.731
1.730
1.728
1.728
1.727
1.727
1.726
1.726
1.725
1.724
1.724
1.724
1.725
1.724
1.723
1.723
1.721
1.720
1.718
1.718
1.717
1.715
1.715
1.713
1.713
1.712
1.712
1.711
1.711
1.711
1.710
1.710
1.708
1.706
1.705
1.706
1.704
1.703
1.702
1.702
1.702
1.701
1.700
1.699
1.698
1.697
1.696
1.695
1.695
1.694
1.695
1.694
1.694
1.692
1.690
1.690
1.688
1.687
1.684
1.683
1.682
1.682
1.681
1.682
1.681
1.680
1.680
1.680
1.678
1.677
1.677
1.676
1.675
1.675
1.674
1.673
1.672
1.670
1.670
1.670
1.669
1.669
1.668
1.667
1.667
1.667
1.665
1.663
1.663
1.662
1.662
1.661
1.660
1.660
1.659
1.659
1.658
1.657
1.656
1.656
1.655
1.654
1.654
1.653
1.651
1.650
1.649
1.649
1.648
1.648
1.647
1.647
1.647
1.647
1.647
1.646
1.646
1.644
1.643
1.643
1.643
1.643
1.641
1.640
1.640
1.639
1.638
1.637
1.636
1.636
1.636
1.635
1.634
1.633
1.633
1.633
1.633
1.631
1.631
1.630
1.629
1.628
1.627
1.624
1.623
1.623
1.621
1.621
1.621
1.621
1.620
1.618
1.617
1.616
1.616
1.615
1.614
1.613
1.613
1.611
1.611
1.611
1.611
1.609
1.609
1.609
1.608
1.608
1.607
1.605
1.605
1.604
1.604
1.603
1.602
1.601
1.601
1.601
1.600
1.599
1.598
1.598
1.598
1.597
1.597
1.597
1.597
1.597
1.597
1.596
1.596
1.596
1.596
1.594
1.594
1.594
1.593
1.593
1.592
1.592
1.592
1.592
1.592
1.592
1.591
1.591
1.590
1.591
1.590
1.590
1.590
1.589
1.589
1.589
1.589
1.588
1.587
1.585
1.584
1.583
1.583
1.583
1.582
1.580
1.579
1.579
1.578
1.577
1.576
1.574
1.574
1.574
1.573
1.573
1.573
1.572
1.572
1.572
1.571
1.570
1.569
1.569
1.568
1.567
1.566
1.566
1.566
1.565
1.564
1.563
1.562
1.561
1.561
1.560
1.560
1.559
1.559
1.558
1.558
1.557
1.557
1.556
1.555
1.556
1.556
1.555
1.549
1.546
1.544
1.543
1.542
1.541
1.539
1.539
1.538
1.538
1.538
1.537
1.537
1.537
1.537
1.537
1.537
1.536
1.536
1.536
1.536
1.536
1.535
1.526
1.526
1.526
1.526
1.527
1.526
1.526
1.526
1.526
1.526
1.526
1.526
1.526
1.525
1.525
1.525
1.523
1.521
1.520
1.519
1.518
1.516
1.516
1.511
1.506
1.506
1.506
1.507
1.507
1.506
1.506
1.507
1.506
1.506
1.506
1.507
1.505
1.506
1.506
1.506
1.506
1.505
1.504
1.504
1.503
1.503
1.502
1.502
1.501
1.499
1.497
1.496
1.494
1.493
1.492
1.491
1.490
1.488
1.488
1.487
1.486
1.485
1.485
1.482
1.481
1.480
1.479
1.477
1.477
1.476
1.475
1.474
1.473
1.472
1.472
1.472
1.471
1.471
1.469
1.469
1.469
1.468
1.468
1.467
1.468
1.465
1.457
1.457
1.457
1.457
1.458
1.458
1.458
1.458
1.458
1.458
1.458
1.458
1.457
1.456
1.456
1.455
1.454
1.453
1.452
1.452
1.452
1.451
1.451
1.450
1.450
1.450
1.450
1.449
1.448
1.447
1.446
1.445
1.443
1.442
1.442
1.441
1.441
1.440
1.440
1.440
1.440
1.439
1.439
1.438
1.438
1.437
1.437
1.436
1.435
1.434
1.433
1.433
1.432
1.432
1.430
1.430
1.430
1.428
1.428
1.428
1.426
1.426
1.425
1.426
1.424
1.422
1.421
1.421
1.420
1.419
1.419
1.418
1.417
1.416
1.416
1.415
1.415
1.415
1.414
1.413
1.413
1.413
1.413
1.411
1.406
1.401
1.401
1.401
1.401
1.401
1.401
1.401
1.401
1.401
1.401
1.401
1.401
1.401
1.401
1.401
1.401
1.401
1.400
1.400
1.400
1.400
1.400
1.399
1.399
1.396
1.396
1.396
1.395
1.395
1.394
1.394
1.393
1.392
1.392
1.391
1.391
1.390
1.390
1.390
1.389
1.388
1.387
1.387
1.387
1.386
1.386
1.385
1.384
1.383
1.382
1.382
1.380
1.379
1.379
1.378
1.378
1.377
1.377
1.375
1.375
1.374
1.373
1.373
1.373
1.373
1.372
1.372
1.372
1.372
1.371
1.370
1.370
1.369
1.369
1.369
1.368
1.368
1.367
1.367
1.366
1.366
1.365
1.365
1.365
1.364
1.364
1.364
1.363
1.362
1.362
1.362
1.361
1.360
1.360
1.360
1.359
1.358
1.358
1.357
1.356
1.356
1.355
1.355
1.354
1.354
1.354
1.353
1.353
1.353
1.352
1.352
1.351
1.351
1.350
1.350
1.350
1.349
1.349
1.348
1.348
1.348
1.347
1.346
1.345
1.345
1.344
1.343
1.343
1.342
1.342
1.341
1.341
1.341
1.341
1.341
1.340
1.340
1.340
1.337
1.337
1.337
1.336
1.336
1.336
1.336
1.336
1.335
1.335
1.335
1.333
1.333
1.333
1.332
1.332
1.332
1.332
1.332
1.332
1.331
1.331
1.331
1.331
1.330
1.330
1.329
1.329
1.329
1.329
1.329
1.329
1.328
1.328
1.328
1.328
1.327
1.327
1.326
1.325
1.325
1.324
1.319
1.317
1.316
1.317
1.317
1.317
1.318
1.317
1.317
1.317
1.317
1.317
1.317
1.317
1.317
1.317
1.316
1.317
1.317
1.316
1.316
1.315
1.315
1.314
1.314
1.313
1.312
1.312
1.311
1.311
1.310
1.310
1.310
1.310
1.310
1.309
1.308
1.307
1.307
1.306
1.306
1.306
1.304
1.303
1.303
1.302
1.302
1.302
1.302
1.302
1.300
1.293
1.293
1.292
1.293
1.293
1.291
1.291
1.291
1.289
1.288
1.288
1.287
1.287
1.286
1.286
1.286
1.286
1.286
1.286
1.286
1.286
1.285
1.286
1.286
1.285
1.285
1.285
1.282
1.276
1.275
1.275
1.275
1.275
1.274
1.274
1.274
1.274
1.274
1.274
1.274
1.273
1.273
1.274
1.274
1.273
1.273
1.273
1.273
1.271
1.269
1.268
1.267
1.266
1.264
1.258
1.255
1.255
1.256
1.255
1.255
1.255
1.255
1.255
1.255
1.251
1.245
1.245
1.245
1.245
1.245
1.245
1.245
1.245
1.244
1.244
1.244
1.242
1.240
1.240
1.240
1.239
1.238
1.238
1.238
1.236
1.236
1.236
1.236
1.235
1.235
1.235
1.235
1.236
1.235
1.236
1.236
1.236
1.236
1.235
1.236
1.235
1.233
1.233
1.232
1.231
1.229
1.227
1.226
1.225
1.225
1.225
1.224
1.224
1.224
1.223
1.214
1.213
1.213
1.212
1.212
1.212
1.212
1.212
1.212
1.212
1.212
1.211
1.211
1.210
1.203
1.200
1.199
1.199
1.199
1.200
1.200
1.200
1.198
1.197
1.196
1.194
1.192
1.192
1.190
1.189
1.188
1.185
1.182
1.179
1.179
1.178
1.178
1.175
1.173
1.173
1.172
1.171
1.169
1.168
1.166
1.165
1.164
1.163
1.162
1.161
1.161
1.160
1.158
1.156
1.155
1.154
1.154
1.153
1.151
1.143
1.143
1.143
1.142
1.142
1.141
1.140
1.139
1.138
1.138
1.138
1.138
1.138
1.138
1.138
1.138
1.135
1.129
1.127
1.128
1.128
1.128
1.126
1.125
1.123
1.121
1.120
1.119
1.117
1.115
1.114
1.113
1.111
1.107
1.105
1.102
1.101
1.099
1.096
1.094
1.093
1.090
1.088
1.086
1.085
1.084
1.084
1.084
1.083
1.082
1.082
1.082
1.081
1.080
1.080
1.080
1.079
1.079
1.074
1.071
1.071
1.070
1.070
1.070
1.069
1.069
1.069
1.069
1.069
1.069
1.069
1.069
1.069
1.069
1.069
1.069
1.069
1.068
1.067
1.066
1.065
1.064
1.063
1.062
1.061
1.060
1.059
1.058
1.057
1.057
1.056
1.056
1.055
1.054
1.053
1.052
1.051
1.050
1.049
1.048
1.048
1.047
1.046
1.046
1.044
1.043
1.042
1.041
1.040
1.039
1.039
1.038
1.037
1.036
1.035
1.034
1.033
1.032
1.031
1.030
1.028
1.027
1.026
1.026
1.025
1.024
1.023
1.022
1.021
1.020
1.019
1.018
1.017
1.016
1.015
1.013
1.013
1.012
1.011
1.010
1.008
1.007
1.005
1.004
1.004
1.003
1.002
1.001
1.000
0.999
0.998
0.996
0.994
0.993
0.991
0.991
0.990
0.989
0.988
0.987
0.986
0.984
0.984
0.984
0.984
0.984
0.983
0.982
0.981
0.979
0.978
0.977
0.976
0.975
0.974
0.973
0.972
0.970
0.968
0.967
0.965
0.964
0.963
0.962
0.962
0.961
0.960
0.958
0.958
0.956
0.956
0.955
0.954
0.952
0.952
0.951
0.950
0.950
0.949
0.949
0.948
0.947
0.946
0.945
0.944
0.943
0.942
0.940
0.939
0.938
0.936
0.935
0.934
0.934
0.933
0.932
0.931
0.930
0.928
0.926
0.925
0.924
0.924
0.922
0.922
0.921
0.920
0.920
0.919
0.918
0.917
0.916
0.916
0.915
0.915
0.914
0.912
0.911
0.909
0.908
0.907
0.905
0.904
0.903
0.901
0.899
0.898
0.897
0.896
0.895
0.895
0.894
0.893
0.890
0.888
0.886
0.885
0.884
0.884
0.884
0.883
0.882
0.881
0.880
0.879
0.878
0.877
0.876
0.874
0.873
0.872
0.872
0.871
0.870
0.869
0.869
0.868
0.866
0.865
0.864
0.862
0.860
0.859
0.859
0.858
0.858
0.856
0.854
0.853
0.851
0.851
0.849
0.848
0.847
0.846
0.845
0.844
0.842
0.841
0.840
0.840
0.839
0.839
0.839
0.838
0.838
0.836
0.835
0.835
0.834
0.832
0.831
0.830
0.829
0.828
0.827
0.825
0.825
0.825
0.825
0.824
0.823
0.822
0.820
0.819
0.818
0.817
0.816
0.816
0.816
0.815
0.814
0.814
0.813
0.813
0.813
0.812
0.811
0.810
0.809
0.807
0.807
0.806
0.805
0.804
0.803
0.802
0.801
0.801
0.801
0.801
0.801
0.800
0.800
0.799
0.798
0.797
0.797
0.796
0.796
0.795
0.795
0.795
0.795
0.794
0.793
0.792
0.790
0.790
0.790
0.789
0.788
0.787
0.785
0.784
0.782
0.781
0.779
0.777
0.776
0.775
0.772
0.770
0.768
0.767
0.765
0.764
0.763
0.762
0.761
0.761
0.759
0.758
0.758
0.758
0.758
0.758
0.757
0.757
0.757
0.755
0.754
0.754
0.751
0.750
0.750
0.749
0.749
0.748
0.747
0.747
0.745
0.744
0.743
0.742
0.740
0.739
0.738
0.737
0.737
0.736
0.736
0.736
0.736
0.735
0.735
0.734
0.733
0.732
0.731
0.729
0.727
0.726
0.726
0.726
0.725
0.725
0.724
0.723
0.722
0.722
0.721
0.721
0.720
0.719
0.719
0.718
0.717
0.716
0.714
0.713
0.712
0.711
0.710
0.709
0.708
0.706
0.705
0.704
0.703
0.702
0.701
0.701
0.701
0.701
0.701
0.701
0.700
0.700
0.700
0.699
0.699
0.698
0.698
0.697
0.696
0.696
0.695
0.694
0.693
0.692
0.691
0.691
0.690
0.689
0.689
0.689
0.688
0.686
0.684
0.683
0.683
0.682
0.682
0.680
0.680
0.679
0.677
0.677
0.676
0.676
0.675
0.674
0.673
0.673
0.672
0.672
0.672
0.671
0.671
0.670
0.669
0.668
0.667
0.666
0.666
0.666
0.665
0.665
0.663
0.662
0.661
0.660
0.659
0.658
0.658
0.656
0.655
0.654
0.653
0.652
0.651
0.651
0.651
0.651
0.649
0.647
0.646
0.645
0.645
0.644
0.644
0.643
0.642
0.641
0.640
0.639
0.638
0.637
0.636
0.635
0.635
0.634
0.633
0.632
0.631
0.630
0.629
0.629
0.628
0.627
0.625
0.625
0.624
0.623
0.622
0.621
0.620
0.619
0.618
0.617
0.616
0.616
0.614
0.612
0.611
0.611
0.610
0.609
0.608
0.608
0.607
0.605
0.604
0.602
0.600
0.599
0.598
0.598
0.598
0.598
0.597
0.596
0.595
0.592
0.591
0.591
0.590
0.589
0.588
0.587
0.587
0.586
0.586
0.586
0.586
0.585
0.584
0.583
0.582
0.582
0.581
0.579
0.577
0.577
0.576
0.574
0.574
0.573
0.571
0.570
0.569
0.568
0.568
0.567
0.567
0.566
0.565
0.565
0.564
0.563
0.562
0.561
0.561
0.560
0.559
0.558
0.558
0.557
0.556
0.555
0.554
0.553
0.552
0.551
0.550
0.549
0.548
0.547
0.546
0.546
0.546
0.545
0.544
0.543
0.541
0.540
0.539
0.538
0.537
0.536
0.535
0.535
0.535
0.535
0.534
0.533
0.532
0.532
0.531
0.530
0.529
0.529
0.528
0.528
0.527
0.525
0.525
0.525
0.525
0.524
0.523
0.522
0.521
0.520
0.518
0.517
0.516
0.515
0.513
0.511
0.510
0.510
0.509
0.509
0.508
0.506
0.505
0.503
0.502
0.502
0.502
0.502
0.502
0.501
0.501
0.500
0.500
0.499
0.499
0.498
0.497
0.497
0.496
0.495
0.495
0.495
0.494
0.494
0.494
0.493
0.493
0.492
0.491
0.490
0.490
0.488
0.487
0.486
0.484
0.483
0.481
0.480
0.479
0.478
0.477
0.477
0.477
0.477
0.477
0.477
0.477
0.476
0.475
0.475
0.473
0.471
0.471
0.470
0.469
0.467
0.467
0.467
0.466
0.466
0.465
0.465
0.464
0.464
0.462
0.462
0.461
0.460
0.459
0.458
0.458
0.458
0.457
0.456
0.455
0.455
0.454
0.453
0.452
0.451
0.450
0.450
0.449
0.448
0.447
0.446
0.446
0.446
0.445
0.444
0.443
0.442
0.441
0.441
0.441
0.441
0.441
0.441
0.441
0.440
0.440
0.439
0.437
0.436
0.436
0.436
0.435
0.434
0.434
0.433
0.432
0.431
0.431
0.430
0.430
0.430
0.429
0.429
0.428
0.427
0.426
0.425
0.425
0.424
0.423
0.423
0.422
0.422
0.421
0.420
0.420
0.419
0.418
0.417
0.416
0.415
0.415
0.414
0.414
0.413
0.413
0.412
0.412
0.411
0.411
0.410
0.409
0.409
0.409
0.408
0.407
0.407
0.407
0.407
0.406
0.405
0.404
0.403
0.402
0.402
0.401
0.400
0.399
0.398
0.398
0.398
0.398
0.397
0.396
0.395
0.395
0.395
0.394
0.394
0.394
0.394
0.394
0.394
0.394
0.394
0.394
0.394
0.394
0.394
0.394
