25.183
25.182
25.184
25.182
25.185
25.184
25.184
25.182
25.183
25.181
25.184
25.183
25.182
25.182
25.183
25.184
25.183
25.181
25.182
25.180
25.183
25.182
25.183
25.184
25.182
25.180
25.182
25.182
25.182
25.183
25.182
25.183
25.181
25.183
25.181
25.181
25.183
25.181
25.181
25.182
25.180
25.180
25.181
25.182
25.182
25.182
25.183
25.182
25.182
25.180
25.183
25.182
25.181
25.182
25.179
25.180
25.180
25.181
25.182
25.181
25.180
25.182
25.184
25.184
25.180
25.181
25.182
25.180
25.180
25.180
25.180
25.182
25.182
25.182
25.179
25.179
25.181
25.180
25.181
25.181
25.182
25.180
25.180
25.181
25.181
25.181
25.180
25.180
25.183
25.183
25.182
25.182
25.183
25.180
25.180
25.183
25.180
25.183
25.183
25.180
25.182
25.181
25.182
25.182
25.181
25.181
25.181
25.179
25.178
25.181
25.181
25.181
25.182
25.183
25.180
25.179
25.181
25.182
25.178
25.180
25.182
25.180
25.180
25.180
25.180
25.180
25.181
25.182
25.183
25.182
25.183
25.179
25.178
25.179
25.181
25.182
25.182
25.179
25.182
25.182
25.181
25.181
25.182
25.179
25.182
25.181
25.183
25.180
25.180
25.182
25.180
25.181
25.180
25.181
25.180
25.180
25.180
25.181
25.180
25.182
25.180
25.180
25.178
25.181
25.181
25.183
25.181
25.180
25.180
25.181
25.181
25.179
25.180
25.180
25.181
25.180
25.180
25.181
25.180
25.180
25.181
25.180
25.180
25.180
25.183
25.180
25.180
25.179
25.179
25.179
25.180
25.182
25.181
25.180
25.177
25.181
25.179
25.180
25.179
25.179
25.180
25.178
25.179
25.180
25.180
25.180
25.179
25.178
25.181
25.179
25.181
25.178
25.179
25.179
25.178
25.180
25.179
25.181
25.180
25.178
25.179
25.181
25.181
25.178
25.180
25.182
25.181
25.181
25.181
25.182
25.180
25.177
25.179
25.180
25.179
25.180
25.179
25.180
25.179
25.180
25.179
25.180
25.181
25.178
25.180
25.179
25.178
25.178
25.179
25.177
25.179
25.178
25.179
25.180
25.176
25.179
25.177
25.178
25.178
25.178
25.179
25.177
25.178
25.179
25.178
25.177
25.177
25.179
25.176
25.175
25.178
25.180
25.177
25.177
25.179
25.177
25.176
25.180
25.178
25.178
25.180
25.177
25.176
25.179
25.179
25.176
25.178
25.177
25.178
25.178
25.178
25.177
25.179
25.177
25.176
25.177
25.180
25.176
25.177
25.180
25.178
25.176
25.178
25.176
25.180
25.178
25.177
25.177
25.177
25.177
25.175
25.178
25.177
25.177
25.178
25.176
25.178
25.175
25.177
25.175
25.178
25.176
25.178
25.177
25.177
25.178
25.177
25.177
25.177
25.176
25.179
25.175
25.176
25.175
25.176
25.177
25.179
25.175
25.177
25.177
25.177
25.177
25.174
25.177
25.173
25.176
25.176
25.175
25.175
25.176
25.178
25.176
25.177
25.177
25.176
25.176
25.177
25.177
25.178
25.175
25.176
25.177
25.175
25.178
25.175
25.177
25.175
25.177
25.178
25.175
25.175
25.175
25.176
25.173
25.173
25.176
25.176
25.176
25.176
25.176
25.175
25.176
25.177
25.174
25.175
25.176
25.174
25.175
25.175
25.174
25.177
25.176
25.174
25.175
25.174
25.175
25.176
25.174
25.177
25.173
25.176
25.177
25.176
25.176
25.176
25.173
25.173
25.174
25.176
25.175
25.175
25.175
25.176
25.175
25.176
25.176
25.175
25.176
25.174
25.175
25.174
25.174
25.175
25.174
25.175
25.174
25.176
25.177
25.176
25.176
25.175
25.177
25.174
25.176
25.176
25.175
25.174
25.175
25.175
25.173
25.175
25.175
25.173
25.175
25.175
25.176
25.175
25.177
25.175
25.176
25.175
25.174
25.176
25.173
25.174
25.174
25.176
25.174
25.173
25.174
25.174
25.173
25.172
25.172
25.173
25.175
25.176
25.174
25.174
25.175
25.175
25.176
25.173
25.173
25.175
25.173
25.172
25.173
25.174
25.175
25.173
25.174
25.174
25.172
25.171
25.173
25.173
25.173
25.173
25.172
25.175
25.172
25.173
25.175
25.173
25.171
25.174
25.171
25.173
25.173
25.173
25.172
25.173
25.172
25.172
25.172
25.170
25.172
25.172
25.172
25.171
25.170
25.172
25.172
25.172
25.173
25.174
25.172
25.172
25.172
25.172
25.173
25.173
25.171
25.170
25.172
25.171
25.171
25.173
25.172
25.171
25.170
25.173
25.170
25.170
25.170
25.169
25.171
25.169
25.170
25.169
25.170
25.170
25.173
25.171
25.168
25.170
25.170
25.169
25.169
25.170
25.168
25.169
25.169
25.170
25.172
25.169
25.170
25.168
25.167
25.169
25.169
25.168
25.169
25.169
25.168
25.170
25.168
25.169
25.168
25.167
25.168
25.168
25.167
25.167
25.169
25.166
25.168
25.169
25.169
25.167
25.168
25.167
25.169
25.167
25.168
25.169
25.167
25.168
25.165
25.166
25.169
25.166
25.168
25.167
25.167
25.166
25.168
25.165
25.166
25.166
25.166
25.166
25.166
25.166
25.166
25.164
25.167
25.165
25.163
25.167
25.165
25.165
25.164
25.165
25.165
25.167
25.163
25.166
25.165
25.165
25.165
25.166
25.165
25.164
25.167
25.164
25.165
25.163
25.162
25.166
25.165
25.164
25.166
25.163
25.165
25.164
25.164
25.162
25.162
25.163
25.160
25.162
25.164
25.163
25.163
25.161
25.164
25.162
25.164
25.163
25.163
25.162
25.163
25.162
25.164
25.162
25.162
25.162
25.161
25.163
25.162
25.161
25.162
25.161
25.161
25.159
25.160
25.164
25.161
25.163
25.161
25.161
25.162
25.160
25.162
25.162
25.159
25.160
25.158
25.158
25.162
25.158
25.160
25.160
25.162
25.159
25.159
25.159
25.160
25.158
25.159
25.158
25.159
25.158
25.158
25.158
25.157
25.157
25.159
25.160
25.161
25.160
25.157
25.157
25.157
25.158
25.158
25.158
25.160
25.159
25.158
25.159
25.157
25.156
25.157
25.158
25.158
25.157
25.158
25.159
25.156
25.157
25.157
25.158
25.155
25.155
25.157
25.158
25.155
25.156
25.157
25.155
25.155
25.154
25.159
25.158
25.158
25.155
25.158
25.157
25.156
25.154
25.153
25.154
25.153
25.154
25.156
25.158
25.157
25.158
25.156
25.155
25.155
25.155
25.152
25.157
25.156
25.156
25.156
25.155
25.155
25.156
25.156
25.156
25.156
25.156
25.155
25.158
25.155
25.155
25.156
25.154
25.152
25.151
25.155
25.156
25.154
25.155
25.154
25.155
25.155
25.151
25.152
25.152
25.155
25.157
25.158
25.156
25.152
25.155
25.153
25.155
25.155
25.153
25.155
25.156
25.155
25.153
25.154
25.153
25.153
25.155
25.153
25.152
25.151
25.154
25.153
25.151
25.152
25.152
25.154
25.156
25.154
25.153
25.152
25.153
25.153
25.152
25.152
25.152
25.154
25.153
25.154
25.151
25.152
25.154
25.152
25.152
25.152
25.153
25.154
25.153
25.152
25.155
25.151
25.150
25.153
25.153
25.153
25.152
25.150
25.153
25.153
25.152
25.153
25.152
25.151
25.152
25.153
25.151
25.150
25.149
25.152
25.153
25.149
25.151
25.150
25.153
25.151
25.152
25.152
25.153
25.151
25.151
25.151
25.150
25.151
25.147
25.151
25.149
25.153
25.151
25.152
25.149
25.152
25.149
25.147
25.151
25.149
25.149
25.149
25.151
25.148
25.145
25.149
25.149
25.149
25.152
25.151
25.150
25.149
25.151
25.150
25.150
25.149
25.146
25.147
25.150
25.150
25.152
25.152
25.150
25.149
25.145
25.150
25.151
25.151
25.150
25.151
25.153
25.151
25.148
25.151
25.149
25.152
25.150
25.147
25.148
25.152
25.148
25.149
25.146
25.147
25.146
25.145
25.149
25.149
25.148
25.150
25.150
25.148
25.147
25.146
25.145
25.146
25.147
25.149
25.149
25.149
25.149
25.148
25.144
25.146
25.146
25.147
25.146
25.149
25.148
25.150
25.146
25.146
25.145
25.147
25.148
25.145
25.149
25.147
25.149
25.148
25.149
25.149
25.143
25.146
25.149
25.146
25.147
25.149
25.147
25.148
25.146
25.147
25.145
25.146
25.145
25.147
25.146
25.144
25.148
25.144
25.144
25.146
25.144
25.147
25.148
25.147
25.148
25.148
25.146
25.142
25.144
25.144
25.142
25.147
25.146
25.149
25.145
25.147
25.143
25.142
25.145
25.147
25.145
25.146
25.146
25.145
25.145
25.147
25.148
25.147
25.148
25.146
25.147
25.146
25.146
25.144
25.144
25.146
25.146
25.143
25.145
25.145
25.145
25.145
25.144
25.145
25.145
25.143
25.145
25.145
25.143
25.144
25.143
25.145
25.144
25.143
25.143
25.145
25.145
25.144
25.144
25.147
25.144
25.144
25.144
25.143
25.142
25.143
25.142
25.145
25.144
25.144
25.147
25.143
25.146
25.145
25.146
25.143
25.144
25.144
25.145
25.144
25.143
25.146
25.143
25.141
25.143
25.142
25.144
25.145
25.144
25.144
25.146
25.145
25.144
25.142
25.143
25.146
25.142
25.143
25.144
25.143
25.141
25.145
25.143
25.146
25.144
25.142
25.142
25.144
25.144
25.144
25.143
25.143
25.143
25.143
25.144
25.143
25.144
25.144
25.145
25.143
25.143
25.142
25.143
25.141
25.143
25.141
25.143
25.143
25.143
25.144
25.141
25.142
25.141
25.144
25.142
25.143
25.141
25.141
25.143
25.143
25.139
25.140
25.144
25.142
25.141
25.142
25.142
25.143
25.143
25.142
25.139
25.138
25.140
25.137
25.143
25.143
25.142
25.143
25.141
25.140
25.137
25.139
25.141
25.140
25.140
25.143
25.142
25.141
25.141
25.140
25.142
25.140
25.141
25.141
25.141
25.140
25.139
25.142
25.140
25.141
25.142
25.141
25.139
25.141
25.141
25.141
25.143
25.141
25.140
25.140
25.138
25.140
25.139
25.139
25.140
25.140
25.140
25.140
25.138
25.137
25.139
25.138
25.142
25.140
25.141
25.141
25.140
25.139
25.139
25.138
25.138
25.140
25.140
25.141
25.140
25.140
25.140
25.139
25.140
25.140
25.140
25.141
25.141
25.141
25.142
25.141
25.139
25.140
25.140
25.138
25.141
25.141
25.142
25.142
25.140
25.141
25.139
25.137
25.138
25.142
25.139
25.139
25.140
25.139
25.139
25.140
25.136
25.137
25.138
25.138
25.140
25.139
25.139
25.139
25.137
25.136
25.137
25.139
25.139
25.141
25.141
25.140
25.140
25.138
25.135
25.140
25.141
25.139
25.138
25.139
25.138
25.139
25.141
25.139
25.137
25.139
25.141
25.140
25.140
25.138
25.140
25.137
25.138
25.138
25.139
25.139
25.139
25.140
25.140
25.139
25.138
25.140
25.139
25.137
25.136
25.138
25.137
25.139
25.140
25.139
25.141
25.138
25.138
25.137
25.138
25.138
25.140
25.140
25.139
25.140
25.136
25.140
25.139
25.138
25.137
25.138
25.138
25.139
25.138
25.136
25.138
25.139
25.139
25.139
25.136
25.139
25.136
25.137
25.137
25.138
25.137
25.136
25.137
25.137
25.138
25.137
25.138
25.136
25.138
25.136
25.137
25.136
25.137
25.139
25.139
25.136
25.138
25.139
25.139
25.140
25.138
25.136
25.137
25.138
25.138
25.137
25.135
25.136
25.137
25.136
25.135
25.138
25.138
25.137
25.138
25.137
25.137
25.137
25.138
25.138
25.139
25.136
25.135
25.135
25.139
25.138
25.138
25.137
25.137
25.135
25.133
25.134
25.136
25.138
25.136
25.140
25.137
25.139
25.136
25.136
25.138
25.137
25.137
25.138
25.136
25.139
25.138
25.137
25.137
25.136
25.137
25.137
25.139
25.138
25.141
25.139
25.137
25.137
25.136
25.137
25.139
25.136
25.137
25.138
25.138
25.140
25.138
25.135
25.135
25.135
25.136
25.137
25.137
25.137
25.137
25.135
25.136
25.133
25.136
25.135
25.136
25.137
25.138
25.135
25.135
25.137
25.136
25.136
25.137
25.139
25.139
25.138
25.137
25.137
25.137
25.136
25.134
25.136
25.135
25.137
25.137
25.138
25.136
25.138
25.137
25.134
25.134
25.135
25.136
25.137
25.136
25.136
25.137
25.135
25.134
25.135
25.137
25.137
25.137
25.136
25.136
25.137
25.137
25.138
25.134
25.135
25.136
25.136
25.136
25.136
25.137
25.136
25.134
25.135
25.137
25.137
25.137
25.137
25.136
25.138
25.136
25.138
25.136
25.135
25.137
25.134
25.135
25.138
25.137
25.135
25.138
25.137
25.136
25.136
25.135
25.137
25.136
25.135
25.137
25.136
25.138
25.140
25.134
25.135
25.136
25.137
25.136
25.134
25.134
25.133
25.136
25.138
25.137
25.136
25.136
25.136
25.137
25.136
25.137
25.138
25.136
25.133
25.137
25.135
25.136
25.133
25.136
25.137
25.135
25.136
25.137
25.134
25.136
25.135
25.136
25.137
25.136
25.137
25.138
25.136
25.134
25.134
25.134
25.135
25.136
25.138
25.137
25.136
25.135
25.133
25.137
25.137
25.136
25.134
25.136
25.135
25.135
25.134
25.135
25.133
25.132
25.134
25.135
25.134
25.136
25.138
25.137
25.138
25.135
25.135
25.134
25.134
25.136
25.137
25.137
25.136
25.137
25.135
25.134
25.135
25.136
25.135
25.136
25.136
25.136
25.138
25.135
25.138
25.134
25.133
25.133
25.136
25.136
25.135
25.136
25.135
25.137
25.133
25.135
25.132
25.132
25.136
25.135
25.138
25.136
25.136
25.136
25.133
25.135
25.134
25.134
25.137
25.135
25.136
25.137
25.137
25.136
25.133
25.131
25.134
25.134
25.136
25.138
25.136
25.136
25.136
25.133
25.137
25.136
25.135
25.137
25.137
25.133
25.134
25.135
25.133
25.135
25.135
25.137
25.136
25.134
25.137
25.136
25.136
25.138
25.136
25.135
25.135
25.136
25.135
25.135
25.136
25.138
25.135
25.135
25.136
25.136
25.135
25.133
25.136
25.134
25.135
25.136
25.135
25.132
25.134
25.135
25.134
25.135
25.135
25.134
25.134
25.137
25.134
25.135
25.135
25.135
25.136
25.134
25.136
25.134
25.136
25.135
25.134
25.135
25.132
25.134
25.134
25.134
25.135
25.134
25.135
25.137
25.135
25.135
25.133
25.135
25.134
25.136
25.136
25.136
25.134
25.132
25.135
25.135
25.136
25.135
25.134
25.134
25.135
25.132
25.136
25.133
25.135
25.135
25.135
25.137
25.137
25.136
25.137
25.135
25.132
25.135
25.134
25.134
25.136
25.133
25.135
25.134
25.135
25.134
25.132
25.133
25.133
25.134
25.133
25.134
25.135
25.134
25.132
25.134
25.136
25.135
25.131
25.134
25.132
25.134
25.134
25.135
25.132
25.131
25.134
25.132
25.134
25.135
25.133
25.134
25.133
25.136
25.133
25.132
25.132
25.134
25.134
25.135
25.136
25.135
25.133
25.132
25.130
25.133
25.131
25.134
25.135
25.135
25.133
25.136
25.131
25.133
25.133
25.130
25.134
25.133
25.135
25.134
25.135
25.132
25.134
25.133
25.131
25.130
25.132
25.136
25.135
25.133
25.135
25.131
25.131
25.130
25.132
25.132
25.133
25.134
25.133
25.133
25.136
25.134
25.132
25.131
25.132
25.134
25.135
25.135
25.134
25.133
25.134
25.132
25.135
25.133
25.133
25.134
25.134
25.136
25.135
25.134
25.133
25.135
25.135
25.132
25.135
25.135
25.136
25.133
25.134
25.132
25.135
25.134
25.134
25.134
25.135
25.137
25.134
25.136
25.136
25.134
25.133
25.132
25.133
25.134
25.134
25.133
25.136
25.133
25.134
25.131
25.135
25.134
25.135
25.133
25.134
25.131
25.134
25.133
25.132
25.135
25.132
25.132
25.132
25.134
25.133
25.133
25.132
25.132
25.130
25.130
25.132
25.132
25.132
25.134
25.133
25.132
25.133
25.132
25.132
25.132
25.129
25.131
25.131
25.132
25.132
25.134
25.134
25.132
25.131
25.136
25.131
25.131
25.133
25.133
25.133
25.133
25.130
25.132
25.131
25.133
25.132
25.132
25.135
25.131
25.130
25.131
25.130
25.130
25.132
25.131
25.133
25.133
25.131
25.134
25.134
25.132
25.130
25.130
25.131
25.130
25.132
25.132
25.131
25.132
25.131
25.132
25.130
25.130
25.130
25.130
25.131
