5.682
5.681
5.681
5.681
5.681
5.681
5.681
5.682
5.681
5.682
5.681
5.682
5.681
5.681
5.682
5.682
5.682
5.682
5.681
5.682
5.681
5.679
5.681
5.679
5.680
5.680
5.680
5.680
5.680
5.681
5.679
5.680
5.681
5.680
5.680
5.679
5.681
5.680
5.681
5.682
5.681
5.681
5.681
5.681
5.680
5.681
5.680
5.681
5.681
5.681
5.681
5.680
5.681
5.681
5.681
5.681
5.681
5.681
5.680
5.680
5.681
5.680
5.681
5.680
5.681
5.681
5.680
5.681
5.680
5.681
5.680
5.681
5.681
5.681
5.681
5.681
5.680
5.681
5.680
5.681
5.680
5.680
5.680
5.681
5.680
5.681
5.680
5.681
5.680
5.680
5.680
5.680
5.680
5.681
5.681
5.681
5.680
5.680
5.679
5.681
5.682
5.681
5.680
5.681
5.680
5.681
5.681
5.681
5.681
5.681
5.682
5.684
5.686
5.688
5.691
5.692
5.693
5.695
5.699
5.701
5.701
5.701
5.701
5.701
5.701
5.703
5.704
5.704
5.706
5.707
5.709
5.713
5.713
5.715
5.718
5.720
5.720
5.720
5.720
5.722
5.724
5.725
5.725
5.727
5.728
5.729
5.731
5.733
5.734
5.735
5.736
5.736
5.736
5.737
5.737
5.737
5.737
5.737
5.740
5.743
5.745
5.746
5.749
5.750
5.750
5.750
5.750
5.750
5.753
5.753
5.753
5.758
5.762
5.762
5.764
5.765
5.766
5.767
5.768
5.770
5.773
5.774
5.777
5.780
5.781
5.785
5.786
5.788
5.792
5.794
5.795
5.796
5.798
5.798
5.800
5.802
5.804
5.806
5.809
5.809
5.811
5.811
5.811
5.811
5.811
5.813
5.814
5.820
5.823
5.829
5.834
5.835
5.835
5.835
5.838
5.840
5.843
5.845
5.847
5.847
5.848
5.850
5.855
5.858
5.859
5.866
5.875
5.882
5.884
5.888
5.895
5.896
5.899
5.903
5.905
5.907
5.908
5.912
5.918
5.924
5.933
5.937
5.944
5.949
5.957
5.962
5.968
5.970
5.978
5.987
5.994
5.998
6.004
6.012
6.025
6.034
6.041
6.046
6.058
6.072
6.080
6.090
6.095
6.104
6.110
6.116
6.118
6.128
6.140
6.149
6.157
6.164
6.165
6.180
6.206
6.222
6.238
6.257
6.280
6.291
6.301
6.318
6.328
6.336
6.340
6.343
6.357
6.366
6.372
6.379
6.384
6.393
6.410
6.424
6.444
6.463
6.474
6.482
6.488
6.494
6.506
6.524
6.535
6.543
6.546
6.555
6.567
6.574
6.581
6.592
6.609
6.620
6.627
6.633
6.637
6.641
6.647
6.655
6.669
6.679
6.687
6.693
6.709
6.719
6.734
6.745
6.750
6.759
6.771
6.778
6.779
6.782
6.792
6.811
6.824
6.843
6.862
6.874
6.889
6.905
6.914
6.929
6.938
6.946
6.957
6.966
6.975
6.995
7.005
7.013
7.019
7.021
7.028
7.035
7.045
7.053
7.058
7.068
7.080
7.089
7.104
7.114
7.130
7.142
7.149
7.154
7.166
7.177
7.187
7.200
7.217
7.231
7.244
7.265
7.292
7.307
7.320
7.334
7.335
7.344
7.353
7.361
7.362
7.363
7.365
7.381
7.396
7.403
7.407
7.409
7.410
7.418
7.423
7.434
7.446
7.456
7.461
7.471
7.485
7.502
7.513
7.529
7.542
7.546
7.555
7.569
7.580
7.581
7.583
7.596
7.615
7.625
7.640
7.653
7.662
7.666
7.675
7.687
7.703
7.722
7.746
7.765
7.779
7.786
7.788
7.800
7.815
7.825
7.836
7.846
7.860
7.874
7.881
7.886
7.897
7.908
7.920
7.925
7.936
7.947
7.955
7.959
7.963
7.965
7.969
7.980
8.000
8.008
8.016
8.025
8.042
8.054
8.064
8.074
8.081
8.087
8.094
8.109
8.118
8.125
8.130
8.140
8.147
8.156
8.173
8.185
8.196
8.212
8.233
8.244
8.246
8.244
8.246
8.248
8.250
8.252
8.259
8.266
8.276
8.295
8.313
8.322
8.333
8.341
8.346
8.350
8.360
8.370
8.382
8.390
8.401
8.416
8.434
8.447
8.447
8.453
8.458
8.461
8.472
8.474
8.482
8.490
8.501
8.508
8.508
8.509
8.527
8.539
8.549
8.557
8.571
8.585
8.598
8.608
8.618
8.634
8.647
8.654
8.661
8.663
8.670
8.685
8.697
8.704
8.705
8.706
8.708
8.711
8.718
8.729
8.732
8.735
8.741
8.758
8.777
8.791
8.803
8.813
8.815
8.828
8.840
8.857
8.875
8.888
8.899
8.901
8.922
8.936
8.948
8.955
8.960
8.960
8.961
8.974
8.991
9.009
9.028
9.061
9.089
9.110
9.131
9.131
9.141
9.156
9.173
9.187
9.198
9.210
9.229
9.243
9.256
9.266
9.273
9.281
9.294
9.317
9.329
9.342
9.364
9.381
9.390
9.405
9.412
9.422
9.446
9.467
9.484
9.493
9.497
9.497
9.527
9.546
9.558
9.567
9.576
9.593
9.610
9.629
9.644
9.653
9.677
9.693
9.705
9.705
9.705
9.706
9.706
9.706
9.703
9.708
9.716
9.722
9.741
9.753
9.763
9.767
9.776
9.779
9.783
9.799
9.803
9.807
9.814
9.823
9.830
9.839
9.851
9.868
9.887
9.905
9.926
9.942
9.955
9.969
9.987
9.998
10.021
10.034
10.042
10.046
10.061
10.082
10.106
10.120
10.126
10.133
10.139
10.152
10.171
10.181
10.188
10.198
10.207
10.217
10.226
10.242
10.252
10.258
10.268
10.277
10.280
10.287
10.291
10.293
10.296
10.294
10.291
10.291
10.299
10.299
10.299
10.297
10.296
10.295
10.293
10.292
10.292
10.289
10.289
10.291
10.301
10.304
10.321
10.333
10.343
10.363
10.373
10.383
10.397
10.416
10.430
10.438
10.449
10.456
10.473
10.493
10.502
10.513
10.536
10.559
10.571
10.579
10.583
10.585
10.586
10.596
10.607
10.615
10.629
10.634
10.644
10.649
10.657
10.658
10.667
10.670
10.675
10.681
10.692
10.706
10.710
10.711
10.717
10.722
10.728
10.726
10.730
10.744
10.753
10.760
10.766
10.773
10.785
10.798
10.812
10.830
10.853
10.878
10.895
10.903
10.911
10.912
10.912
10.913
10.913
10.917
10.925
10.933
10.947
10.966
10.975
10.981
10.994
11.014
11.035
11.050
11.068
11.080
11.088
11.100
11.108
11.111
11.124
11.144
11.154
11.162
11.174
11.182
11.184
11.190
11.192
11.194
11.198
11.199
11.206
11.218
11.227
11.236
11.243
11.256
11.267
11.276
11.277
11.280
11.305
11.317
11.336
11.349
11.364
11.366
11.382
11.400
11.421
11.438
11.446
11.455
11.470
11.485
11.511
11.514
11.522
11.532
11.545
11.559
11.570
11.575
11.584
11.594
11.600
11.621
11.631
11.636
11.643
11.648
11.656
11.660
11.662
11.668
11.679
11.691
11.706
11.724
11.737
11.747
11.755
11.762
11.768
11.773
11.801
11.821
11.840
11.852
11.853
11.856
11.860
11.868
11.877
11.888
11.904
11.923
11.949
11.971
11.986
11.992
12.000
12.008
12.018
12.029
12.038
12.054
12.066
12.075
12.083
12.085
12.086
12.084
12.093
12.100
12.112
12.136
12.151
12.161
12.167
12.171
12.174
12.181
12.188
12.192
12.191
12.191
12.202
12.215
12.231
12.240
12.253
12.265
12.279
12.286
12.309
12.323
12.343
12.363
12.376
12.392
12.408
12.431
12.439
12.448
12.459
12.466
12.476
12.486
12.500
12.512
12.514
12.523
12.524
12.531
12.541
12.549
12.558
12.561
12.571
12.567
12.570
12.578
12.597
12.605
12.611
12.620
12.624
12.632
12.647
12.659
12.668
12.676
12.685
12.699
12.710
12.720
12.734
12.754
12.765
12.786
12.805
12.816
12.837
12.853
12.867
12.883
12.894
12.908
12.914
12.921
12.929
12.939
12.953
12.964
12.980
12.988
13.000
13.003
13.010
13.021
13.025
13.028
13.040
13.047
13.050
13.053
13.054
13.049
13.054
13.070
13.085
13.101
13.110
13.115
13.123
13.136
13.147
13.154
13.159
13.165
13.172
13.179
13.184
13.197
13.208
13.213
13.217
13.220
13.216
13.220
13.241
13.261
13.271
13.282
13.298
13.307
13.320
13.330
13.344
13.367
13.381
13.391
13.401
13.412
13.421
13.416
13.424
13.428
13.433
13.450
13.463
13.475
13.489
13.502
13.507
13.510
13.520
13.547
13.571
13.595
13.603
13.611
13.634
13.658
13.673
13.683
13.689
13.700
13.711
13.721
13.737
13.753
13.767
13.778
13.788
13.794
13.807
13.829
13.840
13.852
13.857
13.861
13.865
13.860
13.875
13.879
13.889
13.897
13.903
13.910
13.917
13.926
13.928
13.935
13.950
13.953
13.958
13.963
13.966
13.972
13.978
13.988
13.992
14.001
14.011
14.025
14.038
14.045
14.052
14.064
14.079
14.091
14.108
14.123
14.135
14.148
14.161
14.172
14.187
14.198
14.217
14.221
14.249
14.258
14.266
14.278
14.289
14.298
14.317
14.332
14.340
14.350
14.363
14.377
14.387
14.391
14.396
14.405
14.418
14.429
14.431
14.452
14.463
14.481
14.493
14.501
14.509
14.514
14.518
14.523
14.532
14.539
14.547
14.557
14.568
14.578
14.584
14.593
14.611
14.629
14.668
14.681
14.687
14.692
14.698
14.702
14.709
14.718
14.731
14.726
14.752
14.760
14.771
14.779
14.791
14.804
14.807
14.812
14.813
14.822
14.840
14.852
14.858
14.864
14.870
14.878
14.887
14.893
14.893
14.911
14.933
14.946
14.958
14.969
14.975
14.982
14.990
15.000
15.004
15.014
15.035
15.045
15.064
15.077
15.087
15.098
15.110
15.120
15.137
15.144
15.152
15.162
15.167
15.171
15.179
15.189
15.210
15.221
15.229
15.233
15.237
15.258
15.274
15.285
15.296
15.300
15.289
15.304
15.313
15.320
15.327
15.324
15.356
15.369
15.380
15.385
15.395
15.419
15.427
15.430
15.445
15.451
15.454
15.454
15.455
15.450
15.459
15.472
15.486
15.508
15.524
15.540
15.551
15.564
15.583
15.586
15.609
15.614
15.620
15.632
15.642
15.653
15.662
15.670
15.686
15.698
15.706
15.704
15.715
15.738
15.753
15.762
15.775
15.784
15.781
15.787
15.796
15.815
15.829
15.833
15.844
15.869
15.886
15.891
15.888
15.894
15.899
15.906
15.932
15.946
15.958
15.967
15.973
15.973
15.990
16.035
16.043
16.049
16.052
16.059
16.067
16.077
16.075
16.092
16.107
16.123
16.138
16.147
16.158
16.173
16.186
16.190
16.179
16.204
16.211
16.221
16.234
16.243
16.248
16.253
16.260
16.254
16.268
16.277
16.283
16.287
16.288
16.299
16.320
16.336
16.345
16.344
16.367
16.377
16.388
16.394
16.399
16.407
16.417
16.421
16.421
16.440
16.456
16.468
16.478
16.489
16.500
16.511
16.523
16.529
16.521
16.555
16.565
16.576
16.588
16.597
16.608
16.619
16.629
16.634
16.636
16.640
16.631
16.660
16.668
16.675
16.680
16.685
16.693
16.690
16.718
16.728
16.735
16.737
16.741
16.748
16.757
16.766
16.771
16.770
16.793
16.802
16.810
16.819
16.824
16.828
16.833
16.834
16.831
16.831
16.836
16.845
16.872
16.892
16.907
16.913
16.919
16.927
16.923
16.929
16.947
16.951
16.959
16.967
16.977
16.986
17.003
17.018
17.033
17.040
17.037
17.041
17.062
17.065
17.068
17.084
17.102
17.104
17.114
17.119
17.126
17.143
17.151
17.157
17.163
17.171
17.170
17.182
17.187
17.197
17.201
17.208
17.212
17.225
17.237
17.248
17.242
17.252
17.261
17.267
17.288
17.298
17.310
17.317
17.322
17.324
17.322
17.329
17.349
17.358
17.373
17.387
17.395
17.405
17.412
17.406
17.409
17.415
17.433
17.455
17.466
17.474
17.482
17.491
17.487
17.480
17.481
17.497
17.514
17.524
17.537
17.543
17.550
17.554
17.559
17.565
17.571
17.578
17.586
17.590
17.592
17.596
17.602
17.601
17.600
17.607
17.614
17.623
17.639
17.642
17.648
17.656
17.664
17.662
17.674
17.687
17.702
17.714
17.724
17.735
17.743
17.754
17.759
17.758
17.773
17.778
17.786
17.795
17.806
17.814
17.825
17.839
17.831
17.859
17.864
17.867
17.874
17.882
17.898
17.908
17.916
17.924
17.936
17.960
17.969
17.977
17.984
17.992
17.998
18.005
18.018
18.015
18.040
18.043
18.046
18.049
18.054
18.058
18.066
18.077
18.087
18.073
18.102
18.112
18.117
18.124
18.127
18.135
18.148
18.162
18.162
18.178
18.188
18.190
18.197
18.206
18.215
18.229
18.237
18.241
18.224
18.252
18.261
18.269
18.274
18.279
18.286
18.293
18.298
18.290
18.315
18.326
18.335
18.341
18.349
18.361
18.372
18.387
18.396
18.394
18.418
18.423
18.432
18.441
18.448
18.458
18.469
18.480
18.481
18.481
18.492
18.513
18.527
18.533
18.538
18.549
18.559
18.568
18.578
18.589
18.595
18.602
18.633
18.654
18.665
18.673
18.683
18.683
18.684
18.689
18.692
18.707
18.730
18.741
18.754
18.764
18.774
18.766
18.775
18.791
18.810
18.828
18.835
18.839
18.845
18.852
18.850
18.852
18.875
18.891
18.900
18.913
18.926
18.940
18.950
18.956
18.951
18.958
18.968
18.989
19.011
19.018
19.025
19.031
19.036
19.037
19.038
19.044
19.058
19.081
19.088
19.096
19.102
19.105
19.110
19.097
19.103
19.111
19.122
19.153
19.165
19.169
19.175
19.180
19.192
19.194
19.215
19.226
19.236
19.262
19.278
19.302
19.317
19.334
19.332
19.358
19.384
19.413
19.436
19.452
19.465
19.473
19.482
19.493
19.510
19.556
19.569
19.584
19.591
19.596
19.608
19.616
19.618
19.623
19.633
19.633
19.661
19.673
19.675
19.679
19.686
19.695
19.694
19.711
19.727
19.740
19.750
19.757
19.763
19.774
19.781
19.791
19.781
19.822
19.839
19.855
19.868
19.879
19.885
19.890
19.898
19.900
19.926
19.947
19.964
19.980
19.986
20.000
20.018
20.042
20.058
20.047
20.080
20.093
20.097
20.105
20.107
20.117
20.123
20.131
20.150
20.162
20.172
20.153
20.185
20.193
20.207
20.223
20.229
20.235
20.213
20.239
20.242
20.250
20.259
20.264
20.274
20.288
20.298
20.296
20.305
20.322
20.326
20.330
20.333
20.340
20.345
20.355
20.371
20.367
20.404
20.417
20.425
20.434
20.445
20.450
20.461
20.476
20.480
20.476
20.481
20.487
20.512
20.525
20.548
20.564
20.564
20.568
20.569
20.569
20.572
20.561
20.573
20.597
20.621
20.647
20.672
20.684
20.683
20.691
20.709
20.739
20.750
20.768
20.781
20.789
20.791
20.782
20.789
20.805
20.835
20.854
20.869
20.882
20.892
20.905
20.904
20.910
20.926
20.936
20.961
20.967
20.973
20.988
21.002
21.015
21.005
21.007
21.008
21.014
21.030
21.030
21.033
21.033
21.043
21.049
21.052
21.043
21.045
21.047
21.070
21.074
21.081
21.082
21.088
21.071
21.074
21.078
21.079
21.102
21.106
21.109
21.112
21.113
21.115
21.095
21.099
21.102
21.123
21.129
21.130
21.130
21.133
21.135
21.113
21.143
21.143
21.147
21.149
21.151
21.153
21.155
21.156
21.154
21.156
21.167
21.167
21.167
21.165
21.168
21.169
21.173
21.179
21.182
21.185
21.167
21.194
21.198
21.199
21.203
21.204
21.207
21.206
21.205
21.220
21.222
21.223
21.225
21.228
21.229
21.233
21.237
21.214
21.240
21.241
21.242
21.244
21.244
21.247
21.248
21.250
21.239
21.250
21.254
21.258
21.260
21.264
21.265
21.267
21.270
21.275
21.252
21.277
21.277
21.277
21.277
21.277
21.279
21.279
21.277
21.277
21.277
21.277
21.252
21.277
21.277
21.277
21.277
21.277
21.277
21.253
21.277
21.277
21.278
21.279
21.277
21.277
21.277
21.277
21.266
21.259
21.278
21.278
21.278
21.277
21.277
21.277
21.277
21.277
21.258
21.259
21.269
21.278
21.278
21.277
21.277
21.277
21.277
21.267
21.258
21.258
21.259
21.259
21.277
21.277
21.284
21.277
21.277
21.277
21.277
21.276
21.259
21.273
21.277
