30.010
30.012
30.015
30.019
30.022
30.027
30.030
30.034
30.039
30.041
30.047
30.051
30.053
30.058
30.061
30.064
30.070
30.071
30.075
30.076
30.080
30.084
30.089
30.094
30.099
30.102
30.104
30.109
30.112
30.115
30.119
30.125
30.128
30.132
30.137
30.140
30.144
30.144
30.147
30.151
30.155
30.158
30.161
30.162
30.167
30.169
30.174
30.178
30.184
30.187
30.189
30.191
30.196
30.197
30.200
30.203
30.206
30.210
30.213
30.215
30.217
30.221
30.223
30.227
30.230
30.233
30.233
30.237
30.238
30.240
30.243
30.246
30.247
30.252
30.253
30.253
30.256
30.259
30.260
30.262
30.264
30.267
30.269
30.268
30.272
30.275
30.274
30.280
30.279
30.280
30.283
30.286
30.285
30.287
30.287
30.289
30.292
30.293
30.295
30.294
30.296
30.297
30.296
30.299
30.301
30.303
30.303
30.306
30.306
30.306
30.309
30.309
30.315
30.311
30.312
30.316
30.318
30.318
30.318
30.319
30.322
30.317
30.322
30.322
30.324
30.323
30.325
30.326
30.327
30.328
30.327
30.327
30.332
30.329
30.328
30.331
30.331
30.333
30.334
30.335
30.335
30.335
30.336
30.337
30.338
30.336
30.340
30.337
30.337
30.338
30.341
30.339
30.341
30.342
30.343
30.343
30.342
30.341
30.343
30.344
30.345
30.347
30.345
30.346
30.347
30.346
30.347
30.346
30.348
30.347
30.349
30.349
30.348
30.350
30.350
30.351
30.351
30.351
30.352
30.354
30.350
30.353
30.350
30.352
30.353
30.353
30.352
30.353
30.350
30.353
30.355
30.354
30.356
30.359
30.354
30.356
30.355
30.357
30.353
30.356
30.357
30.357
30.356
30.356
30.357
30.356
30.358
30.358
30.356
30.356
30.358
30.357
30.358
30.358
30.359
30.358
30.358
30.358
30.360
30.361
30.359
30.361
30.361
30.360
30.361
30.357
30.359
30.360
30.363
30.361
30.359
30.362
30.363
30.359
30.362
30.362
30.361
30.362
30.361
30.360
30.360
30.361
30.359
30.360
30.362
30.360
30.360
30.360
30.362
30.362
30.362
30.362
30.360
30.360
30.362
30.359
30.362
30.363
30.363
30.362
30.363
30.362
30.360
30.360
30.361
30.359
30.360
30.362
30.362
30.363
30.362
30.363
30.360
30.360
30.358
30.360
30.359
30.362
30.363
30.360
30.361
30.360
30.359
30.361
30.358
30.361
30.359
30.362
30.360
30.358
30.359
30.358
30.359
30.358
30.357
30.359
30.360
30.360
30.357
30.357
30.360
30.358
30.359
30.357
30.357
30.359
30.355
30.357
30.356
30.354
30.354
30.356
30.355
30.357
30.356
30.354
30.355
30.353
30.355
30.355
30.353
30.354
30.354
30.353
30.354
30.353
30.352
30.353
30.351
30.351
30.352
30.351
30.352
30.352
30.351
30.352
30.350
30.350
30.351
30.351
30.348
30.350
30.347
30.349
30.349
30.347
30.347
30.349
30.345
30.346
30.347
30.348
30.346
30.346
30.345
30.344
30.344
30.344
30.342
30.344
30.343
30.342
30.343
30.343
30.341
30.340
30.342
30.341
30.339
30.338
30.339
30.341
30.341
30.340
30.340
30.338
30.338
30.337
30.337
30.338
30.337
30.336
30.337
30.336
30.338
30.337
30.336
30.335
30.335
30.335
30.334
30.334
30.334
30.334
30.334
30.331
30.335
30.333
30.331
30.332
30.331
30.332
30.332
30.329
30.331
30.330
30.330
30.330
30.330
30.329
30.328
30.328
30.328
30.328
30.326
30.327
30.328
30.326
30.327
30.324
30.325
30.327
30.325
30.324
30.324
30.325
30.326
30.325
30.326
30.321
30.322
30.323
30.322
30.321
30.319
30.323
30.323
30.321
30.320
30.320
30.318
30.319
30.318
30.315
30.319
30.318
30.316
30.316
30.316
30.314
30.315
30.313
30.313
30.313
30.313
30.315
30.313
30.310
30.311
30.310
30.310
30.310
30.311
30.312
30.308
30.311
30.310
30.310
30.309
30.306
30.307
30.305
30.305
30.305
30.305
30.303
30.305
30.304
30.305
30.304
30.303
30.302
30.301
30.300
30.301
30.301
30.300
30.302
30.303
30.300
30.300
30.301
30.300
30.298
30.298
30.300
30.299
30.299
30.297
30.297
30.297
30.296
30.296
30.295
30.297
30.294
30.296
30.294
30.294
30.292
30.292
30.293
30.293
30.293
30.292
30.293
30.289
30.294
30.292
30.290
30.292
30.289
30.290
30.290
30.292
30.287
30.289
30.288
30.290
30.289
30.290
30.289
30.289
30.289
30.286
30.286
30.286
30.285
30.283
30.286
30.285
30.286
30.284
30.283
30.283
30.284
30.282
30.283
30.282
30.281
30.284
30.285
30.279
30.282
30.279
30.281
30.280
30.281
30.280
30.278
30.282
30.279
30.276
30.278
30.275
30.277
30.276
30.275
30.276
30.277
30.275
30.275
30.277
30.276
30.277
30.277
30.270
30.276
30.275
30.272
30.272
30.272
30.274
30.274
30.270
30.273
30.269
30.272
30.269
30.271
30.268
30.268
30.267
30.268
30.269
30.266
30.267
30.265
30.264
30.264
30.265
30.266
30.264
30.262
30.263
30.264
30.263
30.263
30.264
30.261
30.262
30.262
30.260
30.260
30.262
30.262
30.260
30.260
30.259
30.257
30.258
30.258
30.257
30.258
30.257
30.258
30.256
30.257
30.258
30.254
30.254
30.254
30.253
30.254
30.253
30.252
30.251
30.251
30.251
30.252
30.250
30.250
30.250
30.251
30.251
30.248
30.249
30.247
30.249
30.250
30.249
30.249
30.248
30.247
30.244
30.246
30.244
30.245
30.245
30.245
30.243
30.242
30.246
30.243
30.245
30.243
30.241
30.241
30.241
30.241
30.240
30.242
30.239
30.240
30.240
30.241
30.237
30.238
30.238
30.237
30.237
30.238
30.238
30.236
30.236
30.236
30.235
30.235
30.235
30.235
30.233
30.232
30.233
30.232
30.234
30.233
30.232
30.232
30.229
30.231
30.228
30.228
30.226
30.228
30.226
30.228
30.227
30.227
30.228
30.224
30.223
30.222
30.221
30.223
30.226
30.222
30.221
30.224
30.220
30.222
30.218
30.218
30.220
30.218
30.219
30.217
30.217
30.216
30.216
30.216
30.214
30.214
30.214
30.214
30.214
30.212
30.213
30.212
30.212
30.211
30.210
30.210
30.210
30.209
30.210
30.207
30.209
30.209
30.205
30.209
30.205
30.205
30.206
30.205
30.205
30.205
30.204
30.204
30.204
30.202
30.202
30.203
30.202
30.201
30.200
30.201
30.201
30.201
30.199
30.197
30.199
30.199
30.199
30.197
30.195
30.197
30.196
30.195
30.195
30.195
30.193
30.193
30.194
30.192
30.193
30.192
30.189
30.189
30.190
30.192
30.189
30.188
30.190
30.188
30.190
30.187
30.189
30.186
30.187
30.184
30.185
30.183
30.183
30.184
30.183
30.183
30.182
30.181
30.181
30.180
30.182
30.182
30.181
30.180
30.176
30.180
30.179
30.175
30.176
30.178
30.177
30.173
30.175
30.174
30.172
30.172
30.172
30.173
30.171
30.173
30.171
30.172
30.172
30.169
30.170
30.171
30.169
30.170
30.168
30.169
30.170
30.166
30.168
30.167
30.164
30.165
30.164
30.163
30.166
30.163
30.165
30.163
30.162
30.161
30.163
30.161
30.161
30.162
30.160
30.160
30.159
30.159
30.157
30.159
30.157
30.157
30.158
30.156
30.157
30.155
30.155
30.156
30.156
30.157
30.153
30.154
30.154
30.155
30.155
30.152
30.153
30.155
30.153
30.151
30.154
30.153
30.150
30.151
30.150
30.151
30.149
30.151
30.150
30.147
30.149
30.150
30.148
30.148
30.148
30.147
30.148
30.149
30.148
30.146
30.148
30.148
30.147
30.146
30.146
30.144
30.141
30.144
30.141
30.144
30.145
30.144
30.142
30.143
30.140
30.141
30.141
30.140
30.139
30.141
30.140
30.142
30.141
30.140
30.140
30.141
30.141
30.137
30.137
30.139
30.140
30.138
30.138
30.131
30.137
30.133
30.133
30.136
30.137
30.136
30.137
30.136
30.135
30.132
30.132
30.131
30.135
30.132
30.133
30.133
30.134
30.132
30.130
30.133
30.130
30.131
30.130
30.133
30.132
30.127
30.129
30.127
30.128
30.129
30.128
30.128
30.128
30.127
30.129
30.127
30.127
30.127
30.127
30.124
30.126
30.123
30.126
30.124
30.125
30.125
30.122
30.122
30.124
30.121
30.124
30.122
30.121
30.121
30.121
30.122
30.119
30.120
30.119
30.120
30.118
30.119
30.120
30.121
30.118
30.119
30.119
30.117
30.115
30.115
30.118
30.118
30.115
30.115
30.114
30.115
30.117
30.117
30.115
30.115
30.116
30.113
30.115
30.115
30.114
30.114
30.113
30.113
30.114
30.113
30.113
30.111
30.112
30.110
30.112
30.112
30.112
30.112
30.111
30.112
30.109
30.110
30.109
30.107
30.109
30.109
30.108
30.110
30.107
30.109
30.105
30.108
30.107
30.107
30.107
30.108
30.105
30.106
30.107
30.107
30.106
30.107
30.105
30.104
30.105
30.106
30.105
30.104
30.104
30.106
30.104
30.102
30.105
30.101
30.102
30.102
30.101
30.103
30.101
30.101
30.102
30.097
30.100
30.099
30.100
30.101
30.101
30.100
30.100
30.097
30.100
30.099
30.099
30.100
30.098
30.098
30.097
30.100
30.099
30.100
30.097
30.098
30.097
30.097
30.098
30.097
30.098
30.096
30.097
30.097
30.096
30.097
30.098
30.096
30.096
30.095
30.094
30.094
30.095
30.092
30.093
30.094
30.093
30.096
30.094
30.093
30.092
30.093
30.093
30.093
30.093
30.093
30.092
30.091
30.093
30.091
30.092
30.091
30.092
30.091
30.092
30.093
30.092
30.090
30.092
30.092
30.092
30.092
30.092
30.092
30.091
30.088
30.089
30.091
30.089
30.091
30.090
30.086
30.090
30.088
30.087
30.090
30.088
30.086
30.088
30.087
30.085
30.090
30.087
30.088
30.088
30.088
30.090
30.087
30.086
30.085
30.087
30.086
30.085
30.087
30.085
30.085
30.086
30.086
30.084
30.086
30.086
30.088
30.086
30.086
30.085
30.085
30.083
30.085
30.085
30.086
30.083
30.085
30.086
30.083
30.083
30.083
30.081
30.083
30.082
30.083
30.084
30.084
30.083
30.083
30.085
30.084
30.084
30.082
30.085
30.082
30.084
30.083
30.084
30.083
30.082
30.082
30.082
30.082
30.084
30.083
30.083
30.083
30.084
30.083
30.083
30.083
30.083
30.083
30.082
30.085
30.082
30.081
30.085
30.080
30.084
30.080
30.085
30.083
30.083
30.084
30.082
30.082
30.083
30.082
30.082
30.083
30.082
30.082
30.084
30.082
30.085
30.083
30.085
30.081
30.080
30.082
30.083
30.082
30.083
30.083
30.083
30.081
30.082
30.081
30.082
30.082
30.081
30.080
30.079
30.082
30.083
30.081
30.081
30.083
30.080
30.083
30.082
30.084
30.083
30.082
30.083
30.083
30.082
30.081
30.082
30.083
30.085
30.083
30.081
30.084
30.085
30.083
30.083
30.085
30.084
30.082
30.082
30.085
30.082
30.081
30.083
30.083
30.085
30.082
30.084
30.083
30.081
30.083
30.084
30.084
30.086
30.084
30.084
30.081
30.083
30.082
30.084
30.082
30.085
30.082
30.085
30.083
30.084
30.083
30.083
30.083
30.084
30.085
30.085
30.085
30.082
30.085
30.086
30.085
30.085
30.084
30.086
30.085
30.084
30.085
30.084
30.084
30.085
30.082
30.085
30.084
30.084
30.085
30.085
30.083
30.086
30.086
30.084
30.084
30.085
30.085
30.086
30.088
30.086
30.084
30.087
30.084
30.085
30.083
30.085
30.086
30.087
30.084
30.085
30.087
30.086
30.084
30.086
30.086
30.089
30.084
30.085
30.086
30.084
30.086
30.083
30.085
30.083
30.085
30.085
30.088
30.087
30.085
30.087
30.085
30.085
30.084
30.084
30.086
30.085
30.088
30.085
30.088
30.084
30.086
30.084
30.083
30.086
30.085
30.085
30.086
30.086
30.084
30.085
30.086
30.085
30.086
30.086
30.085
30.087
30.089
30.086
30.083
30.085
30.089
30.086
30.086
30.087
30.085
30.089
30.087
30.085
30.086
30.086
30.085
30.086
30.089
30.088
30.087
30.090
30.084
30.088
30.086
30.086
30.084
30.085
30.087
30.085
30.085
30.086
30.089
30.087
30.087
30.086
30.088
30.086
30.084
30.087
30.089
30.086
30.088
30.086
30.086
30.088
30.085
30.085
30.090
30.090
30.088
30.087
30.086
30.086
30.085
30.086
30.089
30.086
30.086
30.088
30.087
30.086
30.085
30.088
30.088
30.088
30.086
30.087
30.086
30.089
30.089
30.085
30.088
30.087
30.086
30.087
30.088
30.089
30.089
30.087
30.088
30.087
30.087
30.087
30.089
30.091
30.086
30.087
30.090
30.087
30.087
30.087
30.085
30.086
30.090
30.090
30.088
30.086
30.088
30.089
30.088
30.085
30.087
30.087
30.088
30.087
30.087
30.089
30.088
30.088
30.089
30.090
30.087
30.086
30.087
30.088
30.089
30.090
30.088
30.089
30.089
30.088
30.088
30.086
30.089
30.087
30.087
30.089
30.087
30.087
30.087
30.086
30.087
30.086
30.084
30.085
30.087
30.089
30.085
30.085
30.087
30.084
30.086
30.086
30.086
30.086
30.087
30.085
30.083
30.087
30.086
30.086
30.085
30.084
30.084
30.086
30.085
30.085
30.088
30.085
30.085
30.086
30.086
30.084
30.085
30.084
30.087
30.082
30.082
30.084
30.084
30.085
30.083
30.085
30.084
30.083
30.084
30.084
30.083
30.084
30.084
30.082
30.081
30.085
30.081
30.086
30.082
30.082
30.085
30.085
30.080
30.082
30.083
30.081
30.082
30.081
30.084
30.081
30.083
30.083
30.082
30.081
30.081
30.079
30.081
30.082
30.082
30.080
30.078
30.080
30.081
30.080
30.080
30.080
30.079
30.080
30.079
30.080
30.078
30.078
30.077
30.077
30.077
30.078
30.078
30.075
30.078
30.076
30.078
30.075
30.077
30.076
30.077
30.077
30.075
30.076
30.076
30.076
30.076
30.075
30.076
30.076
30.075
30.075
30.074
30.078
30.075
30.075
30.074
30.073
30.074
30.074
30.075
30.073
30.073
30.074
30.073
30.073
30.073
30.074
30.073
30.074
30.073
30.072
30.076
30.072
30.072
30.072
30.075
30.070
30.069
30.069
30.070
30.070
30.074
30.073
30.070
30.072
30.072
30.068
30.068
30.070
30.069
30.070
30.073
30.071
30.070
30.070
30.068
30.070
30.070
30.070
30.068
30.070
30.068
30.067
30.069
30.070
30.068
30.067
30.068
30.068
30.069
30.069
30.069
30.067
30.066
30.066
30.068
30.066
30.066
30.067
30.069
30.067
30.067
30.067
30.066
30.067
30.066
30.067
30.066
30.063
30.067
30.065
30.066
30.066
30.064
30.065
30.063
30.065
30.065
30.065
30.064
30.066
30.064
30.064
30.062
30.063
30.061
30.061
30.063
30.063
30.065
30.064
30.064
30.065
30.064
30.065
30.064
30.063
30.064
30.063
30.063
30.062
30.062
30.061
30.061
30.061
30.063
30.062
30.062
30.064
30.062
30.065
30.062
30.062
30.061
30.062
30.063
30.062
30.061
30.061
30.062
30.062
30.060
30.061
30.061
30.059
30.060
30.061
30.060
30.061
30.061
30.060
30.058
30.059
30.060
30.059
30.060
30.059
30.061
30.058
30.059
30.059
30.058
30.057
30.060
30.060
30.060
30.060
30.062
30.060
30.060
30.060
30.059
30.060
30.058
30.061
30.060
30.059
30.058
30.059
30.061
30.058
30.057
30.058
30.058
30.060
30.059
30.060
30.060
30.060
30.061
30.058
30.058
30.056
30.057
30.056
30.057
30.058
30.056
30.057
30.058
30.058
30.057
30.056
30.058
30.058
30.057
30.057
30.057
30.054
30.055
30.056
30.056
30.056
30.055
30.058
30.057
30.057
30.057
30.055
30.055
30.056
30.057
30.059
30.056
30.055
30.057
30.055
30.054
30.053
30.056
30.053
30.058
30.056
30.056
30.057
30.057
30.055
30.057
30.056
30.055
30.054
30.054
30.056
30.055
30.055
30.055
30.056
30.054
30.056
30.053
30.054
30.054
30.053
30.055
30.053
30.053
30.053
30.053
30.054
30.053
30.053
30.053
30.052
30.053
30.055
30.054
30.053
30.054
30.055
30.055
30.052
30.052
30.055
30.054
30.054
30.055
30.055
30.052
30.053
30.054
30.052
30.055
30.053
30.053
30.053
30.055
30.053
30.053
30.054
30.052
30.055
30.056
30.053
30.053
30.053
30.054
30.052
30.052
30.053
30.053
30.052
30.052
30.054
30.053
30.055
30.054
30.053
30.052
30.053
30.053
30.054
30.051
30.053
30.053
30.053
30.051
30.050
30.047
30.050
30.052
30.053
30.053
30.053
30.052
30.050
30.052
30.050
30.051
30.052
30.049
30.051
30.050
30.050
30.050
30.052
30.051
30.051
30.050
30.051
30.049
30.050
30.052
30.050
30.049
30.052
30.048
30.048
30.051
30.048
30.048
30.050
30.050
30.050
30.050
30.051
30.048
30.047
30.052
30.051
30.049
30.049
30.051
30.050
30.050
30.048
30.049
30.049
30.049
30.049
30.050
30.050
30.050
30.050
30.050
30.050
30.052
30.051
30.050
30.051
30.048
30.050
30.051
30.049
30.048
30.050
30.051
30.046
30.050
30.050
30.049
30.049
30.049
30.048
30.050
30.049
30.049
30.047
30.049
30.048
30.051
30.050
30.047
30.048
30.047
30.048
30.048
30.048
30.048
30.049
30.048
30.049
30.046
30.048
30.046
30.047
30.047
30.048
30.048
30.047
30.049
30.045
30.049
30.043
30.046
30.048
30.046
30.048
30.047
30.047
30.048
30.048
30.048
30.046
30.047
30.047
30.047
30.047
30.047
30.049
30.046
30.047
30.044
30.047
30.045
30.045
30.046
30.045
30.045
30.045
30.045
30.045
30.043
30.041
30.044
30.043
30.042
30.045
30.045
30.044
30.045
30.043
30.042
30.041
30.042
30.045
30.046
30.042
30.047
30.044
30.045
30.044
30.043
30.041
30.040
30.043
30.044
30.045
30.045
30.044
30.043
30.044
30.045
30.045
30.042
30.044
30.044
30.044
30.045
30.045
30.040
30.041
30.038
30.042
30.041
30.041
30.041
30.040
30.044
30.041
30.039
30.039
30.037
30.039
30.040
30.041
30.041
30.039
30.040
30.039
30.040
30.040
30.041
30.040
30.040
30.039
30.039
30.041
30.042
30.039
30.038
30.036
30.037
30.041
30.040
30.039
30.038
30.038
30.040
30.039
30.038
30.037
30.040
30.039
30.038
30.038
30.038
30.039
30.037
30.037
30.037
30.036
30.036
30.040
30.040
30.036
30.036
30.038
30.039
30.037
30.038
30.034
30.037
30.037
30.038
30.037
30.039
30.038
30.036
30.034
30.037
30.037
30.036
30.042
30.038
30.035
30.035
30.037
30.036
30.038
30.037
30.037
30.034
30.036
30.036
30.034
30.035
30.037
30.034
30.037
30.036
30.036
30.037
30.038
30.033
30.034
30.032
30.035
30.037
30.032
30.035
30.037
30.035
30.036
30.036
30.035
30.034
30.035
30.034
30.034
30.034
30.032
30.035
30.035
30.036
30.033
30.032
30.036
30.034
30.033
30.031
30.034
30.034
30.034
30.032
30.031
30.032
30.033
30.035
30.034
30.033
30.032
30.033
30.032
30.031
30.032
30.034
30.033
30.034
30.032
30.031
30.033
30.034
30.033
30.033
30.033
30.034
30.029
30.031
30.032
30.031
30.032
30.033
30.032
30.032
30.032
30.032
30.033
30.034
30.031
30.032
30.032
30.031
30.028
30.030
30.030
30.031
30.031
30.031
30.027
30.031
30.029
30.030
30.030
30.031
30.029
30.028
30.028
30.028
30.028
30.028
30.028
30.028
30.030
30.029
30.028
30.027
30.029
30.030
30.028
30.029
30.030
30.027
30.028
30.029
30.029
30.032
30.028
30.027
30.030
30.029
30.026
30.027
30.029
30.028
30.031
30.027
30.027
30.030
30.028
30.027
30.028
30.027
30.028
30.028
30.029
30.027
30.028
30.027
30.028
30.027
30.026
30.027
30.024
30.029
30.027
30.027
30.028
30.027
30.026
30.026
30.026
30.026
30.028
30.028
30.024
30.027
30.027
30.024
30.027
30.026
30.025
30.024
30.028
30.025
30.025
30.027
30.027
30.025
30.023
30.023
30.024
30.026
30.024
30.024
30.024
30.026
30.025
30.026
30.025
30.027
30.026
30.025
30.025
30.023
30.024
30.024
30.024
30.023
30.027
30.023
30.025
30.024
30.025
30.026
30.022
30.024
30.024
30.026
30.024
30.024
30.023
30.026
30.024
30.024
30.022
30.024
30.024
30.024
30.024
30.025
30.023
30.022
30.024
30.024
30.023
30.026
30.021
30.023
30.022
30.022
30.023
30.024
30.023
30.024
30.024
30.024
30.023
30.022
30.024
30.021
30.023
30.022
30.023
30.022
30.024
30.023
30.023
30.021
30.022
30.021
30.021
30.021
30.019
30.023
30.021
30.021
30.021
30.020
30.022
30.019
30.021
30.022
30.019
30.021
30.019
30.020
30.020
30.021
30.022
30.020
30.017
30.019
30.022
30.021
30.021
30.022
30.019
30.020
30.019
30.019
30.021
30.019
30.019
30.020
30.022
30.020
30.019
30.019
30.018
30.020
30.019
30.019
30.020
30.020
30.020
30.020
30.021
30.019
30.020
30.018
30.020
30.020
30.019
30.020
30.017
30.018
30.019
30.019
30.020
30.019
30.022
30.021
30.019
30.017
30.019
30.019
30.019
30.018
30.020
30.018
30.018
30.017
30.018
30.019
30.017
30.017
30.016
30.017
30.017
30.018
30.019
30.017
30.016
30.018
30.018
30.017
30.018
30.018
30.016
30.017
30.017
30.017
30.020
30.017
30.016
30.018
30.014
30.016
30.017
30.018
30.017
30.017
30.017
30.014
30.018
30.017
30.017
30.017
30.016
30.018
30.017
30.016
30.017
30.019
30.016
30.014
30.016
30.017
30.017
30.018
30.017
30.015
30.019
30.015
30.015
30.017
30.015
30.017
30.016
30.017
30.016
30.018
30.014
30.015
30.016
30.018
30.017
30.016
30.018
30.016
30.018
30.017
30.015
30.018
30.016
30.015
30.015
30.016
30.017
30.016
30.017
30.017
30.014
30.015
30.016
30.015
30.017
30.015
30.016
30.016
30.014
30.015
30.014
30.016
30.015
30.016
30.015
30.017
30.016
30.015
30.015
30.016
30.016
30.016
30.016
30.016
30.014
30.017
30.015
30.015
30.016
30.015
30.014
30.015
30.013
30.013
30.015
30.016
30.014
30.016
30.017
30.014
30.014
30.016
30.015
30.017
30.015
30.014
30.015
30.015
30.014
30.016
30.017
30.015
30.014
30.014
30.015
30.013
30.013
30.015
30.015
30.014
30.014
30.015
30.014
30.015
30.013
30.013
30.015
30.013
30.015
30.016
30.015
30.014
30.014
30.014
30.013
30.012
30.014
30.014
30.014
30.014
30.013
30.015
30.015
30.012
30.013
30.013
30.012
30.014
30.013
30.012
30.013
30.015
30.015
30.015
30.014
30.013
30.014
30.013
30.012
30.015
30.014
30.014
30.015
30.014
30.014
30.014
30.014
30.014
30.016
30.013
30.013
30.014
30.014
30.012
30.012
30.012
30.015
30.013
30.014
30.014
30.015
30.014
30.014
30.014
30.014
30.012
30.014
30.013
30.015
30.013
30.016
30.012
30.011
30.012
30.013
30.014
30.014
30.014
30.014
30.013
30.014
30.011
30.013
30.012
30.014
30.013
30.012
30.014
30.015
30.014
30.011
30.013
30.013
30.011
30.014
30.013
30.014
30.014
30.016
30.014
30.012
30.012
30.012
30.012
30.013
30.011
30.012
30.012
30.014
30.013
30.012
30.013
30.012
30.010
30.012
30.011
30.012
30.013
30.012
30.012
30.012
30.013
30.013
30.012
30.013
30.014
30.011
30.013
30.012
30.014
30.013
30.012
30.012
30.014
30.012
30.014
30.013
30.013
30.013
30.013
30.013
30.013
30.012
30.012
30.010
30.012
30.011
30.011
30.012
30.011
30.012
30.012
30.010
30.012
30.013
30.014
30.011
30.012
30.014
30.011
30.011
30.011
30.012
30.011
30.013
30.013
30.012
30.013
30.012
30.010
30.013
30.012
30.010
30.010
30.009
30.011
30.009
30.009
30.009
30.009
30.009
30.008
30.009
30.009
30.010
30.010
30.009
30.010
30.009
30.010
30.011
30.010
30.009
30.009
30.008
30.008
30.010
30.011
30.009
30.011
30.010
30.009
30.008
30.009
30.009
30.009
30.011
30.009
30.009
30.009
30.010
30.010
30.010
30.008
30.011
30.010
30.009
30.011
30.008
30.007
30.011
30.009
30.010
30.010
30.008
30.009
30.007
30.010
30.007
30.007
30.010
30.010
30.010
30.007
30.008
30.006
30.007
30.006
30.008
30.007
30.009
30.009
30.009
30.006
30.009
30.007
30.007
30.009
30.006
30.007
30.008
30.009
30.008
30.007
30.009
30.007
30.006
30.006
30.008
30.008
30.007
30.009
30.008
30.007
30.008
30.007
30.006
30.004
30.008
30.007
30.010
30.009
30.007
30.006
30.008
30.006
30.007
30.006
30.007
30.007
30.007
30.008
30.005
30.005
30.007
30.005
30.006
30.005
30.007
30.005
30.007
30.005
30.007
30.005
30.005
30.003
30.005
30.009
30.004
30.007
30.006
30.005
30.006
30.005
30.006
30.007
30.006
30.006
30.003
30.004
30.004
30.006
30.005
30.006
30.005
30.005
30.005
30.004
30.001
30.003
30.005
30.006
30.004
30.005
30.004
30.002
30.005
30.003
30.004
30.002
30.005
30.003
30.004
30.006
30.005
30.004
30.001
30.002
30.003
30.005
30.004
30.006
30.002
30.005
30.004
30.003
30.003
30.005
30.002
30.003
30.004
30.003
30.003
30.002
30.003
30.004
30.003
30.002
30.005
30.002
30.004
30.002
30.001
30.002
30.000
30.002
30.000
30.002
30.004
30.004
30.004
30.001
30.002
30.001
30.002
30.001
30.000
30.003
30.002
30.001
30.001
30.003
30.002
30.000
30.001
30.003
30.000
30.003
30.002
30.003
30.003
30.002
30.003
30.001
30.001
30.002
30.002
30.001
30.002
30.002
30.003
30.002
29.999
29.997
30.000
30.001
30.000
30.001
30.002
30.002
30.000
30.001
30.003
30.000
30.001
30.003
30.002
30.001
30.000
29.999
30.001
30.000
30.002
30.000
30.000
30.000
30.000
30.001
29.999
29.999
29.997
29.998
30.000
29.998
30.000
29.999
29.997
29.998
29.998
29.997
29.999
29.997
29.998
29.996
29.997
29.996
29.998
29.997
29.998
29.997
30.000
29.999
29.997
29.996
29.998
29.996
29.999
29.998
29.999
29.996
29.999
29.997
29.999
29.999
29.998
29.996
29.998
29.998
29.996
29.996
29.997
29.998
29.998
29.998
29.998
29.998
29.996
29.996
29.996
29.996
29.998
29.997
29.997
29.999
29.999
29.999
30.000
30.000
30.000
29.999
30.001
30.001
30.001
30.003
30.005
30.003
30.002
30.007
30.006
30.009
30.009
30.010
30.010
30.011
30.013
30.013
30.014
30.017
30.018
30.018
30.018
30.021
30.022
30.021
30.026
30.026
30.025
30.028
30.028
30.029
30.034
30.034
30.032
30.034
30.038
30.038
30.038
30.039
30.039
30.043
30.047
30.047
30.047
30.050
30.050
30.048
30.050
30.051
30.054
30.054
30.053
30.055
30.055
30.056
30.058
30.060
30.057
30.061
30.058
30.060
30.061
30.062
30.063
30.063
30.064
30.067
30.066
30.065
30.066
30.065
30.067
30.070
30.070
30.069
30.072
30.072
30.072
30.075
30.071
30.072
30.075
30.075
30.073
30.075
30.078
30.078
30.077
30.079
30.078
30.078
30.077
30.079
30.081
30.079
30.080
30.081
30.080
30.081
30.083
30.082
30.083
30.083
30.084
30.087
30.084
30.086
30.085
30.086
30.083
30.088
30.088
30.086
30.086
30.087
30.085
30.091
30.087
30.089
30.087
30.085
30.090
30.087
30.089
30.088
30.089
30.089
30.089
30.090
30.089
30.091
30.090
30.090
30.090
30.091
30.088
30.087
30.091
30.091
30.092
30.091
30.089
30.092
30.090
30.091
30.091
30.091
30.092
30.091
30.091
30.090
30.090
30.091
30.092
30.094
30.091
30.090
30.090
30.091
30.091
30.089
30.091
30.092
30.092
30.092
30.093
30.091
30.090
30.090
30.093
30.092
30.090
30.090
30.090
30.092
30.091
30.090
30.092
30.093
30.091
30.092
30.090
30.091
30.091
30.090
30.093
30.091
30.092
30.089
30.093
30.092
30.090
30.091
30.094
30.092
30.090
30.091
30.091
30.090
30.091
30.092
30.090
30.093
30.091
30.091
30.091
30.092
30.090
30.090
30.091
30.093
30.092
30.091
30.093
30.093
30.093
30.091
30.092
30.093
30.090
30.089
