21.280
21.277
21.277
21.277
21.253
21.278
21.278
21.278
21.278
21.277
21.278
21.277
21.277
21.266
21.276
21.279
21.282
21.278
21.280
21.279
21.278
21.279
21.277
21.255
21.279
21.280
21.279
21.280
21.278
21.278
21.277
21.277
21.272
21.260
21.280
21.280
21.279
21.277
21.277
21.278
21.278
21.277
21.262
21.262
21.262
21.262
21.268
21.278
21.277
21.277
21.278
21.272
21.260
21.262
21.262
21.261
21.278
21.277
21.277
21.278
21.277
21.262
21.262
21.267
21.281
21.281
21.278
21.278
21.278
21.278
21.273
21.261
21.261
21.260
21.261
21.276
21.277
21.279
21.278
21.277
21.277
21.278
21.274
21.260
21.264
21.277
21.277
21.277
21.277
21.275
21.260
21.261
21.260
21.259
21.274
21.277
21.277
21.277
21.277
21.262
21.260
21.260
21.259
21.261
21.277
21.277
21.277
21.277
21.277
21.259
21.259
21.270
21.277
21.279
21.277
21.277
21.278
21.277
21.278
21.277
21.277
21.269
21.262
21.277
21.277
21.277
21.277
21.277
21.277
21.276
21.254
21.249
21.263
21.266
21.265
21.266
21.265
21.250
21.246
21.246
21.245
21.247
21.265
21.263
21.264
21.264
21.263
21.245
21.242
21.242
21.241
21.251
21.256
21.256
21.256
21.255
21.247
21.240
21.239
21.257
21.256
21.258
21.252
21.252
21.252
21.252
21.239
21.230
21.230
21.230
21.248
21.250
21.249
21.248
21.247
21.240
21.242
21.247
21.247
21.246
21.245
21.243
21.244
21.242
21.243
21.220
21.243
21.242
21.240
21.240
21.236
21.237
21.236
21.236
21.232
21.226
21.235
21.231
21.229
21.228
21.228
21.227
21.225
21.224
21.204
21.218
21.219
21.224
21.218
21.219
21.216
21.216
21.216
21.215
21.188
21.216
21.214
21.215
21.213
21.210
21.211
21.209
21.207
21.205
21.206
21.205
21.179
21.204
21.203
21.203
21.202
21.202
21.200
21.174
21.199
21.199
21.199
21.198
21.194
21.194
21.193
21.193
21.185
21.184
21.193
21.193
21.191
21.188
21.189
21.188
21.186
21.185
21.160
21.183
21.184
21.186
21.182
21.179
21.177
21.173
21.173
21.170
21.153
21.152
21.153
21.161
21.167
21.167
21.166
21.164
21.163
21.162
21.162
21.159
21.141
21.143
21.157
21.156
21.157
21.156
21.154
21.137
21.135
21.134
21.135
21.145
21.150
21.148
21.147
21.145
21.135
21.126
21.126
21.125
21.125
21.140
21.139
21.138
21.137
21.137
21.118
21.116
21.115
21.135
21.134
21.130
21.130
21.130
21.129
21.127
21.110
21.111
21.109
21.108
21.124
21.127
21.127
21.125
21.124
21.124
21.123
21.121
21.104
21.107
21.119
21.118
21.118
21.118
21.113
21.096
21.097
21.095
21.094
21.107
21.082
21.092
21.112
21.110
21.100
21.090
21.090
21.102
21.108
21.106
21.106
21.104
21.103
21.100
21.082
21.079
21.086
21.097
21.097
21.095
21.094
21.094
21.094
21.078
21.071
21.071
21.070
21.075
21.085
21.083
21.082
21.081
21.075
21.057
21.057
21.054
21.051
21.066
21.065
21.064
21.063
21.062
21.044
21.041
21.046
21.057
21.056
21.052
21.052
21.050
21.049
21.038
21.039
21.045
21.045
21.043
21.040
21.037
21.034
21.034
21.033
21.014
21.033
21.034
21.036
21.033
21.032
21.032
21.030
21.029
21.028
21.002
21.027
21.025
21.023
21.021
21.015
21.008
21.007
21.006
20.988
20.992
20.992
20.985
20.980
20.973
20.975
20.973
20.972
20.964
20.933
20.956
20.948
20.935
20.931
20.923
20.913
20.907
20.904
20.899
20.891
20.898
20.890
20.884
20.876
20.870
20.862
20.855
20.850
20.825
20.850
20.848
20.842
20.832
20.818
20.809
20.802
20.800
20.795
20.782
20.792
20.789
20.784
20.782
20.779
20.780
20.776
20.771
20.761
20.748
20.741
20.729
20.740
20.737
20.734
20.731
20.730
20.722
20.709
20.706
20.704
20.699
20.721
20.705
20.705
20.703
20.700
20.697
20.678
20.679
20.679
20.685
20.685
20.679
20.676
20.674
20.661
20.645
20.640
20.634
20.639
20.630
20.615
20.595
20.590
20.582
20.562
20.558
20.557
20.555
20.558
20.567
20.566
20.563
20.561
20.552
20.537
20.531
20.515
20.505
20.515
20.510
20.506
20.501
20.494
20.467
20.454
20.438
20.428
20.423
20.432
20.423
20.416
20.411
20.409
20.388
20.377
20.366
20.359
20.357
20.349
20.343
20.337
20.332
20.315
20.301
20.290
20.253
20.234
20.241
20.232
20.223
20.214
20.201
20.173
20.158
20.137
20.112
20.107
20.107
20.105
20.105
20.105
20.097
20.088
20.087
20.084
20.094
20.093
20.088
20.081
20.079
20.075
20.056
20.070
20.068
20.058
20.048
20.038
20.032
20.023
20.013
19.986
19.991
19.986
19.978
19.966
19.958
19.952
19.948
19.946
19.944
19.921
19.928
19.920
19.910
19.910
19.903
19.899
19.897
19.894
19.890
19.874
19.885
19.883
19.879
19.873
19.869
19.863
19.858
19.849
19.839
19.832
19.801
19.818
19.812
19.803
19.797
19.790
19.788
19.768
19.782
19.780
19.776
19.773
19.766
19.763
19.753
19.751
19.743
19.729
19.737
19.730
19.723
19.711
19.703
19.700
19.688
19.678
19.649
19.665
19.657
19.650
19.636
19.631
19.627
19.622
19.617
19.610
19.603
19.585
19.598
19.595
19.589
19.580
19.568
19.564
19.557
19.552
19.541
19.529
19.509
19.499
19.509
19.500
19.487
19.482
19.478
19.458
19.455
19.450
19.445
19.442
19.446
19.444
19.437
19.432
19.422
19.402
19.393
19.384
19.375
19.372
19.367
19.361
19.357
19.354
19.335
19.323
19.310
19.301
19.301
19.308
19.300
19.294
19.287
19.275
19.269
19.246
19.238
19.227
19.233
19.231
19.226
19.222
19.217
19.197
19.186
19.180
19.170
19.166
19.173
19.165
19.156
19.150
19.140
19.112
19.103
19.093
19.082
19.095
19.088
19.081
19.074
19.065
19.048
19.033
19.028
19.019
19.017
19.023
19.016
19.008
19.006
19.002
18.994
18.981
18.980
18.977
18.990
18.991
18.987
18.984
18.982
18.982
18.970
18.960
18.958
18.962
18.968
18.966
18.962
18.958
18.947
18.934
18.933
18.931
18.945
18.937
18.932
18.925
18.917
18.909
18.884
18.893
18.886
18.883
18.871
18.861
18.856
18.848
18.836
18.812
18.825
18.823
18.816
18.812
18.802
18.789
18.785
18.780
18.774
18.766
18.756
18.762
18.758
18.754
18.750
18.751
18.742
18.737
18.730
18.724
18.709
18.709
18.706
18.701
18.697
18.689
18.688
18.683
18.678
18.665
18.638
18.652
18.650
18.644
18.640
18.636
18.628
18.612
18.624
18.626
18.624
18.615
18.595
18.584
18.577
18.568
18.566
18.546
18.555
18.549
18.545
18.540
18.538
18.530
18.523
18.518
18.496
18.512
18.506
18.500
18.494
18.490
18.486
18.485
18.480
18.475
18.469
18.461
18.453
18.443
18.450
18.447
18.446
18.442
18.433
18.433
18.429
18.425
18.402
18.402
18.410
18.406
18.396
18.387
18.374
18.340
18.329
18.318
18.311
18.315
18.308
18.299
18.293
18.288
18.274
18.268
18.257
18.248
18.244
18.250
18.241
18.225
18.219
18.204
18.182
18.179
18.176
18.179
18.182
18.178
18.175
18.171
18.166
18.164
18.162
18.158
18.143
18.133
18.135
18.132
18.129
18.128
18.119
18.094
18.083
18.079
18.071
18.075
18.069
18.065
18.058
18.053
18.033
18.024
18.020
18.018
18.025
18.030
18.025
18.014
18.004
17.996
17.974
17.965
17.957
17.949
17.958
17.957
17.952
17.943
17.932
17.915
17.909
17.902
17.896
17.890
17.887
17.883
17.880
17.879
17.872
17.860
17.849
17.838
17.830
17.817
17.814
17.811
17.808
17.804
17.787
17.774
17.769
17.766
17.764
17.765
17.754
17.743
17.739
17.737
17.722
17.715
17.712
17.719
17.715
17.709
17.701
17.699
17.695
17.671
17.688
17.686
17.680
17.676
17.669
17.667
17.667
17.666
17.655
17.658
17.657
17.650
17.639
17.628
17.616
17.611
17.604
17.599
17.589
17.580
17.574
17.568
17.566
17.562
17.559
17.558
17.554
17.554
17.550
17.545
17.524
17.538
17.527
17.519
17.517
17.512
17.505
17.480
17.496
17.493
17.489
17.485
17.480
17.479
17.474
17.467
17.460
17.447
17.456
17.451
17.439
17.423
17.417
17.412
17.407
17.403
17.384
17.395
17.395
17.393
17.385
17.375
17.371
17.366
17.363
17.361
17.361
17.358
17.357
17.351
17.349
17.346
17.343
17.340
17.335
17.328
17.322
17.315
17.297
17.306
17.296
17.293
17.288
17.286
17.282
17.261
17.276
17.274
17.273
17.271
17.271
17.264
17.257
17.249
17.244
17.236
17.214
17.228
17.224
17.224
17.221
17.221
17.218
17.214
17.200
17.194
17.191
17.187
17.192
17.194
17.189
17.186
17.181
17.177
17.175
17.171
17.163
17.157
17.152
17.148
17.142
17.139
17.132
17.120
17.108
17.104
17.102
17.101
17.111
17.107
17.102
17.099
17.091
17.076
17.072
17.066
17.058
17.062
17.069
17.065
17.064
17.054
17.051
17.045
17.030
17.029
17.025
17.026
17.017
17.007
17.004
17.000
16.981
16.973
16.967
16.958
16.960
16.968
16.965
16.958
16.955
16.948
16.945
16.937
16.933
16.932
16.933
16.927
16.919
16.914
16.907
16.898
16.891
16.879
16.870
16.862
16.861
16.857
16.851
16.846
16.839
16.819
16.812
16.810
16.809
16.811
16.812
16.810
16.808
16.800
16.789
16.781
16.776
16.772
16.768
16.770
16.769
16.766
16.764
16.760
16.748
16.742
16.740
16.748
16.748
16.746
16.744
16.742
16.740
16.739
16.736
16.736
16.733
16.729
16.727
16.724
16.723
16.722
16.719
16.701
16.699
16.696
16.691
16.694
16.699
16.698
16.696
16.693
16.685
16.677
16.675
16.675
16.674
16.682
16.682
16.678
16.675
16.668
16.645
16.660
16.656
16.650
16.647
16.643
16.640
16.638
16.638
16.633
16.632
16.634
16.630
16.625
16.618
16.611
16.606
16.602
16.598
16.580
16.591
16.587
16.583
16.579
16.577
16.571
16.567
16.558
16.553
16.552
16.551
16.534
16.546
16.545
16.542
16.541
16.537
16.532
16.516
16.526
16.528
16.526
16.523
16.516
16.510
16.505
16.504
16.501
16.484
16.497
16.495
16.492
16.489
16.485
16.482
16.479
16.478
16.462
16.467
16.467
16.465
16.458
16.452
16.443
16.437
16.431
16.421
16.396
16.403
16.392
16.382
16.380
16.375
16.372
16.370
16.365
16.359
16.346
16.355
16.353
16.350
16.346
16.345
16.345
16.345
16.344
16.328
16.332
16.341
16.339
16.336
16.327
16.321
16.317
16.310
16.306
16.291
16.281
16.277
16.275
16.286
16.285
16.285
16.283
16.281
16.279
16.275
16.260
16.259
16.262
16.265
16.261
16.258
16.253
16.246
16.246
16.244
16.236
16.226
16.220
16.212
16.211
16.203
16.201
16.199
16.199
16.196
16.182
16.183
16.192
16.190
16.188
16.187
16.183
16.173
16.169
16.166
16.164
16.171
16.174
16.173
16.171
16.166
16.154
16.147
16.145
16.144
16.143
16.151
16.152
16.150
16.148
16.129
16.064
16.056
16.042
16.039
16.042
16.044
16.039
16.025
16.012
15.993
15.978
15.979
15.961
15.940
15.920
15.905
15.891
15.876
15.864
15.857
15.852
15.836
15.818
15.822
15.830
15.825
15.820
15.817
15.813
15.798
15.801
15.797
15.797
15.801
15.808
15.804
15.802
15.801
15.789
15.784
15.783
15.781
15.781
15.784
15.784
15.784
15.781
15.771
15.756
15.747
15.750
15.752
15.748
15.743
15.735
15.731
15.727
15.716
15.714
15.722
15.718
15.718
15.713
15.710
15.710
15.710
15.710
15.708
15.707
15.695
15.692
15.703
15.705
15.703
15.704
15.703
15.691
15.687
15.686
15.685
15.696
15.688
15.683
15.672
15.663
15.657
15.652
15.655
15.653
15.649
15.642
15.634
15.625
15.620
15.616
15.597
15.608
15.599
15.588
15.581
15.565
15.556
15.551
15.546
15.536
15.526
15.530
15.517
15.506
15.497
15.483
15.478
15.471
15.466
15.466
15.463
15.449
15.454
15.449
15.442
15.434
15.430
15.421
15.411
15.397
15.401
15.393
15.388
15.383
15.379
15.379
15.378
15.372
15.365
15.364
15.369
15.367
15.364
15.359
15.356
15.355
15.347
15.338
15.316
15.320
15.320
15.320
15.310
15.292
15.271
15.261
15.256
15.240
15.249
15.249
15.247
15.240
15.224
15.215
15.207
15.197
15.188
15.167
15.173
15.107
15.094
15.088
15.080
15.061
15.037
15.015
14.984
14.966
14.959
14.955
14.963
14.960
14.955
14.954
14.951
14.947
14.932
14.929
14.929
14.928
14.930
14.933
14.932
14.930
14.924
14.901
14.880
14.870
14.870
14.868
14.861
14.854
14.846
14.828
14.815
14.799
14.789
14.777
14.771
14.754
14.736
14.720
14.706
14.697
14.687
14.683
14.674
14.651
14.639
14.633
14.624
14.612
14.603
14.588
14.565
14.549
14.539
14.534
14.531
14.523
14.513
14.504
14.494
14.485
14.468
14.458
14.449
14.443
14.445
14.436
14.429
14.417
14.409
14.391
14.381
14.378
14.381
14.376
14.370
14.368
14.364
14.357
14.348
14.331
14.323
14.325
14.329
14.323
14.316
14.308
14.302
14.296
14.294
14.290
14.284
14.268
14.262
14.263
14.256
14.247
14.243
14.235
14.217
14.204
14.197
14.191
14.190
14.186
14.186
14.167
14.158
14.152
14.148
14.142
14.121
14.111
14.108
14.099
14.093
14.087
14.076
14.059
14.062
14.053
14.048
14.038
14.025
14.012
14.001
13.998
13.982
13.981
13.970
13.961
13.954
13.953
13.946
13.939
13.930
13.928
13.924
13.920
13.910
13.912
13.908
13.904
13.899
13.894
13.892
13.875
13.879
13.879
13.873
13.869
13.867
13.866
13.859
13.850
13.838
13.826
13.809
13.782
13.777
13.763
13.749
13.732
13.721
13.708
13.688
13.692
13.687
13.684
13.679
13.670
13.660
13.660
13.656
13.647
13.632
13.631
13.621
13.616
13.612
13.609
13.605
13.600
13.597
13.581
13.569
13.562
13.549
13.538
13.530
13.525
13.513
13.501
13.485
13.465
13.471
13.466
13.464
13.460
13.459
13.453
13.447
13.440
13.427
13.416
13.410
13.404
13.406
13.403
13.400
13.394
13.391
13.384
13.368
13.356
13.346
13.345
13.337
13.327
13.318
13.314
13.306
13.292
13.269
13.258
13.251
13.245
13.246
13.226
13.220
13.210
13.204
13.190
13.181
13.174
13.171
13.164
13.165
13.158
13.153
13.152
13.149
13.135
13.117
13.111
13.109
13.110
13.105
13.095
13.086
13.074
13.056
13.043
13.037
13.032
13.032
13.032
13.026
13.015
13.004
12.997
12.980
12.973
12.964
12.961
12.952
12.942
12.933
12.925
12.917
12.906
12.895
12.887
12.878
12.872
12.855
12.835
12.824
12.817
12.811
12.806
12.800
12.781
12.780
12.781
12.781
12.774
12.769
12.764
12.754
12.742
12.728
12.722
12.714
12.699
12.689
12.678
12.672
12.670
12.660
12.663
12.659
12.652
12.644
12.635
12.631
12.628
12.623
12.608
12.610
12.598
12.587
12.579
12.573
12.567
12.561
12.554
12.546
12.534
12.537
12.534
12.528
12.522
12.509
12.499
12.489
12.484
12.474
12.463
12.463
12.458
12.451
12.448
12.439
12.439
12.435
12.433
12.423
12.427
12.420
12.415
12.412
12.404
12.400
12.392
12.385
12.368
12.353
12.350
12.347
12.346
12.344
12.341
12.331
12.325
12.319
12.317
12.307
12.300
12.290
12.289
12.282
12.282
12.280
12.278
12.263
12.261
12.253
12.242
12.228
12.216
12.203
12.197
12.195
12.195
12.192
12.182
12.179
12.165
12.154
12.140
12.132
12.126
12.122
12.111
12.098
12.086
12.086
12.084
12.078
12.073
12.065
12.057
12.045
12.030
12.024
12.023
12.015
12.012
12.011
12.006
12.000
11.997
11.991
11.987
11.982
11.965
11.959
11.956
11.941
11.926
11.922
11.917
11.907
11.902
11.890
11.881
11.876
11.871
11.865
11.859
11.857
11.853
11.847
11.841
11.826
11.816
11.816
11.809
11.804
11.797
11.791
11.780
11.780
11.777
11.770
11.772
11.764
11.756
11.754
11.745
11.736
11.727
11.723
11.719
11.719
11.722
11.720
11.719
11.715
11.709
11.698
11.694
11.691
11.694
11.692
11.686
11.682
11.682
11.678
11.672
11.668
11.661
11.658
11.662
11.663
11.659
11.660
11.656
11.647
11.646
11.646
11.644
11.637
11.632
11.631
11.627
11.623
11.621
11.620
11.612
11.609
11.607
11.599
11.601
11.600
11.598
11.593
11.586
11.577
11.576
11.575
11.573
11.572
11.582
11.583
11.582
11.582
11.578
11.569
11.573
11.572
11.569
11.561
11.560
11.556
11.550
11.547
11.532
11.532
11.523
11.521
11.519
11.516
11.511
11.511
11.507
11.501
11.491
11.481
11.468
11.474
11.468
11.463
11.459
11.453
11.450
11.446
11.439
11.440
11.434
11.428
11.420
11.405
11.401
11.390
11.386
11.376
11.368
11.365
11.357
11.350
11.347
11.342
11.330
11.325
11.317
11.306
11.307
11.304
11.296
11.289
11.275
11.262
11.255
11.255
11.246
11.246
11.243
11.240
11.238
11.231
11.227
11.222
11.218
11.206
11.204
11.199
11.188
11.193
11.194
11.186
11.179
11.174
11.172
11.169
11.164
11.167
11.162
11.157
11.151
11.143
11.137
11.136
11.136
11.132
11.129
11.123
11.120
11.115
11.110
11.103
11.096
11.096
11.094
11.084
11.081
11.082
11.084
11.077
11.066
11.060
11.051
11.045
11.035
11.026
11.023
11.015
11.007
11.005
10.997
10.994
10.989
10.986
10.986
10.982
10.974
10.962
10.962
10.960
10.951
10.947
10.940
10.932
10.925
10.924
10.918
10.919
10.919
10.913
10.909
10.901
10.896
10.883
10.874
10.864
10.850
10.846
10.839
10.832
10.829
10.827
10.817
10.809
10.803
10.804
10.803
10.803
10.799
10.795
10.791
10.790
10.779
10.776
10.767
10.760
10.760
10.761
10.760
10.761
10.757
10.754
10.743
10.736
10.729
10.716
10.718
10.709
10.704
10.699
10.698
10.685
10.681
10.681
10.681
10.681
10.681
10.680
10.680
10.669
10.667
10.665
10.659
10.657
10.645
10.646
10.645
10.644
10.638
10.631
10.618
10.607
10.596
10.588
10.583
10.583
10.578
10.573
10.570
10.561
10.550
10.559
10.555
10.553
10.546
10.535
10.534
10.527
10.522
10.515
10.510
10.506
10.500
10.492
10.492
10.487
10.475
10.470
10.462
10.451
10.453
10.449
10.446
10.441
10.437
10.436
10.431
10.425
10.418
10.406
10.396
10.376
10.377
10.371
10.364
10.354
10.352
10.347
10.339
10.334
10.327
10.325
10.315
10.305
10.296
10.289
10.280
10.269
10.270
10.266
10.264
10.258
10.254
10.250
10.242
10.237
10.229
10.222
10.218
10.217
10.213
10.203
10.205
10.202
10.201
10.201
10.197
10.200
10.200
10.194
10.192
10.188
10.184
10.182
10.181
10.180
10.169
10.176
10.174
10.174
10.173
10.172
10.172
10.171
10.168
10.161
10.151
10.144
10.143
10.134
10.129
10.120
10.107
10.098
10.095
10.085
10.078
10.072
10.071
10.071
10.068
10.065
10.066
10.062
10.062
10.058
10.048
10.046
10.042
10.035
10.029
10.022
10.020
10.010
9.999
9.990
9.980
9.973
9.973
9.972
9.968
9.963
9.960
9.953
9.943
9.937
9.934
9.930
9.926
9.924
9.915
9.912
9.910
9.901
9.893
9.888
9.888
9.882
9.877
9.875
9.873
9.870
9.865
9.856
9.851
9.843
9.839
9.838
9.835
9.828
9.819
9.815
9.812
9.803
9.801
9.792
9.784
9.778
9.772
9.766
9.765
9.762
9.753
9.750
9.746
9.745
9.748
9.744
9.741
9.739
9.731
9.723
9.717
9.715
9.714
9.714
9.717
9.712
9.708
9.707
9.706
9.702
9.696
9.689
9.684
9.685
9.679
9.669
9.664
9.659
9.653
9.647
9.644
9.641
9.634
9.631
9.618
9.608
9.601
9.595
9.585
9.583
9.580
9.577
9.577
9.573
9.570
9.570
9.570
9.565
9.558
9.558
9.551
9.548
9.547
9.544
9.542
9.538
9.534
9.526
9.523
9.512
9.508
9.498
9.489
9.485
9.476
9.472
9.466
9.460
9.448
9.438
9.431
9.434
9.431
9.426
9.421
9.412
9.403
9.406
9.399
9.387
9.378
9.370
9.364
9.359
9.348
9.338
9.328
9.324
9.316
9.313
9.312
9.308
9.302
9.302
9.300
9.290
9.294
9.290
9.285
9.283
9.282
9.281
9.282
9.280
9.271
9.272
9.271
9.266
9.262
9.253
9.250
9.245
9.241
9.233
9.227
9.219
9.215
9.200
9.192
9.190
9.186
9.180
9.177
9.167
9.164
9.158
9.155
9.153
9.149
9.143
9.132
9.124
9.118
9.109
9.104
9.096
9.094
9.090
9.085
9.083
9.081
9.073
9.064
9.058
9.055
9.046
9.038
9.030
9.021
9.015
9.009
9.001
8.996
8.989
8.984
8.979
8.978
8.973
8.972
8.968
8.966
8.960
8.953
8.945
8.940
8.936
8.936
8.936
8.935
8.929
8.923
8.916
8.914
8.911
8.911
8.907
8.907
8.903
8.899
8.897
8.894
8.894
8.891
8.888
8.887
8.887
8.882
8.878
8.875
8.873
8.862
8.859
8.857
8.854
8.854
8.852
8.850
8.850
8.850
8.843
8.838
8.838
8.835
8.832
8.833
8.830
8.828
8.826
8.822
8.816
8.814
8.813
8.813
8.813
8.811
8.806
8.802
8.801
8.796
8.789
8.788
8.780
8.778
8.777
8.769
8.765
8.762
8.757
8.752
8.752
8.740
8.733
8.732
8.729
8.728
8.728
8.725
8.716
8.709
8.704
8.704
8.705
8.708
8.706
8.704
8.701
8.696
8.688
8.679
8.679
8.676
8.674
8.673
8.667
8.665
8.660
8.658
8.655
8.655
8.654
8.655
8.655
8.652
8.647
8.643
8.642
8.634
8.638
8.635
8.630
8.626
8.619
8.617
8.613
8.611
8.608
8.606
8.606
8.604
8.602
8.599
8.594
8.592
8.590
8.585
8.580
8.582
8.578
8.573
8.570
8.566
8.561
8.557
8.549
8.537
8.533
8.533
8.530
8.516
8.504
8.496
8.495
8.492
8.488
8.474
8.472
8.472
8.472
8.468
8.460
8.458
8.451
8.447
8.442
8.435
8.436
8.433
8.423
8.421
8.414
8.411
8.404
8.399
8.394
8.393
8.388
8.386
8.384
8.379
8.375
8.374
8.371
8.365
8.361
8.362
8.362
8.356
8.350
8.349
8.344
8.337
8.335
8.328
8.328
8.327
8.325
8.324
8.320
8.318
8.316
8.313
8.312
8.311
8.313
8.312
8.301
8.293
8.292
8.289
8.288
8.282
8.276
8.274
8.274
8.276
8.276
8.274
8.268
8.260
8.251
8.240
8.238
8.231
8.229
8.220
8.213
8.206
8.203
8.200
8.194
8.189
8.181
8.179
8.179
8.179
8.178
8.168
8.160
8.158
8.157
8.159
8.153
8.142
8.134
8.122
8.113
8.106
8.098
8.089
8.081
8.081
8.081
8.081
8.081
8.082
8.081
8.080
8.075
8.069
8.057
8.057
8.048
8.044
8.044
8.042
8.039
8.034
8.033
8.030
8.025
8.020
8.019
8.018
8.016
8.008
8.006
7.999
7.996
7.991
7.983
7.976
7.971
7.971
7.963
7.959
7.953
7.947
7.942
7.934
7.929
7.925
7.917
7.910
7.900
7.894
7.885
7.877
7.867
7.861
7.858
7.850
7.849
7.849
7.849
7.846
7.843
7.838
7.836
7.829
7.826
7.825
7.825
7.823
7.822
7.822
7.820
7.813
7.812
7.806
7.800
7.788
7.782
7.781
7.779
7.776
7.772
7.764
7.756
7.752
7.751
7.743
7.739
7.735
7.730
7.727
7.720
7.717
7.714
7.710
7.707
7.703
7.702
7.690
7.686
7.679
7.671
7.664
7.655
7.646
7.629
7.623
7.620
7.618
7.613
7.599
7.589
7.575
7.562
7.552
7.551
7.546
7.544
7.538
7.532
7.529
7.521
7.510
7.502
7.491
7.482
7.473
7.470
7.459
7.448
7.441
7.431
7.423
7.419
7.412
7.408
7.401
7.397
7.383
7.361
7.349
7.340
7.338
7.336
7.329
7.325
7.323
7.317
7.311
7.303
7.295
7.288
7.278
7.275
7.271
7.265
7.258
7.242
7.234
7.229
7.227
7.219
7.212
7.202
7.190
7.186
7.178
7.170
7.159
7.153
7.145
7.135
7.130
7.123
7.113
7.104
7.101
7.095
7.091
7.082
7.080
7.075
7.068
7.064
7.058
7.052
7.043
7.036
7.032
7.028
7.020
7.018
7.007
7.001
6.995
6.978
6.968
6.964
6.960
6.943
6.936
6.934
6.930
6.918
6.906
6.890
6.885
6.879
6.866
6.854
6.838
6.831
6.826
6.824
6.821
6.817
6.816
6.812
6.799
6.795
6.788
6.787
6.785
6.775
6.766
6.755
6.747
6.734
6.726
6.717
6.714
6.701
6.689
6.683
6.678
6.675
6.670
6.665
6.663
6.658
6.653
6.651
6.646
6.641
6.637
6.633
6.628
6.623
6.617
6.616
6.615
6.608
6.604
6.596
6.592
6.586
6.580
6.580
6.576
6.569
6.565
6.564
6.560
6.553
6.546
6.541
6.533
6.531
6.530
6.526
6.524
6.521
6.519
6.512
6.506
6.498
6.494
6.492
6.489
6.486
6.482
6.482
6.481
6.482
6.482
6.480
6.474
6.470
6.469
6.463
6.455
6.445
6.433
6.433
6.433
6.431
6.424
6.421
6.420
6.417
6.410
6.402
6.388
6.384
6.376
6.372
6.371
6.364
6.359
6.350
6.346
6.342
6.335
6.327
6.316
6.302
6.295
6.288
6.287
6.276
6.268
6.262
6.258
6.252
6.250
6.250
6.248
6.243
6.237
6.224
6.217
6.213
6.213
6.209
6.201
6.197
6.189
6.173
6.151
6.144
6.141
6.137
6.128
6.117
6.108
6.099
6.091
6.082
6.074
6.058
6.038
6.020
6.016
6.010
6.009
6.008
6.006
5.999
5.994
5.983
5.975
5.969
5.964
5.956
5.943
5.933
5.929
5.922
5.918
5.912
5.909
5.908
5.908
5.904
5.903
5.898
5.897
5.896
5.894
5.887
5.884
5.884
5.878
5.872
5.872
5.872
5.871
5.869
5.870
5.869
5.869
5.866
5.865
5.863
5.859
5.859
5.859
5.859
5.859
5.859
5.857
5.856
5.852
5.847
5.847
5.847
5.847
5.842
5.840
5.836
5.835
5.835
5.832
5.831
5.830
5.828
5.826
5.823
5.822
5.821
5.818
5.815
5.814
5.811
5.811
5.811
5.811
5.811
5.811
5.811
5.811
5.811
5.808
5.802
5.799
5.798
5.798
5.798
5.796
5.794
5.792
5.790
5.788
5.786
5.786
5.784
5.783
5.780
5.779
5.776
5.775
5.774
5.774
5.774
5.772
5.771
5.771
5.770
5.768
5.766
5.762
5.754
5.754
5.752
5.752
5.750
5.750
5.750
5.750
5.749
5.746
5.745
5.743
5.740
5.737
5.737
5.736
5.733
5.731
5.729
5.727
5.727
5.726
5.725
5.725
5.725
5.723
5.721
5.717
5.713
5.713
5.713
5.713
5.711
5.709
5.708
5.708
5.707
5.707
5.703
5.701
5.701
5.698
5.697
5.695
5.692
5.690
5.688
5.688
5.688
5.688
5.685
5.682
5.681
5.683
5.680
5.680
5.681
5.680
5.680
5.680
5.680
5.682
5.680
5.681
5.681
5.680
5.681
5.681
5.680
5.681
5.680
5.680
5.680
5.680
5.680
5.680
5.681
5.681
5.681
5.681
5.681
5.680
5.680
5.681
5.681
5.681
5.681
5.681
5.681
5.681
5.680
5.680
5.680
5.680
5.680
5.680
5.680
5.681
5.682
5.682
5.681
5.681
5.681
5.681
5.680
5.681
5.681
5.681
5.680
5.682
5.682
5.681
5.682
5.682
5.681
5.680
5.680
5.681
5.681
5.682
5.681
5.680
5.681
5.681
5.681
5.681
5.682
5.681
5.680
5.680
5.680
5.680
5.680
5.681
5.681
5.680
5.681
5.682
5.681
5.681
5.680
5.680
5.680
5.681
5.681
5.681
5.680
5.681
5.681
