5.681
5.681
5.680
5.681
5.681
5.681
5.680
5.681
5.680
5.680
5.681
5.681
5.680
5.681
5.680
5.680
5.681
5.681
5.681
5.681
5.681
5.681
5.681
5.682
5.680
5.681
5.681
5.681
5.681
5.680
5.682
5.681
5.681
5.682
5.681
5.682
5.680
5.682
5.681
5.681
5.681
5.681
5.682
5.682
5.681
5.680
5.680
5.680
5.680
5.681
5.680
5.680
5.681
5.680
5.680
5.680
5.681
5.680
5.680
5.680
5.681
5.681
5.681
5.680
5.681
5.681
5.680
5.681
5.679
5.681
5.681
5.681
5.681
5.681
5.681
5.682
5.681
5.680
5.681
5.681
5.681
5.682
5.680
5.680
5.680
5.680
5.681
5.680
5.680
5.680
5.680
5.681
5.681
5.681
5.681
5.681
5.682
5.680
5.681
5.681
5.681
5.681
5.681
5.681
5.682
5.680
5.681
5.680
5.681
5.681
5.680
5.681
5.680
5.682
5.681
5.681
5.680
5.680
5.680
5.680
5.681
5.680
5.680
5.681
5.681
5.680
5.681
5.680
5.681
5.680
5.680
5.680
5.681
5.681
5.681
5.681
5.681
5.682
5.683
5.683
5.685
5.685
5.687
5.687
5.688
5.688
5.688
5.692
5.692
5.693
5.693
5.692
5.693
5.693
5.694
5.693
5.695
5.695
5.696
5.697
5.698
5.700
5.700
5.701
5.701
5.701
5.701
5.701
5.701
5.701
5.701
5.703
5.704
5.704
5.704
5.704
5.704
5.704
5.705
5.709
5.709
5.709
5.709
5.709
5.712
5.712
5.711
5.713
5.713
5.713
5.713
5.713
5.714
5.717
5.719
5.719
5.720
5.721
5.723
5.725
5.726
5.726
5.727
5.727
5.727
5.729
5.730
5.730
5.731
5.732
5.732
5.732
5.732
5.732
5.734
5.734
5.734
5.736
5.737
5.737
5.737
5.737
5.737
5.737
5.737
5.739
5.739
5.741
5.745
5.745
5.747
5.747
5.747
5.750
5.750
5.750
5.750
5.750
5.750
5.750
5.751
5.753
5.753
5.756
5.757
5.758
5.760
5.762
5.763
5.764
5.765
5.766
5.766
5.767
5.768
5.769
5.770
5.773
5.774
5.775
5.780
5.781
5.780
5.781
5.781
5.783
5.782
5.785
5.786
5.786
5.786
5.788
5.789
5.792
5.795
5.796
5.797
5.798
5.798
5.798
5.798
5.800
5.802
5.804
5.807
5.808
5.809
5.810
5.811
5.811
5.811
5.813
5.815
5.818
5.820
5.821
5.821
5.822
5.823
5.823
5.825
5.827
5.828
5.828
5.829
5.829
5.830
5.833
5.835
5.836
5.838
5.843
5.846
5.847
5.847
5.852
5.855
5.855
5.856
5.859
5.859
5.861
5.871
5.877
5.884
5.884
5.890
5.896
5.900
5.906
5.909
5.915
5.919
5.924
5.933
5.945
5.956
5.963
5.970
5.975
5.979
5.980
5.982
5.994
6.002
6.010
6.018
6.032
6.040
6.047
6.062
6.078
6.082
6.088
6.091
6.099
6.108
6.116
6.125
6.132
6.140
6.146
6.152
6.157
6.165
6.172
6.179
6.197
6.218
6.230
6.240
6.253
6.267
6.287
6.299
6.310
6.324
6.341
6.358
6.370
6.382
6.408
6.432
6.454
6.470
6.481
6.493
6.506
6.518
6.530
6.540
6.559
6.579
6.592
6.603
6.611
6.631
6.640
6.643
6.646
6.650
6.664
6.692
6.713
6.717
6.726
6.741
6.761
6.781
6.799
6.812
6.818
6.827
6.846
6.868
6.888
6.908
6.921
6.935
6.946
6.961
6.973
6.995
7.014
7.032
7.053
7.060
7.066
7.080
7.089
7.095
7.099
7.104
7.110
7.111
7.120
7.137
7.153
7.168
7.180
7.191
7.203
7.215
7.227
7.239
7.261
7.283
7.301
7.312
7.324
7.334
7.346
7.356
7.371
7.391
7.409
7.423
7.447
7.469
7.492
7.513
7.520
7.531
7.545
7.556
7.560
7.566
7.578
7.605
7.625
7.639
7.651
7.664
7.678
7.699
7.714
7.725
7.737
7.748
7.763
7.782
7.800
7.812
7.833
7.853
7.869
7.877
7.895
7.910
7.922
7.927
7.928
7.930
7.935
7.948
7.957
7.962
7.967
7.968
7.971
7.978
7.993
8.008
8.014
8.016
8.018
8.020
8.028
8.033
8.046
8.066
8.081
8.094
8.108
8.118
8.133
8.147
8.159
8.175
8.189
8.205
8.223
8.246
8.256
8.268
8.284
8.294
8.301
8.309
8.317
8.327
8.337
8.349
8.358
8.362
8.374
8.385
8.398
8.407
8.414
8.426
8.435
8.439
8.439
8.444
8.448
8.455
8.459
8.462
8.467
8.472
8.474
8.475
8.484
8.488
8.492
8.496
8.499
8.508
8.521
8.536
8.545
8.545
8.549
8.558
8.577
8.591
8.602
8.612
8.619
8.630
8.642
8.647
8.655
8.665
8.679
8.697
8.708
8.722
8.733
8.751
8.765
8.776
8.781
8.789
8.800
8.812
8.820
8.833
8.850
8.862
8.874
8.885
8.888
8.897
8.906
8.911
8.923
8.932
8.936
8.938
8.948
8.952
8.960
8.969
8.989
9.001
9.011
9.016
9.019
9.021
9.034
9.054
9.074
9.093
9.108
9.134
9.152
9.161
9.161
9.163
9.167
9.181
9.200
9.219
9.240
9.251
9.264
9.274
9.285
9.301
9.314
9.329
9.349
9.366
9.382
9.402
9.414
9.415
9.420
9.428
9.437
9.454
9.468
9.484
9.505
9.527
9.539
9.545
9.546
9.546
9.546
9.546
9.546
9.546
9.546
9.546
9.545
9.554
9.558
9.560
9.569
9.570
9.576
9.623
9.664
9.687
9.707
9.719
9.720
9.721
9.720
9.721
9.722
9.722
9.722
9.724
9.729
9.731
9.745
9.753
9.755
9.765
9.769
9.777
9.777
9.782
9.789
9.792
9.796
9.802
9.805
9.808
9.810
9.811
9.811
9.815
9.829
9.903
9.964
9.983
9.996
10.009
10.021
10.035
10.054
10.081
10.104
10.120
10.132
10.137
10.142
10.144
10.144
10.140
10.148
10.153
10.156
10.175
10.191
10.213
10.235
10.242
10.251
10.262
10.276
10.295
10.309
10.322
10.336
10.356
10.374
10.391
10.417
10.447
10.472
10.509
10.535
10.551
10.569
10.585
10.601
10.618
10.631
10.650
10.657
10.660
10.666
10.667
10.669
10.669
10.669
10.669
10.666
10.672
10.678
10.685
10.690
10.693
10.702
10.710
10.718
10.716
10.720
10.724
10.733
10.740
10.743
10.752
10.761
10.770
10.791
10.808
10.822
10.823
10.828
10.841
10.852
10.864
10.876
10.885
10.888
10.889
10.892
10.899
10.910
10.914
10.922
10.932
10.940
10.955
10.962
10.979
10.986
10.996
11.006
11.014
11.023
11.039
11.051
11.060
11.073
11.085
11.104
11.108
11.114
11.121
11.127
11.133
11.139
11.139
11.147
11.157
11.173
11.180
11.184
11.191
11.194
11.194
11.199
11.203
11.206
11.206
11.210
11.229
11.235
11.243
11.255
11.270
11.277
11.285
11.296
11.304
11.327
11.341
11.357
11.373
11.388
11.400
11.416
11.434
11.441
11.447
11.452
11.464
11.477
11.507
11.519
11.524
11.536
11.545
11.553
11.564
11.572
11.581
11.591
11.624
11.631
11.632
11.641
11.646
11.650
11.657
11.664
11.674
11.687
11.708
11.725
11.737
11.747
11.752
11.766
11.783
11.800
11.812
11.821
11.832
11.834
11.853
11.865
11.877
11.888
11.894
11.907
11.920
11.931
11.941
11.949
11.965
11.971
11.977
11.983
11.985
11.987
11.994
12.000
11.999
12.011
12.016
12.024
12.034
12.038
12.050
12.061
12.069
12.071
12.075
12.085
12.092
12.097
12.099
12.108
12.120
12.136
12.155
12.159
12.188
12.198
12.207
12.228
12.238
12.245
12.255
12.263
12.272
12.288
12.302
12.313
12.320
12.329
12.342
12.354
12.366
12.379
12.383
12.407
12.426
12.433
12.439
12.445
12.453
12.464
12.473
12.476
12.480
12.494
12.507
12.514
12.524
12.531
12.539
12.550
12.561
12.561
12.568
12.579
12.594
12.616
12.633
12.651
12.662
12.671
12.679
12.697
12.716
12.738
12.756
12.761
12.774
12.787
12.805
12.816
12.817
12.826
12.842
12.865
12.879
12.890
12.904
12.926
12.942
12.960
12.973
12.995
13.011
13.014
13.025
13.029
13.033
13.037
13.040
13.037
13.047
13.060
13.088
13.106
13.110
13.119
13.128
13.145
13.150
13.157
13.175
13.194
13.208
13.223
13.234
13.245
13.256
13.262
13.271
13.284
13.305
13.319
13.337
13.364
13.380
13.392
13.403
13.414
13.416
13.427
13.437
13.447
13.462
13.464
13.465
13.472
13.477
13.478
13.488
13.518
13.538
13.550
13.563
13.574
13.587
13.597
13.601
13.599
13.601
13.610
13.622
13.640
13.648
13.658
13.666
13.678
13.678
13.683
13.702
13.712
13.724
13.734
13.751
13.762
13.772
13.779
13.780
13.802
13.820
13.831
13.841
13.849
13.860
13.867
13.879
13.878
13.897
13.904
13.906
13.914
13.918
13.924
13.928
13.937
13.948
13.942
13.967
13.979
13.984
13.989
13.992
14.001
14.014
14.033
14.040
14.054
14.066
14.075
14.083
14.090
14.098
14.105
14.111
14.122
14.120
14.147
14.158
14.168
14.183
14.198
14.215
14.231
14.251
14.263
14.292
14.306
14.322
14.335
14.343
14.348
14.355
14.362
14.366
14.356
14.377
14.383
14.388
14.392
14.402
14.405
14.417
14.429
14.424
14.438
14.444
14.452
14.453
14.458
14.459
14.465
14.469
14.476
14.469
14.478
14.498
14.517
14.530
14.539
14.540
14.547
14.557
14.564
14.565
14.570
14.576
14.583
14.603
14.614
14.627
14.643
14.656
14.661
14.662
14.671
14.681
14.691
14.709
14.727
14.740
14.755
14.771
14.777
14.791
14.797
14.803
14.817
14.827
14.839
14.848
14.855
14.853
14.856
14.866
14.882
14.899
14.909
14.925
14.942
14.958
14.970
14.974
14.984
14.990
14.999
15.012
15.024
15.033
15.039
15.048
15.059
15.073
15.094
15.117
15.137
15.161
15.166
15.177
15.184
15.199
15.221
15.235
15.252
15.268
15.293
15.308
15.319
15.329
15.341
15.344
15.347
15.355
15.359
15.372
15.380
15.381
15.381
15.383
15.381
15.392
15.423
15.432
15.456
15.464
15.468
15.476
15.483
15.491
15.488
15.494
15.503
15.511
15.526
15.541
15.545
15.552
15.564
15.574
15.576
15.596
15.604
15.617
15.628
15.644
15.649
15.655
15.662
15.662
15.702
15.715
15.723
15.728
15.735
15.741
15.747
15.756
15.758
15.771
15.786
15.793
15.798
15.805
15.808
15.813
15.827
15.833
15.837
15.873
15.899
15.910
15.921
15.931
15.942
15.955
15.966
15.972
15.958
15.985
15.999
16.007
16.026
16.039
16.049
16.063
16.076
16.075
16.111
16.128
16.146
16.167
16.186
16.199
16.199
16.202
16.204
16.209
16.224
16.235
16.245
16.248
16.257
16.262
16.270
16.275
16.268
16.295
16.306
16.321
16.336
16.345
16.357
16.364
16.373
16.377
16.389
16.405
16.415
16.421
16.429
16.436
16.442
16.454
16.464
16.469
16.472
16.498
16.507
16.518
16.524
16.534
16.546
16.555
16.560
16.556
16.561
16.565
16.589
16.600
16.609
16.614
16.619
16.627
16.638
16.650
16.653
16.649
16.658
16.674
16.677
16.683
16.687
16.687
16.690
16.702
16.715
16.738
16.749
16.760
16.768
16.774
16.781
16.776
16.784
16.787
16.793
16.803
16.819
16.821
16.824
16.830
16.833
16.837
16.833
16.848
16.881
16.897
16.907
16.916
16.924
16.928
16.920
16.919
16.925
16.937
16.953
16.959
16.966
16.972
16.979
16.983
16.995
17.005
17.001
17.004
17.023
17.029
17.038
17.043
17.049
17.041
17.045
17.053
17.060
17.072
17.089
17.095
17.102
17.108
17.107
17.102
17.109
17.114
17.138
17.139
17.148
17.151
17.154
17.160
17.163
17.168
17.160
17.164
17.173
17.190
17.199
17.204
17.212
17.223
17.222
17.249
17.259
17.269
17.274
17.278
17.287
17.302
17.314
17.304
17.336
17.346
17.349
17.357
17.364
17.379
17.390
17.395
17.395
17.405
17.415
17.421
17.427
17.437
17.444
17.453
17.456
17.460
17.452
17.466
17.473
17.480
17.485
17.489
17.495
17.499
17.507
17.515
17.517
17.520
17.514
17.531
17.539
17.542
17.549
17.554
17.555
17.542
17.564
17.566
17.572
17.580
17.584
17.590
17.597
17.603
17.604
17.605
17.617
17.625
17.630
17.632
17.639
17.647
17.657
17.664
17.649
17.673
17.677
17.687
17.692
17.695
17.700
17.705
17.712
17.709
17.710
17.725
17.730
17.734
17.737
17.737
17.745
17.749
17.753
17.760
17.762
17.767
17.759
17.773
17.773
17.774
17.777
17.782
17.785
17.773
17.775
17.783
17.786
17.805
17.815
17.825
17.835
17.847
17.857
17.863
17.868
17.859
17.860
17.883
17.891
17.896
17.903
17.908
17.896
17.897
17.900
17.906
17.920
17.922
17.929
17.932
17.940
17.940
17.943
17.947
17.952
17.971
17.971
17.979
17.982
17.991
17.992
17.993
17.999
18.005
18.010
18.017
18.024
18.031
18.037
18.042
18.041
18.038
18.043
18.050
18.061
18.082
18.089
18.093
18.098
18.103
18.108
18.114
18.114
18.105
18.116
18.131
18.141
18.152
18.162
18.164
18.157
18.167
18.173
18.188
18.196
18.201
18.208
18.215
18.220
18.212
18.213
18.219
18.244
18.234
18.237
18.237
18.242
18.244
18.246
18.250
18.252
18.259
18.250
18.268
18.275
18.282
18.286
18.289
18.284
18.283
18.286
18.289
18.304
18.317
18.321
18.324
18.329
18.332
18.323
18.329
18.341
18.353
18.354
18.357
18.358
18.359
18.360
18.343
18.366
18.370
18.379
18.394
18.411
18.426
18.432
18.433
18.441
18.426
18.454
18.460
18.469
18.476
18.481
18.491
18.501
18.507
18.514
18.518
18.520
18.524
18.509
18.534
18.540
18.545
18.563
18.580
18.576
18.607
18.615
18.624
18.628
18.632
18.637
18.640
18.640
18.640
18.640
18.636
18.629
18.644
18.649
18.656
18.665
18.669
18.677
18.662
18.689
18.691
18.693
18.696
18.698
18.701
18.704
18.710
18.711
18.720
18.738
18.748
18.761
18.770
18.775
18.779
18.784
18.793
18.802
18.811
18.819
18.825
18.833
18.842
18.859
18.870
18.877
18.882
18.879
18.896
18.903
18.909
18.917
18.924
18.933
18.941
18.947
18.938
18.964
18.972
18.981
18.985
18.988
18.994
18.999
19.006
19.006
18.994
18.999
19.005
19.009
19.025
19.033
19.040
19.044
19.051
19.049
19.052
19.064
19.074
19.104
19.110
19.117
19.126
19.135
19.141
19.145
19.151
19.155
19.165
19.173
19.184
19.201
19.211
19.216
19.211
19.205
19.213
19.221
19.228
19.250
19.254
19.262
19.272
19.281
19.275
19.285
19.302
19.318
19.344
19.354
19.360
19.364
19.375
19.377
19.381
19.390
19.404
19.415
19.433
19.444
19.458
19.470
19.474
19.463
19.467
19.473
19.488
19.512
19.543
19.557
19.568
19.581
19.594
19.599
19.604
19.613
19.615
19.617
19.617
19.618
19.620
19.622
19.607
19.615
19.627
19.636
19.651
19.678
19.691
19.709
19.720
19.725
19.730
19.744
19.753
19.760
19.777
19.787
19.791
19.797
19.800
19.799
19.798
19.810
19.826
19.839
19.871
19.884
19.893
19.900
19.910
19.909
19.919
19.929
19.936
19.953
19.981
20.008
20.021
20.034
20.045
20.048
20.054
20.061
20.073
20.083
20.095
20.105
20.110
20.116
20.105
20.109
20.121
20.137
20.168
20.177
20.188
20.197
20.205
20.215
20.225
20.231
20.213
20.246
20.257
20.269
20.286
20.300
20.305
20.293
20.313
20.320
20.325
20.329
20.331
20.336
20.339
20.344
20.330
20.364
20.382
20.393
20.400
20.408
20.421
20.431
20.439
20.448
20.455
20.471
20.483
20.495
20.511
20.528
20.544
20.553
20.559
20.549
20.577
20.583
20.592
20.600
20.618
20.638
20.653
20.661
20.668
20.678
20.688
20.695
20.719
20.735
20.740
20.750
20.760
20.772
20.764
20.789
20.800
20.815
20.836
20.850
20.861
20.869
20.874
20.879
20.860
20.892
20.897
20.899
20.902
20.908
20.911
20.917
20.930
20.940
20.966
20.972
20.984
20.996
21.005
21.014
21.022
21.024
21.028
21.006
21.033
21.036
21.048
21.058
21.064
21.069
21.076
21.072
21.074
21.076
21.076
21.073
21.063
21.079
21.088
21.091
21.094
21.094
21.085
21.082
21.083
21.086
21.091
21.110
21.112
21.114
21.117
21.117
21.105
21.106
21.107
21.109
21.125
21.132
21.136
21.139
21.143
21.139
21.150
21.152
21.154
21.156
21.156
21.157
21.160
21.160
21.161
21.143
21.145
21.147
21.150
21.171
21.172
21.176
21.179
21.180
21.181
21.185
21.182
21.170
21.172
21.193
21.196
21.199
21.202
21.203
21.184
21.186
21.187
21.190
21.205
21.213
21.213
21.215
21.216
21.211
21.199
21.203
21.204
21.206
21.228
21.230
21.232
21.234
21.237
21.229
21.243
21.246
21.249
21.250
21.249
21.251
21.252
21.254
21.251
21.242
21.248
21.252
21.252
21.275
21.276
21.277
21.277
21.277
21.259
21.261
21.260
21.260
21.275
21.277
21.277
21.277
21.277
21.272
21.261
21.259
21.261
21.271
21.279
21.278
21.277
21.277
21.277
21.266
21.261
21.260
21.260
21.261
21.277
21.277
21.277
21.278
21.275
21.265
21.280
21.278
21.282
21.279
21.278
21.277
21.278
21.277
21.258
21.278
21.279
21.278
21.279
21.277
21.277
21.277
21.277
21.275
21.265
21.278
21.278
21.278
21.277
21.277
21.277
21.277
21.277
21.255
21.277
21.277
21.277
21.278
21.277
21.277
21.277
21.277
21.274
21.258
21.277
21.277
21.277
