21.261
21.275
21.273
21.273
21.274
21.276
21.272
21.273
21.272
21.271
21.262
21.250
21.273
21.273
21.273
21.273
21.272
21.273
21.273
21.272
21.254
21.274
21.273
21.272
21.273
21.272
21.274
21.272
21.273
21.264
21.267
21.273
21.273
21.272
21.273
21.272
21.273
21.271
21.272
21.249
21.268
21.270
21.270
21.270
21.268
21.268
21.268
21.268
21.268
21.270
21.245
21.268
21.269
21.269
21.267
21.267
21.262
21.256
21.230
21.245
21.249
21.244
21.243
21.239
21.237
21.235
21.233
21.227
21.219
21.228
21.228
21.226
21.223
21.217
21.215
21.210
21.207
21.183
21.205
21.203
21.201
21.197
21.191
21.190
21.189
21.186
21.184
21.160
21.175
21.179
21.179
21.178
21.176
21.175
21.174
21.174
21.170
21.171
21.168
21.167
21.154
21.167
21.164
21.163
21.162
21.161
21.139
21.156
21.158
21.157
21.158
21.155
21.155
21.155
21.155
21.140
21.152
21.154
21.151
21.152
21.151
21.150
21.149
21.148
21.148
21.124
21.143
21.142
21.142
21.140
21.138
21.136
21.133
21.133
21.113
21.122
21.129
21.128
21.127
21.124
21.122
21.119
21.118
21.118
21.092
21.111
21.116
21.114
21.112
21.109
21.108
21.107
21.106
21.087
21.090
21.104
21.103
21.102
21.100
21.097
21.097
21.094
21.095
21.075
21.096
21.092
21.090
21.090
21.088
21.088
21.088
21.086
21.079
21.060
21.059
21.056
21.076
21.075
21.069
21.069
21.066
21.066
21.046
21.049
21.058
21.057
21.057
21.054
21.054
21.049
21.048
21.045
21.045
21.044
21.043
21.042
21.040
21.037
21.036
21.034
21.033
21.010
21.015
21.026
21.024
21.025
21.021
21.021
21.021
21.021
21.020
21.003
21.018
21.016
21.014
21.010
21.008
21.008
21.006
21.002
20.980
20.983
20.989
20.985
20.983
20.972
20.970
20.964
20.959
20.941
20.902
20.911
20.905
20.901
20.893
20.887
20.885
20.880
20.875
20.871
20.866
20.860
20.857
20.855
20.850
20.846
20.842
20.837
20.821
20.795
20.804
20.794
20.788
20.782
20.778
20.776
20.774
20.768
20.742
20.754
20.746
20.741
20.736
20.732
20.728
20.723
20.715
20.705
20.694
20.709
20.705
20.700
20.692
20.686
20.681
20.676
20.669
20.645
20.659
20.660
20.655
20.654
20.652
20.649
20.648
20.650
20.646
20.643
20.633
20.627
20.616
20.623
20.618
20.616
20.612
20.603
20.573
20.586
20.581
20.570
20.567
20.559
20.554
20.549
20.544
20.534
20.533
20.532
20.527
20.521
20.515
20.508
20.501
20.496
20.494
20.464
20.481
20.481
20.476
20.472
20.461
20.453
20.447
20.444
20.423
20.416
20.422
20.411
20.409
20.398
20.395
20.389
20.387
20.379
20.373
20.361
20.357
20.345
20.345
20.345
20.339
20.337
20.335
20.321
20.312
20.325
20.325
20.324
20.320
20.316
20.312
20.312
20.312
20.292
20.308
20.301
20.300
20.294
20.289
20.285
20.266
20.256
20.241
20.227
20.247
20.240
20.238
20.229
20.227
20.223
20.220
20.219
20.194
20.210
20.196
20.182
20.165
20.154
20.142
20.135
20.130
20.109
20.126
20.124
20.120
20.118
20.107
20.105
20.105
20.104
20.099
20.073
20.093
20.092
20.085
20.080
20.072
20.068
20.061
20.056
20.032
20.036
20.034
20.031
20.028
20.020
20.011
20.007
20.004
19.994
19.969
19.981
19.978
19.975
19.964
19.955
19.950
19.945
19.942
19.919
19.934
19.935
19.933
19.928
19.920
19.915
19.912
19.910
19.906
19.901
19.897
19.897
19.888
19.889
19.886
19.884
19.878
19.874
19.852
19.864
19.861
19.860
19.858
19.852
19.849
19.849
19.847
19.841
19.821
19.844
19.836
19.831
19.829
19.825
19.823
19.818
19.813
19.788
19.804
19.797
19.791
19.789
19.778
19.775
19.774
19.770
19.755
19.743
19.751
19.741
19.734
19.724
19.718
19.714
19.710
19.706
19.680
19.694
19.698
19.693
19.684
19.678
19.676
19.668
19.666
19.649
19.647
19.653
19.649
19.644
19.641
19.636
19.635
19.633
19.631
19.608
19.623
19.626
19.617
19.615
19.610
19.606
19.604
19.604
19.594
19.589
19.600
19.598
19.595
19.594
19.596
19.589
19.581
19.577
19.571
19.568
19.553
19.555
19.564
19.559
19.556
19.555
19.553
19.549
19.547
19.545
19.543
19.523
19.532
19.524
19.519
19.511
19.503
19.476
19.479
19.479
19.474
19.470
19.463
19.458
19.452
19.446
19.439
19.422
19.437
19.439
19.435
19.435
19.434
19.434
19.434
19.434
19.409
19.425
19.422
19.419
19.412
19.399
19.392
19.382
19.368
19.360
19.359
19.340
19.349
19.355
19.351
19.348
19.348
19.348
19.347
19.345
19.342
19.342
19.342
19.330
19.337
19.336
19.335
19.332
19.323
19.301
19.319
19.312
19.301
19.291
19.285
19.275
19.267
19.263
19.242
19.241
19.249
19.243
19.239
19.232
19.225
19.214
19.211
19.206
19.185
19.202
19.203
19.203
19.204
19.201
19.199
19.196
19.191
19.180
19.169
19.178
19.174
19.173
19.166
19.165
19.157
19.154
19.150
19.126
19.135
19.126
19.118
19.113
19.104
19.098
19.092
19.091
19.077
19.063
19.075
19.067
19.061
19.045
19.033
19.016
19.004
18.998
18.970
18.982
18.981
18.974
18.965
18.952
18.945
18.943
18.938
18.926
18.919
18.923
18.919
18.913
18.907
18.895
18.889
18.884
18.883
18.863
18.876
18.879
18.877
18.877
18.875
18.874
18.873
18.875
18.873
18.873
18.873
18.873
18.862
18.874
18.874
18.873
18.873
18.872
18.858
18.863
18.868
18.857
18.843
18.830
18.826
18.823
18.820
18.811
18.783
18.788
18.777
18.768
18.761
18.747
18.735
18.727
18.724
18.710
18.704
18.706
18.700
18.690
18.684
18.674
18.665
18.658
18.653
18.629
18.639
18.640
18.636
18.630
18.624
18.616
18.609
18.601
18.575
18.570
18.568
18.559
18.550
18.541
18.533
18.528
18.518
18.511
18.483
18.484
18.474
18.462
18.451
18.439
18.426
18.417
18.408
18.393
18.387
18.387
18.384
18.383
18.376
18.369
18.361
18.357
18.349
18.327
18.334
18.340
18.339
18.337
18.335
18.333
18.331
18.326
18.319
18.307
18.325
18.323
18.321
18.316
18.313
18.316
18.314
18.312
18.311
18.308
18.297
18.285
18.268
18.270
18.256
18.248
18.240
18.237
18.212
18.221
18.204
18.189
18.182
18.174
18.168
18.163
18.152
18.136
18.131
18.140
18.140
18.142
18.143
18.140
18.140
18.140
18.140
18.122
18.121
18.095
18.062
18.044
18.036
18.033
18.032
18.033
18.024
18.022
18.030
18.015
17.997
17.983
17.966
17.957
17.942
17.923
17.907
17.877
17.848
17.826
17.813
17.810
17.802
17.798
17.786
17.773
17.755
17.761
17.758
17.758
17.757
17.756
17.756
17.756
17.755
17.738
17.740
17.728
17.720
17.717
17.702
17.689
17.679
17.665
17.659
17.640
17.644
17.629
17.615
17.606
17.604
17.603
17.595
17.587
17.562
17.555
17.554
17.547
17.545
17.539
17.536
17.530
17.530
17.522
17.517
17.512
17.506
17.506
17.497
17.486
17.478
17.470
17.468
17.456
17.448
17.449
17.431
17.420
17.406
17.398
17.393
17.384
17.382
17.362
17.369
17.365
17.358
17.355
17.352
17.345
17.339
17.334
17.332
17.317
17.313
17.307
17.298
17.292
17.289
17.286
17.285
17.282
17.266
17.279
17.273
17.261
17.254
17.247
17.237
17.233
17.230
17.223
17.213
17.209
17.202
17.191
17.192
17.189
17.180
17.171
17.164
17.138
17.150
17.149
17.140
17.131
17.117
17.108
17.102
17.095
17.080
17.070
17.078
17.071
17.066
17.059
17.050
17.042
17.041
17.036
17.027
17.006
17.017
17.012
17.008
17.000
16.994
16.992
16.988
16.976
16.964
16.976
16.975
16.973
16.973
16.969
16.969
16.968
16.968
16.950
16.965
16.962
16.960
16.961
16.957
16.956
16.955
16.950
16.943
16.924
16.939
16.932
16.931
16.931
16.929
16.930
16.926
16.923
16.909
16.915
16.919
16.916
16.912
16.907
16.899
16.892
16.887
16.882
16.878
16.852
16.867
16.862
16.860
16.852
16.848
16.846
16.845
16.827
16.832
16.838
16.836
16.836
16.833
16.833
16.831
16.831
16.828
16.828
16.823
16.821
16.821
16.819
16.815
16.812
16.809
16.808
16.787
16.792
16.793
16.790
16.791
16.785
16.785
16.782
16.776
16.772
16.755
16.764
16.760
16.756
16.752
16.750
16.746
16.742
16.738
16.736
16.732
16.711
16.724
16.723
16.716
16.711
16.703
16.699
16.695
16.672
16.677
16.676
16.675
16.670
16.661
16.655
16.650
16.650
16.637
16.635
16.645
16.642
16.639
16.635
16.631
16.624
16.614
16.605
16.589
16.600
16.597
16.594
16.592
16.587
16.578
16.570
16.565
16.548
16.564
16.563
16.563
16.564
16.562
16.564
16.562
16.562
16.561
16.562
16.554
16.538
16.547
16.543
16.537
16.536
16.525
16.516
16.508
16.502
16.495
16.480
16.484
16.479
16.470
16.459
16.455
16.450
16.431
16.443
16.442
16.437
16.433
16.422
16.418
16.418
16.410
16.385
16.391
16.391
16.384
16.380
16.373
16.370
16.369
16.366
16.352
16.353
16.357
16.352
16.347
16.345
16.339
16.334
16.328
16.320
16.310
16.303
16.292
16.271
16.278
16.271
16.261
16.257
16.252
16.248
16.242
16.236
16.208
16.203
16.201
16.191
16.184
16.177
16.171
16.152
16.145
16.146
16.137
16.129
16.113
16.105
16.101
16.095
16.090
16.067
16.075
16.075
16.070
16.067
16.062
16.058
16.052
16.050
16.029
16.034
16.031
16.015
16.007
15.999
15.991
15.982
15.971
15.965
15.945
15.925
15.912
15.906
15.906
15.902
15.897
15.895
15.894
15.879
15.883
15.890
15.886
15.884
15.870
15.854
15.845
15.841
15.833
15.828
15.823
15.818
15.801
15.808
15.798
15.792
15.786
15.784
15.764
15.773
15.771
15.766
15.759
15.751
15.747
15.738
15.733
15.721
15.710
15.720
15.717
15.710
15.705
15.701
15.698
15.697
15.687
15.676
15.668
15.661
15.656
15.651
15.647
15.642
15.637
15.626
15.607
15.591
15.597
15.589
15.578
15.558
15.551
15.546
15.545
15.545
15.540
15.527
15.515
15.503
15.488
15.491
15.487
15.483
15.465
15.453
15.442
15.454
15.448
15.445
15.445
15.441
15.439
15.436
15.432
15.420
15.422
15.421
15.416
15.415
15.405
15.393
15.389
15.387
15.386
15.386
15.384
15.381
15.381
15.378
15.371
15.364
15.353
15.344
15.327
15.328
15.330
15.323
15.316
15.301
15.288
15.272
15.254
15.240
15.219
15.229
15.225
15.222
15.216
15.212
15.210
15.207
15.201
15.186
15.186
15.183
15.174
15.171
15.161
15.153
15.149
15.144
15.138
15.116
15.116
15.109
15.093
15.085
15.075
15.055
15.041
15.035
15.027
15.024
15.024
15.017
15.014
15.006
15.002
14.993
14.985
14.980
14.957
14.953
14.947
14.952
14.950
14.929
14.907
14.900
14.896
14.893
14.882
14.872
14.871
14.863
14.857
14.853
14.844
14.839
14.832
14.800
14.805
14.801
14.790
14.780
14.775
14.773
14.771
14.769
14.762
14.758
14.769
14.768
14.769
14.765
14.767
14.765
14.766
14.759
14.741
14.716
14.681
14.644
14.621
14.614
14.610
14.603
14.598
14.580
14.549
14.543
14.533
14.524
14.515
14.503
14.493
14.489
14.481
14.473
14.463
14.453
14.448
14.444
14.441
14.441
14.441
14.441
14.435
14.433
14.441
14.441
14.441
14.433
14.429
14.422
14.413
14.404
14.386
14.393
14.394
14.393
14.393
14.384
14.368
14.359
14.355
14.351
14.343
14.341
14.334
14.329
14.325
14.312
14.302
14.294
14.289
14.273
14.280
14.275
14.266
14.253
14.232
14.215
14.206
14.200
14.196
14.192
14.187
14.185
14.183
14.181
14.173
14.167
14.160
14.155
14.142
14.140
14.143
14.138
14.136
14.125
14.114
14.099
14.091
14.087
14.064
14.061
14.047
14.039
14.033
14.022
14.005
13.992
13.984
13.972
13.974
13.963
13.953
13.947
13.939
13.926
13.919
13.916
13.913
13.893
13.902
13.904
13.899
13.895
13.891
13.885
13.879
13.879
13.877
13.864
13.875
13.874
13.869
13.868
13.866
13.861
13.860
13.858
13.847
13.853
13.855
13.854
13.852
13.843
13.840
13.834
13.828
13.817
13.794
13.796
13.792
13.785
13.782
13.780
13.779
13.776
13.770
13.764
13.759
13.757
13.754
13.751
13.745
13.736
13.724
13.714
13.703
13.684
13.694
13.691
13.686
13.686
13.684
13.684
13.681
13.676
13.672
13.669
13.663
13.659
13.638
13.634
13.621
13.615
13.611
13.608
13.591
13.589
13.586
13.574
13.570
13.565
13.563
13.562
13.558
13.554
13.545
13.554
13.550
13.548
13.544
13.536
13.525
13.525
13.525
13.513
13.528
13.522
13.513
13.505
13.499
13.498
13.498
13.496
13.496
13.479
13.479
13.473
13.472
13.470
13.466
13.466
13.460
13.454
13.449
13.444
13.442
13.442
13.440
13.441
13.438
13.435
13.432
13.426
13.407
13.416
13.414
13.403
13.392
13.381
13.376
13.371
13.365
13.341
13.328
13.315
13.293
13.271
13.253
13.230
13.208
13.178
13.153
13.136
13.112
13.091
13.066
13.050
13.047
13.043
13.039
13.037
13.018
13.006
12.981
12.955
12.932
12.894
12.878
12.859
12.842
12.826
12.801
12.788
12.768
12.755
12.735
12.720
12.712
12.710
12.708
12.690
12.685
12.682
12.675
12.672
12.661
12.649
12.631
12.622
12.613
12.594
12.595
12.595
12.591
12.587
12.580
12.575
12.573
12.564
12.553
12.545
12.537
12.532
12.523
12.511
12.500
12.496
12.501
12.489
12.481
12.468
12.459
12.446
12.436
12.435
12.428
12.425
12.422
12.415
12.402
12.390
12.378
12.364
12.366
12.366
12.365
12.361
12.354
12.339
12.336
12.327
12.318
12.316
12.307
12.300
12.293
12.284
12.272
12.273
12.278
12.279
12.280
12.277
12.276
12.270
12.266
12.257
12.243
12.244
12.229
12.222
12.219
12.208
12.197
12.190
12.183
12.179
12.170
12.159
12.151
12.130
12.125
12.107
12.088
12.075
12.068
12.048
12.053
12.050
12.048
12.040
12.029
12.020
12.012
12.007
12.000
11.988
11.987
11.984
11.976
11.968
11.960
11.951
11.946
11.943
11.927
11.933
11.926
11.924
11.919
11.914
11.913
11.910
11.904
11.894
11.877
11.877
11.866
11.861
11.854
11.849
11.841
11.836
11.830
11.816
11.817
11.816
11.812
11.813
11.807
11.800
11.792
11.781
11.766
11.755
11.752
11.747
11.725
11.696
11.677
11.670
11.670
11.667
11.650
11.645
11.632
11.619
11.609
11.603
11.593
11.584
11.579
11.573
11.564
11.566
11.560
11.560
11.554
11.546
11.532
11.521
11.516
11.507
11.511
11.492
11.460
11.447
11.439
11.435
11.429
11.426
11.420
11.412
11.414
11.409
11.401
11.391
11.382
11.378
11.372
11.365
11.356
11.355
11.353
11.342
11.336
11.322
11.312
11.304
11.297
11.284
11.268
11.265
11.251
11.241
11.232
11.218
11.206
11.198
11.194
11.185
11.182
11.169
11.162
11.157
11.154
11.151
11.147
11.142
11.132
11.113
11.112
11.110
11.108
11.105
11.101
11.100
11.098
11.096
11.092
11.085
11.084
11.082
11.079
11.069
11.060
11.056
11.054
11.053
11.051
11.045
11.027
11.012
11.003
11.006
11.005
11.006
11.007
11.003
10.999
11.007
11.007
11.006
11.006
11.000
10.988
10.976
10.967
10.955
10.957
10.947
10.936
10.927
10.918
10.908
10.901
10.889
10.881
10.865
10.856
10.838
10.819
10.805
10.794
10.774
10.765
10.759
10.744
10.730
10.720
10.706
10.703
10.688
10.674
10.657
10.654
10.645
10.640
10.632
10.621
10.612
10.608
10.607
10.605
10.605
10.604
10.600
10.598
10.605
10.605
10.606
10.605
10.604
10.604
10.604
10.604
10.596
10.602
10.598
10.591
10.585
10.583
10.571
10.561
10.560
10.553
10.549
10.547
10.540
10.535
10.523
10.504
10.496
10.492
10.489
10.480
10.485
10.482
10.469
10.460
10.448
10.445
10.437
10.431
10.421
10.416
10.413
10.405
10.393
10.388
10.385
10.383
10.377
10.372
10.359
10.352
10.338
10.327
10.317
10.304
10.295
10.283
10.272
10.257
10.254
10.254
10.250
10.243
10.230
10.220
10.216
10.210
10.205
10.193
10.192
10.181
10.182
10.181
10.178
10.173
10.170
10.168
10.154
10.145
10.144
10.137
10.128
10.123
10.120
10.120
10.118
10.111
10.097
10.091
10.078
10.069
10.066
10.062
10.056
10.046
10.040
10.034
10.032
10.029
10.022
10.017
10.007
9.998
9.992
9.989
9.986
9.975
9.982
9.976
9.973
9.966
9.958
9.954
9.952
9.951
9.948
9.949
9.949
9.949
9.947
9.944
9.940
9.937
9.935
9.931
9.923
9.917
9.914
9.910
9.901
9.891
9.880
9.873
9.865
9.854
9.839
9.830
9.818
9.814
9.807
9.802
9.796
9.790
9.786
9.769
9.766
9.757
9.749
9.741
9.737
9.731
9.726
9.718
9.715
9.706
9.706
9.693
9.688
9.687
9.681
9.670
9.667
9.663
9.656
9.656
9.656
9.654
9.652
9.646
9.643
9.639
9.627
9.614
9.598
9.594
9.583
9.572
9.557
9.538
9.530
9.517
9.509
9.495
9.475
9.469
9.463
9.460
9.458
9.448
9.447
9.436
9.425
9.412
9.407
9.399
9.389
9.386
9.374
9.365
9.363
9.351
9.329
9.322
9.316
9.310
9.303
9.296
9.290
9.281
9.277
9.274
9.273
9.273
9.268
9.266
9.263
9.254
9.254
9.254
9.253
9.243
9.227
9.227
9.224
9.216
9.201
9.193
9.188
9.173
9.165
9.157
9.155
9.148
9.143
9.136
9.121
9.110
9.104
9.095
9.085
9.085
9.072
9.064
9.057
9.043
9.024
9.016
9.009
8.993
8.971
8.961
8.956
8.938
8.932
8.931
8.930
8.929
8.930
8.923
8.930
8.930
8.930
8.930
8.931
8.930
8.930
8.930
8.929
8.929
8.923
8.930
8.930
8.930
8.931
8.930
8.928
8.928
8.924
8.920
8.905
8.886
8.874
8.862
8.856
8.843
8.836
8.828
8.825
8.826
8.818
8.810
8.798
8.787
8.784
8.784
8.784
8.779
8.782
8.778
8.778
8.778
8.777
8.777
8.777
8.777
8.777
8.769
8.769
8.758
8.729
8.727
8.714
8.704
8.704
8.704
8.693
8.676
8.655
8.646
8.642
8.631
8.621
8.618
8.612
8.585
8.564
8.552
8.540
8.515
8.493
8.479
8.472
8.464
8.452
8.437
8.422
8.403
8.382
8.362
8.349
8.337
8.335
8.334
8.325
8.316
8.319
8.314
8.307
8.289
8.281
8.276
8.268
8.251
8.220
8.198
8.191
8.189
8.152
8.123
8.118
8.106
8.092
8.080
8.063
8.045
8.033
8.032
8.030
8.030
8.024
8.020
8.019
8.013
8.013
8.016
8.016
8.017
8.016
8.016
8.016
8.016
8.015
8.011
8.016
8.016
8.016
8.017
8.013
8.009
8.009
8.008
8.002
8.001
7.997
7.994
7.989
7.980
7.971
7.967
7.965
7.964
7.959
7.960
7.958
7.952
7.947
7.938
7.934
7.927
7.924
7.923
7.922
7.920
7.913
7.916
7.912
7.907
7.903
7.903
7.901
7.898
7.887
7.879
7.874
7.871
7.870
7.868
7.865
7.861
7.855
7.849
7.845
7.838
7.833
7.825
7.822
7.819
7.816
7.814
7.809
7.808
7.804
7.800
7.786
7.776
7.771
7.764
7.760
7.752
7.747
7.739
7.737
7.735
7.727
7.715
7.712
7.703
7.690
7.678
7.675
7.671
7.668
7.672
7.672
7.670
7.672
7.672
7.669
7.665
7.655
7.644
7.629
7.619
7.614
7.606
7.601
7.593
7.588
7.582
7.578
7.567
7.556
7.544
7.539
7.532
7.527
7.513
7.498
7.485
7.481
7.477
7.473
7.471
7.470
7.470
7.467
7.459
7.458
7.454
7.448
7.444
7.434
7.426
7.422
7.415
7.409
7.397
7.385
7.373
7.361
7.360
7.358
7.356
7.353
7.351
7.349
7.348
7.347
7.345
7.336
7.326
7.324
7.323
7.321
7.318
7.312
7.308
7.299
7.293
7.288
7.285
7.279
7.272
7.263
7.251
7.241
7.233
7.227
7.227
7.223
7.222
7.218
7.214
7.209
7.202
7.199
7.188
7.179
7.176
7.167
7.163
7.153
7.151
7.149
7.143
7.133
7.129
7.125
7.112
7.106
7.101
7.087
7.072
7.060
7.056
7.055
7.049
7.039
7.025
7.019
7.019
7.019
7.016
7.014
7.007
6.994
6.970
6.957
6.946
6.941
6.938
6.934
6.928
6.921
6.911
6.908
6.901
6.898
6.896
6.890
6.885
6.873
6.866
6.860
6.860
6.855
6.846
6.838
6.835
6.827
6.820
6.817
6.811
6.796
6.787
6.784
6.782
6.779
6.775
6.772
6.763
6.751
6.739
6.728
6.717
6.710
6.703
6.694
6.689
6.685
6.677
6.670
6.662
6.656
6.653
6.646
6.632
6.616
6.605
6.602
6.599
6.593
6.589
6.580
6.572
6.566
6.559
6.555
6.555
6.549
6.549
6.542
6.538
6.532
6.523
6.516
6.506
6.500
6.495
6.494
6.491
6.486
6.482
6.479
6.474
6.470
6.469
6.465
6.461
6.461
6.462
6.460
6.458
6.453
6.443
6.429
6.421
6.421
6.415
6.402
6.378
6.364
6.360
6.355
6.352
6.348
6.345
6.340
6.335
6.330
6.323
6.323
6.323
6.323
6.323
6.323
6.323
6.322
6.322
6.322
6.318
6.307
6.291
6.274
6.262
6.260
6.257
6.249
6.232
6.221
6.216
6.214
6.214
6.213
6.213
6.213
6.212
6.212
6.212
6.203
6.194
6.183
6.157
6.125
6.104
6.095
6.093
6.093
6.091
6.091
6.088
6.082
6.077
6.059
6.043
6.030
6.026
6.020
6.012
6.000
5.990
5.981
5.980
5.977
5.974
5.969
5.969
5.969
5.966
5.959
5.955
5.948
5.945
5.936
5.925
5.920
5.918
5.917
5.917
5.916
5.915
5.914
5.912
5.909
5.908
5.904
5.900
5.896
5.890
5.886
5.885
5.884
5.884
5.884
5.883
5.877
5.875
5.873
5.872
5.872
5.872
5.872
5.868
5.866
5.862
5.860
5.860
5.859
5.859
5.855
5.852
5.851
5.850
5.847
5.847
5.840
5.835
5.835
5.832
5.830
5.830
5.829
5.826
5.823
5.823
5.822
5.820
5.818
5.815
5.813
5.811
5.811
5.808
5.807
5.805
5.805
5.802
5.799
5.798
5.798
5.798
5.797
5.796
5.794
5.793
5.792
5.792
5.789
5.788
5.787
5.786
5.786
5.785
5.784
5.779
5.774
5.774
5.774
5.772
5.770
5.769
5.769
5.767
5.763
5.754
5.750
5.750
5.749
5.747
5.746
5.743
5.738
5.737
5.736
5.732
5.727
5.725
5.725
5.724
5.723
5.721
5.716
5.713
5.710
5.709
5.708
5.707
5.705
5.702
5.701
5.699
5.695
5.694
5.693
5.691
5.689
5.688
5.684
5.682
5.683
5.681
5.681
5.681
5.681
5.681
5.681
5.680
5.681
5.680
5.681
5.682
5.681
5.680
5.681
5.681
5.681
5.680
5.680
5.681
5.680
5.680
5.680
5.681
5.680
5.681
5.680
5.681
5.681
5.681
5.680
5.681
5.680
5.681
5.681
5.680
5.681
5.681
5.680
5.680
5.681
5.680
5.681
5.680
5.680
5.681
5.680
5.680
5.681
5.680
5.681
5.681
5.682
5.682
5.683
5.682
5.682
5.682
5.681
5.681
5.682
5.681
5.682
5.681
5.681
5.682
5.682
5.681
5.681
5.682
5.681
5.681
5.682
5.681
5.681
5.681
5.682
5.681
5.682
5.681
5.682
5.681
5.682
5.681
5.681
5.682
5.681
5.681
5.681
5.681
5.682
5.681
5.680
5.681
5.681
5.681
5.682
5.682
5.681
5.682
5.682
5.682
5.682
5.681
5.681
5.681
5.682
5.681
5.681
5.682
5.681
5.682
5.681
5.680
5.681
5.682
5.682
5.681
5.681
5.681
5.681
5.680
5.681
5.680
5.682
5.681
5.680
5.681
5.681
5.682
5.681
5.681
5.681
5.680
5.681
5.680
5.681
5.681
5.681
5.681
5.682
5.681
5.681
5.681
5.680
5.680
5.681
5.681
5.681
5.681
5.681
5.680
5.681
5.681
5.681
5.682
5.681
5.681
5.681
5.680
5.681
5.682
5.681
5.681
5.681
5.681
5.680
5.681
5.681
5.680
5.682
5.681
5.681
5.682
5.681
5.680
5.681
5.681
5.681
5.680
5.681
5.680
5.681
5.681
5.681
5.681
5.681
5.681
5.681
5.681
5.682
5.681
5.680
5.681
5.681
5.681
5.681
5.681
5.681
5.681
5.681
5.681
5.682
5.681
5.681
5.681
5.681
5.681
5.680
5.680
5.681
5.682
5.681
5.681
5.681
5.682
5.681
5.682
5.681
5.681
5.681
5.682
5.681
5.681
5.681
5.680
5.681
5.681
5.681
5.680
5.681
5.681
5.681
5.681
5.681
5.680
5.681
5.681
5.681
5.681
5.680
5.681
5.681
5.681
5.680
5.681
5.681
5.681
5.681
5.681
5.680
5.680
5.681
5.681
5.681
5.681
5.681
5.681
5.681
5.681
5.681
5.680
5.681
5.681
5.681
5.682
5.682
5.681
5.681
5.681
5.681
5.681
5.681
5.680
5.682
5.681
5.681
5.681
5.681
5.680
5.681
5.680
5.681
5.681
5.680
