5.681
5.681
5.682
5.681
5.680
5.682
5.681
5.682
5.681
5.683
5.682
5.682
5.682
5.682
5.681
5.682
5.682
5.682
5.681
5.681
5.682
5.682
5.682
5.681
5.682
5.681
5.681
5.682
5.682
5.681
5.682
5.682
5.682
5.682
5.682
5.682
5.681
5.683
5.682
5.681
5.682
5.682
5.682
5.682
5.683
5.682
5.683
5.683
5.683
5.682
5.682
5.681
5.681
5.681
5.682
5.682
5.681
5.682
5.681
5.682
5.682
5.681
5.682
5.682
5.682
5.682
5.681
5.682
5.682
5.682
5.682
5.683
5.682
5.682
5.681
5.681
5.681
5.682
5.680
5.681
5.680
5.681
5.681
5.681
5.682
5.681
5.680
5.681
5.681
5.682
5.681
5.682
5.682
5.681
5.680
5.680
5.681
5.681
5.682
5.683
5.682
5.682
5.681
5.681
5.680
5.681
5.681
5.681
5.681
5.682
5.684
5.686
5.687
5.688
5.688
5.688
5.688
5.688
5.690
5.693
5.696
5.698
5.698
5.700
5.701
5.701
5.702
5.704
5.705
5.706
5.707
5.708
5.710
5.711
5.713
5.713
5.713
5.713
5.713
5.717
5.720
5.722
5.723
5.724
5.725
5.725
5.725
5.725
5.725
5.725
5.726
5.727
5.727
5.727
5.729
5.730
5.731
5.735
5.735
5.736
5.737
5.737
5.737
5.739
5.743
5.746
5.749
5.750
5.750
5.750
5.750
5.750
5.750
5.750
5.750
5.750
5.752
5.753
5.753
5.754
5.754
5.754
5.754
5.755
5.756
5.756
5.756
5.758
5.761
5.762
5.762
5.762
5.762
5.763
5.764
5.765
5.765
5.765
5.765
5.766
5.767
5.767
5.767
5.770
5.771
5.774
5.774
5.775
5.776
5.776
5.777
5.781
5.782
5.783
5.783
5.785
5.786
5.786
5.786
5.786
5.786
5.788
5.789
5.790
5.793
5.794
5.794
5.795
5.796
5.797
5.797
5.798
5.798
5.798
5.798
5.799
5.799
5.801
5.801
5.805
5.806
5.808
5.809
5.810
5.811
5.811
5.811
5.812
5.814
5.814
5.816
5.818
5.819
5.821
5.822
5.823
5.825
5.829
5.829
5.831
5.831
5.831
5.832
5.831
5.832
5.831
5.831
5.833
5.835
5.839
5.841
5.846
5.847
5.847
5.847
5.847
5.849
5.857
5.859
5.859
5.859
5.859
5.860
5.861
5.863
5.867
5.872
5.872
5.878
5.884
5.884
5.884
5.887
5.891
5.896
5.902
5.906
5.908
5.908
5.908
5.908
5.908
5.908
5.908
5.908
5.909
5.910
5.910
5.916
5.921
5.925
5.927
5.931
5.933
5.935
5.945
5.945
5.957
5.969
5.989
6.006
6.018
6.027
6.030
6.044
6.056
6.057
6.056
6.057
6.057
6.065
6.085
6.091
6.091
6.095
6.101
6.104
6.105
6.116
6.119
6.122
6.124
6.126
6.125
6.128
6.128
6.128
6.132
6.140
6.142
6.147
6.153
6.163
6.169
6.173
6.176
6.177
6.185
6.203
6.215
6.223
6.226
6.226
6.227
6.238
6.257
6.275
6.285
6.289
6.294
6.300
6.300
6.300
6.305
6.315
6.326
6.341
6.358
6.363
6.369
6.372
6.383
6.394
6.416
6.439
6.461
6.466
6.469
6.474
6.479
6.482
6.489
6.494
6.500
6.506
6.515
6.519
6.529
6.531
6.537
6.550
6.573
6.588
6.594
6.603
6.604
6.604
6.612
6.630
6.641
6.647
6.660
6.666
6.677
6.679
6.683
6.688
6.701
6.720
6.735
6.744
6.749
6.750
6.758
6.763
6.770
6.783
6.799
6.811
6.817
6.820
6.820
6.820
6.821
6.822
6.824
6.825
6.836
6.848
6.854
6.861
6.864
6.864
6.867
6.873
6.874
6.877
6.880
6.878
6.883
6.889
6.896
6.903
6.909
6.911
6.912
6.918
6.921
6.935
6.952
6.961
6.963
6.963
6.962
6.970
6.981
6.993
7.002
7.007
7.009
7.017
7.021
7.024
7.036
7.045
7.056
7.066
7.070
7.079
7.090
7.097
7.104
7.110
7.123
7.145
7.189
7.214
7.222
7.224
7.227
7.227
7.230
7.238
7.251
7.263
7.277
7.291
7.302
7.309
7.315
7.329
7.342
7.353
7.373
7.393
7.397
7.408
7.429
7.450
7.468
7.484
7.504
7.520
7.525
7.529
7.537
7.555
7.566
7.587
7.596
7.607
7.624
7.642
7.654
7.674
7.698
7.715
7.729
7.737
7.756
7.776
7.790
7.800
7.807
7.812
7.825
7.844
7.865
7.875
7.883
7.887
7.892
7.903
7.910
7.912
7.922
7.927
7.933
7.943
7.950
7.959
7.962
7.967
7.968
7.982
7.998
8.007
8.008
8.009
8.025
8.045
8.064
8.081
8.098
8.107
8.124
8.139
8.154
8.165
8.169
8.174
8.180
8.191
8.204
8.216
8.232
8.244
8.249
8.260
8.279
8.300
8.321
8.339
8.353
8.357
8.357
8.372
8.386
8.398
8.402
8.414
8.436
8.467
8.472
8.473
8.488
8.497
8.500
8.507
8.507
8.508
8.523
8.537
8.545
8.548
8.562
8.590
8.609
8.618
8.632
8.647
8.655
8.672
8.691
8.707
8.719
8.730
8.743
8.747
8.760
8.772
8.789
8.801
8.813
8.819
8.826
8.847
8.862
8.876
8.883
8.903
8.930
8.945
8.960
8.964
8.974
8.998
9.021
9.052
9.085
9.098
9.137
9.162
9.179
9.200
9.222
9.241
9.248
9.246
9.252
9.253
9.253
9.254
9.253
9.257
9.258
9.261
9.265
9.275
9.294
9.310
9.321
9.332
9.357
9.379
9.404
9.417
9.419
9.424
9.433
9.449
9.474
9.499
9.517
9.537
9.546
9.558
9.570
9.579
9.589
9.595
9.605
9.624
9.633
9.634
9.640
9.640
9.646
9.666
9.674
9.691
9.699
9.705
9.722
9.756
9.766
9.762
9.768
9.778
9.791
9.802
9.814
9.818
9.824
9.824
9.827
9.827
9.831
9.828
9.835
9.841
9.844
9.847
9.894
9.931
9.950
9.964
9.989
10.005
10.013
10.022
10.025
10.030
10.034
10.034
10.034
10.034
10.035
10.035
10.036
10.036
10.037
10.038
10.055
10.089
10.115
10.120
10.120
10.121
10.124
10.140
10.170
10.198
10.218
10.217
10.223
10.225
10.226
10.227
10.226
10.228
10.226
10.227
10.229
10.241
10.246
10.249
10.261
10.265
10.272
10.282
10.294
10.307
10.315
10.327
10.341
10.364
10.377
10.388
10.410
10.438
10.451
10.452
10.454
10.457
10.461
10.479
10.496
10.514
10.540
10.559
10.572
10.578
10.596
10.617
10.634
10.644
10.651
10.662
10.671
10.676
10.673
10.677
10.682
10.691
10.700
10.706
10.713
10.721
10.730
10.732
10.736
10.740
10.742
10.735
10.755
10.769
10.792
10.807
10.815
10.827
10.838
10.870
10.893
10.901
10.909
10.913
10.923
10.931
10.944
10.965
10.986
11.014
11.042
11.066
11.084
11.096
11.102
11.108
11.107
11.114
11.128
11.140
11.147
11.157
11.169
11.179
11.195
11.218
11.217
11.226
11.236
11.243
11.252
11.268
11.289
11.312
11.329
11.346
11.367
11.377
11.386
11.397
11.428
11.443
11.451
11.476
11.509
11.510
11.530
11.538
11.548
11.559
11.562
11.572
11.579
11.588
11.603
11.613
11.620
11.624
11.626
11.634
11.639
11.646
11.651
11.658
11.658
11.676
11.689
11.697
11.703
11.707
11.718
11.727
11.738
11.749
11.767
11.793
11.804
11.805
11.809
11.817
11.828
11.837
11.847
11.853
11.863
11.876
11.890
11.892
11.900
11.902
11.915
11.928
11.940
11.942
11.961
11.964
11.973
11.980
11.984
11.989
11.999
12.012
12.014
12.028
12.046
12.055
12.061
12.061
12.068
12.072
12.073
12.075
12.073
12.085
12.090
12.096
12.098
12.102
12.113
12.127
12.136
12.139
12.155
12.171
12.183
12.190
12.195
12.206
12.230
12.252
12.268
12.272
12.276
12.282
12.292
12.300
12.306
12.317
12.323
12.331
12.341
12.367
12.390
12.400
12.416
12.427
12.439
12.460
12.474
12.488
12.498
12.510
12.522
12.526
12.531
12.537
12.541
12.549
12.559
12.560
12.564
12.579
12.585
12.596
12.606
12.620
12.634
12.648
12.659
12.659
12.685
12.710
12.729
12.746
12.756
12.763
12.775
12.785
12.803
12.817
12.832
12.855
12.872
12.892
12.923
12.947
12.967
12.981
12.980
12.994
13.000
13.003
13.012
13.023
13.025
13.027
13.030
13.037
13.042
13.049
13.055
13.065
13.094
13.103
13.112
13.124
13.147
13.144
13.151
13.176
13.205
13.217
13.220
13.225
13.232
13.233
13.242
13.253
13.282
13.306
13.324
13.339
13.352
13.362
13.369
13.387
13.395
13.407
13.430
13.440
13.446
13.444
13.448
13.447
13.452
13.461
13.462
13.469
13.476
13.480
13.492
13.501
13.513
13.521
13.526
13.527
13.540
13.561
13.579
13.595
13.600
13.605
13.608
13.611
13.613
13.628
13.652
13.657
13.660
13.660
13.660
13.665
13.672
13.676
13.669
13.686
13.696
13.716
13.747
13.764
13.782
13.795
13.811
13.826
13.837
13.852
13.859
13.865
13.872
13.887
13.897
13.904
13.910
13.914
13.914
13.915
13.916
13.924
13.927
13.940
13.951
13.954
13.965
13.977
13.979
13.984
13.982
13.993
14.001
14.006
14.017
14.026
14.019
14.045
14.057
14.079
14.089
14.094
14.100
14.113
14.122
14.119
14.118
14.135
14.145
14.154
14.159
14.161
14.163
14.167
14.175
14.180
14.204
14.224
14.249
14.264
14.285
14.306
14.329
14.335
14.337
14.341
14.355
14.360
14.368
14.380
14.383
14.388
14.396
14.412
14.414
14.430
14.439
14.440
14.443
14.447
14.455
14.473
14.490
14.497
14.498
14.514
14.520
14.526
14.530
14.533
14.539
14.545
14.553
14.551
14.559
14.577
14.582
14.587
14.589
14.600
14.612
14.624
14.625
14.631
14.649
14.661
14.674
14.689
14.698
14.715
14.724
14.734
14.726
14.743
14.758
14.769
14.776
14.779
14.787
14.795
14.801
14.804
14.807
14.815
14.827
14.834
14.850
14.854
14.856
14.860
14.864
14.853
14.863
14.872
14.878
14.883
14.885
14.890
14.893
14.900
14.903
14.908
14.930
14.939
14.941
14.942
14.948
14.954
14.960
14.966
14.957
14.977
14.981
14.987
14.990
14.999
15.002
15.003
15.006
15.002
15.011
15.029
15.040
15.058
15.068
15.076
15.085
15.088
15.099
15.099
15.128
15.148
15.153
15.163
15.170
15.178
15.201
15.211
15.212
15.224
15.234
15.237
15.246
15.253
15.260
15.272
15.282
15.294
15.289
15.320
15.335
15.342
15.352
15.359
15.368
15.375
15.381
15.377
15.406
15.431
15.437
15.448
15.454
15.466
15.484
15.498
15.507
15.504
15.522
15.526
15.527
15.531
15.530
15.540
15.552
15.575
15.585
15.588
15.603
15.613
15.631
15.643
15.655
15.664
15.685
15.692
15.686
15.706
15.716
15.727
15.751
15.775
15.786
15.796
15.802
15.802
15.796
15.815
15.822
15.829
15.833
15.851
15.862
15.871
15.882
15.885
15.889
15.908
15.905
15.907
15.918
15.936
15.949
15.955
15.954
15.948
15.967
15.970
15.977
15.985
15.990
15.997
16.010
16.025
16.031
16.036
16.042
16.052
16.060
16.068
16.077
16.093
16.111
16.122
16.122
16.147
16.162
16.174
16.189
16.198
16.199
16.203
16.207
16.201
16.199
16.223
16.232
16.238
16.240
16.248
16.255
16.260
16.261
16.248
16.264
16.266
16.273
16.280
16.292
16.313
16.322
16.327
16.324
16.325
16.336
16.335
16.337
16.340
16.342
16.346
16.349
16.354
16.357
16.362
16.368
16.372
16.385
16.400
16.406
16.411
16.413
16.411
16.401
16.419
16.430
16.437
16.448
16.455
16.467
16.480
16.495
16.502
16.530
16.541
16.548
16.554
16.567
16.594
16.617
16.630
16.634
16.635
16.649
16.653
16.655
16.665
16.675
16.687
16.699
16.709
16.696
16.718
16.729
16.740
16.759
16.772
16.780
16.788
16.799
16.807
16.813
16.821
16.831
16.837
16.846
16.850
16.859
16.865
16.872
16.867
16.895
16.914
16.921
16.930
16.933
16.946
16.960
16.973
16.994
16.992
17.016
17.033
17.037
17.047
17.069
17.089
17.100
17.102
17.090
17.105
17.126
17.132
17.139
17.148
17.161
17.174
17.190
17.197
17.202
17.244
17.252
17.267
17.281
17.307
17.326
17.334
17.338
17.335
17.332
17.361
17.380
17.388
17.409
17.436
17.458
17.473
17.499
17.509
17.543
17.558
17.574
17.588
17.593
17.596
17.602
17.617
17.620
17.618
17.645
17.657
17.669
17.685
17.694
17.701
17.726
17.738
17.732
17.760
17.765
17.774
17.775
17.779
17.782
17.792
17.801
17.794
17.813
17.839
17.847
17.847
17.847
17.847
17.850
17.863
17.876
17.883
17.885
17.903
17.913
17.922
17.933
17.945
17.958
17.967
17.965
17.966
17.991
17.996
18.005
18.018
18.019
18.028
18.030
18.031
18.019
18.037
18.048
18.060
18.070
18.072
18.080
18.089
18.091
18.088
18.083
18.106
18.130
18.140
18.144
18.149
18.160
18.165
18.168
18.155
18.171
18.183
18.188
18.205
18.219
18.226
18.228
18.230
18.230
18.215
18.237
18.241
18.245
18.251
18.262
18.270
18.274
18.279
18.266
18.283
18.297
18.308
18.319
18.323
18.328
18.338
18.348
18.351
18.337
18.365
18.377
18.379
18.385
18.398
18.407
18.408
18.423
18.425
18.442
18.450
18.457
18.469
18.470
18.471
18.477
18.481
18.487
18.502
18.507
18.512
18.518
18.532
18.541
18.553
18.568
18.600
18.620
18.623
18.640
18.640
18.645
18.647
18.653
18.656
18.662
18.668
18.656
18.685
18.691
18.696
18.698
18.702
18.707
18.713
18.722
18.725
18.734
18.746
18.750
18.758
18.765
18.774
18.788
18.809
18.824
18.818
18.857
18.867
18.869
18.875
18.889
18.904
18.912
18.919
18.926
18.942
18.945
18.952
18.973
18.983
18.989
18.998
19.017
19.031
19.038
19.055
19.068
19.084
19.099
19.135
19.152
19.158
19.167
19.180
19.183
19.220
19.226
19.236
19.249
19.271
19.309
19.339
19.350
19.343
19.379
19.395
19.407
19.418
19.426
19.433
19.444
19.452
19.446
19.456
19.476
19.506
19.528
19.544
19.543
19.545
19.554
19.557
19.556
19.538
19.560
19.564
19.568
19.578
19.590
19.593
19.596
19.597
19.587
19.612
19.616
19.624
19.643
19.657
19.672
19.683
19.699
19.695
19.723
19.747
19.756
19.772
19.775
19.789
19.801
19.810
19.812
19.812
19.842
19.849
19.859
19.869
19.874
19.880
19.885
19.888
19.888
19.890
19.912
19.914
19.921
19.927
19.933
19.934
19.942
19.957
19.966
19.948
19.973
19.978
19.985
19.993
20.003
20.007
20.016
20.027
20.036
20.042
20.044
20.045
20.066
20.071
20.080
20.087
20.090
20.081
20.112
20.118
20.125
20.145
20.153
20.162
20.171
20.181
20.180
20.205
20.226
20.238
20.255
20.275
20.295
20.303
20.318
20.315
20.316
20.343
20.355
20.371
20.386
20.398
20.399
20.401
20.402
20.401
20.396
20.393
20.421
20.434
20.446
20.459
20.471
20.474
20.478
20.460
20.493
20.505
20.526
20.539
20.540
20.544
20.547
20.554
20.550
20.550
20.570
20.578
20.584
20.586
20.593
20.594
20.597
20.599
20.591
20.624
20.633
20.644
20.657
20.665
20.676
20.695
20.707
20.707
20.712
20.729
20.731
20.734
20.736
20.740
20.748
20.760
20.776
20.789
20.814
20.820
20.853
20.868
20.869
20.871
20.876
20.886
20.886
20.890
20.892
20.898
20.908
20.935
20.953
20.961
20.973
20.980
20.972
21.007
21.014
21.016
21.017
21.017
21.018
21.020
21.021
21.005
21.013
21.034
21.041
21.045
21.048
21.053
21.057
21.063
21.059
21.048
21.073
21.079
21.081
21.084
21.085
21.092
21.093
21.096
21.098
21.099
21.091
21.085
21.106
21.106
21.106
21.109
21.113
21.113
21.115
21.118
21.121
21.125
21.126
21.127
21.127
21.130
21.132
21.123
21.120
21.140
21.142
21.143
21.145
21.147
21.148
21.151
21.153
21.129
21.155
21.155
21.156
21.155
21.158
21.161
21.163
21.163
21.142
21.166
21.172
21.174
21.179
21.177
21.179
21.181
21.181
21.182
21.185
21.187
21.186
21.168
21.195
21.194
21.193
21.194
21.200
21.196
21.197
21.199
21.200
21.204
21.204
21.204
21.204
21.204
21.207
21.190
21.201
21.222
21.225
21.225
21.226
21.228
21.229
21.232
21.218
21.229
21.239
21.239
21.239
21.239
21.240
21.240
21.240
21.242
21.219
21.245
21.247
21.248
21.249
21.249
21.248
21.252
21.252
21.252
21.253
21.254
21.255
21.233
21.260
21.260
21.261
21.263
21.265
21.265
21.266
21.267
21.269
21.263
21.269
21.269
21.269
21.269
21.262
21.247
21.270
21.270
21.270
21.272
21.269
21.269
21.269
21.269
21.249
21.262
21.273
21.270
21.271
21.269
21.270
21.270
21.270
21.260
21.251
21.272
21.271
21.271
21.272
21.270
21.271
21.273
21.271
21.270
21.270
21.271
21.267
21.267
21.270
21.270
21.269
21.273
21.271
21.270
21.271
21.270
21.257
21.272
21.270
21.271
21.270
21.269
21.247
21.266
21.272
21.272
21.272
21.269
21.270
21.270
21.270
21.265
21.247
21.270
21.270
21.271
21.268
21.270
21.268
21.270
21.268
21.247
21.267
21.271
21.269
21.270
21.267
21.268
21.267
21.268
21.270
21.266
21.268
21.266
21.268
21.267
21.266
21.265
21.265
21.266
21.245
21.265
21.268
21.268
