10.242
10.241
10.239
10.239
10.240
10.243
10.240
10.239
10.238
10.237
10.236
10.235
10.236
10.237
10.237
10.234
10.233
10.235
10.233
10.239
10.236
10.236
10.234
10.237
10.234
10.234
10.232
10.233
10.233
10.234
10.235
10.233
10.231
10.233
10.233
10.233
10.232
10.231
10.232
10.232
10.232
10.231
10.232
10.235
10.232
10.232
10.229
10.232
10.232
10.230
10.232
10.231
10.231
10.229
10.229
10.230
10.232
10.230
10.231
10.232
10.232
10.231
10.232
10.228
10.231
10.228
10.231
10.231
10.228
10.230
10.229
10.232
10.233
10.229
10.233
10.232
10.232
10.231
10.234
10.234
10.232
10.228
10.233
10.231
10.234
10.232
10.234
10.233
10.234
10.235
10.233
10.233
10.234
10.233
10.233
10.236
10.232
10.234
10.236
10.234
10.234
10.233
10.238
10.235
10.234
10.237
10.236
10.237
10.235
10.235
10.237
10.238
10.239
10.238
10.239
10.238
10.239
10.240
10.241
10.240
10.241
10.240
10.239
10.240
10.238
10.240
10.241
10.244
10.243
10.244
10.245
10.242
10.244
10.243
10.246
10.245
10.245
10.245
10.245
10.245
10.247
10.246
10.245
10.245
10.246
10.247
10.249
10.249
10.251
10.249
10.250
10.250
10.251
10.249
10.251
10.249
10.251
10.249
10.250
10.254
10.254
10.252
10.254
10.253
10.252
10.256
10.254
10.253
10.256
10.256
10.255
10.256
10.256
10.253
10.257
10.258
10.257
10.258
10.258
10.259
10.258
10.257
10.257
10.259
10.259
10.260
10.260
10.262
10.262
10.262
10.261
10.262
10.265
10.263
10.263
10.264
10.265
10.264
10.264
10.262
10.264
10.266
10.266
10.266
10.267
10.265
10.269
10.268
10.270
10.269
10.269
10.269
10.273
10.269
10.270
10.272
10.273
10.271
10.272
10.271
10.272
10.275
10.272
10.275
10.273
10.275
10.275
10.275
10.274
10.277
10.276
10.277
10.277
10.278
10.276
10.278
10.279
10.278
10.279
10.279
10.280
10.278
10.281
10.281
10.282
10.286
10.284
10.286
10.286
10.284
10.288
10.284
10.284
10.287
10.289
10.286
10.288
10.285
10.286
10.291
10.290
10.290
10.291
10.288
10.290
10.293
10.288
10.290
10.293
10.293
10.295
10.294
10.294
10.293
10.296
10.295
10.293
10.297
10.297
10.297
10.298
10.299
10.300
10.299
10.302
10.299
10.298
10.300
10.302
10.299
10.300
10.303
10.302
10.302
10.302
10.301
10.303
10.302
10.303
10.303
10.305
10.306
10.304
10.306
10.305
10.307
10.309
10.308
10.308
10.309
10.308
10.309
10.309
10.306
10.308
10.308
10.309
10.309
10.309
10.310
10.310
10.312
10.311
10.311
10.310
10.314
10.312
10.315
10.312
10.313
10.313
10.314
10.315
10.313
10.317
10.313
10.316
10.315
10.316
10.316
10.317
10.317
10.316
10.316
10.319
10.318
10.319
10.317
10.318
10.318
10.320
10.319
10.319
10.323
10.322
10.320
10.323
10.323
10.323
10.324
10.323
10.323
10.325
10.324
10.324
10.330
10.329
10.329
10.327
10.328
10.330
10.329
10.328
10.330
10.332
10.330
10.329
10.333
10.332
10.332
10.331
10.335
10.334
10.335
10.333
10.336
10.335
10.336
10.335
10.337
10.335
10.338
10.336
10.337
10.338
10.340
10.338
10.339
10.340
10.338
10.337
10.341
10.340
10.337
10.340
10.341
10.341
10.343
10.342
10.340
10.343
10.340
10.344
10.344
10.344
10.344
10.345
10.345
10.344
10.345
10.345
10.346
10.345
10.343
10.347
10.348
10.349
10.349
10.347
10.349
10.347
10.349
10.350
10.348
10.348
10.350
10.350
10.351
10.350
10.352
10.353
10.350
10.352
10.351
10.355
10.351
10.354
10.351
10.354
10.354
10.353
10.355
10.355
10.355
10.356
10.356
10.356
10.353
10.355
10.356
10.359
10.358
10.359
10.354
10.358
10.359
10.357
10.358
10.359
10.358
10.359
10.359
10.361
10.365
10.364
10.362
10.362
10.363
10.363
10.363
10.366
10.366
10.364
10.362
10.363
10.363
10.365
10.366
10.366
10.369
10.367
10.365
10.369
10.367
10.368
10.368
10.370
10.367
10.369
10.370
10.368
10.370
10.370
10.369
10.369
10.367
10.370
10.373
10.373
10.372
10.374
10.372
10.373
10.375
10.374
10.374
10.374
10.373
10.377
10.373
10.374
10.375
10.377
10.378
10.374
10.378
10.378
10.376
10.380
10.376
10.376
10.380
10.381
10.383
10.379
10.378
10.383
10.382
10.381
10.382
10.384
10.383
10.384
10.381
10.385
10.384
10.385
10.385
10.386
10.385
10.385
10.385
10.385
10.384
10.385
10.386
10.387
10.386
10.389
10.387
10.385
10.387
10.390
10.387
10.388
10.389
10.388
10.388
10.389
10.389
10.390
10.388
10.389
10.392
10.390
10.392
10.391
10.394
10.389
10.392
10.391
10.391
10.391
10.392
10.392
10.393
10.393
10.394
10.394
10.396
10.395
10.392
10.395
10.395
10.395
10.394
10.394
10.397
10.394
10.396
10.394
10.396
10.396
10.398
10.399
10.398
10.398
10.398
10.401
10.399
10.401
10.400
10.400
10.400
10.397
10.402
10.397
10.402
10.402
10.399
10.401
10.400
10.403
10.402
10.402
10.406
10.402
10.404
10.403
10.403
10.404
10.402
10.405
10.404
10.402
10.404
10.407
10.404
10.405
10.408
10.405
10.407
10.405
10.405
10.405
10.405
10.408
10.407
10.404
10.407
10.409
10.408
10.409
10.410
10.407
10.406
10.408
10.408
10.411
10.407
10.411
10.409
10.409
10.409
10.412
10.413
10.412
10.414
10.416
10.416
10.415
10.416
10.416
10.416
10.414
10.416
10.415
10.415
10.415
10.417
10.416
10.416
10.416
10.418
10.418
10.416
10.418
10.419
10.419
10.419
10.415
10.419
10.418
10.418
10.418
10.420
10.420
10.424
10.421
10.424
10.422
10.421
10.422
10.423
10.419
10.424
10.422
10.423
10.423
10.423
10.425
10.422
10.426
10.423
10.425
10.421
10.425
10.425
10.426
10.423
10.425
10.428
10.427
10.426
10.426
10.429
10.425
10.425
10.427
10.429
10.428
10.428
10.430
10.426
10.426
10.427
10.431
10.429
10.431
10.430
10.430
10.431
10.432
10.432
10.428
10.431
10.432
10.431
10.433
10.434
10.433
10.435
10.432
10.432
10.434
10.431
10.434
10.433
10.432
10.435
10.434
10.435
10.434
10.436
10.434
10.435
10.437
10.436
10.437
10.438
10.436
10.434
10.435
10.438
10.437
10.438
10.436
10.439
10.438
10.436
10.439
10.440
10.439
10.440
10.438
10.438
10.439
10.439
10.441
10.441
10.442
10.439
10.440
10.442
10.440
10.440
10.440
10.443
10.441
10.443
10.440
10.443
10.442
10.441
10.440
10.441
10.442
10.444
10.442
10.443
10.442
10.443
10.444
10.442
10.445
10.443
10.445
10.447
10.446
10.446
10.448
10.445
10.445
10.449
10.446
10.451
10.445
10.448
10.446
10.446
10.447
10.447
10.446
10.451
10.449
10.447
10.449
10.448
10.446
10.449
10.450
10.449
10.449
10.451
10.449
10.452
10.451
10.450
10.453
10.452
10.452
10.450
10.453
10.452
10.454
10.452
10.453
10.455
10.455
10.454
10.452
10.452
10.454
10.454
10.453
10.456
10.456
10.455
10.454
10.456
10.454
10.457
10.455
10.456
10.453
10.455
10.458
10.452
10.458
10.457
10.454
10.458
10.457
10.461
10.457
10.460
10.458
10.462
10.461
10.459
10.461
10.458
10.457
10.462
10.460
10.459
10.463
10.460
10.460
10.461
10.462
10.462
10.462
10.460
10.459
10.461
10.464
10.461
10.460
10.462
10.464
10.464
10.460
10.464
10.465
10.462
10.462
10.465
10.464
10.466
10.464
10.464
10.462
10.465
10.464
10.467
10.465
10.465
10.463
10.467
10.466
10.469
10.471
10.469
10.466
10.467
10.469
10.470
10.470
10.470
10.468
10.471
10.470
10.466
10.470
10.468
10.469
10.470
10.471
10.472
10.471
10.474
10.472
10.471
10.473
10.471
10.473
10.474
10.474
10.472
10.474
10.470
10.473
10.475
10.474
10.474
10.473
10.475
10.474
10.476
10.474
10.475
10.474
10.476
10.475
10.474
10.476
10.475
10.478
10.477
10.477
10.477
10.475
10.476
10.476
10.477
10.475
10.476
10.477
10.480
10.480
10.479
10.480
10.479
10.478
10.475
10.479
10.479
10.476
10.479
10.480
10.479
10.479
10.480
10.481
10.479
10.480
10.481
10.480
10.483
10.483
10.482
10.480
10.482
10.476
10.482
10.483
10.482
10.483
10.483
10.481
10.480
10.480
10.483
10.482
10.484
10.483
10.483
10.484
10.480
10.481
10.483
10.485
10.483
10.484
10.485
10.485
10.484
10.483
10.486
10.485
10.486
10.486
10.486
10.486
10.485
10.486
10.485
10.487
10.488
10.488
10.488
10.490
10.488
10.487
10.488
10.488
10.489
10.486
10.489
10.490
10.490
10.486
10.489
10.487
10.488
10.490
10.485
10.489
10.491
10.488
10.489
10.490
10.488
10.491
10.493
10.491
10.491
10.493
10.494
10.489
10.493
10.492
10.493
10.492
10.493
10.490
10.493
10.493
10.492
10.492
10.492
10.491
10.495
10.493
10.492
10.492
10.493
10.491
10.494
10.495
10.494
10.493
10.492
10.494
10.495
10.493
10.494
10.493
10.495
10.496
10.494
10.492
10.497
10.495
10.495
10.498
10.496
10.500
10.502
10.498
10.500
10.499
10.497
10.499
10.499
10.501
10.501
10.500
10.500
10.498
10.501
10.501
10.498
10.500
10.499
10.499
10.502
10.500
10.502
10.502
10.497
10.502
10.499
10.503
10.499
10.502
10.500
10.501
10.501
10.501
10.503
10.503
10.503
10.500
10.502
10.502
10.506
10.503
10.503
10.504
10.504
10.503
10.504
10.506
10.505
10.506
10.504
10.505
10.506
10.507
10.504
10.505
10.509
10.506
10.508
10.506
10.507
10.502
10.508
10.506
10.507
10.508
10.507
10.507
10.509
10.509
10.508
10.508
10.507
10.507
10.509
10.510
10.508
10.509
10.512
10.510
10.512
10.509
10.512
10.508
10.507
10.513
10.509
10.510
10.512
10.515
10.514
10.514
10.511
10.514
10.515
10.514
10.514
10.517
10.515
10.514
10.515
10.518
10.515
10.516
10.517
10.515
10.515
10.518
10.514
10.518
10.517
10.517
10.517
10.516
10.516
10.517
10.516
10.517
10.518
10.518
10.519
10.517
10.519
10.520
10.519
10.521
10.519
10.520
10.518
10.519
10.517
10.520
10.516
10.518
10.521
10.520
10.521
10.519
10.519
10.520
10.519
10.520
10.522
10.520
10.521
10.524
10.521
10.522
10.522
10.522
10.520
10.524
10.525
10.521
10.522
10.524
10.521
10.522
10.523
10.523
10.524
10.523
10.524
10.525
10.525
10.523
10.525
10.524
10.524
10.522
10.524
10.525
10.524
10.525
10.526
10.526
10.524
10.523
10.526
10.528
10.527
10.527
10.528
10.528
10.527
10.527
10.531
10.526
10.526
10.529
10.530
10.528
10.525
10.529
10.530
10.528
10.527
10.530
10.527
10.527
10.530
10.530
10.529
10.530
10.528
10.529
10.530
10.529
10.531
10.530
10.531
10.532
10.532
10.530
10.529
10.532
10.529
10.534
10.531
10.532
10.533
10.531
10.531
10.531
10.532
10.533
10.531
10.532
10.534
10.534
10.533
10.534
10.535
10.533
10.532
10.533
10.533
10.535
10.535
10.535
10.536
10.536
10.534
10.534
10.536
10.535
10.535
10.536
10.535
10.537
10.535
10.537
10.536
10.536
10.534
10.537
10.536
10.538
10.537
10.537
10.537
10.538
10.538
10.538
10.538
10.536
10.535
10.537
10.537
10.538
10.536
10.538
10.539
10.537
10.538
10.539
10.537
10.539
10.541
10.539
10.541
10.541
10.541
10.540
10.542
10.541
10.540
10.542
10.540
10.541
10.542
10.543
10.542
10.544
10.545
10.541
10.546
10.544
10.541
10.541
10.542
10.541
10.542
10.545
10.543
10.543
10.543
10.545
10.542
10.543
10.543
10.544
10.543
10.546
10.544
10.543
10.543
10.541
10.544
10.545
10.547
10.545
10.545
10.544
10.549
10.546
10.545
10.546
10.547
10.546
10.549
10.548
10.548
10.546
10.547
10.548
10.548
10.547
10.548
10.549
10.548
10.549
10.549
10.548
10.549
10.547
10.546
10.549
10.548
10.552
10.547
10.551
10.549
10.550
10.546
10.549
10.548
10.549
10.549
10.548
10.551
10.551
10.549
10.552
10.551
10.551
10.549
10.551
10.550
10.548
10.554
10.553
10.553
10.552
10.550
10.552
10.552
10.553
10.551
10.553
10.555
10.556
10.555
10.554
10.556
10.556
10.555
10.557
10.553
10.554
10.555
10.555
10.559
10.554
10.555
10.555
10.556
10.553
10.558
10.556
10.559
10.557
10.555
10.558
10.559
10.560
10.559
10.560
10.556
10.560
10.557
10.556
10.556
10.559
10.559
10.557
10.558
10.560
10.560
10.558
10.559
10.556
10.558
10.558
10.558
10.560
10.560
10.559
10.561
10.560
10.563
10.561
10.562
10.561
10.562
10.562
10.557
10.561
10.559
10.564
10.563
10.560
10.563
10.564
10.561
10.562
10.563
10.563
10.562
10.564
10.562
10.564
10.563
10.563
10.563
10.562
10.566
10.565
10.562
10.565
10.566
10.565
10.563
10.565
10.563
10.565
10.567
10.566
10.563
10.564
10.567
10.565
10.565
10.566
10.566
10.565
10.566
10.564
10.565
10.567
10.566
10.565
10.567
10.565
10.563
10.568
10.567
10.567
10.568
10.567
10.568
10.570
10.570
10.567
10.567
10.568
10.568
10.568
10.569
10.569
10.569
10.570
10.568
10.570
10.571
10.569
10.569
10.568
10.570
10.571
10.570
10.569
10.568
10.569
10.568
10.567
10.570
10.570
10.571
10.571
10.571
10.569
10.570
10.569
10.571
10.570
10.570
10.572
10.572
10.571
10.570
10.570
10.571
10.574
10.574
10.574
10.576
10.575
10.573
10.574
10.575
10.573
10.576
10.573
10.575
10.574
10.574
10.575
10.574
10.575
10.575
10.575
10.576
10.576
10.575
10.576
10.577
10.577
10.578
10.574
10.577
10.576
10.577
10.576
10.576
10.578
10.579
10.576
10.576
10.577
10.581
10.578
10.577
10.576
10.581
10.577
10.578
10.579
10.579
10.577
10.577
10.576
10.579
10.578
10.577
10.577
10.579
10.580
10.578
10.580
10.579
10.580
10.581
10.582
10.582
10.579
10.579
10.580
10.581
10.582
10.582
10.581
10.582
10.582
10.580
10.583
10.581
10.583
10.584
10.582
10.582
10.581
10.583
10.585
10.584
10.582
10.583
10.582
10.585
10.584
10.584
10.585
10.584
10.585
10.584
10.582
10.582
10.586
10.585
10.584
10.585
10.582
10.583
10.585
10.584
10.584
10.585
10.586
10.587
10.584
10.585
10.587
10.584
10.588
10.588
10.586
10.586
10.587
10.587
10.587
10.587
10.588
10.588
10.587
10.587
10.587
10.586
10.587
10.589
10.589
10.590
10.589
10.587
10.588
10.590
10.591
10.588
10.589
10.591
10.589
10.589
10.589
10.591
10.588
10.588
10.591
10.591
10.589
10.589
10.589
10.590
10.589
10.591
10.591
10.591
10.593
10.590
10.591
10.590
10.593
10.595
10.593
10.594
10.592
10.592
10.597
10.592
10.593
10.593
10.594
10.594
10.593
10.593
10.595
10.595
10.596
10.594
10.594
10.595
10.596
10.594
10.595
10.593
10.596
10.594
10.597
10.594
10.595
10.594
10.594
10.597
10.599
10.598
10.596
10.594
10.595
10.598
10.594
10.595
10.597
10.596
10.596
10.600
10.602
10.600
10.602
10.599
10.600
10.597
10.600
10.599
10.598
10.600
10.601
10.600
10.601
10.600
10.601
10.600
10.601
10.602
10.600
10.601
10.600
10.604
10.600
10.604
10.600
10.605
10.601
10.604
10.601
10.603
10.603
10.601
10.603
10.604
10.604
10.603
10.601
10.603
10.603
10.606
10.602
10.605
10.602
10.605
10.603
10.601
10.602
10.607
10.604
10.604
10.603
10.606
10.605
10.603
10.604
10.607
10.608
10.605
10.606
10.608
10.608
10.609
10.609
10.608
10.608
10.607
10.607
10.608
10.607
10.609
10.609
10.610
10.609
10.608
10.609
10.608
10.609
10.610
10.610
10.611
10.610
10.609
10.609
10.610
10.607
10.610
10.609
10.611
10.612
10.612
10.611
10.610
10.612
10.611
10.612
10.612
10.612
10.612
10.613
10.613
10.615
10.614
10.610
10.613
10.614
10.610
10.611
10.613
10.613
10.613
10.613
10.611
10.615
10.615
10.615
10.616
10.615
10.616
10.614
10.614
10.614
10.616
10.612
10.615
10.615
10.613
10.615
10.612
10.615
10.617
10.617
10.615
10.614
10.616
10.616
10.617
10.617
10.616
10.617
10.617
10.617
10.614
10.619
10.618
10.618
10.618
10.619
10.618
10.619
10.617
10.618
10.618
10.617
10.620
10.621
10.620
10.619
10.621
10.619
10.617
10.620
10.620
10.620
10.620
10.621
10.620
10.619
10.622
10.619
10.618
10.620
10.620
10.621
10.621
10.621
10.622
10.620
10.621
10.622
10.621
10.621
10.623
10.625
10.623
10.625
10.623
10.625
10.625
10.623
10.625
10.623
10.624
10.624
10.624
10.624
10.624
10.625
10.625
10.626
10.625
10.625
10.621
10.627
10.626
10.625
10.626
10.626
10.625
10.625
10.624
10.628
10.627
10.626
10.628
10.628
10.628
10.627
10.628
10.629
10.631
10.629
10.631
10.629
10.627
10.628
10.627
10.630
10.629
10.629
10.631
10.630
10.627
10.629
10.630
10.631
10.631
10.626
10.630
10.630
10.629
10.632
10.630
10.631
10.630
10.634
10.630
10.634
10.630
10.630
10.630
10.634
10.632
10.631
10.635
10.632
10.632
10.633
10.635
10.633
