10.046
10.066
10.085
10.102
10.123
10.139
10.153
10.170
10.183
10.200
10.211
10.222
10.234
10.247
10.258
10.266
10.273
10.284
10.295
10.302
10.308
10.315
10.319
10.322
10.326
10.333
10.337
10.341
10.343
10.345
10.347
10.346
10.350
10.349
10.351
10.353
10.352
10.351
10.350
10.350
10.349
10.348
10.346
10.345
10.344
10.343
10.342
10.339
10.340
10.335
10.332
10.332
10.326
10.328
10.322
10.318
10.316
10.315
10.311
10.308
10.307
10.304
10.304
10.300
10.299
10.292
10.292
10.286
10.285
10.282
10.283
10.280
10.275
10.274
10.273
10.269
10.268
10.267
10.263
10.261
10.260
10.258
10.256
10.256
10.253
10.247
10.247
10.247
10.243
10.242
10.239
10.236
10.234
10.235
10.234
10.231
10.229
10.229
10.229
10.228
10.225
10.223
10.224
10.223
10.224
10.224
10.222
10.219
10.222
10.219
10.219
10.217
10.217
10.217
10.217
10.217
10.216
10.214
10.214
10.215
10.212
10.213
10.211
10.211
10.210
10.210
10.210
10.210
10.208
10.208
10.208
10.207
10.204
10.206
10.204
10.202
10.201
10.199
10.199
10.200
10.198
10.197
10.196
10.194
10.192
10.190
10.192
10.190
10.187
10.185
10.185
10.185
10.182
10.180
10.180
10.176
10.176
10.173
10.173
10.169
10.171
10.168
10.166
10.167
10.163
10.164
10.163
10.159
10.158
10.153
10.155
10.153
10.153
10.150
10.147
10.148
10.142
10.141
10.142
10.139
10.139
10.139
10.136
10.132
10.134
10.133
10.134
10.130
10.128
10.126
10.125
10.124
10.123
10.118
10.120
10.118
10.116
10.111
10.114
10.113
10.108
10.111
10.107
10.106
10.102
10.102
10.101
10.100
10.098
10.098
10.097
10.093
10.094
10.093
10.093
10.090
10.089
10.089
10.088
10.086
10.089
10.086
10.084
10.085
10.085
10.085
10.084
10.083
10.081
10.082
10.081
10.081
10.082
10.082
10.079
10.082
10.083
10.081
10.081
10.080
10.080
10.079
10.076
10.080
10.081
10.083
10.080
10.078
10.081
10.078
10.079
10.083
10.082
10.081
10.080
10.080
10.080
10.083
10.081
10.082
10.081
10.083
10.082
10.084
10.083
10.084
10.084
10.085
10.085
10.085
10.087
10.088
10.088
10.086
10.089
10.088
10.087
10.092
10.091
10.090
10.094
10.093
10.092
10.093
10.095
10.095
10.097
10.099
10.096
10.099
10.100
10.099
10.100
10.100
10.102
10.103
10.102
10.104
10.104
10.102
10.105
10.105
10.109
10.112
10.106
10.110
10.111
10.111
10.111
10.114
10.114
10.113
10.118
10.113
10.117
10.119
10.119
10.119
10.120
10.122
10.122
10.123
10.123
10.122
10.125
10.125
10.124
10.125
10.125
10.128
10.127
10.129
10.130
10.129
10.131
10.128
10.130
10.132
10.133
10.134
10.135
10.133
10.135
10.135
10.137
10.138
10.138
10.138
10.138
10.141
10.140
10.142
10.141
10.144
10.139
10.143
10.147
10.146
10.146
10.148
10.147
10.148
10.150
10.150
10.149
10.152
10.151
10.151
10.156
10.156
10.154
10.154
10.157
10.160
10.158
10.159
10.159
10.162
10.163
10.160
10.163
10.165
10.166
10.165
10.166
10.166
10.169
10.171
10.169
10.171
10.170
10.169
10.172
10.174
10.173
10.174
10.175
10.173
10.175
10.177
10.179
10.178
10.176
10.179
10.181
10.180
10.183
10.180
10.181
10.183
10.184
10.185
10.186
10.187
10.186
10.185
10.190
10.191
10.188
10.189
10.189
10.191
10.191
10.192
10.197
10.194
10.196
10.194
10.197
10.201
10.197
10.196
10.200
10.200
10.203
10.203
10.202
10.203
10.204
10.206
10.206
10.206
10.207
10.208
10.210
10.209
10.210
10.211
10.210
10.213
10.210
10.213
10.212
10.214
10.213
10.213
10.214
10.215
10.216
10.216
10.214
10.218
10.217
10.219
10.219
10.221
10.222
10.222
10.218
10.223
10.225
10.221
10.226
10.223
10.225
10.225
10.225
10.226
10.226
10.229
10.230
10.230
10.229
10.231
10.229
10.231
10.232
10.230
10.232
10.236
10.235
10.236
10.239
10.237
10.237
10.240
10.238
10.238
10.242
10.240
10.241
10.240
10.242
10.243
10.246
10.244
10.246
10.243
10.245
10.248
10.249
10.250
10.249
10.252
10.253
10.253
10.253
10.254
10.255
10.254
10.258
10.256
10.256
10.256
10.257
10.258
10.260
10.257
10.261
10.262
10.263
10.263
10.263
10.265
10.262
10.265
10.265
10.268
10.270
10.266
10.268
10.268
10.269
10.270
10.271
10.273
10.273
10.274
10.274
10.275
10.276
10.277
10.276
10.276
10.278
10.280
10.279
10.282
10.281
10.283
10.284
10.287
10.284
10.290
10.289
10.287
10.286
10.289
10.291
10.293
10.295
10.292
10.295
10.294
10.293
10.297
10.298
10.300
10.301
10.300
10.301
10.300
10.302
10.300
10.302
10.303
10.304
10.304
10.302
10.306
10.307
10.307
10.308
10.307
10.306
10.313
10.311
10.312
10.312
10.312
10.313
10.313
10.315
10.314
10.315
10.321
10.316
10.317
10.318
10.318
10.319
10.320
10.320
10.322
10.320
10.322
10.326
10.325
10.325
10.328
10.327
10.327
10.329
10.331
10.330
10.332
10.333
10.333
10.336
10.337
10.337
10.336
10.338
10.341
10.339
10.341
10.341
10.341
10.342
10.343
10.345
10.344
10.341
10.340
10.350
10.350
10.344
10.351
10.349
10.346
10.342
10.351
10.351
10.353
10.355
10.354
10.355
10.357
10.357
10.356
10.359
10.358
10.360
10.357
10.362
10.362
10.361
10.365
10.363
10.363
10.366
10.366
10.367
10.367
10.367
10.368
10.370
10.371
10.370
10.372
10.376
10.374
10.374
10.375
10.380
10.379
10.381
10.380
10.379
10.382
10.382
10.385
10.384
10.387
10.385
10.384
10.387
10.389
10.387
10.388
10.389
10.392
10.389
10.392
10.394
10.396
10.395
10.393
10.395
10.396
10.395
10.398
10.399
10.399
10.398
10.399
10.401
10.401
10.401
10.400
10.403
10.403
10.402
10.405
10.404
10.406
10.407
10.408
10.411
10.409
10.408
10.411
10.410
10.413
10.413
10.414
10.415
10.415
10.418
10.418
10.421
10.422
10.423
10.422
10.424
10.425
10.427
10.428
10.427
10.429
10.427
10.426
10.426
10.424
10.423
10.421
10.419
10.421
10.416
10.415
10.411
10.410
10.407
10.405
10.403
10.400
10.397
10.395
10.390
10.387
10.387
10.381
10.375
10.371
10.369
10.367
10.362
10.359
10.355
10.351
10.347
10.345
10.341
10.339
10.334
10.327
10.326
10.324
10.319
10.316
10.312
10.310
10.305
10.302
10.298
10.296
10.292
10.291
10.283
10.283
10.279
10.273
10.274
10.268
10.264
10.261
10.260
10.254
10.254
10.249
10.247
10.245
10.239
10.238
10.235
10.230
10.228
10.224
10.221
10.220
10.215
10.212
10.209
10.207
10.207
10.199
10.195
10.192
10.185
10.182
10.181
10.175
10.171
10.169
10.166
10.163
10.161
10.160
10.152
10.152
10.149
10.142
10.143
10.137
10.134
10.129
10.130
10.127
10.121
10.119
10.117
10.114
10.113
10.105
10.101
10.097
10.095
10.092
10.085
10.085
10.081
10.079
10.076
10.072
10.069
10.071
10.063
10.060
10.054
10.052
10.050
10.045
10.044
10.039
10.036
10.035
10.032
10.029
10.023
10.020
10.015
10.013
10.008
10.005
10.000
9.996
9.994
9.991
9.987
9.982
9.979
9.971
9.967
9.960
9.957
9.952
9.947
9.945
9.936
9.932
9.925
9.917
9.915
9.906
9.903
9.896
9.886
9.880
9.876
9.866
9.863
9.857
9.852
9.845
9.836
9.830
9.824
9.819
9.810
9.804
9.799
9.790
9.782
9.780
9.773
9.768
9.760
9.752
9.745
9.738
9.734
9.726
9.717
9.713
9.708
9.698
9.693
9.685
9.680
9.673
9.669
9.664
9.649
9.646
9.641
9.636
9.629
9.621
9.612
9.607
9.597
9.594
9.587
9.581
9.572
9.566
9.558
9.549
9.543
9.536
9.530
9.522
9.513
9.506
9.499
9.494
9.484
9.475
9.472
9.463
9.456
9.450
9.441
9.434
9.421
9.419
9.412
9.405
9.400
9.388
9.380
9.374
9.368
9.359
9.350
9.341
9.332
9.327
9.317
9.309
9.303
9.293
9.286
9.280
9.272
9.266
9.256
9.249
9.242
9.236
9.228
9.223
9.211
9.204
9.199
9.189
9.184
9.177
9.169
9.159
9.154
9.145
9.138
9.133
9.124
9.117
9.109
9.102
9.095
9.089
9.082
9.072
9.066
9.059
9.054
9.046
9.041
9.030
9.024
9.018
9.011
9.003
8.998
8.991
8.984
8.975
8.970
8.964
8.958
8.951
8.948
8.937
8.930
8.923
8.917
8.912
8.904
8.900
8.894
8.885
8.880
8.872
8.867
8.861
8.856
8.848
8.840
8.835
8.830
8.824
8.816
8.810
8.802
8.795
8.790
8.783
8.782
8.773
8.770
8.763
8.757
8.748
8.744
8.739
8.730
8.729
8.724
8.716
8.708
8.702
8.696
8.692
8.688
8.681
8.677
8.669
8.664
8.658
8.651
8.645
8.641
8.638
8.630
8.625
8.619
8.614
8.606
8.600
8.598
8.592
8.587
8.581
8.575
8.569
8.562
8.559
8.552
8.549
8.542
8.541
8.533
8.527
8.523
8.514
8.513
8.508
8.504
8.498
8.492
8.489
8.483
8.477
8.472
8.468
8.463
8.459
8.453
8.450
8.445
8.439
8.435
8.432
8.424
8.420
8.419
8.412
8.409
8.402
8.400
8.392
8.389
8.386
8.381
8.376
8.373
8.370
8.365
8.362
8.355
8.350
8.351
8.342
8.340
8.333
8.332
8.328
8.324
8.320
8.316
8.313
8.307
8.305
8.301
8.295
8.292
8.288
8.284
8.279
8.278
8.276
8.268
8.268
8.263
8.259
8.254
8.252
8.250
8.244
8.238
8.236
8.234
8.234
8.226
8.226
8.219
8.215
8.213
8.210
8.206
8.204
8.198
8.195
8.192
8.189
8.183
8.183
8.182
8.176
8.175
8.169
8.164
8.164
8.160
8.157
8.152
8.150
8.146
8.146
8.139
8.139
8.135
8.133
8.128
8.124
8.121
8.121
8.120
8.114
8.109
8.111
8.107
8.105
8.100
8.096
8.095
8.096
8.093
8.092
8.089
8.087
8.083
8.085
8.079
8.075
8.076
8.070
8.069
8.065
8.066
8.067
8.061
8.061
8.060
8.060
8.055
8.052
8.052
8.051
8.048
8.048
8.046
8.042
8.044
8.042
8.039
8.037
8.036
8.031
8.034
8.034
8.031
8.029
8.028
8.028
8.025
8.024
8.023
8.020
8.020
8.016
8.015
8.018
8.014
8.014
8.012
8.009
8.010
8.010
8.009
8.007
8.003
8.005
8.002
8.005
8.002
8.002
8.000
7.999
7.997
7.997
7.994
7.996
7.996
7.993
7.993
7.993
7.990
7.991
7.988
7.989
7.986
7.987
7.988
7.987
7.987
7.983
7.984
7.984
7.982
7.980
7.983
7.980
7.983
7.981
7.980
7.978
7.979
7.979
7.976
7.976
7.978
7.973
7.976
7.974
7.976
7.973
7.972
7.973
7.972
7.972
7.970
7.969
7.969
7.970
7.969
7.969
7.968
7.970
7.968
7.969
7.968
7.970
7.964
7.967
7.968
7.966
7.967
7.969
7.966
7.964
7.964
7.965
7.963
7.963
7.966
7.964
7.963
7.963
7.961
7.963
7.962
7.963
7.962
7.963
7.964
7.963
7.960
7.961
7.963
7.962
7.962
7.963
7.962
7.961
7.960
7.958
7.958
7.961
7.961
7.962
7.961
7.961
7.961
7.962
7.961
7.959
7.959
7.958
7.959
7.955
7.956
7.957
7.956
7.958
7.958
7.956
7.957
7.957
7.955
7.955
7.957
7.955
7.956
7.954
7.954
7.955
7.955
7.955
7.955
7.954
7.953
7.954
7.953
7.951
7.952
7.952
7.953
7.954
7.951
7.950
7.949
7.949
7.949
7.947
7.950
7.948
7.950
7.946
7.948
7.950
7.950
7.945
7.943
7.943
7.945
7.943
7.940
7.941
7.941
7.940
7.941
7.939
7.937
7.938
7.937
7.935
7.937
7.936
7.936
7.935
7.932
7.935
7.933
7.933
7.934
7.932
7.931
7.931
7.926
7.930
7.927
7.929
7.928
7.930
7.924
7.926
7.924
7.925
7.924
7.924
7.923
7.921
7.922
7.923
7.921
7.921
7.919
7.919
7.917
7.918
7.915
7.915
7.916
7.917
7.915
7.914
7.913
7.913
7.913
7.910
7.911
7.909
7.909
7.906
7.908
7.907
7.905
7.907
7.905
7.902
7.902
7.901
7.904
7.901
7.900
7.900
7.902
7.898
7.895
7.894
7.896
7.894
7.893
7.892
7.889
7.890
7.887
7.885
7.886
7.885
7.886
7.883
7.883
7.883
7.880
7.882
7.880
7.878
7.876
7.878
7.877
7.875
7.874
7.872
7.872
7.870
7.870
7.870
7.868
7.865
7.864
7.864
7.863
7.861
7.861
7.858
7.859
7.857
7.856
7.856
7.852
7.854
7.848
7.851
7.849
7.847
7.845
7.847
7.844
7.843
7.840
7.839
7.836
7.838
7.836
7.835
7.834
7.834
7.831
7.834
7.830
7.829
7.828
7.825
7.824
7.823
7.823
7.820
7.821
7.820
7.817
7.816
7.817
7.816
7.810
7.812
7.812
7.810
7.810
7.805
7.805
7.802
7.802
7.799
7.798
7.799
7.797
7.795
7.792
7.791
7.788
7.789
7.790
7.786
7.784
7.785
7.782
7.783
7.780
7.778
7.778
7.775
7.777
7.771
7.772
7.774
7.771
7.771
7.770
7.769
7.764
7.766
7.762
7.759
7.758
7.757
7.759
7.754
7.752
7.753
7.751
7.749
7.747
7.745
7.743
7.743
7.741
7.739
7.738
7.737
7.737
7.736
7.734
7.731
7.730
7.728
7.728
7.727
7.724
7.724
7.724
7.721
7.719
7.719
7.713
7.712
7.712
7.709
7.707
7.707
7.705
7.703
7.704
7.697
7.700
7.698
7.694
7.695
7.692
7.691
7.690
7.692
7.687
7.684
7.684
7.684
7.683
7.683
7.681
7.678
7.678
7.679
7.672
7.672
7.670
7.671
7.669
7.669
7.664
7.665
7.664
7.662
7.658
7.658
7.655
7.651
7.654
7.650
7.649
7.649
7.647
7.648
7.645
7.644
7.641
7.639
7.637
7.636
7.634
7.633
7.633
7.631
7.630
7.629
7.629
7.626
7.624
7.626
7.621
7.622
7.621
7.620
7.620
7.615
7.613
7.612
7.610
7.610
7.606
7.609
7.604
7.602
7.601
7.600
7.601
7.598
7.600
7.596
7.593
7.594
7.593
7.590
7.591
7.591
7.591
7.588
7.587
7.583
7.583
7.582
7.582
7.578
7.579
7.577
7.577
7.573
7.569
7.570
7.567
7.566
7.569
7.567
7.563
7.565
7.563
7.561
7.558
7.559
7.559
7.556
7.556
7.554
7.552
7.550
7.552
7.548
7.548
7.546
7.545
7.546
7.546
7.542
7.542
7.541
7.541
7.536
7.535
7.537
7.533
7.533
7.533
7.531
7.530
7.530
7.528
7.527
7.527
7.525
7.522
7.517
7.518
7.519
7.517
7.519
7.515
7.513
7.515
7.513
7.512
7.513
7.509
7.508
7.507
7.508
7.504
7.504
7.502
7.505
7.500
7.501
7.499
7.498
7.500
7.495
7.498
7.495
7.495
7.496
7.494
7.492
7.489
7.490
7.489
7.489
7.487
7.486
7.485
7.484
7.483
7.482
7.482
7.478
7.477
7.476
7.475
7.477
7.472
7.471
7.465
7.469
7.465
7.466
7.469
7.467
7.463
7.465
7.462
7.463
7.461
7.459
7.460
7.458
7.456
7.455
7.456
7.456
7.454
7.453
7.452
7.454
7.454
7.451
7.449
7.450
7.447
7.448
7.447
7.448
7.447
7.446
7.442
7.443
7.443
7.441
7.443
7.443
7.441
7.439
7.439
7.438
7.436
7.438
7.434
7.437
7.432
7.433
7.432
7.432
7.430
7.429
7.428
7.428
7.426
7.424
7.422
7.424
7.425
7.423
7.421
7.421
7.421
7.420
7.419
7.419
7.418
7.416
7.420
7.417
7.415
7.416
7.418
7.414
7.415
7.414
7.412
7.411
7.412
7.412
7.407
7.413
7.410
7.410
7.407
7.410
7.407
7.409
7.407
7.405
7.404
7.405
7.406
7.404
7.405
7.404
7.403
7.404
7.401
7.399
7.402
7.402
7.400
7.399
7.399
7.399
7.400
7.398
7.399
7.398
7.398
7.396
7.397
7.395
7.397
7.398
7.395
7.394
7.396
7.395
7.394
7.392
7.393
7.392
7.393
7.393
7.394
7.388
7.389
7.390
7.389
7.391
7.388
7.390
7.393
7.390
7.387
7.384
7.387
7.386
7.388
7.389
7.386
7.387
7.387
7.385
7.382
7.387
7.389
7.385
7.386
7.386
7.386
7.389
7.385
7.388
7.387
7.387
7.387
7.385
7.388
7.386
7.388
7.387
7.390
7.391
7.389
7.389
7.389
7.389
7.390
7.392
7.393
7.396
7.397
7.390
7.394
7.399
7.397
7.399
7.398
7.402
7.403
7.403
7.404
7.401
7.404
7.406
7.406
7.407
7.411
7.411
7.411
7.412
7.415
7.417
7.419
7.420
7.421
7.423
7.427
7.427
7.430
7.431
7.436
7.434
7.440
7.441
7.442
7.446
7.448
7.450
7.451
7.452
7.454
7.460
7.463
7.463
7.464
7.467
7.471
7.475
7.475
7.479
7.479
7.486
7.488
7.489
7.494
7.494
7.496
7.500
7.501
7.504
7.508
7.512
7.514
7.516
7.518
7.522
7.524
7.529
7.526
7.532
7.536
7.538
7.540
7.544
7.546
7.549
7.552
7.554
7.557
7.559
7.560
7.565
7.568
7.570
7.576
7.576
7.580
7.578
7.580
7.586
7.588
7.590
7.593
7.593
7.597
7.598
7.599
7.603
7.608
7.606
7.610
7.611
7.612
7.614
7.617
7.620
7.620
7.623
7.628
7.628
7.629
7.632
7.635
7.634
7.636
7.636
7.638
7.641
7.644
7.644
7.645
7.646
7.648
7.651
7.654
7.656
7.658
7.656
7.661
7.663
7.663
7.664
7.670
7.670
7.673
7.673
7.675
7.676
7.675
7.678
7.681
7.681
7.681
7.680
7.683
7.686
7.686
7.688
7.688
7.689
7.691
7.692
7.693
7.694
7.695
7.696
7.698
7.700
7.698
7.699
7.700
7.701
7.705
7.703
7.706
7.707
7.707
7.707
7.706
7.712
7.711
7.711
7.712
7.713
7.716
7.714
7.717
7.718
7.720
7.717
7.719
7.720
7.722
7.721
7.721
7.726
7.723
7.724
7.727
7.726
7.727
7.727
7.724
7.728
7.728
7.727
7.728
7.729
7.728
7.730
7.732
7.732
7.731
7.735
7.735
7.733
7.733
7.732
7.734
7.734
7.733
7.734
7.737
7.736
7.739
7.736
7.736
7.740
7.736
7.739
7.742
7.738
7.739
7.738
7.739
7.742
7.743
7.743
7.740
7.740
7.743
7.745
7.745
7.743
7.742
7.747
7.747
7.743
7.744
7.746
7.744
7.746
7.745
7.748
7.747
7.749
7.747
7.748
7.747
7.748
7.747
7.750
7.752
7.748
7.749
7.752
7.749
7.749
7.750
7.753
7.754
7.755
7.755
7.753
7.755
7.754
7.754
7.755
7.753
7.758
7.755
7.757
7.757
7.758
7.756
7.756
7.758
7.757
7.759
7.757
7.760
7.759
7.762
7.759
7.761
7.762
7.762
7.764
7.763
7.764
7.764
7.767
7.765
7.764
7.767
7.766
7.765
7.762
7.767
7.768
7.767
7.769
7.770
7.769
7.772
7.771
7.769
7.771
7.773
7.771
7.772
7.773
7.774
7.775
7.773
7.777
7.774
7.777
7.775
7.779
7.778
7.778
7.776
7.779
7.781
7.780
7.782
7.783
7.782
7.786
7.784
7.785
7.785
7.784
7.783
7.786
7.789
7.789
7.791
7.790
7.792
7.791
7.788
7.793
7.792
7.794
7.796
7.797
7.795
7.799
7.797
7.797
7.801
7.800
7.805
7.804
7.809
7.808
7.806
7.808
7.811
7.811
7.812
7.809
7.812
7.814
7.814
7.814
7.818
7.818
7.819
7.820
7.821
7.821
7.822
7.823
7.824
7.826
7.826
7.827
7.828
7.830
7.831
7.832
7.834
7.835
7.838
7.834
7.841
7.839
7.840
7.842
7.846
7.845
7.848
7.850
7.853
7.853
7.856
7.857
7.857
7.858
7.861
7.862
7.864
7.866
7.865
7.868
7.871
7.870
7.870
7.873
7.877
7.876
7.878
7.880
7.879
7.884
7.885
7.888
7.892
7.895
7.896
7.896
7.898
7.899
7.901
7.905
7.909
7.911
7.909
7.912
7.915
7.915
7.918
7.921
7.921
7.921
7.925
7.928
7.932
7.931
7.936
7.939
7.940
7.947
7.946
7.949
7.952
7.951
7.956
7.958
7.960
7.961
7.964
7.967
7.968
7.970
7.974
7.977
7.976
7.981
7.984
7.989
7.993
7.993
7.997
7.998
7.999
8.002
8.008
8.008
8.013
8.014
8.017
8.022
8.023
8.028
8.029
8.031
8.034
8.036
8.042
8.044
8.046
8.048
8.049
8.055
8.056
8.058
8.066
8.064
8.069
8.072
8.078
8.080
8.082
8.082
8.088
8.092
8.094
8.099
8.102
8.105
8.106
8.110
8.116
8.118
8.123
8.125
8.128
8.135
8.137
8.138
8.144
8.145
8.149
8.150
8.156
8.156
8.160
8.164
8.169
8.175
8.176
8.178
8.182
8.186
8.187
8.192
8.194
8.198
8.201
8.204
8.210
8.214
8.217
8.219
8.225
8.229
8.232
8.235
8.238
8.241
8.247
8.251
8.255
8.256
8.260
8.261
8.271
8.274
8.278
8.278
8.285
8.289
8.289
8.293
8.297
8.303
8.308
8.313
8.317
8.320
8.324
8.326
8.328
8.335
8.337
8.343
8.349
8.352
8.354
8.361
8.365
8.368
8.369
8.375
8.378
8.382
8.387
8.391
8.396
8.401
8.405
8.408
8.410
8.415
8.418
8.421
8.427
8.430
8.438
8.441
8.447
8.450
8.453
8.459
8.463
8.466
8.470
8.473
8.481
8.484
8.489
8.493
8.498
8.502
8.506
8.511
8.515
8.517
8.523
8.527
8.531
8.535
8.541
8.545
8.549
8.553
8.555
8.562
8.564
8.570
8.575
8.581
8.584
8.590
8.593
8.598
8.600
8.605
8.609
8.614
8.618
8.625
8.630
8.634
8.641
8.640
8.646
8.651
8.655
8.659
8.662
8.668
8.674
8.679
8.682
8.686
8.690
8.696
8.701
8.703
8.708
8.713
8.719
8.722
8.726
8.732
8.734
8.739
8.741
8.748
8.750
8.759
8.762
8.767
8.771
8.777
8.779
8.784
8.789
8.791
8.796
8.800
8.806
8.810
8.818
8.820
8.824
8.828
8.830
8.834
8.835
8.846
8.851
8.852
8.857
8.862
8.867
8.872
8.874
8.876
8.881
8.890
8.893
8.898
8.903
8.907
8.912
8.912
8.918
8.922
8.927
8.932
8.934
8.941
8.948
8.949
8.952
8.957
8.959
8.964
8.967
8.969
8.977
8.982
8.981
8.988
8.994
8.998
9.002
9.006
9.011
9.014
9.015
9.022
9.026
9.030
9.034
9.040
9.043
9.048
9.049
9.052
9.057
9.062
9.066
9.070
9.074
9.079
9.084
9.088
9.089
9.094
9.096
9.101
9.106
9.108
9.111
9.116
9.120
9.126
9.128
9.133
9.136
9.140
9.146
9.147
9.151
9.156
9.159
9.162
9.166
9.170
9.175
9.178
9.181
9.187
9.190
9.188
9.194
9.198
9.202
9.209
9.213
9.216
9.218
9.223
9.226
9.228
9.231
9.236
9.240
9.244
9.249
9.249
9.254
9.255
9.262
9.266
9.268
9.275
9.277
9.278
9.281
9.284
9.288
9.291
9.296
9.299
9.304
9.307
9.311
9.313
9.317
9.322
9.324
9.328
9.329
9.337
9.340
9.340
9.345
9.347
9.355
9.357
9.361
9.362
9.367
9.369
9.373
9.373
9.378
9.383
9.385
9.387
9.391
9.396
9.395
9.401
9.404
9.406
9.410
9.414
9.416
9.418
9.423
9.423
9.427
9.430
9.434
9.437
9.439
9.445
9.448
9.450
9.455
9.456
9.458
9.458
9.464
9.469
9.471
9.472
9.475
9.478
9.484
9.483
9.490
9.492
9.494
9.496
9.499
9.502
9.506
9.509
9.511
9.516
9.516
9.520
9.522
9.522
9.528
9.529
9.530
9.534
9.538
9.540
9.544
9.545
9.546
9.551
9.551
9.555
9.557
9.560
9.564
9.567
9.570
9.574
9.577
9.580
9.582
9.583
9.589
9.589
9.587
9.596
9.597
9.600
9.598
9.603
9.606
9.607
9.609
9.611
9.614
9.618
9.623
9.622
9.627
9.628
9.631
9.633
9.633
9.639
9.637
9.641
9.645
9.646
9.649
9.651
9.652
9.660
9.659
9.660
9.664
9.666
9.668
9.671
9.674
9.675
9.678
9.679
9.683
9.684
9.685
9.688
9.689
9.692
9.693
9.694
9.698
9.700
9.702
9.704
9.706
9.712
9.712
9.715
9.717
9.719
9.721
9.721
9.726
9.727
9.728
9.732
9.732
9.733
9.736
9.741
9.742
9.745
9.747
9.750
9.752
9.754
9.756
9.759
9.760
9.761
9.761
9.767
9.767
9.769
9.771
9.774
9.774
9.777
9.781
9.780
9.782
9.783
9.787
9.788
9.792
9.790
9.795
9.797
9.797
9.801
9.802
9.804
9.806
9.808
9.809
9.813
9.813
9.817
9.814
9.818
9.822
9.823
9.825
9.824
9.827
9.827
9.831
9.833
9.835
9.837
9.839
9.837
9.841
9.844
9.846
9.849
9.850
9.850
9.854
9.855
9.855
9.856
9.859
9.860
9.862
9.863
9.864
9.867
9.873
9.872
9.870
9.873
9.876
9.875
9.878
9.881
9.883
9.886
9.889
9.890
9.890
9.892
9.895
9.897
9.897
9.900
9.899
9.900
9.903
9.903
9.905
9.910
9.911
9.909
9.913
9.912
9.916
9.916
9.918
9.920
9.920
9.919
9.925
9.924
9.927
9.925
9.931
9.933
9.936
9.934
9.937
9.941
9.940
9.941
9.941
9.942
9.947
9.946
9.950
9.949
9.951
9.952
9.954
9.955
9.956
9.957
9.959
9.961
9.963
9.964
9.964
9.965
9.968
9.968
9.971
9.970
9.974
9.976
9.978
9.978
9.979
9.980
9.978
9.982
9.986
9.988
9.986
9.990
9.990
9.989
9.992
9.994
9.993
9.994
9.997
10.000
10.001
10.001
10.001
10.005
10.004
10.008
10.007
10.010
10.011
10.011
10.014
10.012
10.014
10.019
10.015
10.017
10.019
10.021
10.023
10.025
10.025
10.028
10.030
10.031
10.031
10.029
10.031
10.030
10.033
10.035
10.037
10.036
10.038
10.039
10.039
10.043
10.042
10.044
10.046
10.045
10.048
10.050
10.047
10.051
10.054
10.055
10.053
10.056
10.058
10.059
10.059
10.060
10.060
10.062
10.064
10.069
10.066
10.071
10.072
10.073
10.072
10.074
10.073
10.075
10.076
10.079
10.080
10.079
10.080
10.084
10.081
10.085
10.085
10.085
10.086
10.086
10.087
10.089
10.091
10.090
10.093
10.094
10.094
10.094
10.097
10.096
10.099
10.099
10.101
10.103
10.101
10.103
10.107
10.106
10.107
10.108
10.108
10.110
10.113
10.114
10.114
10.114
10.115
10.119
10.117
10.119
10.119
10.122
10.123
10.121
10.123
10.126
10.123
10.127
10.125
10.126
10.129
10.130
10.130
10.131
10.132
10.132
10.135
10.134
10.136
10.137
10.138
10.137
10.138
10.141
10.143
10.143
10.143
10.144
10.144
10.148
10.148
10.147
10.149
10.150
10.150
10.152
10.153
10.152
10.156
10.155
10.159
10.157
10.158
10.155
10.161
10.161
10.160
10.163
10.164
10.163
10.166
10.164
10.166
10.169
10.168
10.171
10.167
10.170
10.172
10.172
10.172
10.175
10.173
10.177
10.174
10.176
10.176
10.178
10.179
10.181
10.181
10.181
10.184
10.183
10.183
10.184
10.184
10.187
10.189
10.190
10.189
10.190
10.191
10.192
10.190
10.192
10.192
10.193
10.195
10.198
10.196
10.198
10.199
10.197
10.202
10.203
10.203
10.204
