21.270
21.266
21.266
21.263
21.244
21.267
21.271
21.267
21.267
21.265
21.266
21.265
21.265
21.246
21.256
21.268
21.268
21.268
21.266
21.266
21.266
21.265
21.263
21.243
21.266
21.267
21.268
21.267
21.266
21.266
21.266
21.270
21.267
21.267
21.266
21.267
21.264
21.266
21.266
21.266
21.266
21.264
21.244
21.267
21.267
21.267
21.268
21.267
21.266
21.266
21.267
21.254
21.252
21.268
21.271
21.268
21.266
21.265
21.265
21.265
21.267
21.243
21.267
21.267
21.267
21.268
21.266
21.265
21.266
21.265
21.257
21.250
21.268
21.267
21.269
21.265
21.266
21.266
21.265
21.261
21.244
21.268
21.267
21.270
21.267
21.266
21.266
21.266
21.265
21.246
21.260
21.268
21.267
21.270
21.266
21.267
21.266
21.266
21.264
21.243
21.268
21.268
21.269
21.267
21.266
21.266
21.266
21.266
21.244
21.261
21.270
21.267
21.269
21.266
21.266
21.266
21.266
21.263
21.245
21.267
21.269
21.269
21.269
21.267
21.267
21.267
21.269
21.267
21.267
21.268
21.267
21.266
21.267
21.267
21.267
21.268
21.269
21.245
21.264
21.269
21.269
21.270
21.268
21.267
21.267
21.268
21.257
21.247
21.269
21.268
21.270
21.268
21.267
21.267
21.267
21.269
21.244
21.266
21.270
21.267
21.268
21.266
21.265
21.266
21.266
21.249
21.260
21.267
21.268
21.270
21.267
21.266
21.266
21.269
21.267
21.266
21.266
21.266
21.265
21.268
21.264
21.261
21.261
21.260
21.242
21.252
21.262
21.261
21.263
21.259
21.255
21.253
21.252
21.248
21.225
21.248
21.246
21.243
21.244
21.240
21.239
21.237
21.237
21.226
21.218
21.235
21.232
21.231
21.228
21.227
21.225
21.223
21.212
21.195
21.219
21.216
21.216
21.215
21.213
21.214
21.210
21.207
21.184
21.198
21.204
21.202
21.198
21.197
21.196
21.192
21.191
21.179
21.169
21.185
21.185
21.183
21.182
21.179
21.173
21.171
21.169
21.150
21.163
21.170
21.169
21.169
21.170
21.169
21.169
21.169
21.168
21.162
21.144
21.167
21.165
21.162
21.161
21.160
21.155
21.150
21.129
21.137
21.149
21.147
21.148
21.143
21.143
21.143
21.141
21.134
21.117
21.138
21.137
21.136
21.136
21.134
21.134
21.130
21.128
21.107
21.119
21.126
21.125
21.127
21.123
21.122
21.120
21.118
21.110
21.093
21.113
21.106
21.104
21.099
21.099
21.095
21.090
21.086
21.082
21.071
21.055
21.069
21.065
21.059
21.057
21.056
21.051
21.044
21.030
21.052
21.051
21.049
21.047
21.045
21.041
21.034
21.036
21.033
21.023
21.024
21.020
21.018
21.018
21.017
21.017
21.015
21.005
20.996
21.016
21.015
21.014
21.009
20.999
20.991
20.982
20.979
20.949
20.966
20.962
20.959
20.954
20.935
20.921
20.905
20.894
20.886
20.878
20.857
20.835
20.842
20.837
20.826
20.811
20.799
20.783
20.760
20.771
20.769
20.757
20.748
20.736
20.725
20.708
20.696
20.686
20.675
20.667
20.666
20.661
20.661
20.656
20.645
20.643
20.636
20.607
20.591
20.586
20.577
20.576
20.571
20.571
20.570
20.565
20.564
20.537
20.551
20.550
20.541
20.534
20.520
20.511
20.499
20.484
20.474
20.464
20.449
20.413
20.406
20.403
20.396
20.372
20.340
20.328
20.288
20.285
20.252
20.234
20.199
20.171
20.146
20.117
20.112
20.093
20.067
20.072
20.056
20.052
20.045
20.034
20.022
20.009
19.996
19.958
19.954
19.933
19.918
19.898
19.885
19.871
19.843
19.816
19.770
19.756
19.730
19.706
19.684
19.659
19.653
19.646
19.641
19.640
19.636
19.628
19.613
19.592
19.606
19.596
19.590
19.572
19.563
19.550
19.526
19.541
19.531
19.516
19.502
19.490
19.476
19.466
19.451
19.423
19.419
19.411
19.393
19.383
19.360
19.346
19.334
19.315
19.286
19.246
19.259
19.251
19.246
19.236
19.216
19.202
19.192
19.184
19.156
19.147
19.153
19.137
19.128
19.121
19.113
19.107
19.105
19.104
19.101
19.101
19.101
19.098
19.095
19.080
19.068
19.058
19.055
19.040
19.014
19.004
18.990
18.978
18.957
18.942
18.931
18.911
18.887
18.866
18.827
18.794
18.772
18.751
18.721
18.697
18.679
18.663
18.654
18.634
18.646
18.638
18.627
18.616
18.589
18.564
18.538
18.521
18.489
18.477
18.474
18.462
18.451
18.436
18.401
18.378
18.378
18.376
18.372
18.364
18.339
18.322
18.315
18.293
18.275
18.271
18.257
18.236
18.230
18.233
18.219
18.210
18.202
18.185
18.178
18.173
18.164
18.161
18.162
18.141
18.146
18.146
18.127
18.122
18.119
18.115
18.097
18.086
18.093
18.079
18.064
18.055
18.042
18.029
18.007
17.990
17.957
17.951
17.940
17.919
17.907
17.903
17.891
17.871
17.866
17.854
17.831
17.817
17.810
17.804
17.795
17.785
17.779
17.773
17.769
17.738
17.734
17.729
17.720
17.713
17.700
17.691
17.684
17.677
17.671
17.651
17.664
17.658
17.639
17.621
17.610
17.601
17.588
17.578
17.552
17.557
17.553
17.547
17.548
17.542
17.527
17.515
17.504
17.483
17.448
17.466
17.463
17.450
17.429
17.414
17.402
17.395
17.391
17.388
17.386
17.386
17.387
17.384
17.384
17.377
17.373
17.371
17.369
17.348
17.344
17.353
17.346
17.301
17.268
17.261
17.252
17.241
17.221
17.196
17.187
17.187
17.175
17.167
17.162
17.162
17.161
17.156
17.135
17.130
17.113
17.098
17.109
17.104
17.102
17.089
17.078
17.070
17.051
17.055
17.046
17.037
17.023
17.009
16.990
16.960
16.950
16.932
16.930
16.922
16.908
16.898
16.884
16.879
16.870
16.859
16.846
16.822
16.829
16.805
16.778
16.764
16.747
16.735
16.725
16.718
16.704
16.693
16.686
16.679
16.667
16.650
16.635
16.625
16.619
16.616
16.601
16.614
16.584
16.534
16.493
16.475
16.450
16.418
16.389
16.363
16.349
16.352
16.346
16.346
16.343
16.342
16.342
16.340
16.340
16.339
16.334
16.333
16.327
16.316
16.302
16.285
16.273
16.240
16.174
16.167
16.174
16.174
16.174
16.174
16.173
16.173
16.173
16.172
16.165
16.140
16.114
16.096
16.071
16.048
16.012
15.996
15.992
15.986
15.982
15.992
15.992
15.992
15.992
15.991
15.991
15.991
15.991
15.977
15.985
15.982
15.969
15.963
15.951
15.941
15.928
15.912
15.901
15.890
15.884
15.879
15.869
15.850
15.831
15.813
15.791
15.770
15.732
15.731
15.721
15.717
15.718
15.711
15.706
15.698
15.675
15.650
15.628
15.631
15.625
15.625
15.616
15.606
15.594
15.583
15.570
15.537
15.531
15.502
15.471
15.454
15.438
15.427
15.391
15.379
15.367
15.344
15.341
15.329
15.319
15.309
15.292
15.265
15.251
15.235
15.207
15.207
15.197
15.182
15.164
15.154
15.151
15.152
15.151
15.147
15.126
15.134
15.096
15.047
15.026
15.016
15.006
14.987
14.968
14.940
14.916
14.902
14.892
14.872
14.856
14.855
14.853
14.839
14.807
14.763
14.742
14.723
14.703
14.700
14.695
14.685
14.685
14.685
14.677
14.677
14.685
14.678
14.661
14.605
14.577
14.557
14.543
14.536
14.529
14.527
14.519
14.511
14.510
14.501
14.491
14.490
14.476
14.452
14.448
14.452
14.437
14.430
14.429
14.428
14.407
14.387
14.371
14.350
14.356
14.339
14.330
14.326
14.326
14.322
14.306
14.288
14.258
14.262
14.257
14.239
14.221
14.202
14.185
14.170
14.168
14.167
14.154
14.168
14.160
14.159
14.159
14.157
14.153
14.148
14.143
14.117
14.105
14.104
14.091
14.066
14.056
14.043
14.030
14.011
14.003
13.988
13.990
13.989
13.987
13.982
13.977
13.975
13.972
13.955
13.938
13.932
13.935
13.929
13.928
13.903
13.876
13.859
13.855
13.852
13.835
13.842
13.824
13.789
13.762
13.755
13.751
13.745
13.732
13.716
13.689
13.685
13.680
13.668
13.651
13.635
13.623
13.619
13.616
13.600
13.600
13.592
13.571
13.549
13.525
13.482
13.462
13.452
13.449
13.439
13.449
13.442
13.436
13.416
13.399
13.396
13.396
13.389
13.381
13.375
13.357
13.336
13.317
13.303
13.277
13.258
13.247
13.230
13.210
13.209
13.190
13.171
13.151
13.141
13.135
13.116
13.110
13.093
13.098
13.083
13.068
13.054
13.048
13.047
13.041
13.036
13.018
12.997
12.996
12.986
12.986
12.972
12.952
12.951
12.948
12.949
12.937
12.939
12.924
12.899
12.875
12.859
12.845
12.824
12.820
12.814
12.812
12.810
12.808
12.803
12.809
12.807
12.806
12.803
12.786
12.755
12.744
12.716
12.692
12.678
12.659
12.644
12.624
12.613
12.594
12.581
12.574
12.569
12.567
12.561
12.551
12.537
12.532
12.526
12.512
12.512
12.498
12.488
12.471
12.443
12.429
12.417
12.412
12.407
12.402
12.408
12.390
12.388
12.383
12.369
12.349
12.335
12.313
12.288
12.279
12.251
12.212
12.191
12.167
12.146
12.125
12.117
12.111
12.105
12.109
12.100
12.090
12.081
12.073
12.056
12.042
12.036
12.021
12.009
11.996
11.978
11.946
11.917
11.911
11.908
11.905
11.901
11.890
11.897
11.900
11.901
11.901
11.901
11.900
11.899
11.900
11.890
11.887
11.865
11.853
11.836
11.816
11.807
11.804
11.791
11.758
11.740
11.736
11.728
11.726
11.720
11.702
11.693
11.678
11.663
11.633
11.624
11.602
11.581
11.571
11.562
11.559
11.558
11.550
11.543
11.536
11.538
11.522
11.508
11.460
11.445
11.433
11.425
11.422
11.407
11.401
11.399
11.400
11.395
11.393
11.391
11.390
11.386
11.381
11.378
11.384
11.382
11.380
11.379
11.372
11.365
11.351
11.339
11.327
11.308
11.296
11.284
11.279
11.275
11.266
11.248
11.232
11.212
11.193
11.182
11.169
11.153
11.140
11.129
11.114
11.092
11.084
11.070
11.069
11.057
11.036
11.024
11.011
10.995
10.985
10.976
10.955
10.941
10.941
10.929
10.917
10.903
10.895
10.880
10.848
10.827
10.800
10.793
10.782
10.767
10.759
10.744
10.730
10.718
10.706
10.682
10.660
10.647
10.647
10.641
10.623
10.620
10.620
10.608
10.597
10.567
10.548
10.526
10.513
10.510
10.510
10.507
10.492
10.480
10.467
10.462
10.465
10.450
10.436
10.417
10.393
10.373
10.346
10.324
10.300
10.294
10.278
10.263
10.254
10.245
10.238
10.218
10.195
10.184
10.177
10.180
10.152
10.145
10.144
10.143
10.131
10.111
10.085
10.066
10.051
10.043
10.035
10.024
10.003
9.978
9.951
9.927
9.899
9.875
9.863
9.850
9.839
9.834
9.814
9.797
9.778
9.765
9.749
9.739
9.727
9.720
9.713
9.694
9.692
9.686
9.660
9.642
9.622
9.605
9.586
9.569
9.555
9.544
9.532
9.499
9.470
9.453
9.439
9.432
9.424
9.424
9.422
9.406
9.361
9.329
9.306
9.265
9.242
9.241
9.241
9.236
9.222
9.204
9.197
9.196
9.184
9.167
9.162
9.151
9.143
9.140
9.141
9.140
9.139
9.138
9.132
9.131
9.124
9.119
9.104
9.099
9.097
9.096
9.095
9.094
9.094
9.094
9.094
9.094
9.091
9.091
9.088
9.089
9.088
9.087
9.082
9.085
9.084
9.083
9.078
9.070
9.055
9.038
9.004
8.983
8.972
8.970
8.966
8.960
8.951
8.934
8.931
8.930
8.923
8.915
8.898
8.887
8.882
8.875
8.872
8.867
8.864
8.858
8.840
8.832
8.826
8.824
8.817
8.813
8.802
8.790
8.788
8.781
8.782
8.777
8.771
8.762
8.762
8.757
8.747
8.728
8.721
8.707
8.696
8.700
8.699
8.689
8.667
8.663
8.662
8.661
8.639
8.628
8.612
8.582
8.568
8.554
8.545
8.531
8.511
8.498
8.489
8.484
8.476
8.472
8.471
8.459
8.444
8.427
8.411
8.398
8.398
8.390
8.379
8.368
8.354
8.326
8.308
8.308
8.305
8.303
8.303
8.290
8.274
8.254
8.242
8.240
8.239
8.239
8.234
8.211
8.185
8.179
8.180
8.179
8.173
8.159
8.152
8.146
8.139
8.133
8.125
8.094
8.058
8.035
8.016
8.000
7.969
7.949
7.926
7.916
7.896
7.882
7.856
7.810
7.785
7.776
7.772
7.767
7.769
7.768
7.768
7.765
7.750
7.725
7.700
7.662
7.610
7.587
7.568
7.556
7.556
7.556
7.554
7.544
7.535
7.526
7.511
7.490
7.468
7.456
7.436
7.412
7.405
7.397
7.393
7.392
7.390
7.384
7.366
7.356
7.355
7.351
7.344
7.336
7.329
7.324
7.324
7.324
7.324
7.323
7.312
7.298
7.285
7.276
7.275
7.275
7.275
7.271
7.255
7.242
7.232
7.227
7.218
7.208
7.184
7.166
7.143
7.129
7.129
7.122
7.107
7.100
7.093
7.092
7.091
7.080
7.069
7.068
7.062
7.056
7.048
7.043
7.042
7.039
7.039
7.040
7.040
7.038
7.031
7.027
7.023
7.019
7.008
6.992
6.968
6.958
6.952
6.951
6.948
6.932
6.912
6.910
6.909
6.909
6.909
6.902
6.892
6.889
6.890
6.889
6.889
6.889
6.885
6.876
6.862
6.840
6.828
6.824
6.824
6.822
6.818
6.815
6.816
6.815
6.812
6.811
6.807
6.805
6.804
6.803
6.798
6.780
6.765
6.752
6.738
6.722
6.710
6.695
6.673
6.658
6.651
6.641
6.636
6.628
6.619
6.616
6.610
6.604
6.603
6.592
6.582
6.575
6.565
6.553
6.546
6.544
6.539
6.532
6.522
6.505
6.492
6.485
6.484
6.482
6.475
6.469
6.464
6.461
6.456
6.450
6.445
6.439
6.423
6.421
6.420
6.420
6.421
6.421
6.420
6.419
6.416
6.409
6.392
6.387
6.385
6.384
6.384
6.374
6.372
6.370
6.364
6.361
6.360
6.357
6.357
6.353
6.341
6.307
6.293
6.290
6.287
6.270
6.259
6.255
6.250
6.232
6.208
6.187
6.174
6.161
6.149
6.143
6.137
6.124
6.116
6.110
6.104
6.104
6.096
6.086
6.077
6.063
6.042
6.026
6.016
6.007
5.994
5.978
5.969
5.967
5.965
5.966
5.963
5.963
5.962
5.960
5.957
5.943
5.930
5.922
5.922
5.921
5.920
5.916
5.908
5.897
5.894
5.894
5.893
5.892
5.890
5.890
5.886
5.884
5.884
5.877
5.876
5.872
5.866
5.861
5.859
5.859
5.859
5.859
5.859
5.855
5.849
5.847
5.847
5.843
5.839
5.836
5.833
5.825
5.817
5.814
5.814
5.814
5.812
5.811
5.811
5.811
5.811
5.809
5.806
5.805
5.805
5.803
5.799
5.797
5.794
5.794
5.793
5.789
5.787
5.786
5.786
5.786
5.784
5.782
5.777
5.774
5.774
5.774
5.774
5.774
5.774
5.773
5.772
5.770
5.769
5.768
5.768
5.766
5.765
5.762
5.755
5.752
5.750
5.750
5.747
5.746
5.743
5.738
5.737
5.736
5.730
5.726
5.725
5.724
5.722
5.721
5.717
5.713
5.713
5.711
5.708
5.707
5.706
5.707
5.704
5.703
5.703
5.703
5.702
5.701
5.701
5.701
5.701
5.701
5.701
5.699
5.695
5.692
5.690
5.688
5.686
5.682
5.681
5.682
5.682
5.681
5.681
5.681
5.681
5.681
5.680
5.683
5.683
5.682
5.682
5.683
5.682
5.682
5.682
5.682
5.681
5.682
5.682
5.681
5.682
5.681
5.683
5.681
5.683
5.682
5.682
5.682
5.682
5.681
5.682
5.683
5.682
5.682
5.681
5.682
5.682
5.682
5.682
5.681
5.682
5.683
5.682
5.682
5.681
5.682
5.683
5.682
5.682
5.681
5.682
5.681
5.681
5.681
5.681
5.682
5.682
5.682
5.681
5.682
5.683
5.682
5.682
5.682
5.681
5.682
5.681
5.682
5.681
5.681
5.680
5.681
5.682
5.681
5.681
5.680
