20.010
20.014
20.018
20.021
20.024
20.029
20.035
20.038
20.042
20.047
20.051
20.052
20.056
20.061
20.066
20.070
20.073
20.079
20.082
20.085
20.089
20.093
20.097
20.098
20.105
20.108
20.114
20.117
20.122
20.126
20.130
20.133
20.136
20.142
20.144
20.149
20.152
20.156
20.161
20.165
20.169
20.175
20.177
20.184
20.186
20.189
20.194
20.196
20.203
20.206
20.210
20.214
20.216
20.221
20.225
20.228
20.233
20.236
20.238
20.243
20.247
20.249
20.254
20.259
20.259
20.264
20.266
20.271
20.273
20.277
20.281
20.283
20.286
20.290
20.292
20.296
20.298
20.299
20.304
20.307
20.308
20.313
20.315
20.316
20.318
20.324
20.325
20.324
20.329
20.332
20.334
20.338
20.336
20.341
20.345
20.346
20.348
20.348
20.354
20.354
20.356
20.358
20.358
20.364
20.363
20.367
20.366
20.370
20.371
20.371
20.374
20.374
20.381
20.379
20.384
20.383
20.387
20.388
20.389
20.391
20.394
20.396
20.399
20.395
20.399
20.400
20.403
20.404
20.405
20.408
20.407
20.410
20.413
20.413
20.415
20.414
20.421
20.419
20.422
20.420
20.423
20.427
20.426
20.427
20.430
20.431
20.431
20.432
20.433
20.434
20.434
20.437
20.435
20.437
20.439
20.440
20.441
20.442
20.444
20.445
20.443
20.448
20.446
20.447
20.448
20.448
20.448
20.450
20.449
20.450
20.452
20.454
20.456
20.454
20.454
20.456
20.456
20.455
20.455
20.457
20.458
20.460
20.460
20.459
20.462
20.463
20.463
20.464
20.463
20.464
20.467
20.465
20.465
20.466
20.469
20.465
20.469
20.469
20.468
20.471
20.468
20.469
20.469
20.470
20.473
20.471
20.472
20.471
20.472
20.472
20.473
20.474
20.473
20.474
20.474
20.473
20.473
20.471
20.474
20.472
20.475
20.475
20.476
20.475
20.477
20.478
20.476
20.475
20.475
20.476
20.479
20.474
20.478
20.476
20.478
20.478
20.480
20.477
20.478
20.477
20.479
20.479
20.481
20.479
20.479
20.478
20.478
20.480
20.479
20.479
20.477
20.479
20.479
20.481
20.483
20.479
20.479
20.481
20.478
20.479
20.478
20.483
20.482
20.481
20.482
20.479
20.482
20.480
20.480
20.480
20.481
20.483
20.480
20.482
20.479
20.481
20.482
20.481
20.480
20.480
20.482
20.482
20.483
20.482
20.480
20.482
20.480
20.485
20.482
20.484
20.480
20.483
20.481
20.481
20.479
20.481
20.483
20.480
20.482
20.482
20.482
20.482
20.480
20.481
20.482
20.481
20.481
20.480
20.481
20.481
20.482
20.480
20.481
20.481
20.480
20.483
20.481
20.481
20.479
20.481
20.480
20.479
20.479
20.481
20.482
20.478
20.479
20.480
20.478
20.479
20.481
20.477
20.479
20.479
20.479
20.478
20.479
20.480
20.479
20.480
20.477
20.476
20.479
20.480
20.476
20.476
20.478
20.478
20.480
20.480
20.476
20.479
20.478
20.479
20.478
20.476
20.477
20.477
20.479
20.476
20.476
20.476
20.476
20.477
20.476
20.478
20.478
20.476
20.476
20.477
20.478
20.476
20.476
20.476
20.473
20.477
20.476
20.476
20.476
20.476
20.475
20.477
20.475
20.475
20.475
20.476
20.476
20.474
20.476
20.472
20.474
20.475
20.472
20.475
20.474
20.477
20.475
20.476
20.477
20.474
20.475
20.477
20.474
20.477
20.476
20.475
20.475
20.472
20.473
20.475
20.475
20.472
20.474
20.475
20.474
20.472
20.473
20.471
20.472
20.473
20.473
20.473
20.475
20.473
20.475
20.474
20.474
20.473
20.473
20.472
20.471
20.474
20.474
20.474
20.473
20.472
20.471
20.473
20.471
20.472
20.474
20.473
20.473
20.472
20.472
20.472
20.473
20.471
20.473
20.472
20.472
20.474
20.474
20.473
20.474
20.471
20.471
20.474
20.473
20.473
20.470
20.472
20.473
20.474
20.472
20.471
20.475
20.471
20.469
20.472
20.471
20.471
20.472
20.472
20.471
20.471
20.473
20.470
20.471
20.471
20.470
20.474
20.473
20.470
20.470
20.472
20.471
20.471
20.471
20.472
20.472
20.472
20.473
20.471
20.472
20.473
20.473
20.472
20.474
20.473
20.473
20.472
20.472
20.472
20.472
20.471
20.472
20.471
20.474
20.473
20.471
20.474
20.471
20.473
20.472
20.473
20.473
20.473
20.473
20.473
20.472
20.473
20.473
20.474
20.472
20.472
20.470
20.472
20.474
20.474
20.472
20.471
20.473
20.474
20.473
20.472
20.473
20.471
20.473
20.470
20.472
20.472
20.472
20.472
20.471
20.472
20.473
20.474
20.473
20.471
20.471
20.472
20.472
20.473
20.472
20.472
20.473
20.473
20.471
20.472
20.470
20.471
20.472
20.472
20.474
20.473
20.474
20.471
20.474
20.473
20.471
20.475
20.472
20.471
20.473
20.474
20.473
20.473
20.473
20.471
20.472
20.472
20.470
20.473
20.471
20.473
20.472
20.472
20.473
20.470
20.470
20.470
20.471
20.470
20.473
20.473
20.471
20.472
20.474
20.469
20.470
20.472
20.471
20.471
20.472
20.474
20.470
20.472
20.472
20.471
20.472
20.471
20.471
20.470
20.473
20.473
20.471
20.474
20.471
20.470
20.469
20.469
20.469
20.470
20.470
20.471
20.470
20.470
20.469
20.471
20.472
20.470
20.471
20.472
20.471
20.470
20.471
20.472
20.471
20.471
20.470
20.470
20.471
20.470
20.469
20.470
20.469
20.468
20.469
20.470
20.469
20.473
20.470
20.470
20.472
20.469
20.465
20.468
20.469
20.468
20.468
20.467
20.470
20.469
20.469
20.469
20.467
20.468
20.468
20.468
20.467
20.468
20.468
20.468
20.469
20.465
20.468
20.468
20.467
20.466
20.468
20.466
20.469
20.467
20.467
20.467
20.466
20.468
20.465
20.467
20.466
20.468
20.467
20.467
20.465
20.465
20.466
20.466
20.467
20.467
20.468
20.468
20.467
20.465
20.465
20.467
20.466
20.466
20.467
20.466
20.466
20.466
20.464
20.465
20.464
20.466
20.463
20.465
20.467
20.465
20.467
20.466
20.462
20.463
20.464
20.466
20.466
20.462
20.465
20.463
20.465
20.463
20.465
20.465
20.464
20.465
20.466
20.464
20.466
20.463
20.463
20.465
20.463
20.462
20.463
20.464
20.464
20.464
20.464
20.465
20.464
20.464
20.463
20.463
20.465
20.463
20.461
20.464
20.461
20.462
20.461
20.460
20.461
20.460
20.462
20.462
20.461
20.464
20.463
20.462
20.461
20.462
20.458
20.459
20.462
20.461
20.461
20.461
20.460
20.460
20.461
20.458
20.462
20.462
20.461
20.462
20.463
20.461
20.459
20.459
20.460
20.462
20.459
20.460
20.460
20.461
20.458
20.459
20.459
20.459
20.461
20.459
20.460
20.460
20.461
20.461
20.459
20.458
20.458
20.460
20.459
20.460
20.458
20.460
20.459
20.459
20.458
20.458
20.458
20.458
20.459
20.458
20.457
20.457
20.462
20.457
20.460
20.459
20.456
20.458
20.457
20.458
20.457
20.457
20.456
20.456
20.455
20.457
20.456
20.457
20.457
20.458
20.457
20.457
20.458
20.457
20.457
20.455
20.456
20.457
20.458
20.456
20.457
20.458
20.456
20.457
20.457
20.458
20.456
20.456
20.457
20.455
20.455
20.457
20.456
20.457
20.454
20.457
20.453
20.455
20.455
20.453
20.454
20.452
20.455
20.455
20.456
20.454
20.455
20.455
20.453
20.454
20.454
20.456
20.453
20.453
20.456
20.456
20.455
20.457
20.454
20.455
20.454
20.453
20.456
20.453
20.455
20.453
20.452
20.453
20.455
20.456
20.454
20.456
20.452
20.454
20.453
20.454
20.453
20.454
20.452
20.454
20.454
20.453
20.453
20.454
20.455
20.455
20.451
20.452
20.452
20.454
20.454
20.452
20.454
20.452
20.451
20.453
20.452
20.454
20.451
20.451
20.451
20.450
20.454
20.454
20.452
20.452
20.452
20.449
20.453
20.451
20.452
20.452
20.452
20.452
20.451
20.451
20.449
20.449
20.451
20.451
20.450
20.451
20.450
20.449
20.449
20.452
20.453
20.450
20.452
20.450
20.450
20.450
20.449
20.449
20.450
20.449
20.452
20.451
20.448
20.450
20.450
20.448
20.452
20.448
20.449
20.448
20.448
20.451
20.450
20.447
20.448
20.452
20.450
20.450
20.449
20.448
20.447
20.449
20.446
20.450
20.449
20.450
20.451
20.451
20.450
20.448
20.447
20.450
20.449
20.447
20.447
20.448
20.450
20.450
20.450
20.448
20.450
20.446
20.448
20.448
20.449
20.448
20.448
20.448
20.448
20.446
20.449
20.449
20.446
20.449
20.445
20.447
20.447
20.447
20.446
20.447
20.448
20.447
20.448
20.448
20.448
20.448
20.447
20.446
20.447
20.447
20.444
20.447
20.449
20.449
20.446
20.447
20.447
20.447
20.447
20.444
20.446
20.448
20.447
20.447
20.446
20.447
20.446
20.447
20.444
20.444
20.445
20.447
20.446
20.443
20.445
20.445
20.445
20.443
20.447
20.446
20.445
20.444
20.445
20.446
20.444
20.446
20.445
20.444
20.444
20.445
20.442
20.446
20.443
20.444
20.446
20.444
20.445
20.444
20.446
20.444
20.447
20.443
20.445
20.442
20.444
20.444
20.442
20.443
20.442
20.445
20.444
20.444
20.446
20.444
20.444
20.443
20.442
20.442
20.443
20.440
20.443
20.442
20.442
20.442
20.443
20.443
20.440
20.442
20.441
20.443
20.442
20.442
20.443
20.443
20.445
20.439
20.441
20.443
20.443
20.439
20.442
20.441
20.442
20.443
20.441
20.441
20.443
20.443
20.441
20.441
20.441
20.442
20.442
20.441
20.440
20.441
20.442
20.442
20.442
20.442
20.443
20.442
20.441
20.441
20.439
20.441
20.438
20.442
20.439
20.439
20.440
20.441
20.440
20.440
20.440
20.439
20.439
20.440
20.440
20.440
20.438
20.440
20.438
20.439
20.440
20.443
20.440
20.440
20.439
20.441
20.440
20.440
20.438
20.438
20.439
20.438
20.439
20.438
20.437
20.438
20.439
20.438
20.438
20.439
20.437
20.439
20.437
20.437
20.436
20.439
20.435
20.438
20.436
20.437
20.437
20.437
20.438
20.436
20.437
20.438
20.437
20.437
20.436
20.438
20.436
20.437
20.439
20.435
20.436
20.438
20.436
20.436
20.436
20.435
20.435
20.436
20.436
20.437
20.436
20.436
20.433
20.436
20.436
20.435
20.437
20.436
20.437
20.435
20.436
20.434
20.436
20.435
20.436
20.435
20.433
20.436
20.433
20.435
20.434
20.434
20.432
20.436
20.434
20.434
20.434
20.437
20.434
20.434
20.436
20.435
20.435
20.436
20.434
20.435
20.436
20.433
20.433
20.435
20.434
20.433
20.434
20.435
20.435
20.435
20.434
20.433
20.435
20.434
20.432
20.433
20.433
20.433
20.434
20.435
20.433
20.434
20.435
20.433
20.432
20.435
20.434
20.434
20.434
20.432
20.432
20.434
20.435
20.433
20.436
20.431
20.433
20.433
20.432
20.433
20.433
20.431
20.434
20.434
20.434
20.430
20.432
20.433
20.433
20.432
20.432
20.433
20.430
20.434
20.431
20.430
20.432
20.433
20.433
20.432
20.432
20.431
20.434
20.431
20.433
20.432
20.432
20.433
20.432
20.433
20.431
20.432
20.431
20.430
20.433
20.432
20.429
20.430
20.430
20.431
20.429
20.428
20.431
20.429
20.429
20.428
20.430
20.431
20.429
20.431
20.431
20.430
20.430
20.429
20.428
20.431
20.432
20.430
20.428
20.428
20.427
20.429
20.428
20.430
20.427
20.428
20.429
20.428
20.429
20.426
20.429
20.429
20.430
20.430
20.427
20.429
20.431
20.430
20.430
20.430
20.430
20.429
20.429
20.429
20.428
20.429
20.430
20.428
20.429
20.427
20.427
20.428
20.427
20.428
20.427
20.427
20.427
20.428
20.426
20.427
20.426
20.428
20.427
20.429
20.428
20.427
20.428
20.428
20.429
20.427
20.428
20.429
20.426
20.428
20.426
20.429
20.426
20.427
20.427
20.426
20.426
20.427
20.428
20.427
20.427
20.427
20.427
20.427
20.425
20.424
20.426
20.425
20.426
20.425
20.425
20.425
20.424
20.426
20.427
20.426
20.425
20.424
20.424
20.426
20.426
20.425
20.427
20.425
20.425
20.426
20.427
20.428
20.425
20.426
20.424
20.425
20.428
20.426
20.424
20.425
20.426
20.424
20.427
20.423
20.427
20.425
20.425
20.425
20.426
20.426
20.427
20.427
20.424
20.424
20.424
20.426
20.424
20.427
20.424
20.425
20.426
20.425
20.425
20.425
20.424
20.426
20.425
20.424
20.424
20.424
20.425
20.423
20.425
20.425
20.426
20.423
20.422
20.422
20.422
20.425
20.424
20.426
20.425
20.422
20.425
20.422
20.423
20.425
20.424
20.425
20.424
20.422
20.424
20.422
20.426
20.423
20.427
20.424
20.423
20.422
20.423
20.424
20.422
20.425
20.421
20.423
20.422
20.422
20.423
20.423
20.423
20.419
20.423
20.424
20.422
20.422
20.420
20.422
20.423
20.420
20.421
20.422
20.420
20.422
20.422
20.425
20.422
20.421
20.423
20.420
20.422
20.421
20.424
20.420
20.422
20.421
20.422
20.420
20.421
20.422
20.425
20.424
20.423
20.421
20.422
20.422
20.421
20.422
20.422
20.421
20.420
20.424
20.422
20.422
20.420
20.423
20.422
20.422
20.422
20.421
20.422
20.423
20.421
20.422
20.421
20.420
20.415
20.420
20.419
20.420
20.420
20.419
20.419
20.419
20.420
20.419
20.422
20.419
20.420
20.420
20.421
20.421
20.422
20.417
20.418
20.420
20.420
20.420
20.421
20.421
20.420
20.420
20.421
20.418
20.421
20.419
20.418
20.421
20.422
20.420
20.419
20.421
20.419
20.421
20.418
20.421
20.420
20.419
20.421
20.422
20.422
20.419
20.420
20.420
20.418
20.422
20.418
20.419
20.418
20.420
20.421
20.420
20.421
20.417
20.420
20.419
20.421
20.422
20.418
20.422
20.422
20.418
20.419
20.420
20.422
20.420
20.421
20.421
20.419
20.417
20.418
20.418
20.418
20.419
20.419
20.419
20.421
20.416
20.416
20.419
20.420
20.419
20.417
20.419
20.416
20.419
20.418
20.420
20.417
20.417
20.419
20.417
20.418
20.418
20.420
20.421
20.419
20.417
20.420
20.418
20.419
20.419
20.419
20.418
20.418
20.419
20.418
20.415
20.417
20.416
20.420
20.416
20.419
20.417
20.418
20.418
20.419
20.420
20.419
20.416
20.418
20.417
20.418
20.418
20.421
20.417
20.419
20.419
20.418
20.419
20.419
20.420
20.417
20.419
20.419
20.420
20.416
20.416
20.417
20.419
20.416
20.418
20.417
20.419
20.417
20.416
20.417
20.418
20.418
20.419
20.418
20.416
20.419
20.420
20.418
20.418
20.420
20.417
20.419
20.419
20.418
20.416
20.418
20.420
20.416
20.419
20.417
20.417
20.420
20.421
20.415
20.417
20.419
20.417
20.416
20.418
20.415
20.421
20.418
20.417
20.416
20.417
20.418
20.421
20.421
20.418
20.416
20.418
20.420
20.418
20.416
20.419
20.419
20.418
20.416
20.414
20.420
20.414
20.415
20.417
20.416
20.418
20.418
20.420
20.420
20.418
20.421
20.419
20.418
20.419
20.422
20.423
20.423
20.424
20.424
20.426
20.426
20.426
20.426
20.428
20.429
20.429
20.428
20.430
20.430
20.432
20.430
20.431
20.431
20.434
20.432
20.435
20.436
20.433
20.437
20.438
20.438
20.437
20.438
20.440
20.439
20.440
20.443
20.440
20.444
20.442
20.444
20.444
20.442
20.446
20.447
20.447
20.446
20.446
20.449
20.447
20.449
20.448
20.450
20.452
20.452
20.452
20.451
20.452
20.453
20.453
20.451
20.453
20.456
20.456
20.456
20.456
20.455
20.456
20.458
20.459
20.456
20.458
20.458
20.459
20.460
20.459
20.459
20.462
20.460
20.460
20.460
20.460
20.461
20.461
20.463
20.461
20.461
20.463
20.465
20.462
20.463
20.464
20.465
20.465
20.465
20.467
20.467
20.467
20.469
20.466
20.467
20.467
20.469
20.466
20.468
20.468
20.469
20.467
20.470
20.468
20.468
20.470
20.467
20.469
20.470
20.471
20.469
20.470
20.471
20.471
20.470
20.472
20.470
20.472
20.471
20.473
20.471
20.472
20.473
20.473
20.474
20.473
20.474
20.473
20.474
20.473
20.471
20.473
20.471
20.474
20.473
20.473
20.475
20.474
20.475
20.475
20.474
20.473
20.475
20.473
20.475
20.473
20.475
20.473
20.475
20.473
20.471
20.474
20.474
20.474
20.475
20.474
20.475
20.475
20.475
20.475
20.476
20.477
20.473
20.475
20.473
20.476
20.476
20.477
20.476
20.476
20.475
20.475
20.476
20.474
20.476
20.474
20.476
20.478
20.475
20.477
20.475
20.477
20.476
20.476
20.478
20.478
20.476
20.476
20.475
20.475
20.476
20.474
20.474
20.478
20.476
20.475
20.477
20.477
20.476
20.476
20.476
20.477
20.478
20.476
20.475
20.475
20.478
20.475
20.477
20.478
20.477
20.476
20.477
20.477
20.476
20.476
20.476
20.474
20.477
20.476
20.477
20.477
20.475
20.476
20.477
20.477
20.474
20.474
20.477
20.478
20.476
20.476
20.477
20.477
20.477
20.477
20.476
20.478
20.475
20.475
20.479
20.476
20.476
20.478
20.477
20.474
20.477
20.474
20.477
20.476
20.475
20.475
20.473
20.477
20.472
20.473
20.477
20.475
20.477
20.475
20.474
20.475
20.475
20.476
20.477
20.474
20.473
20.476
20.474
20.476
20.475
20.477
20.476
20.475
20.474
20.476
20.475
20.476
20.474
20.473
20.475
20.475
20.476
20.474
20.474
20.474
20.475
20.475
20.473
20.474
20.476
20.474
20.472
20.474
20.473
20.475
20.474
20.474
20.475
20.477
20.476
20.476
20.475
20.474
20.474
20.475
20.474
20.473
20.473
20.476
20.475
20.473
20.475
20.474
20.472
20.474
20.475
20.472
20.474
20.474
20.473
20.473
20.474
20.474
20.473
20.472
20.474
20.473
20.473
20.475
20.474
20.471
20.471
20.473
20.474
20.473
20.473
20.473
20.473
20.471
20.472
20.473
20.473
20.472
20.473
20.471
20.471
20.474
20.472
20.474
20.474
20.472
20.473
20.472
20.472
20.474
20.473
20.473
20.471
20.474
20.473
20.473
20.474
20.470
20.471
20.473
20.473
20.472
20.473
20.470
20.472
20.471
20.474
20.472
20.473
20.473
20.472
20.472
20.470
20.470
20.471
20.473
20.472
20.470
20.472
20.472
20.471
20.473
20.467
20.472
20.471
20.469
20.471
20.469
20.470
20.470
20.470
20.471
20.471
20.472
20.470
20.471
20.471
20.468
20.468
20.474
20.471
20.469
20.468
20.468
20.471
20.470
20.471
20.470
20.471
20.469
20.470
20.470
20.470
20.469
20.469
20.469
20.470
20.468
20.470
20.468
20.468
20.468
20.471
20.469
20.469
20.471
20.469
20.469
20.469
20.470
20.469
20.469
20.469
20.470
20.470
20.470
20.469
20.469
20.469
20.470
20.468
20.469
20.469
20.468
20.469
20.469
20.470
20.468
20.468
20.467
20.468
20.468
20.467
20.468
20.469
20.468
20.469
20.469
20.467
20.466
20.470
20.468
20.467
20.466
20.468
20.469
20.469
20.469
20.466
20.468
20.469
20.469
20.470
20.468
20.469
20.468
20.467
20.470
20.465
20.467
20.468
20.466
20.467
20.469
20.469
20.466
20.468
20.464
20.468
20.467
20.467
20.467
20.468
20.468
20.467
20.468
20.467
20.466
20.468
20.466
20.465
20.467
20.468
20.465
20.468
20.466
20.468
20.465
20.468
20.467
20.464
20.466
20.469
20.466
20.465
20.466
20.466
20.465
20.465
20.467
20.466
20.467
20.467
20.464
20.467
20.466
20.467
20.466
20.465
20.465
20.463
20.467
20.467
20.467
20.466
20.465
20.465
20.464
20.465
20.466
20.467
20.465
20.467
20.465
20.468
20.464
20.464
20.464
20.464
20.465
20.467
20.467
20.465
20.466
20.464
20.466
20.466
20.467
20.466
20.464
20.466
20.466
20.465
20.462
20.463
20.465
20.465
20.465
20.463
20.466
20.466
20.465
20.466
20.464
20.465
20.464
20.465
20.464
20.467
20.464
20.464
20.464
20.465
20.464
20.463
20.466
20.464
20.464
20.465
20.465
20.466
20.464
20.465
20.464
20.465
20.465
20.466
20.465
20.464
20.461
20.465
20.465
20.461
20.464
20.464
20.462
20.461
20.464
20.465
20.460
20.462
20.463
20.464
20.464
20.463
20.463
20.459
20.464
20.464
20.463
20.462
20.465
20.464
20.464
20.462
20.461
20.462
20.464
20.462
20.463
20.462
20.462
20.463
20.462
20.464
20.461
20.463
20.462
20.464
20.462
20.462
20.462
20.464
20.463
20.461
20.463
20.465
20.462
20.461
20.462
20.463
20.461
20.463
20.462
20.461
20.460
20.463
20.460
20.462
20.460
20.464
20.461
20.464
20.461
20.463
20.461
20.462
20.462
20.463
20.459
20.462
20.463
20.461
20.461
20.462
20.461
20.462
20.461
20.463
20.463
20.461
20.461
20.461
20.461
20.462
20.464
20.462
20.460
20.460
20.463
20.463
20.461
20.460
20.462
20.460
20.462
20.460
20.458
20.460
20.461
20.458
20.461
20.460
20.460
20.459
20.461
20.459
20.459
20.461
20.460
20.458
20.460
20.459
20.460
20.460
20.461
20.460
20.464
20.462
20.459
20.462
20.464
20.460
20.460
20.460
20.461
20.459
20.460
20.459
20.459
20.462
20.459
20.461
20.462
20.463
20.460
20.461
20.459
20.460
20.460
20.460
20.460
20.460
20.459
20.460
20.460
20.461
20.461
20.460
20.461
20.459
20.458
20.457
20.459
20.456
20.457
20.457
20.458
20.457
20.460
20.461
20.458
20.462
20.458
20.458
20.460
20.460
20.459
20.457
20.459
20.461
20.458
20.459
20.460
20.461
20.459
20.460
20.458
20.461
20.458
20.459
20.460
20.461
20.457
20.459
20.460
20.458
20.459
20.457
20.461
20.461
20.461
20.457
20.460
20.459
20.459
20.460
20.458
20.459
20.458
20.459
20.458
20.459
20.458
20.457
20.459
20.456
20.457
20.459
20.458
20.459
20.457
20.456
20.458
20.458
20.457
20.457
20.459
20.457
20.457
20.458
20.455
20.457
20.459
20.456
20.459
20.457
20.457
20.457
20.458
20.458
20.458
20.458
20.458
20.457
20.457
20.458
20.457
20.458
20.460
20.460
20.456
20.457
20.457
20.458
20.456
20.458
20.457
20.461
20.457
20.458
20.458
20.457
20.458
20.457
20.461
20.458
20.458
20.457
20.458
20.459
20.458
20.457
20.458
20.456
20.457
20.457
20.456
20.456
20.454
20.455
20.457
20.453
20.457
20.455
20.459
20.456
20.455
20.457
20.457
20.455
20.457
20.457
20.458
20.455
20.457
20.457
20.456
20.457
20.458
20.456
20.458
20.457
20.456
20.456
20.457
20.455
20.458
20.456
20.459
20.457
20.456
20.457
20.459
20.457
20.458
20.456
20.454
20.456
20.456
20.456
20.455
20.456
20.456
20.456
20.457
20.456
20.457
20.459
20.455
20.455
20.456
20.457
20.456
20.457
20.456
20.459
20.456
20.456
20.456
20.455
20.455
20.458
20.456
20.456
20.457
20.455
20.458
20.458
20.456
20.457
20.454
20.456
20.456
20.454
20.454
20.454
20.455
20.456
20.454
20.456
20.455
20.456
20.456
20.455
20.456
20.454
20.455
20.454
20.456
20.455
20.454
20.454
20.455
20.455
20.456
20.457
20.455
20.453
20.453
20.455
20.455
20.454
20.455
20.453
20.456
20.456
20.455
20.456
20.453
20.453
20.452
20.454
20.455
20.453
20.456
20.457
20.458
20.453
20.454
20.456
20.454
20.455
20.453
20.456
20.456
20.454
20.457
20.457
20.454
20.454
20.456
20.456
20.453
20.457
20.456
20.454
20.455
20.456
20.456
20.454
20.455
20.455
20.455
20.455
20.456
20.455
20.455
20.455
20.455
20.455
20.455
20.456
20.454
20.456
20.454
20.453
20.455
20.455
20.455
20.455
20.452
20.453
20.455
20.454
20.454
20.455
20.453
20.454
20.453
20.454
20.455
20.455
20.455
20.455
20.453
20.457
20.456
20.454
20.455
20.453
20.457
20.454
20.457
20.455
20.456
20.454
20.454
20.455
20.454
20.453
20.454
20.454
20.454
20.457
20.455
20.455
20.455
20.455
20.454
20.455
20.456
20.453
20.451
20.454
20.456
20.455
20.453
20.454
20.453
20.454
20.458
20.455
20.454
20.454
20.455
20.456
20.456
20.455
20.453
20.455
20.454
20.453
20.452
20.454
20.453
20.453
20.451
20.451
20.452
20.452
20.452
20.452
20.453
20.453
20.451
20.451
20.452
20.451
20.455
20.455
20.453
20.453
20.453
20.452
20.450
20.450
20.454
20.455
20.452
20.454
20.453
20.452
20.453
20.453
20.453
20.451
20.454
20.455
20.454
20.453
20.453
20.453
20.452
20.453
20.454
20.453
20.453
20.455
20.454
20.453
20.452
20.453
20.453
20.453
20.453
20.453
20.454
20.454
20.451
20.452
20.452
20.450
20.451
20.453
20.453
20.450
20.452
20.452
20.453
20.451
20.453
20.452
20.452
20.451
20.453
20.452
20.452
20.451
20.450
20.450
20.452
20.453
20.449
20.450
20.452
20.451
20.452
20.450
20.452
20.453
20.453
20.451
20.449
20.451
20.452
20.452
20.448
20.452
20.451
20.451
20.452
20.453
20.449
20.454
20.451
20.453
20.450
20.451
20.452
20.451
20.452
20.452
20.452
20.451
20.452
20.451
20.451
20.452
20.452
20.455
20.452
20.452
20.452
20.452
20.451
20.451
20.451
20.451
20.452
20.452
20.450
20.450
20.452
20.450
20.452
20.451
20.452
20.450
20.450
20.450
20.449
20.451
20.452
20.452
20.450
20.451
20.452
20.449
20.452
20.449
20.453
20.450
20.451
20.449
20.451
20.452
20.452
20.453
20.451
20.448
20.452
20.453
20.451
20.450
20.451
20.451
20.452
20.451
20.451
20.452
20.452
20.450
20.452
20.450
20.453
20.452
20.451
20.451
20.449
20.450
20.453
20.451
20.453
20.452
20.451
20.449
20.452
20.449
20.453
20.455
20.452
20.452
20.450
20.449
20.451
20.449
20.450
20.450
20.452
20.450
20.450
20.449
20.452
20.449
20.450
20.452
20.450
20.451
20.451
20.451
20.451
20.450
20.451
20.452
20.452
20.450
20.451
20.451
20.451
20.451
20.449
20.451
20.451
20.449
20.450
20.449
20.447
20.451
20.449
20.451
20.449
20.450
20.449
20.450
20.452
20.451
20.448
20.449
20.448
20.449
20.450
20.448
20.451
20.450
20.450
20.450
20.449
20.450
20.448
20.449
20.452
