25.006
25.009
25.011
25.015
25.018
25.021
25.023
25.026
25.029
25.032
25.037
25.036
25.043
25.046
25.049
25.051
25.054
25.057
25.061
25.065
25.067
25.069
25.069
25.072
25.076
25.079
25.083
25.088
25.090
25.093
25.093
25.099
25.106
25.108
25.110
25.113
25.117
25.119
25.127
25.129
25.133
25.137
25.141
25.146
25.149
25.151
25.154
25.160
25.163
25.166
25.171
25.173
25.176
25.180
25.183
25.186
25.192
25.195
25.197
25.201
25.205
25.207
25.212
25.215
25.219
25.221
25.227
25.229
25.231
25.236
25.240
25.242
25.245
25.247
25.251
25.252
25.258
25.260
25.262
25.265
25.268
25.269
25.274
25.275
25.278
25.280
25.283
25.287
25.287
25.292
25.292
25.296
25.297
25.300
25.302
25.306
25.306
25.311
25.309
25.313
25.316
25.317
25.317
25.318
25.324
25.325
25.327
25.327
25.328
25.329
25.329
25.332
25.333
25.333
25.335
25.337
25.339
25.339
25.343
25.346
25.346
25.348
25.347
25.349
25.350
25.351
25.353
25.353
25.357
25.358
25.358
25.357
25.358
25.361
25.362
25.363
25.365
25.367
25.367
25.369
25.370
25.369
25.370
25.370
25.375
25.374
25.375
25.374
25.374
25.375
25.377
25.378
25.379
25.380
25.383
25.382
25.381
25.380
25.383
25.383
25.385
25.387
25.385
25.386
25.388
25.388
25.387
25.390
25.390
25.392
25.391
25.391
25.392
25.393
25.393
25.395
25.395
25.395
25.395
25.393
25.396
25.395
25.398
25.397
25.397
25.400
25.398
25.399
25.397
25.398
25.399
25.400
25.400
25.401
25.401
25.401
25.402
25.402
25.404
25.403
25.403
25.403
25.405
25.405
25.404
25.404
25.405
25.405
25.405
25.402
25.406
25.407
25.407
25.409
25.405
25.409
25.407
25.407
25.409
25.409
25.408
25.411
25.410
25.410
25.408
25.409
25.410
25.407
25.411
25.411
25.410
25.412
25.411
25.409
25.408
25.411
25.413
25.411
25.413
25.412
25.413
25.412
25.413
25.415
25.415
25.414
25.413
25.415
25.413
25.413
25.413
25.414
25.415
25.414
25.414
25.416
25.413
25.416
25.414
25.415
25.414
25.413
25.412
25.415
25.415
25.415
25.414
25.415
25.416
25.415
25.415
25.415
25.414
25.416
25.417
25.414
25.415
25.417
25.414
25.416
25.414
25.416
25.416
25.417
25.417
25.416
25.418
25.415
25.415
25.416
25.416
25.417
25.414
25.416
25.416
25.414
25.416
25.416
25.416
25.416
25.416
25.414
25.416
25.416
25.416
25.417
25.415
25.417
25.415
25.417
25.415
25.415
25.416
25.416
25.416
25.415
25.415
25.416
25.416
25.416
25.416
25.415
25.414
25.415
25.416
25.416
25.415
25.416
25.415
25.416
25.416
25.418
25.416
25.416
25.417
25.417
25.417
25.415
25.415
25.414
25.413
25.415
25.415
25.414
25.416
25.416
25.416
25.415
25.414
25.413
25.415
25.414
25.413
25.415
25.413
25.415
25.415
25.414
25.413
25.414
25.412
25.411
25.413
25.415
25.413
25.412
25.412
25.413
25.413
25.411
25.412
25.412
25.410
25.410
25.411
25.411
25.409
25.410
25.412
25.411
25.410
25.412
25.410
25.408
25.409
25.409
25.412
25.408
25.407
25.410
25.409
25.408
25.405
25.407
25.409
25.407
25.407
25.406
25.408
25.406
25.405
25.408
25.407
25.406
25.404
25.406
25.404
25.406
25.403
25.402
25.404
25.403
25.403
25.403
25.401
25.404
25.402
25.400
25.401
25.400
25.402
25.401
25.401
25.403
25.401
25.401
25.399
25.401
25.401
25.400
25.398
25.398
25.398
25.397
25.399
25.399
25.398
25.398
25.397
25.395
25.396
25.396
25.395
25.396
25.397
25.394
25.395
25.395
25.393
25.392
25.393
25.393
25.393
25.393
25.394
25.394
25.394
25.393
25.392
25.391
25.391
25.391
25.390
25.390
25.392
25.391
25.391
25.389
25.390
25.391
25.391
25.390
25.388
25.389
25.389
25.386
25.385
25.389
25.389
25.385
25.388
25.388
25.386
25.385
25.387
25.386
25.385
25.384
25.385
25.387
25.384
25.386
25.383
25.383
25.385
25.384
25.383
25.382
25.383
25.385
25.381
25.380
25.379
25.381
25.380
25.380
25.378
25.379
25.378
25.379
25.379
25.380
25.378
25.378
25.381
25.379
25.380
25.378
25.378
25.378
25.377
25.378
25.377
25.377
25.378
25.377
25.380
25.376
25.376
25.375
25.378
25.376
25.377
25.374
25.375
25.375
25.375
25.377
25.375
25.373
25.375
25.371
25.371
25.373
25.372
25.373
25.372
25.371
25.374
25.371
25.371
25.372
25.374
25.370
25.370
25.370
25.370
25.369
25.370
25.369
25.370
25.368
25.371
25.370
25.369
25.366
25.368
25.368
25.368
25.365
25.365
25.369
25.368
25.368
25.365
25.366
25.363
25.367
25.365
25.364
25.364
25.364
25.363
25.364
25.365
25.364
25.364
25.363
25.362
25.361
25.362
25.363
25.361
25.364
25.361
25.362
25.362
25.362
25.362
25.360
25.361
25.362
25.360
25.359
25.359
25.359
25.359
25.358
25.359
25.358
25.358
25.359
25.358
25.357
25.358
25.355
25.356
25.356
25.358
25.359
25.355
25.356
25.356
25.356
25.358
25.357
25.357
25.355
25.355
25.355
25.355
25.356
25.354
25.352
25.354
25.353
25.352
25.355
25.353
25.353
25.353
25.352
25.352
25.350
25.351
25.350
25.350
25.349
25.351
25.350
25.352
25.353
25.349
25.349
25.350
25.349
25.350
25.347
25.347
25.348
25.348
25.348
25.348
25.345
25.347
25.345
25.347
25.347
25.346
25.347
25.348
25.347
25.345
25.344
25.345
25.345
25.345
25.343
25.343
25.344
25.343
25.342
25.341
25.343
25.340
25.341
25.341
25.342
25.340
25.341
25.339
25.342
25.339
25.339
25.339
25.339
25.339
25.339
25.338
25.339
25.339
25.339
25.337
25.337
25.338
25.337
25.338
25.339
25.337
25.336
25.337
25.335
25.335
25.337
25.336
25.335
25.335
25.336
25.335
25.337
25.335
25.335
25.336
25.335
25.333
25.335
25.333
25.335
25.334
25.332
25.334
25.333
25.333
25.331
25.333
25.333
25.332
25.334
25.331
25.330
25.331
25.330
25.329
25.331
25.329
25.330
25.329
25.330
25.327
25.330
25.329
25.328
25.325
25.327
25.327
25.327
25.328
25.329
25.326
25.327
25.325
25.328
25.325
25.328
25.327
25.325
25.325
25.326
25.325
25.324
25.325
25.323
25.323
25.324
25.324
25.322
25.324
25.322
25.325
25.324
25.322
25.321
25.324
25.322
25.323
25.320
25.320
25.320
25.321
25.319
25.319
25.318
25.318
25.319
25.318
25.318
25.318
25.317
25.317
25.316
25.317
25.314
25.314
25.315
25.315
25.316
25.316
25.315
25.315
25.314
25.313
25.313
25.313
25.312
25.315
25.312
25.314
25.315
25.314
25.311
25.310
25.314
25.313
25.312
25.311
25.310
25.310
25.311
25.311
25.309
25.307
25.310
25.311
25.309
25.310
25.309
25.308
25.307
25.307
25.308
25.306
25.308
25.308
25.306
25.306
25.307
25.305
25.304
25.306
25.306
25.305
25.304
25.305
25.302
25.307
25.305
25.303
25.302
25.304
25.303
25.305
25.303
25.301
25.302
25.302
25.303
25.299
25.301
25.303
25.303
25.300
25.301
25.301
25.302
25.300
25.301
25.299
25.301
25.298
25.298
25.298
25.299
25.300
25.297
25.300
25.298
25.298
25.297
25.294
25.296
25.296
25.295
25.294
25.296
25.294
25.293
25.293
25.295
25.294
25.294
25.291
25.293
25.295
25.292
25.291
25.291
25.292
25.292
25.294
25.290
25.294
25.291
25.292
25.289
25.290
25.290
25.289
25.290
25.289
25.289
25.287
25.288
25.289
25.287
25.291
25.288
25.287
25.290
25.287
25.287
25.289
25.288
25.286
25.286
25.285
25.286
25.288
25.287
25.285
25.285
25.286
25.284
25.286
25.282
25.284
25.284
25.284
25.283
25.281
25.283
25.284
25.285
25.280
25.283
25.282
25.282
25.283
25.282
25.282
25.283
25.281
25.280
25.282
25.281
25.280
25.279
25.280
25.281
25.281
25.276
25.280
25.280
25.276
25.278
25.278
25.276
25.279
25.279
25.277
25.275
25.278
25.275
25.274
25.276
25.277
25.273
25.274
25.275
25.274
25.275
25.272
25.274
25.270
25.271
25.270
25.270
25.270
25.269
25.270
25.271
25.271
25.270
25.270
25.269
25.269
25.270
25.268
25.269
25.268
25.270
25.267
25.268
25.267
25.267
25.266
25.267
25.267
25.266
25.265
25.266
25.266
25.265
25.266
25.265
25.267
25.265
25.265
25.265
25.266
25.262
25.264
25.263
25.263
25.264
25.263
25.261
25.262
25.261
25.261
25.262
25.262
25.261
25.259
25.262
25.260
25.259
25.259
25.258
25.260
25.260
25.259
25.259
25.258
25.257
25.256
25.257
25.257
25.256
25.258
25.256
25.256
25.257
25.254
25.255
25.256
25.255
25.254
25.256
25.255
25.251
25.253
25.253
25.255
25.252
25.249
25.250
25.251
25.254
25.252
25.251
25.250
25.252
25.250
25.251
25.248
25.247
25.248
25.248
25.248
25.250
25.247
25.247
25.248
25.248
25.245
25.247
25.248
25.246
25.247
25.245
25.246
25.246
25.245
25.246
25.245
25.245
25.246
25.247
25.244
25.244
25.244
25.244
25.243
25.244
25.246
25.244
25.242
25.243
25.244
25.241
25.243
25.242
25.241
25.243
25.243
25.242
25.242
25.240
25.240
25.240
25.239
25.239
25.240
25.239
25.238
25.241
25.240
25.241
25.241
25.239
25.238
25.239
25.239
25.239
25.238
25.239
25.239
25.236
25.236
25.233
25.235
25.235
25.238
25.237
25.234
25.234
25.234
25.233
25.232
25.233
25.232
25.231
25.232
25.232
25.233
25.230
25.231
25.231
25.231
25.232
25.231
25.230
25.229
25.231
25.231
25.229
25.232
25.230
25.231
25.230
25.229
25.230
25.229
25.228
25.229
25.229
25.231
25.231
25.231
25.228
25.229
25.229
25.225
25.226
25.228
25.227
25.228
25.227
25.228
25.229
25.226
25.225
25.224
25.227
25.226
25.226
25.225
25.225
25.225
25.226
25.227
25.224
25.226
25.226
25.225
25.224
25.224
25.224
25.224
25.224
25.224
25.225
25.223
25.225
25.224
25.224
25.222
25.222
25.222
25.224
25.223
25.222
25.221
25.221
25.223
25.222
25.221
25.221
25.223
25.221
25.222
25.221
25.221
25.222
25.224
25.220
25.221
25.220
25.222
25.216
25.221
25.219
25.220
25.220
25.220
25.220
25.221
25.221
25.219
25.219
25.219
25.217
25.219
25.216
25.219
25.219
25.217
25.217
25.217
25.218
25.218
25.216
25.215
25.218
25.217
25.219
25.219
25.216
25.218
25.216
25.215
25.218
25.216
25.219
25.219
25.218
25.217
25.219
25.216
25.216
25.217
25.216
25.218
25.216
25.217
25.217
25.215
25.215
25.217
25.215
25.216
25.216
25.217
25.217
25.215
25.217
25.213
25.213
25.214
25.213
25.213
25.214
25.216
25.213
25.214
25.211
25.214
25.214
25.213
25.213
25.215
25.215
25.215
25.215
25.213
25.214
25.213
25.215
25.216
25.213
25.214
25.213
25.214
25.214
25.213
25.214
25.212
25.214
25.214
25.214
25.213
25.214
25.214
25.216
25.213
25.213
25.210
25.213
25.214
25.214
25.216
25.214
25.213
25.215
25.214
25.212
25.213
25.214
25.211
25.214
25.211
25.212
25.211
25.213
25.211
25.212
25.213
25.213
25.212
25.213
25.210
25.214
25.212
25.214
25.215
25.212
25.211
25.211
25.211
25.210
25.213
25.213
25.212
25.212
25.211
25.212
25.213
25.211
25.212
25.208
25.213
25.213
25.212
25.209
25.213
25.210
25.212
25.210
25.209
25.212
25.211
25.213
25.212
25.212
25.213
25.211
25.213
25.211
25.212
25.213
25.214
25.209
25.212
25.214
25.211
25.212
25.213
25.211
25.212
25.211
25.213
25.212
25.213
25.211
25.212
25.212
25.215
25.212
25.211
25.214
25.213
25.213
25.210
25.210
25.212
25.213
25.215
25.212
25.213
25.213
25.211
25.212
25.213
25.214
25.214
25.213
25.209
25.212
25.213
25.214
25.212
25.216
25.212
25.215
25.216
25.213
25.215
25.212
25.211
25.212
25.211
25.213
25.209
25.213
25.213
25.214
25.214
25.214
25.213
25.213
25.214
25.213
25.213
25.214
25.213
25.213
25.215
25.214
25.216
25.214
25.214
25.216
25.213
25.216
25.215
25.217
25.215
25.215
25.214
25.214
25.216
25.214
25.214
25.216
25.214
25.217
25.216
25.216
25.214
25.214
25.215
25.216
25.215
25.214
25.217
25.219
25.215
25.215
25.216
25.216
25.216
25.217
25.216
25.217
25.216
25.217
25.217
25.216
25.214
25.217
25.215
25.215
25.215
25.217
25.217
25.218
25.218
25.217
25.215
25.217
25.217
25.218
25.216
25.217
25.217
25.217
25.218
25.217
25.218
25.215
25.216
25.218
25.215
25.218
25.217
25.219
25.217
25.218
25.218
25.217
25.216
25.220
25.219
25.216
25.217
25.219
25.219
25.219
25.219
25.218
25.216
25.216
25.221
25.218
25.218
25.219
25.217
25.220
25.220
25.219
25.218
25.217
25.219
25.220
25.218
25.219
25.219
25.219
25.219
25.216
25.218
25.219
25.218
25.217
25.217
25.218
25.219
25.217
25.218
25.217
25.218
25.218
25.219
25.219
25.217
25.218
25.219
25.219
25.217
25.221
25.220
25.221
25.218
25.220
25.219
25.218
25.219
25.220
25.219
25.219
25.219
25.219
25.219
25.217
25.218
25.220
25.218
25.220
25.219
25.218
25.222
25.219
25.217
25.220
25.218
25.219
25.219
25.218
25.219
25.220
25.220
25.218
25.218
25.219
25.220
25.219
25.218
25.218
25.220
25.218
25.219
25.221
25.218
25.219
25.220
25.219
25.222
25.217
25.218
25.219
25.221
25.221
25.220
25.220
25.219
25.222
25.218
25.219
25.219
25.217
25.218
25.218
25.218
25.219
25.218
25.220
25.218
25.217
25.220
25.219
25.219
25.219
25.218
25.220
25.220
25.217
25.220
25.218
25.220
25.220
25.220
25.219
25.220
25.221
25.220
25.218
25.219
25.218
25.219
25.218
25.221
25.219
25.218
25.221
25.220
25.219
25.221
25.218
25.218
25.221
25.220
25.220
25.218
25.218
25.218
25.221
25.220
25.218
25.218
25.221
25.217
25.218
25.220
25.220
25.218
25.219
25.219
25.218
25.218
25.217
25.218
25.218
25.220
25.218
25.220
25.219
25.219
25.220
25.219
25.218
25.218
25.219
25.218
25.217
25.222
25.218
25.218
25.218
25.217
25.218
25.220
25.219
25.220
25.219
25.216
25.217
25.218
25.219
25.219
25.217
25.217
25.220
25.219
25.220
25.217
25.218
25.217
25.218
25.219
25.218
25.217
25.219
25.219
25.219
25.220
25.220
25.217
25.218
25.220
25.219
25.218
25.220
25.220
25.220
25.219
25.219
25.218
25.217
25.219
25.219
25.220
25.219
25.220
25.220
25.217
25.219
25.220
25.218
25.217
25.219
25.220
25.220
25.219
25.219
25.217
25.220
25.219
25.219
25.218
25.219
25.218
25.220
25.216
25.219
25.220
25.220
25.218
25.219
25.219
25.219
25.218
25.219
25.219
25.217
25.218
25.219
25.218
25.218
25.219
25.220
25.219
25.221
25.220
25.219
25.220
25.218
25.220
25.218
25.219
25.219
25.219
25.220
25.220
25.218
25.218
25.221
25.220
25.219
25.220
25.217
25.218
25.220
25.221
25.220
25.219
25.218
25.217
25.218
25.222
25.220
25.219
25.219
25.221
25.219
25.219
25.219
25.220
25.219
25.220
25.218
25.221
25.221
25.218
25.221
25.217
25.222
25.220
25.219
25.218
25.220
25.219
25.220
25.220
25.219
25.220
25.221
25.218
25.218
25.219
25.219
25.221
25.218
25.218
25.218
25.219
25.218
25.220
25.220
25.218
25.221
25.220
25.220
25.221
25.220
25.221
25.219
25.222
25.222
25.220
25.220
25.220
25.220
25.220
25.220
25.222
25.220
25.222
25.223
25.221
25.221
25.221
25.222
25.221
25.222
25.222
25.221
25.220
25.222
25.219
25.222
25.220
25.221
25.220
25.220
25.221
25.219
25.222
25.219
25.222
25.220
25.221
25.222
25.220
25.220
25.222
25.219
25.219
25.220
25.222
25.224
25.222
25.224
25.222
25.221
25.222
25.221
25.221
25.220
25.220
25.222
25.220
25.220
25.220
25.223
25.222
25.221
25.221
25.223
25.222
25.221
25.221
25.222
25.221
25.222
25.220
25.221
25.219
25.221
25.223
25.218
25.222
25.222
25.223
25.221
25.222
25.220
25.221
25.222
25.224
25.219
25.221
25.220
25.220
25.224
25.220
25.221
25.221
25.222
25.222
25.221
25.222
25.222
25.224
25.221
25.220
25.222
25.223
25.221
25.221
25.223
25.220
25.222
25.223
25.220
25.221
25.221
25.221
25.222
25.222
25.222
25.222
25.224
25.220
25.222
25.220
25.220
25.222
25.225
25.222
25.223
25.222
25.222
25.222
25.223
25.224
25.221
25.221
25.223
25.222
25.223
25.222
25.221
25.221
25.222
25.221
25.221
25.224
25.222
25.222
25.224
25.221
25.221
25.220
25.221
25.223
25.221
25.224
25.223
25.222
25.222
25.221
25.221
25.222
25.221
25.222
25.220
25.223
25.223
25.223
25.222
25.223
25.222
25.222
25.221
25.221
25.221
25.221
25.222
25.223
25.223
25.225
25.224
25.223
25.223
25.225
25.223
25.223
25.222
25.224
25.223
25.222
25.222
25.221
25.221
25.221
25.221
25.223
25.220
25.222
25.222
25.222
25.224
25.223
25.220
25.222
25.223
25.223
25.222
25.221
25.222
25.223
25.221
25.221
25.221
25.222
25.220
25.222
25.221
25.221
25.221
25.223
25.223
25.223
25.223
25.223
25.220
25.222
25.220
25.221
25.223
25.223
25.223
25.223
25.225
25.223
25.222
25.223
25.222
25.221
25.223
25.225
25.221
25.221
25.224
25.223
25.221
25.223
25.223
25.223
25.221
25.223
25.221
25.221
25.223
25.223
25.223
25.222
25.221
25.222
25.223
25.221
25.220
25.221
25.222
25.221
25.224
25.223
25.222
25.223
25.223
25.224
25.222
25.223
25.223
25.223
25.220
25.221
25.223
25.223
25.223
25.220
25.222
25.222
25.222
25.222
25.223
25.224
25.221
25.222
25.221
25.222
25.223
25.222
25.222
25.221
25.221
25.223
25.221
25.221
25.221
25.222
25.224
25.222
25.222
25.223
25.223
25.224
25.227
25.223
25.224
25.222
25.223
25.222
25.224
25.225
25.222
25.223
25.222
25.222
25.223
25.223
25.222
25.222
25.223
25.221
25.222
25.222
25.221
25.224
25.224
25.225
25.222
25.223
25.224
25.223
25.223
25.223
25.224
25.221
25.223
25.223
25.222
25.223
25.224
25.223
25.222
25.225
25.222
25.222
25.223
25.223
25.222
25.221
25.223
25.224
25.222
25.223
25.222
25.222
25.221
25.223
25.220
25.222
25.221
25.224
25.222
25.224
25.224
25.223
25.222
25.222
25.222
25.222
25.223
25.224
25.224
25.222
25.226
25.224
25.220
25.222
25.222
25.221
25.224
25.223
25.224
25.223
25.224
25.223
25.223
25.222
25.222
25.223
25.223
25.224
25.223
25.223
25.224
25.222
25.223
25.222
25.224
25.223
25.223
25.222
25.220
25.223
25.223
25.222
25.222
25.223
25.222
25.222
25.223
25.223
25.221
25.223
25.222
25.222
25.223
25.223
25.225
25.224
25.222
25.222
25.223
25.221
25.222
25.222
25.220
25.223
25.220
25.221
25.221
25.221
25.223
25.222
25.222
25.221
25.222
25.223
25.223
25.220
25.224
25.222
25.221
25.222
25.222
25.221
25.221
25.222
25.222
25.222
25.222
25.223
25.221
25.221
25.224
25.224
25.223
25.222
25.223
25.221
25.222
25.221
25.221
25.220
25.221
25.223
25.222
25.221
25.220
25.221
25.221
25.221
25.220
25.221
25.222
25.221
25.221
25.222
25.222
25.221
25.222
25.222
25.220
25.220
25.222
25.221
25.223
25.220
25.222
25.222
25.221
25.221
25.221
25.220
25.222
25.222
25.220
25.222
25.222
25.222
25.218
25.221
25.222
25.220
25.221
25.219
25.222
25.223
25.220
25.221
25.222
25.221
25.222
25.221
25.221
25.219
25.220
25.222
25.221
25.219
25.221
25.220
25.221
25.221
25.221
25.221
25.220
25.221
25.220
25.221
25.220
25.220
25.221
25.221
25.220
25.219
25.221
25.221
25.219
25.221
25.218
25.221
25.220
25.221
25.217
25.222
25.220
25.223
25.221
25.220
25.221
25.218
25.220
25.218
25.220
25.221
25.220
25.220
25.219
25.218
25.221
25.219
25.218
25.219
25.220
25.220
25.220
25.216
25.219
25.219
25.221
25.218
25.220
25.219
25.217
25.218
25.219
25.217
25.220
25.220
25.220
25.220
25.221
25.221
25.221
25.221
25.220
25.220
25.221
25.220
25.218
25.221
25.218
25.220
25.221
25.220
25.220
25.218
25.218
25.218
25.217
25.218
25.217
25.220
25.220
25.220
25.219
25.217
25.218
25.220
25.219
25.216
25.218
25.217
25.218
25.218
25.218
25.216
25.219
25.219
25.217
25.217
25.218
25.218
25.216
25.218
25.218
25.218
25.218
25.219
25.216
25.218
25.217
25.218
25.216
25.217
25.217
25.217
25.215
25.217
25.217
25.218
25.217
25.217
25.217
25.217
25.217
25.220
25.215
25.218
25.215
25.215
25.219
25.217
25.216
25.217
25.217
25.215
25.214
25.217
25.217
25.216
25.217
25.217
25.216
25.216
25.216
25.215
25.217
25.214
25.217
25.217
25.217
25.214
25.217
25.216
25.215
25.215
25.216
25.215
25.214
25.215
25.214
25.213
25.215
25.214
25.215
25.214
25.214
25.214
25.215
25.214
25.214
25.213
25.213
25.213
25.214
25.212
25.214
25.214
25.214
25.215
25.212
25.215
25.214
25.215
25.214
25.215
25.214
25.214
25.214
25.215
25.215
25.212
25.213
25.214
25.214
25.213
25.213
25.214
25.213
25.213
25.213
25.213
25.214
25.211
25.209
25.210
25.213
25.211
25.212
25.213
25.213
25.213
25.212
25.210
25.213
25.211
25.212
25.212
25.213
25.210
25.212
25.211
25.211
25.210
25.210
25.211
25.212
25.211
25.209
25.209
25.209
25.212
25.210
25.210
25.209
25.209
25.211
25.209
25.207
25.208
25.209
25.211
25.212
25.211
25.209
25.212
25.208
25.211
25.209
25.208
25.210
25.210
25.208
25.208
25.207
25.209
25.209
25.208
25.209
25.208
25.210
25.208
25.207
25.208
25.208
25.210
25.206
25.206
25.207
25.206
25.207
25.208
25.207
25.208
25.205
25.207
25.207
25.206
25.208
25.205
25.206
25.206
25.205
25.207
25.207
25.206
25.204
25.206
25.206
25.204
25.207
25.207
25.209
25.208
25.207
25.207
25.204
25.206
25.207
25.208
25.206
25.206
25.208
25.207
25.207
25.203
25.206
25.206
25.207
25.206
25.206
25.205
25.206
25.205
25.205
25.204
25.205
25.204
25.204
25.203
25.205
25.204
25.206
25.205
25.204
25.204
25.204
25.204
25.202
25.205
25.202
25.203
25.203
25.202
25.203
25.204
25.204
25.204
25.204
25.203
25.204
25.206
25.204
25.203
25.204
25.203
25.204
25.204
25.200
25.203
25.204
25.203
25.203
25.201
25.202
25.200
25.203
25.202
25.202
25.203
25.202
25.203
25.203
25.202
25.202
25.200
25.200
25.199
25.200
25.202
25.202
25.202
25.199
25.201
25.201
25.201
25.200
25.199
25.200
25.201
25.200
25.200
25.201
25.202
25.202
25.201
25.201
25.200
25.201
25.200
25.201
25.200
25.201
25.201
25.198
25.200
25.198
25.200
25.199
25.200
25.199
25.199
25.200
25.199
25.199
25.196
25.199
25.198
25.197
25.197
25.199
25.197
25.198
25.200
25.198
25.199
25.198
25.200
25.199
25.196
25.197
25.198
25.198
25.199
25.198
25.197
25.198
25.197
25.197
25.195
25.197
25.197
25.198
25.198
25.196
25.197
25.199
25.198
25.196
25.199
25.198
25.196
25.198
25.195
25.196
25.198
25.195
25.197
25.196
25.196
25.196
25.197
25.196
25.196
25.198
25.197
25.196
25.193
25.193
25.196
25.194
25.194
25.194
25.197
25.195
25.196
25.196
25.196
25.194
25.194
25.194
25.195
25.195
25.193
25.194
25.194
25.194
25.193
25.194
25.195
25.193
25.193
25.192
25.194
25.191
25.195
25.194
25.192
25.193
25.195
25.195
25.191
25.195
25.191
25.194
25.192
25.195
25.191
25.193
25.191
25.190
25.192
25.193
25.193
25.197
25.192
25.195
25.190
25.194
25.192
25.192
25.193
25.193
25.196
25.193
25.191
25.192
25.190
25.191
25.194
25.193
25.193
25.192
25.193
25.190
25.192
25.193
25.192
25.189
25.189
25.191
25.192
25.192
25.189
25.188
25.190
25.191
25.189
25.189
25.190
25.189
25.190
25.189
25.191
25.188
25.187
25.189
25.188
25.188
25.190
25.187
25.188
25.188
25.188
25.186
25.190
25.188
25.187
25.189
25.189
25.186
25.188
25.188
25.186
25.189
25.186
25.188
25.188
25.186
25.189
25.186
25.188
25.186
25.188
25.186
25.185
25.187
25.185
25.186
25.185
25.187
25.186
25.184
25.185
25.187
25.188
25.186
25.185
25.186
25.185
25.184
25.187
25.184
25.187
25.185
25.184
25.185
25.187
25.184
25.183
25.183
25.184
25.184
25.187
25.183
25.184
25.184
25.185
25.182
25.184
25.185
25.183
25.186
25.185
25.184
25.184
25.183
25.183
25.183
25.184
25.184
25.183
25.183
25.185
25.183
25.181
25.185
25.182
25.183
25.180
25.180
25.184
25.181
25.181
25.183
25.182
25.182
25.182
25.182
25.181
25.180
25.181
25.181
25.182
25.181
25.180
25.180
25.179
25.180
25.180
25.180
25.179
25.180
25.180
25.180
25.181
25.178
25.181
25.177
25.179
25.178
25.178
25.180
25.179
25.178
25.178
25.178
25.178
25.178
25.180
25.178
25.180
25.180
25.178
25.178
25.178
25.179
25.177
25.177
25.178
25.180
25.180
25.177
25.179
25.179
25.177
25.177
25.174
25.176
25.176
25.178
25.177
25.178
25.180
25.177
25.178
25.176
25.177
25.179
25.176
25.178
25.176
25.177
25.177
25.176
25.174
25.176
25.175
25.175
25.177
25.176
25.176
25.175
25.174
25.175
25.173
25.176
25.175
25.175
25.177
25.176
25.175
25.174
25.176
25.174
25.175
25.176
25.174
25.174
25.177
25.176
25.175
25.174
25.178
25.173
25.172
25.173
25.175
25.176
25.175
25.174
25.173
25.175
25.173
25.172
25.175
25.173
25.173
25.172
25.174
25.173
25.174
25.173
25.173
25.173
25.174
25.172
25.174
25.175
25.174
25.174
25.174
25.175
25.174
25.173
25.174
25.173
25.175
25.173
25.173
25.173
25.173
25.172
25.174
25.173
25.172
25.173
25.175
25.171
25.171
25.173
25.174
25.173
25.172
25.173
25.174
25.176
25.173
25.172
25.173
25.174
25.173
25.173
25.169
25.172
25.172
25.174
25.173
25.172
25.173
25.170
25.171
25.173
25.170
25.169
25.172
25.173
25.171
25.171
25.172
25.171
25.173
25.172
25.170
25.176
25.174
25.171
25.171
25.169
25.173
25.171
25.172
25.171
25.171
25.171
25.171
25.169
25.170
25.172
25.171
25.173
25.171
25.171
25.173
25.172
25.171
25.170
25.171
25.172
25.169
25.169
25.171
25.171
25.172
25.170
25.169
25.170
25.172
25.170
25.171
25.170
25.171
25.170
25.169
25.172
25.171
25.170
25.169
25.170
25.170
25.169
25.170
25.169
25.171
25.171
25.172
25.169
25.170
25.169
25.171
25.170
25.171
25.169
25.170
25.171
25.170
25.171
25.171
25.170
25.170
25.171
25.171
25.171
25.172
25.171
25.170
25.170
25.170
25.169
25.168
25.170
25.170
25.169
25.170
25.168
25.171
25.169
25.170
25.168
25.170
25.170
25.171
25.169
25.169
25.169
25.168
25.169
25.170
25.170
25.168
25.170
25.171
25.170
25.169
25.171
25.170
25.169
25.169
25.170
25.170
25.169
25.169
25.170
25.169
25.171
25.171
25.171
25.170
25.171
25.170
25.170
25.169
25.168
25.169
25.169
25.169
25.171
25.169
25.170
25.168
25.170
25.168
25.168
25.168
25.169
25.167
25.168
25.170
25.171
25.168
25.169
25.169
25.170
25.169
25.169
25.169
25.171
25.169
25.169
25.171
25.169
25.167
25.166
25.168
25.168
25.170
25.170
25.168
25.171
25.169
25.169
25.171
25.170
25.169
25.170
25.171
25.172
25.172
25.173
25.172
25.172
25.175
25.173
25.174
25.176
25.177
25.176
25.179
25.179
25.179
25.180
25.182
25.181
25.183
25.186
25.186
25.185
25.188
25.189
25.187
25.187
25.190
25.190
25.192
25.190
25.192
25.194
25.195
25.198
25.197
25.197
25.199
25.199
25.200
25.200
25.202
25.200
25.202
25.203
25.205
25.203
25.204
25.205
25.206
25.209
25.208
25.209
25.212
25.211
25.211
25.212
25.215
25.212
25.215
25.217
25.218
25.215
25.218
25.218
25.219
25.220
25.221
25.220
25.222
25.224
25.226
25.225
25.225
25.227
25.225
25.227
25.226
25.229
25.227
25.230
25.230
25.231
25.233
25.233
25.235
25.233
25.235
25.235
25.235
