30.010
30.014
30.017
30.021
30.024
30.031
30.033
30.038
30.042
30.047
30.052
30.054
30.057
30.061
30.065
30.070
30.075
30.073
30.083
30.086
30.090
30.096
30.098
30.102
30.105
30.109
30.114
30.117
30.123
30.126
30.129
30.136
30.138
30.143
30.146
30.148
30.149
30.153
30.160
30.162
30.163
30.167
30.172
30.173
30.175
30.180
30.185
30.186
30.191
30.195
30.193
30.198
30.199
30.204
30.205
30.210
30.210
30.214
30.216
30.217
30.220
30.224
30.225
30.225
30.231
30.232
30.233
30.234
30.237
30.240
30.237
30.239
30.243
30.245
30.246
30.248
30.253
30.251
30.253
30.253
30.257
30.259
30.261
30.261
30.263
30.265
30.264
30.267
30.267
30.270
30.270
30.273
30.273
30.274
30.274
30.277
30.277
30.280
30.280
30.281
30.280
30.282
30.281
30.284
30.283
30.285
30.288
30.286
30.286
30.287
30.290
30.289
30.289
30.289
30.292
30.292
30.294
30.291
30.294
30.292
30.295
30.295
30.296
30.296
30.296
30.297
30.298
30.298
30.299
30.301
30.301
30.301
30.301
30.303
30.302
30.302
30.304
30.301
30.305
30.305
30.306
30.307
30.306
30.306
30.306
30.307
30.310
30.309
30.310
30.313
30.310
30.308
30.308
30.309
30.310
30.310
30.311
30.311
30.312
30.313
30.311
30.311
30.313
30.311
30.311
30.311
30.313
30.314
30.313
30.314
30.311
30.314
30.310
30.310
30.316
30.312
30.312
30.316
30.312
30.313
30.314
30.314
30.316
30.314
30.317
30.315
30.315
30.313
30.315
30.314
30.316
30.315
30.317
30.312
30.315
30.318
30.317
30.315
30.317
30.314
30.318
30.317
30.317
30.315
30.316
30.316
30.317
30.317
30.316
30.314
30.317
30.317
30.317
30.317
30.316
30.317
30.317
30.317
30.314
30.316
30.317
30.316
30.318
30.317
30.318
30.317
30.319
30.316
30.316
30.316
30.321
30.317
30.318
30.317
30.321
30.315
30.320
30.318
30.319
30.320
30.320
30.317
30.318
30.319
30.319
30.319
30.319
30.319
30.318
30.319
30.318
30.318
30.319
30.318
30.318
30.319
30.316
30.315
30.319
30.317
30.317
30.318
30.316
30.319
30.316
30.315
30.316
30.314
30.316
30.314
30.313
30.315
30.314
30.314
30.315
30.313
30.315
30.312
30.313
30.313
30.314
30.314
30.313
30.311
30.313
30.312
30.313
30.309
30.311
30.310
30.309
30.312
30.311
30.311
30.310
30.312
30.312
30.311
30.308
30.309
30.306
30.308
30.309
30.309
30.308
30.307
30.307
30.310
30.306
30.306
30.304
30.307
30.307
30.307
30.305
30.307
30.303
30.302
30.305
30.305
30.304
30.303
30.304
30.302
30.303
30.299
30.302
30.302
30.300
30.300
30.304
30.301
30.302
30.300
30.301
30.301
30.301
30.300
30.300
30.300
30.300
30.299
30.300
30.298
30.300
30.299
30.297
30.297
30.298
30.299
30.299
30.296
30.298
30.298
30.297
30.298
30.295
30.298
30.299
30.298
30.296
30.296
30.296
30.297
30.294
30.296
30.295
30.295
30.294
30.294
30.293
30.292
30.291
30.293
30.294
30.293
30.293
30.292
30.294
30.293
30.293
30.291
30.292
30.292
30.290
30.291
30.292
30.288
30.291
30.288
30.288
30.290
30.288
30.289
30.289
30.289
30.287
30.286
30.289
30.290
30.287
30.290
30.287
30.286
30.287
30.287
30.285
30.287
30.286
30.285
30.284
30.286
30.284
30.287
30.284
30.284
30.284
30.284
30.284
30.283
30.283
30.284
30.283
30.282
30.284
30.284
30.284
30.282
30.281
30.282
30.283
30.282
30.280
30.282
30.279
30.280
30.281
30.279
30.277
30.277
30.274
30.277
30.277
30.278
30.276
30.276
30.275
30.275
30.274
30.274
30.276
30.276
30.276
30.273
30.274
30.273
30.274
30.271
30.273
30.271
30.271
30.271
30.273
30.270
30.270
30.270
30.267
30.269
30.269
30.270
30.268
30.266
30.266
30.269
30.267
30.266
30.265
30.266
30.265
30.265
30.263
30.264
30.263
30.261
30.264
30.263
30.260
30.262
30.262
30.262
30.260
30.262
30.261
30.260
30.260
30.260
30.262
30.257
30.259
30.259
30.259
30.256
30.256
30.257
30.257
30.258
30.258
30.256
30.255
30.255
30.255
30.255
30.255
30.252
30.253
30.256
30.254
30.253
30.255
30.254
30.253
30.250
30.251
30.253
30.253
30.251
30.249
30.250
30.251
30.251
30.247
30.248
30.247
30.248
30.248
30.249
30.246
30.248
30.246
30.246
30.245
30.245
30.247
30.246
30.247
30.243
30.247
30.247
30.243
30.243
30.245
30.244
30.245
30.243
30.245
30.244
30.243
30.242
30.242
30.242
30.241
30.243
30.241
30.239
30.242
30.242
30.242
30.241
30.242
30.240
30.238
30.241
30.240
30.240
30.241
30.240
30.239
30.240
30.239
30.238
30.238
30.237
30.238
30.238
30.236
30.235
30.237
30.237
30.236
30.236
30.236
30.233
30.235
30.236
30.236
30.234
30.236
30.235
30.235
30.232
30.233
30.233
30.233
30.234
30.233
30.233
30.233
30.234
30.233
30.230
30.231
30.233
30.232
30.232
30.232
30.230
30.229
30.231
30.231
30.230
30.230
30.230
30.230
30.233
30.230
30.229
30.231
30.229
30.228
30.226
30.228
30.225
30.226
30.226
30.227
30.225
30.226
30.226
30.227
30.226
30.224
30.223
30.222
30.222
30.222
30.222
30.223
30.222
30.223
30.222
30.220
30.223
30.221
30.221
30.220
30.220
30.220
30.218
30.221
30.217
30.219
30.219
30.218
30.216
30.216
30.218
30.217
30.215
30.216
30.216
30.217
30.218
30.212
30.217
30.213
30.213
30.214
30.213
30.213
30.214
30.213
30.213
30.212
30.211
30.211
30.211
30.210
30.212
30.211
30.209
30.209
30.209
30.207
30.207
30.208
30.207
30.207
30.206
30.206
30.209
30.207
30.206
30.204
30.203
30.205
30.204
30.204
30.204
30.201
30.204
30.204
30.203
30.203
30.201
30.201
30.201
30.201
30.198
30.199
30.201
30.198
30.200
30.199
30.196
30.196
30.196
30.199
30.197
30.195
30.196
30.197
30.194
30.193
30.194
30.196
30.193
30.193
30.192
30.193
30.193
30.191
30.192
30.191
30.191
30.191
30.192
30.190
30.190
30.190
30.189
30.187
30.189
30.190
30.189
30.186
30.188
30.187
30.187
30.187
30.185
30.187
30.186
30.187
30.184
30.185
30.183
30.186
30.184
30.184
30.181
30.181
30.184
30.179
30.180
30.180
30.178
30.181
30.179
30.179
30.176
30.176
30.176
30.177
30.178
30.178
30.176
30.175
30.177
30.172
30.174
30.172
30.172
30.173
30.174
30.174
30.171
30.171
30.172
30.169
30.171
30.169
30.169
30.169
30.168
30.170
30.167
30.168
30.167
30.168
30.169
30.167
30.167
30.167
30.164
30.166
30.166
30.164
30.163
30.165
30.165
30.162
30.163
30.164
30.161
30.163
30.160
30.158
30.160
30.160
30.158
30.160
30.159
30.158
30.159
30.156
30.155
30.156
30.155
30.156
30.153
30.155
30.153
30.153
30.155
30.155
30.155
30.153
30.152
30.154
30.152
30.153
30.150
30.152
30.152
30.151
30.149
30.149
30.148
30.149
30.148
30.146
30.149
30.148
30.148
30.148
30.146
30.146
30.147
30.145
30.148
30.145
30.147
30.146
30.146
30.146
30.145
30.145
30.143
30.142
30.145
30.144
30.145
30.143
30.142
30.142
30.145
30.142
30.142
30.142
30.141
30.139
30.142
30.141
30.142
30.142
30.141
30.137
30.138
30.139
30.139
30.138
30.138
30.141
30.140
30.136
30.139
30.135
30.136
30.135
30.137
30.137
30.136
30.135
30.137
30.136
30.135
30.132
30.135
30.133
30.134
30.132
30.133
30.133
30.133
30.133
30.133
30.135
30.131
30.133
30.129
30.131
30.132
30.131
30.132
30.133
30.131
30.131
30.128
30.127
30.131
30.128
30.129
30.128
30.130
30.127
30.129
30.127
30.126
30.126
30.127
30.127
30.129
30.126
30.125
30.125
30.125
30.122
30.125
30.126
30.124
30.125
30.124
30.124
30.124
30.124
30.123
30.121
30.123
30.124
30.124
30.121
30.121
30.123
30.120
30.122
30.120
30.121
30.122
30.120
30.120
30.119
30.120
30.119
30.120
30.123
30.120
30.120
30.120
30.119
30.120
30.120
30.119
30.116
30.119
30.119
30.117
30.118
30.116
30.118
30.120
30.117
30.116
30.116
30.115
30.115
30.121
30.119
30.114
30.117
30.117
30.116
30.115
30.115
30.117
30.118
30.117
30.114
30.115
30.116
30.114
30.115
30.114
30.114
30.114
30.116
30.114
30.111
30.115
30.114
30.113
30.111
30.112
30.114
30.112
30.112
30.112
30.113
30.112
30.112
30.109
30.113
30.111
30.109
30.112
30.110
30.112
30.112
30.110
30.108
30.112
30.107
30.111
30.109
30.109
30.108
30.107
30.109
30.109
30.108
30.110
30.108
30.111
30.106
30.109
30.108
30.107
30.109
30.109
30.108
30.107
30.109
30.108
30.108
30.108
30.107
30.106
30.104
30.107
30.109
30.106
30.106
30.109
30.105
30.109
30.106
30.108
30.105
30.105
30.106
30.105
30.106
30.106
30.107
30.104
30.107
30.107
30.106
30.103
30.103
30.105
30.105
30.104
30.105
30.104
30.104
30.104
30.103
30.105
30.104
30.105
30.104
30.103
30.103
30.103
30.103
30.103
30.102
30.104
30.101
30.104
30.102
30.101
30.102
30.102
30.104
30.102
30.103
30.102
30.101
30.102
30.102
30.100
30.102
30.104
30.099
30.101
30.102
30.103
30.100
30.102
30.102
30.103
30.103
30.102
30.098
30.103
30.102
30.104
30.101
30.101
30.102
30.099
30.102
30.104
30.100
30.103
30.101
30.100
30.100
30.101
30.101
30.101
30.100
30.100
30.101
30.099
30.101
30.101
30.101
30.102
30.101
30.101
30.101
30.102
30.101
30.099
30.100
30.098
30.098
30.100
30.101
30.100
30.100
30.098
30.101
30.099
30.099
30.099
30.099
30.100
30.098
30.101
30.100
30.101
30.101
30.100
30.100
30.099
30.101
30.100
30.100
30.100
30.097
30.100
30.099
30.100
30.099
30.101
30.100
30.099
30.099
30.100
30.098
30.100
30.099
30.099
30.099
30.100
30.100
30.101
30.101
30.100
30.101
30.100
30.100
30.101
30.100
30.098
30.099
30.100
30.099
30.096
30.099
30.097
30.098
30.099
30.098
30.100
30.098
30.099
30.098
30.097
30.100
30.100
30.099
30.097
30.101
30.099
30.099
30.099
30.101
30.099
30.100
30.098
30.098
30.098
30.100
30.100
30.099
30.098
30.099
30.097
30.098
30.100
30.100
30.099
30.100
30.098
30.100
30.098
30.099
30.100
30.099
30.100
30.098
30.101
30.100
30.100
30.097
30.098
30.101
30.099
30.099
30.097
30.098
30.099
30.098
30.099
30.097
30.100
30.099
30.099
30.100
30.096
30.097
30.098
30.098
30.097
30.099
30.100
30.100
30.100
30.097
30.100
30.099
30.099
30.100
30.098
30.099
30.101
30.100
30.100
30.098
30.098
30.098
30.098
30.097
30.097
30.097
30.097
30.098
30.097
30.098
30.098
30.099
30.097
30.097
30.098
30.098
30.100
30.099
30.099
30.097
30.099
30.098
30.098
30.098
30.098
30.100
30.098
30.098
30.099
30.098
30.100
30.099
30.099
30.099
30.099
30.098
30.098
30.098
30.099
30.101
30.098
30.098
30.096
30.097
30.099
30.099
30.098
30.098
30.099
30.098
30.099
30.099
30.100
30.099
30.100
30.099
30.099
30.099
30.101
30.101
30.099
30.100
30.100
30.100
30.101
30.101
30.099
30.099
30.098
30.098
30.099
30.102
30.098
30.101
30.099
30.100
30.100
30.100
30.101
30.102
30.100
30.100
30.098
30.101
30.099
30.098
30.099
30.101
30.100
30.097
30.101
30.100
30.101
30.100
30.101
30.099
30.101
30.100
30.099
30.100
30.100
30.099
30.099
30.100
30.102
30.103
30.101
30.101
30.099
30.100
30.101
30.100
30.101
30.102
30.101
30.102
30.100
30.101
30.101
30.101
30.102
30.102
30.103
30.100
30.104
30.103
30.102
30.101
30.103
30.102
30.101
30.103
30.101
30.102
30.104
30.102
30.101
30.100
30.102
30.103
30.102
30.101
30.102
30.104
30.103
30.102
30.102
30.102
30.101
30.104
30.104
30.104
30.101
30.102
30.103
30.103
30.101
30.106
30.103
30.104
30.104
30.102
30.103
30.105
30.101
30.102
30.103
30.103
30.103
30.102
30.103
30.102
30.103
30.103
30.102
30.103
30.102
30.104
30.103
30.104
30.102
30.104
30.104
30.102
30.103
30.105
30.103
30.102
30.105
30.104
30.103
30.105
30.104
30.106
30.104
30.102
30.104
30.104
30.106
30.105
30.105
30.106
30.105
30.105
30.102
30.104
30.107
30.105
30.106
30.103
30.104
30.105
30.104
30.104
30.104
30.106
30.104
30.103
30.106
30.106
30.106
30.106
30.105
30.105
30.107
30.104
30.105
30.106
30.106
30.107
30.106
30.107
30.105
30.105
30.106
30.106
30.106
30.107
30.104
30.104
30.104
30.105
30.105
30.106
30.108
30.106
30.107
30.109
30.106
30.106
30.106
30.105
30.105
30.109
30.107
30.106
30.108
30.109
30.107
30.108
30.108
30.106
30.107
30.108
30.105
30.106
30.107
30.108
30.108
30.107
30.105
30.107
30.109
30.107
30.107
30.107
30.109
30.110
30.108
30.108
30.105
30.109
30.107
30.106
30.107
30.107
30.106
30.108
30.109
30.107
30.109
30.108
30.106
30.108
30.107
30.110
30.109
30.107
30.109
30.107
30.107
30.106
30.109
30.110
30.109
30.107
30.109
30.111
30.109
30.109
30.109
30.107
30.109
30.109
30.109
30.107
30.108
30.107
30.106
30.108
30.109
30.108
30.108
30.110
30.107
30.109
30.111
30.107
30.109
30.108
30.109
30.108
30.108
30.109
30.109
30.109
30.109
30.109
30.109
30.108
30.108
30.109
30.111
30.109
30.108
30.111
30.108
30.108
30.110
30.110
30.109
30.108
30.108
30.108
30.108
30.110
30.110
30.109
30.106
30.108
30.108
30.106
30.106
30.108
30.107
30.106
30.104
30.107
30.108
30.109
30.107
30.107
30.109
30.107
30.108
30.106
30.108
30.109
30.110
30.111
30.106
30.109
30.106
30.107
30.106
30.107
30.107
30.108
30.108
30.108
30.108
30.107
30.110
30.107
30.107
30.106
30.108
30.107
30.108
30.108
30.107
30.107
30.104
30.107
30.104
30.111
30.109
30.107
30.109
30.107
30.107
30.106
30.106
30.109
30.107
30.107
30.108
30.108
30.108
30.108
30.108
30.108
30.108
30.106
30.108
30.108
30.107
30.109
30.109
30.110
30.105
30.106
30.106
30.104
30.108
30.106
30.106
30.105
30.106
30.105
30.107
30.105
30.104
30.102
30.104
30.104
30.104
30.106
30.104
30.104
30.106
30.105
30.105
30.105
30.106
30.104
30.105
30.105
30.105
30.104
30.106
30.105
30.103
30.105
30.104
30.105
30.103
30.104
30.104
30.105
30.103
30.105
30.105
30.104
30.104
30.104
30.104
30.104
30.102
30.103
30.103
30.106
30.103
30.103
30.102
30.102
30.104
30.104
30.101
30.102
30.102
30.103
30.105
30.102
30.105
30.104
30.102
30.104
30.099
30.099
30.102
30.102
30.102
30.101
30.102
30.104
30.102
30.102
30.102
30.102
30.101
30.102
30.102
30.100
30.100
30.100
30.099
30.100
30.099
30.098
30.102
30.100
30.101
30.100
30.099
30.100
30.099
30.099
30.099
30.101
30.100
30.100
30.099
30.102
30.099
30.097
30.100
30.097
30.098
30.100
30.101
30.098
30.099
30.098
30.101
30.097
30.097
30.098
30.098
30.098
30.098
30.100
30.098
30.098
30.096
30.098
30.097
30.099
30.095
30.096
30.097
30.098
30.096
30.099
30.097
30.096
30.097
30.097
30.097
30.096
30.097
30.096
30.096
30.096
30.097
30.095
30.096
30.097
30.096
30.094
30.097
30.096
30.096
30.096
30.093
30.094
30.096
30.096
30.094
30.096
30.095
30.094
30.095
30.093
30.095
30.093
30.095
30.092
30.093
30.094
30.093
30.093
30.094
30.093
30.092
30.093
30.093
30.093
30.091
30.094
30.092
30.092
30.095
30.091
30.094
30.093
30.091
30.092
30.090
30.092
30.092
30.090
30.091
30.090
30.091
30.092
30.092
30.090
30.086
30.091
30.089
30.090
30.091
30.090
30.090
30.090
30.089
30.089
30.087
30.088
30.087
30.086
30.087
30.088
30.090
30.087
30.089
30.087
30.087
30.087
30.087
30.086
30.087
30.086
30.086
30.087
30.086
30.087
30.086
30.086
30.088
30.086
30.088
30.084
