30.073
30.073
30.075
30.073
30.071
30.072
30.075
30.072
30.072
30.071
30.071
30.070
30.072
30.071
30.068
30.072
30.070
30.069
30.069
30.072
30.070
30.070
30.072
30.071
30.070
30.070
30.069
30.069
30.069
30.070
30.070
30.069
30.067
30.069
30.069
30.067
30.067
30.068
30.069
30.069
30.069
30.068
30.067
30.067
30.070
30.069
30.068
30.066
30.066
30.065
30.067
30.068
30.067
30.066
30.067
30.066
30.067
30.066
30.065
30.067
30.066
30.065
30.067
30.066
30.066
30.065
30.064
30.066
30.064
30.067
30.063
30.066
30.064
30.065
30.065
30.063
30.063
30.064
30.064
30.064
30.061
30.064
30.061
30.062
30.064
30.063
30.063
30.063
30.061
30.061
30.063
30.061
30.062
30.063
30.060
30.061
30.060
30.060
30.062
30.060
30.061
30.062
30.060
30.060
30.061
30.058
30.060
30.061
30.061
30.061
30.061
30.061
30.060
30.060
30.061
30.059
30.059
30.061
30.059
30.060
30.058
30.062
30.056
30.056
30.058
30.060
30.057
30.058
30.059
30.057
30.059
30.058
30.058
30.058
30.058
30.056
30.059
30.056
30.056
30.057
30.056
30.057
30.057
30.055
30.055
30.054
30.055
30.055
30.055
30.054
30.056
30.055
30.057
30.055
30.054
30.055
30.056
30.055
30.056
30.055
30.054
30.054
30.053
30.054
30.052
30.055
30.054
30.054
30.055
30.055
30.052
30.054
30.052
30.053
30.052
30.054
30.054
30.055
30.053
30.053
30.051
30.052
30.053
30.052
30.053
30.052
30.052
30.054
30.052
30.051
30.053
30.052
30.050
30.052
30.050
30.052
30.050
30.050
30.050
30.052
30.050
30.052
30.050
30.052
30.050
30.050
30.049
30.047
30.050
30.051
30.050
30.049
30.050
30.049
30.049
30.052
30.049
30.048
30.049
30.049
30.047
30.048
30.046
30.049
30.049
30.049
30.048
30.047
30.048
30.047
30.047
30.048
30.045
30.046
30.047
30.045
30.046
30.045
30.047
30.045
30.049
30.044
30.045
30.045
30.045
30.043
30.046
30.045
30.045
30.042
30.042
30.044
30.042
30.041
30.042
30.044
30.042
30.041
30.043
30.041
30.041
30.042
30.039
30.041
30.041
30.045
30.041
30.042
30.043
30.041
30.042
30.043
30.039
30.040
30.041
30.038
30.039
30.040
30.037
30.041
30.039
30.039
30.037
30.038
30.037
30.037
30.037
30.037
30.037
30.037
30.035
30.038
30.035
30.038
30.037
30.037
30.036
30.035
30.037
30.036
30.036
30.034
30.035
30.035
30.035
30.035
30.034
30.035
30.034
30.035
30.033
30.032
30.032
30.033
30.033
30.032
30.034
30.031
30.032
30.032
30.033
30.034
30.032
30.030
30.030
30.032
30.030
30.030
30.030
30.026
30.030
30.030
30.031
30.030
30.030
30.028
30.029
30.030
30.028
30.027
30.026
30.029
30.029
30.030
30.027
30.027
30.028
30.027
30.027
30.027
30.028
30.027
30.027
30.025
30.027
30.024
30.026
30.025
30.026
30.027
30.027
30.025
30.023
30.025
30.025
30.024
30.024
30.026
30.025
30.022
30.023
30.024
30.022
30.021
30.022
30.023
30.021
30.022
30.022
30.022
30.021
30.022
30.020
30.022
30.021
30.019
30.023
30.019
30.022
30.019
30.021
30.020
30.023
30.020
30.018
30.020
30.020
30.017
30.022
30.018
30.018
30.017
30.018
30.019
30.018
30.018
30.018
30.019
30.017
30.020
30.016
30.016
30.020
30.017
30.019
30.018
30.016
30.018
30.018
30.019
30.017
30.017
30.016
30.016
30.015
30.018
30.016
30.015
30.015
30.012
30.014
30.015
30.012
30.016
30.015
30.016
30.016
30.017
30.014
30.016
30.013
30.016
30.014
30.015
30.013
30.012
30.013
30.012
30.014
30.012
30.013
30.011
30.012
30.011
30.011
30.014
30.013
30.012
30.013
30.013
30.012
30.010
30.012
30.011
30.012
30.011
30.014
30.013
30.011
30.013
30.013
30.011
30.011
30.011
30.012
30.011
30.011
30.012
30.011
30.011
30.009
30.010
30.012
30.012
30.010
30.009
30.012
30.009
30.009
30.008
30.007
30.009
30.009
30.011
30.007
30.009
30.010
30.008
30.008
30.009
30.009
30.009
30.009
30.008
30.007
30.008
30.008
30.006
30.009
30.008
30.005
30.010
30.008
30.008
30.008
30.007
30.007
30.007
30.007
30.007
30.007
30.008
30.007
30.005
30.006
30.006
30.006
30.007
30.006
30.007
30.006
30.008
30.007
30.007
30.007
30.007
30.004
30.005
30.006
30.007
30.005
30.007
30.007
30.007
30.005
30.005
30.005
30.005
30.006
30.006
30.004
30.005
30.004
30.004
30.004
30.004
30.004
30.004
30.005
30.003
30.004
30.005
30.002
30.005
30.006
30.004
30.004
30.002
30.002
30.004
30.004
30.004
30.001
30.003
30.001
30.000
30.003
30.001
30.002
30.003
30.002
30.003
30.000
30.002
29.998
30.000
30.002
30.002
30.002
30.000
30.001
30.002
30.001
29.999
30.001
30.000
30.001
30.001
30.000
29.998
30.000
29.999
29.998
29.998
29.997
29.999
30.001
29.997
29.998
29.998
29.997
29.999
29.996
29.997
29.995
29.997
29.998
29.998
29.995
29.996
29.994
30.001
29.996
29.996
29.994
29.995
29.994
29.995
29.995
29.996
29.996
29.997
29.997
29.995
29.994
29.993
29.991
29.992
29.994
29.992
29.993
29.992
29.991
29.995
29.993
29.992
29.995
29.996
29.992
29.992
29.992
29.991
29.993
29.992
29.994
29.993
29.992
29.994
29.991
29.994
29.991
29.991
29.992
29.992
29.990
29.993
29.992
29.991
29.991
29.988
29.989
29.991
29.989
29.990
29.989
29.990
29.988
29.989
29.990
29.990
29.991
29.991
29.988
29.990
29.992
29.990
29.988
29.989
29.989
29.985
29.988
29.988
29.987
29.987
29.987
29.985
29.983
29.987
29.986
29.988
29.987
29.984
29.984
29.987
29.985
29.985
29.985
29.984
29.985
29.985
29.985
29.984
29.986
29.987
29.986
29.985
29.985
29.986
29.986
29.984
29.984
29.985
29.985
29.985
29.984
29.982
29.984
29.983
29.983
29.983
29.983
29.982
29.981
29.983
29.982
29.983
29.984
29.981
29.983
29.981
29.984
29.983
29.981
29.981
29.980
29.984
29.984
29.982
29.982
29.980
29.980
29.982
29.981
29.982
29.981
29.980
29.979
29.980
29.979
29.981
29.981
29.982
29.979
29.980
29.983
29.979
29.983
29.980
29.979
29.981
29.981
29.980
29.981
29.980
29.979
29.982
29.983
29.979
29.980
29.978
29.978
29.979
29.979
29.979
29.978
29.980
29.978
29.980
29.978
29.980
29.976
29.979
29.979
29.979
29.976
29.981
29.977
29.981
29.979
29.978
29.979
29.977
29.978
29.979
29.978
29.977
29.978
29.978
29.979
29.979
29.977
29.978
29.978
29.977
29.978
29.978
29.979
29.977
29.978
29.976
29.979
29.974
29.976
29.976
29.977
29.976
29.976
29.978
29.976
29.976
29.977
29.979
29.977
29.980
29.977
29.977
29.978
29.976
29.976
29.978
29.974
29.977
29.976
29.976
29.979
29.976
29.975
29.976
29.977
29.976
29.977
29.975
29.975
29.977
29.975
29.977
29.977
29.975
29.975
29.976
29.974
29.973
29.976
29.976
29.977
29.976
29.979
29.975
29.974
29.975
29.977
29.975
29.974
29.976
29.975
29.977
29.975
29.976
29.975
29.974
29.976
29.977
29.975
29.975
29.975
29.975
29.976
29.976
29.973
29.974
29.975
29.973
29.976
29.974
29.976
29.976
29.976
29.976
29.974
29.976
29.972
29.974
29.974
29.975
29.976
29.975
29.976
29.975
29.976
29.973
29.974
29.975
29.972
29.975
29.974
29.975
29.976
29.975
29.974
29.974
29.975
29.975
29.974
29.974
29.975
29.976
29.975
29.973
29.974
29.973
29.975
29.974
29.974
29.973
29.973
29.972
29.971
29.971
29.974
29.972
29.976
29.975
29.972
29.974
29.975
29.973
29.973
29.970
29.972
29.972
29.973
29.971
29.972
29.973
29.971
29.972
29.970
29.971
29.973
29.973
29.972
29.970
29.973
29.972
29.972
29.972
29.971
29.971
29.974
29.972
29.970
29.971
29.972
29.969
29.971
29.973
29.972
29.970
29.969
29.970
29.972
29.972
29.971
29.970
29.971
29.969
29.971
29.969
29.970
29.970
29.970
29.970
29.971
29.970
29.969
29.970
29.968
29.970
29.969
29.970
29.967
29.973
29.968
29.970
29.971
29.969
29.970
29.969
29.968
29.969
29.969
29.968
29.968
29.968
29.969
29.969
29.972
29.973
29.972
29.972
29.972
29.976
29.976
29.978
29.979
29.981
29.982
29.983
29.984
29.986
29.986
29.990
29.990
29.994
29.993
29.995
29.999
30.001
30.001
30.004
30.003
30.006
30.009
30.009
30.009
30.013
30.014
30.014
30.019
30.020
30.023
30.021
30.025
30.024
30.025
30.028
30.030
30.030
30.032
30.036
30.037
30.036
30.039
30.039
30.041
30.041
30.042
30.044
30.044
30.047
30.048
30.048
30.049
30.051
30.050
30.049
30.050
30.051
30.051
30.055
30.056
30.056
30.055
30.059
30.056
30.058
30.061
30.062
30.063
30.064
30.064
30.063
30.065
30.066
30.066
30.068
30.066
30.068
30.069
30.073
30.071
30.071
30.072
30.074
30.072
30.074
30.074
30.075
30.077
30.075
30.074
30.077
30.078
30.079
30.078
30.078
30.080
30.081
30.081
30.084
30.081
30.081
30.086
30.084
30.083
30.083
30.087
30.085
30.085
30.085
30.083
30.086
30.086
30.088
30.085
30.088
30.088
30.089
30.089
30.090
30.091
30.090
30.087
30.090
30.091
30.092
30.092
30.093
30.094
30.092
30.093
30.090
30.094
30.093
30.094
30.094
30.093
30.094
30.093
30.094
30.095
30.094
30.096
30.094
30.096
30.096
30.095
30.097
30.094
30.096
30.096
30.098
30.096
30.097
30.097
30.097
30.097
30.097
30.098
30.097
30.099
30.098
30.096
30.100
30.097
30.097
30.098
30.100
30.098
30.100
30.100
30.100
30.098
30.100
30.100
30.100
30.098
30.100
30.103
30.099
30.101
30.103
30.099
30.100
30.099
30.102
30.103
30.100
30.100
30.101
30.101
30.101
30.102
30.099
30.100
30.101
30.101
30.102
30.102
30.101
30.102
30.100
30.104
30.102
30.100
30.102
30.100
30.100
30.101
30.101
30.102
30.102
30.102
30.101
30.102
30.102
30.101
30.101
30.100
30.101
30.103
30.100
30.100
30.101
30.103
30.102
30.102
30.100
30.101
30.100
30.102
30.101
30.101
30.101
30.104
30.101
30.101
30.101
30.103
30.102
30.102
30.102
30.102
30.102
30.101
30.102
30.099
30.100
30.101
30.101
30.101
30.097
30.100
30.101
30.102
30.101
30.099
30.100
30.100
30.102
30.100
30.100
30.100
30.102
30.101
30.100
30.100
30.101
30.101
30.102
30.100
30.100
30.100
30.100
30.100
30.100
30.100
30.099
30.101
30.101
30.100
30.101
30.102
30.101
30.100
30.100
30.100
30.099
30.099
30.099
30.099
30.098
30.099
30.098
30.098
30.098
30.100
30.099
30.100
30.098
30.099
30.100
30.101
30.100
30.099
30.099
30.099
30.098
30.100
30.098
30.098
30.098
30.098
30.097
30.098
30.098
30.099
30.097
30.097
30.098
30.099
30.098
30.098
30.097
30.097
30.099
30.096
30.095
30.096
30.098
30.096
30.097
30.097
30.097
30.096
30.095
30.096
30.095
30.095
30.096
30.097
30.097
30.095
30.096
30.093
30.095
30.095
30.096
30.096
30.095
30.095
30.094
30.096
30.095
30.093
30.094
30.094
30.094
30.094
30.095
30.091
30.093
30.095
30.093
30.093
30.092
30.091
30.090
30.094
30.093
30.093
30.093
30.091
30.093
30.092
30.093
30.093
30.092
30.091
30.091
30.089
30.093
30.093
30.093
30.090
30.090
30.090
30.092
30.091
30.090
30.091
30.092
30.091
30.093
30.090
30.090
30.091
30.091
30.092
30.087
30.089
30.091
30.092
30.091
30.089
30.091
30.089
30.090
30.088
30.087
30.089
30.088
30.089
30.086
30.089
30.088
30.085
30.087
30.090
30.088
30.088
30.088
30.089
30.086
30.090
30.087
30.087
30.085
30.088
30.088
30.088
30.088
30.086
30.087
30.086
30.087
30.086
30.084
30.087
30.083
30.084
30.087
30.088
30.086
30.084
30.083
30.088
30.086
30.084
30.087
30.083
30.083
30.084
30.087
30.083
30.084
30.084
30.083
30.086
30.082
30.084
30.085
30.084
30.083
30.086
30.082
30.081
30.081
30.081
30.081
30.082
30.085
30.085
30.080
30.082
30.083
30.082
30.085
30.083
30.083
30.080
30.082
30.080
30.082
30.081
30.081
30.082
30.083
30.081
30.083
30.083
30.080
30.078
30.082
30.079
30.081
30.081
30.078
30.079
30.080
30.080
30.080
30.077
30.077
30.080
30.079
30.081
30.077
30.081
30.081
30.082
30.079
30.077
30.078
30.079
30.080
30.078
30.078
30.078
30.078
30.078
30.077
30.078
30.077
30.079
30.079
30.078
30.077
30.080
30.076
30.076
30.076
30.076
30.075
30.077
30.077
30.076
30.076
30.078
30.074
30.076
30.077
30.076
30.076
30.074
30.074
30.076
30.076
30.079
30.076
30.074
30.077
30.074
30.076
30.076
30.073
30.075
30.079
30.075
30.072
30.074
30.072
30.075
30.072
30.074
30.075
30.076
30.074
30.073
30.074
30.074
30.072
30.072
30.072
30.076
30.074
30.074
30.074
30.074
30.074
30.073
30.074
30.073
30.071
30.075
30.075
30.073
30.070
30.071
30.072
30.070
30.072
30.071
30.073
30.073
30.071
30.071
30.068
30.069
30.072
30.071
30.072
30.071
30.070
30.070
30.069
30.070
30.067
30.071
30.069
30.069
30.067
30.069
30.070
30.072
30.068
30.068
30.069
30.070
30.068
30.069
30.068
30.071
30.067
30.067
30.068
30.069
30.068
30.067
30.070
30.066
30.068
30.067
30.068
30.066
30.066
30.067
30.066
30.066
30.067
30.065
30.067
30.066
30.068
30.064
30.065
30.067
30.066
30.068
30.066
30.066
30.065
30.063
30.068
30.063
30.065
30.065
30.063
30.064
30.063
30.063
30.064
30.063
30.064
30.065
30.062
30.063
30.061
30.064
30.063
30.064
30.062
30.062
30.061
30.061
30.063
30.060
30.061
30.060
30.060
30.060
30.062
30.058
30.062
30.062
30.061
30.064
30.062
30.062
30.062
30.060
30.061
30.063
30.064
30.061
30.059
30.063
30.061
30.061
30.059
30.060
30.060
30.061
30.059
30.059
30.060
30.059
30.060
30.059
30.059
30.058
30.060
30.060
30.061
30.059
30.058
30.058
30.057
30.058
30.059
30.057
30.058
30.058
30.057
30.058
30.057
30.056
30.059
30.057
30.058
30.058
30.059
30.057
30.058
30.057
30.059
30.058
30.058
30.055
30.056
30.058
30.058
30.056
30.055
30.058
30.057
30.055
30.055
30.056
30.056
30.057
30.059
30.058
30.057
30.055
30.055
30.055
30.057
30.056
30.058
30.057
30.058
30.057
30.054
30.055
30.055
30.055
30.056
30.056
30.057
30.055
30.054
30.058
30.055
30.054
30.056
30.055
30.053
30.056
30.055
30.053
30.053
30.054
30.055
30.052
30.055
30.054
30.053
30.055
30.053
30.054
30.054
30.052
30.052
30.052
30.052
30.054
30.051
30.051
30.052
30.052
30.052
30.051
30.052
30.052
30.052
30.051
30.050
30.053
30.050
30.051
30.049
30.051
30.050
30.051
30.051
30.048
30.049
30.049
30.049
30.049
30.049
30.049
30.048
30.048
30.047
30.049
30.050
30.049
30.050
30.050
30.050
30.048
30.047
30.048
30.048
30.048
30.048
30.044
30.048
30.046
30.048
30.045
30.043
30.044
30.049
30.045
30.046
30.045
30.046
30.044
30.043
30.042
30.042
30.043
30.042
30.043
30.040
30.042
30.041
30.040
30.040
30.042
30.043
30.040
30.040
30.039
30.037
30.036
30.039
30.038
30.038
30.037
30.037
30.037
30.036
30.035
30.035
30.035
30.035
30.035
30.033
30.034
30.033
30.033
30.032
30.032
30.031
30.034
30.033
30.029
30.031
30.031
30.031
30.031
30.031
30.028
30.029
30.030
30.026
30.028
30.026
30.030
30.028
30.027
30.026
30.028
30.028
30.026
30.027
30.023
30.027
30.025
30.025
30.025
30.023
30.024
30.024
30.023
30.024
30.024
30.021
30.024
30.023
30.022
30.021
30.020
30.019
30.015
30.020
30.019
30.020
30.018
30.019
30.018
30.017
30.017
30.015
30.014
30.016
30.016
30.015
30.016
30.015
30.014
30.014
30.014
30.012
30.015
30.013
30.011
30.010
30.013
30.012
30.010
30.010
30.010
30.009
30.008
30.010
30.010
30.009
30.010
30.010
30.008
30.007
30.008
30.006
30.008
30.009
30.007
30.008
30.007
30.007
30.007
30.006
30.006
30.008
30.006
30.006
30.004
30.004
30.005
30.003
30.005
30.002
30.004
30.004
30.004
30.004
30.002
30.003
30.003
30.002
29.999
30.001
30.000
30.001
30.001
30.000
30.000
29.999
30.001
29.998
30.000
29.999
29.997
29.998
29.999
29.997
29.997
29.997
29.996
29.996
29.997
29.994
29.994
29.993
29.991
29.994
29.992
29.993
29.991
29.993
29.993
29.992
29.992
29.991
29.990
29.991
29.992
29.991
29.990
29.989
29.986
29.987
29.988
29.988
29.992
29.986
29.985
29.985
29.988
29.988
29.985
29.986
29.986
29.986
29.984
29.985
29.985
29.985
29.985
29.982
29.982
29.984
29.985
29.982
29.984
29.979
29.984
29.980
29.984
29.981
29.981
29.981
29.980
29.980
29.979
29.978
29.980
29.982
29.978
29.977
29.976
29.977
29.978
29.978
29.975
29.976
29.976
29.976
29.976
29.973
29.973
29.976
29.975
29.974
29.974
29.976
29.974
29.974
29.972
29.972
29.972
29.971
29.970
29.971
29.971
29.972
29.970
29.970
29.970
29.968
29.969
29.969
29.967
29.968
29.968
29.968
29.968
29.968
29.968
29.966
29.964
29.966
29.967
29.966
29.965
29.966
29.965
29.964
29.964
29.964
29.963
29.961
29.964
29.963
29.966
29.964
29.962
29.964
29.963
29.963
29.963
29.963
29.963
29.961
29.960
29.962
29.963
29.961
29.962
29.959
29.959
29.961
29.958
29.960
29.959
29.958
29.958
29.960
29.959
29.955
29.958
29.957
29.955
29.954
29.956
29.955
29.958
29.955
29.955
29.953
29.954
29.953
29.952
29.950
29.951
29.953
29.952
29.952
29.951
29.951
29.950
29.948
29.947
29.948
29.948
29.949
29.949
29.948
29.949
29.946
29.946
29.946
29.947
29.945
29.946
29.943
29.945
29.944
29.943
29.946
29.944
29.943
29.945
29.944
29.943
29.943
29.941
29.943
29.939
29.941
29.943
29.940
29.940
29.941
29.939
29.940
29.940
29.939
29.938
29.937
29.937
29.936
29.936
29.934
29.938
29.936
29.937
29.934
29.934
29.933
29.935
29.934
29.934
29.932
29.931
29.934
29.931
29.932
29.928
29.930
29.929
29.930
29.930
29.931
29.929
29.930
29.929
29.928
29.928
29.927
29.929
29.927
29.928
29.926
29.928
29.927
29.925
29.926
29.925
29.925
29.925
29.925
29.923
29.923
29.922
29.922
29.923
29.923
29.921
29.920
29.921
29.923
29.920
29.919
29.921
29.920
29.919
29.919
29.918
29.918
29.918
29.917
29.917
29.917
29.918
29.917
29.917
29.915
29.916
29.918
29.914
29.916
29.916
29.915
29.914
29.916
29.916
29.912
29.914
29.914
29.912
29.911
29.912
29.911
29.912
29.912
29.910
29.910
29.910
29.911
29.911
29.910
29.910
29.908
29.907
29.908
29.908
29.907
29.905
29.906
29.905
29.907
29.904
29.904
29.902
29.906
29.902
29.905
29.903
29.903
29.902
29.901
29.900
29.902
29.901
29.901
29.900
29.900
29.899
29.900
29.899
29.898
29.900
29.898
29.901
29.898
29.896
29.898
29.901
29.898
29.899
29.896
29.897
29.898
29.899
29.895
29.896
29.897
29.895
29.894
29.895
29.895
29.893
29.892
29.895
29.894
29.892
29.893
29.892
29.894
29.892
29.891
29.891
29.893
29.891
29.888
29.888
29.890
29.889
29.890
29.888
29.886
29.890
29.890
29.890
29.887
29.886
29.887
29.885
29.887
29.888
29.887
29.885
29.887
29.883
29.886
29.887
29.886
29.883
29.884
29.884
29.884
29.881
29.881
29.883
29.885
29.881
29.883
29.881
29.880
29.881
29.880
29.880
29.881
29.881
29.879
29.879
29.881
29.880
29.879
29.877
29.877
29.878
29.878
29.879
29.878
29.877
29.879
29.879
29.878
29.875
29.878
29.877
29.875
29.875
29.877
29.877
29.876
29.876
29.875
29.874
29.875
29.875
29.873
29.875
29.874
29.873
29.871
29.875
29.873
29.873
29.873
29.875
29.872
29.873
29.872
29.873
29.873
29.874
29.872
29.873
29.872
29.872
29.873
29.873
29.870
29.870
29.873
29.869
29.872
29.871
29.869
29.871
29.870
29.869
29.872
29.871
29.869
29.868
29.868
29.870
29.870
29.869
29.870
29.869
29.869
29.868
29.868
29.869
29.868
29.867
29.868
29.867
29.869
29.868
29.869
29.868
29.866
29.870
29.868
29.870
29.868
29.867
29.866
29.867
29.867
29.868
29.864
29.869
29.869
29.867
29.865
29.866
29.865
29.864
29.867
29.863
29.865
29.865
29.866
29.864
29.865
29.866
29.865
29.864
29.863
29.861
29.862
29.865
29.865
29.865
29.864
29.862
29.865
29.864
29.861
29.864
29.865
29.864
29.862
29.864
29.862
29.864
29.863
29.864
29.862
29.863
29.864
29.863
29.861
29.863
29.860
29.861
29.863
29.863
29.860
29.860
29.862
29.861
29.864
29.862
29.859
29.861
29.859
29.860
29.861
29.861
29.861
29.859
29.858
29.859
29.859
29.859
29.859
29.859
29.858
29.859
29.859
29.861
29.857
29.861
29.862
29.857
29.863
29.861
29.862
29.862
29.858
29.859
29.859
29.861
29.862
29.859
29.859
29.858
29.860
29.859
29.856
29.859
29.860
29.857
29.857
29.859
29.859
29.855
29.856
29.857
29.858
29.856
29.858
29.855
29.856
29.857
29.858
29.856
29.858
29.858
29.858
29.859
29.855
29.857
29.857
29.857
29.855
29.859
29.857
29.856
29.856
29.855
29.856
29.857
29.856
29.856
29.855
29.858
29.855
29.855
29.856
29.859
29.856
29.857
29.855
29.854
29.856
29.855
29.852
29.854
29.855
29.855
29.856
29.855
29.856
29.855
29.855
29.855
29.855
29.852
29.854
29.854
29.854
29.857
29.855
29.856
29.854
29.856
29.855
29.854
29.855
29.854
29.854
29.854
29.853
29.853
29.853
29.854
29.854
29.854
29.852
29.851
29.856
29.854
29.856
29.857
29.854
29.854
29.855
29.855
29.852
29.855
29.853
29.855
29.853
29.853
29.852
29.854
29.852
29.853
29.853
29.852
29.853
29.853
29.854
29.853
29.855
29.854
29.852
29.851
29.855
29.853
29.853
29.852
29.854
29.853
29.854
29.853
29.853
29.852
29.850
29.854
29.854
29.854
29.853
29.852
29.854
29.853
29.853
29.855
29.853
29.854
29.853
29.852
29.853
29.851
29.851
29.851
29.852
29.852
29.855
29.851
29.850
29.852
29.853
29.850
29.851
29.853
29.850
29.851
29.852
29.852
29.850
29.853
29.853
29.852
29.853
29.853
29.852
29.849
29.852
29.854
29.853
29.853
29.852
29.851
29.853
29.852
29.852
