5.682
5.682
5.682
5.682
5.683
5.683
5.682
5.682
5.682
5.681
5.682
5.682
5.681
5.682
5.681
5.681
5.681
5.682
5.682
5.681
5.682
5.682
5.682
5.681
5.681
5.681
5.681
5.682
5.682
5.681
5.681
5.682
5.681
5.682
5.681
5.682
5.682
5.682
5.681
5.682
5.681
5.681
5.681
5.682
5.682
5.682
5.682
5.682
5.681
5.681
5.682
5.681
5.682
5.682
5.681
5.681
5.682
5.682
5.681
5.681
5.681
5.680
5.681
5.681
5.682
5.681
5.682
5.681
5.681
5.681
5.681
5.683
5.682
5.681
5.682
5.682
5.683
5.683
5.682
5.683
5.682
5.681
5.683
5.682
5.682
5.682
5.682
5.682
5.682
5.683
5.682
5.683
5.683
5.682
5.683
5.682
5.683
5.683
5.683
5.683
5.682
5.683
5.683
5.682
5.682
5.683
5.683
5.683
5.683
5.682
5.682
5.682
5.682
5.682
5.683
5.682
5.682
5.681
5.682
5.683
5.681
5.683
5.682
5.682
5.682
5.683
5.682
5.682
5.682
5.682
5.682
5.682
5.683
5.683
5.683
5.683
5.683
5.683
5.682
5.682
5.683
5.682
5.684
5.683
5.682
5.683
5.682
5.682
5.683
5.683
5.683
5.682
5.682
5.682
5.683
5.684
5.683
5.683
5.682
5.683
5.682
5.683
5.681
5.682
5.682
5.683
5.683
5.682
5.683
5.683
5.683
5.682
5.683
5.683
5.683
5.682
5.682
5.683
5.683
5.683
5.683
5.683
5.682
5.683
5.683
5.683
5.682
5.682
5.682
5.682
5.682
5.682
5.682
5.683
5.683
5.683
5.683
5.683
5.682
5.684
5.682
5.683
5.683
5.683
5.683
5.683
5.683
5.682
5.683
5.683
5.683
5.683
5.683
5.683
5.684
5.683
5.684
5.683
5.684
5.684
5.686
5.686
5.686
5.685
5.687
5.688
5.688
5.688
5.688
5.688
5.688
5.689
5.690
5.692
5.692
5.692
5.693
5.693
5.692
5.693
5.694
5.693
5.693
5.693
5.692
5.694
5.693
5.694
5.695
5.697
5.698
5.700
5.701
5.701
5.702
5.703
5.703
5.703
5.705
5.705
5.706
5.706
5.706
5.706
5.707
5.707
5.710
5.712
5.713
5.713
5.713
5.713
5.715
5.715
5.715
5.714
5.714
5.714
5.715
5.719
5.720
5.721
5.723
5.723
5.724
5.723
5.724
5.725
5.725
5.727
5.730
5.730
5.731
5.732
5.732
5.733
5.732
5.734
5.737
5.737
5.737
5.737
5.738
5.738
5.739
5.743
5.746
5.747
5.748
5.748
5.750
5.750
5.752
5.754
5.754
5.754
5.759
5.762
5.762
5.762
5.765
5.768
5.769
5.772
5.774
5.778
5.781
5.783
5.783
5.784
5.784
5.786
5.788
5.790
5.791
5.790
5.790
5.791
5.792
5.794
5.795
5.797
5.798
5.798
5.798
5.798
5.800
5.802
5.802
5.804
5.805
5.808
5.811
5.811
5.811
5.811
5.814
5.816
5.818
5.821
5.822
5.823
5.823
5.823
5.823
5.824
5.826
5.829
5.830
5.832
5.834
5.835
5.835
5.835
5.835
5.836
5.836
5.839
5.842
5.842
5.842
5.843
5.843
5.842
5.843
5.846
5.847
5.847
5.851
5.856
5.857
5.859
5.859
5.859
5.860
5.861
5.864
5.870
5.872
5.876
5.881
5.884
5.884
5.884
5.884
5.884
5.884
5.884
5.891
5.900
5.905
5.906
5.908
5.908
5.909
5.911
5.915
5.920
5.922
5.928
5.933
5.942
5.946
5.956
5.965
5.971
5.979
5.981
5.981
5.994
6.007
6.022
6.036
6.042
6.055
6.065
6.072
6.079
6.080
6.094
6.114
6.129
6.137
6.139
6.140
6.144
6.148
6.153
6.157
6.164
6.165
6.173
6.179
6.185
6.189
6.191
6.196
6.212
6.216
6.225
6.232
6.242
6.249
6.250
6.255
6.262
6.273
6.279
6.282
6.285
6.291
6.304
6.314
6.320
6.325
6.337
6.346
6.348
6.358
6.361
6.369
6.372
6.377
6.384
6.398
6.417
6.422
6.428
6.433
6.438
6.440
6.446
6.454
6.458
6.462
6.470
6.477
6.485
6.494
6.498
6.501
6.510
6.519
6.526
6.529
6.531
6.531
6.533
6.536
6.540
6.556
6.581
6.592
6.598
6.605
6.616
6.617
6.625
6.628
6.628
6.630
6.639
6.651
6.655
6.657
6.665
6.674
6.683
6.701
6.714
6.724
6.734
6.745
6.753
6.763
6.771
6.779
6.780
6.784
6.787
6.796
6.804
6.812
6.818
6.831
6.854
6.871
6.885
6.895
6.904
6.912
6.921
6.929
6.941
7.008
7.040
7.043
7.043
7.043
7.052
7.062
7.066
7.071
7.081
7.081
7.090
7.107
7.117
7.126
7.131
7.134
7.141
7.150
7.157
7.160
7.166
7.175
7.178
7.196
7.214
7.219
7.227
7.237
7.240
7.250
7.271
7.286
7.296
7.301
7.318
7.330
7.332
7.334
7.336
7.345
7.349
7.357
7.363
7.369
7.368
7.371
7.379
7.400
7.421
7.424
7.423
7.433
7.449
7.461
7.473
7.478
7.482
7.495
7.507
7.520
7.532
7.536
7.544
7.548
7.555
7.561
7.572
7.580
7.585
7.592
7.599
7.606
7.616
7.621
7.627
7.639
7.652
7.664
7.666
7.674
7.683
7.698
7.703
7.710
7.717
7.729
7.735
7.739
7.739
7.739
7.742
7.759
7.786
7.811
7.841
7.849
7.853
7.867
7.873
7.882
7.891
7.901
7.910
7.916
7.924
7.929
7.940
7.944
7.949
7.959
7.961
7.972
7.981
7.994
8.007
8.016
8.021
8.025
8.032
8.038
8.044
8.052
8.068
8.081
8.081
8.088
8.108
8.124
8.138
8.145
8.154
8.174
8.191
8.198
8.203
8.209
8.215
8.223
8.240
8.250
8.263
8.282
8.294
8.301
8.305
8.313
8.326
8.343
8.352
8.362
8.382
8.397
8.400
8.410
8.422
8.435
8.445
8.451
8.462
8.474
8.485
8.497
8.509
8.529
8.545
8.553
8.570
8.582
8.590
8.595
8.613
8.641
8.651
8.672
8.691
8.694
8.705
8.720
8.733
8.745
8.752
8.759
8.759
8.759
8.759
8.776
8.777
8.777
8.778
8.777
8.777
8.777
8.777
8.775
8.778
8.801
8.819
8.835
8.850
8.850
8.850
8.850
8.850
8.862
8.864
8.867
8.872
8.873
8.872
8.875
8.885
8.895
8.921
8.933
8.947
8.951
8.967
8.993
9.002
9.007
9.013
9.021
9.026
9.027
9.027
9.033
9.059
9.074
9.088
9.111
9.148
9.167
9.179
9.184
9.186
9.187
9.190
9.192
9.214
9.243
9.261
9.279
9.301
9.305
9.315
9.324
9.332
9.344
9.356
9.363
9.365
9.365
9.370
9.376
9.380
9.378
9.380
9.381
9.385
9.389
9.391
9.409
9.417
9.423
9.433
9.441
9.446
9.448
9.461
9.470
9.471
9.474
9.486
9.507
9.530
9.534
9.534
9.540
9.548
9.558
9.579
9.602
9.614
9.616
9.615
9.615
9.616
9.616
9.612
9.610
9.616
9.616
9.617
9.615
9.615
9.615
9.616
9.613
9.609
9.616
9.615
9.615
9.617
9.616
9.615
9.615
9.614
9.613
9.609
9.615
9.616
9.615
9.615
9.616
9.615
9.615
9.615
9.617
9.616
9.615
9.616
9.615
9.614
9.616
9.615
9.616
9.613
9.609
9.615
9.616
9.615
9.616
9.615
9.615
9.618
9.616
9.615
9.614
9.615
9.615
9.616
9.616
9.615
9.615
9.616
9.612
9.609
9.616
9.615
9.616
9.615
9.615
9.615
9.616
9.615
9.608
9.614
9.615
9.615
9.616
9.623
9.631
9.643
9.655
9.660
9.663
9.661
9.664
9.673
9.686
9.702
9.709
9.718
9.733
9.740
9.747
9.753
9.761
9.769
9.779
9.790
9.802
9.812
9.814
9.817
9.824
9.836
9.847
9.863
9.870
9.871
9.877
9.888
9.894
9.903
9.909
9.912
9.914
9.917
9.924
9.937
9.950
9.957
9.963
9.977
9.983
9.985
9.985
9.989
9.996
10.010
10.015
10.015
10.023
10.022
10.024
10.025
10.029
10.033
10.036
10.045
10.053
10.059
10.070
10.097
10.111
10.120
10.131
10.143
10.151
10.157
10.157
10.172
10.181
10.192
10.196
10.195
10.205
10.207
10.215
10.228
10.242
10.250
10.253
10.252
10.254
10.261
10.273
10.281
10.291
10.290
10.298
10.305
10.313
10.326
10.337
10.343
10.347
10.350
10.354
10.359
10.371
10.370
10.374
10.379
10.386
10.387
10.394
10.421
10.437
10.438
10.453
10.473
10.486
10.497
10.508
10.513
10.523
10.532
10.529
10.536
10.546
10.552
10.560
10.562
10.566
10.566
10.568
10.571
10.575
10.583
10.594
10.599
10.607
10.613
10.624
10.632
10.633
10.632
10.645
10.648
10.652
10.656
10.657
10.657
10.658
10.657
10.655
10.657
10.663
10.661
10.661
10.662
10.661
10.662
10.663
10.668
10.673
10.677
10.691
10.699
10.706
10.712
10.718
10.730
10.738
10.739
10.750
10.758
10.762
10.768
10.782
10.802
10.814
10.824
10.833
10.841
10.855
10.878
10.895
10.911
10.924
10.934
10.937
10.939
10.937
10.942
10.950
10.952
10.957
10.957
10.961
10.963
10.970
10.978
10.976
10.989
10.997
10.999
11.005
11.009
11.012
11.018
11.022
11.014
11.023
11.028
11.039
11.047
11.050
11.057
11.061
11.071
11.072
11.072
11.084
11.090
11.095
11.097
11.100
11.101
11.104
11.104
11.104
11.105
11.106
11.108
11.113
11.118
11.121
11.121
11.125
11.124
11.121
11.132
11.135
11.136
11.137
11.138
11.138
11.139
11.140
11.134
11.136
11.145
11.152
11.161
11.169
11.169
11.172
11.174
11.179
11.180
11.194
11.205
11.209
11.217
11.220
11.232
11.240
11.247
11.257
11.265
11.279
11.284
11.291
11.293
11.301
11.304
11.304
11.311
11.319
11.331
11.339
11.341
11.354
11.362
11.366
11.373
11.382
11.392
11.389
11.399
11.410
11.424
11.433
11.438
11.441
11.445
11.449
11.447
11.446
11.459
11.462
11.469
11.473
11.475
11.481
11.490
11.499
11.499
11.510
11.511
11.512
11.516
11.520
11.525
11.534
11.536
11.536
11.536
11.548
11.551
11.558
11.559
11.560
11.564
11.569
11.574
11.577
11.582
11.585
11.596
11.606
11.609
11.616
11.621
11.622
11.625
11.620
11.632
11.633
11.634
11.637
11.640
11.644
11.646
11.647
11.651
11.647
11.651
11.658
11.664
11.667
11.670
11.673
11.682
11.691
11.687
11.700
11.707
11.715
11.719
11.720
11.723
11.728
11.731
11.731
11.731
11.742
11.743
11.749
11.753
11.755
11.761
11.772
11.784
11.780
11.794
11.804
11.816
11.830
11.833
11.836
11.839
11.842
11.841
11.845
11.855
11.859
11.863
11.865
11.870
11.876
11.882
11.887
11.890
11.893
11.900
11.902
11.915
11.920
11.925
11.926
11.926
11.926
11.920
11.929
11.945
11.958
11.965
11.967
11.972
11.975
11.977
11.972
11.976
11.983
11.984
11.989
11.988
11.993
11.999
12.002
12.006
12.005
12.007
12.008
12.011
12.009
12.010
12.010
12.010
12.009
12.003
12.001
12.010
12.010
12.010
12.010
12.010
12.009
12.009
12.010
12.000
12.007
12.010
12.010
12.011
12.012
12.011
12.010
12.010
12.010
12.007
12.000
12.010
12.011
12.010
12.010
12.010
12.010
12.010
12.000
12.005
12.011
12.010
12.011
12.009
12.009
12.010
12.011
12.009
12.009
12.009
12.010
12.007
12.010
12.009
12.010
12.010
12.008
12.001
12.003
12.010
12.010
12.011
12.009
12.010
12.010
12.010
12.008
12.000
12.014
12.021
12.024
12.028
12.039
12.049
12.061
12.073
12.073
12.069
12.069
12.076
12.077
12.077
12.081
12.083
12.085
12.086
12.086
12.098
12.102
12.108
12.111
12.112
12.116
12.122
12.129
12.130
12.134
12.138
12.146
12.150
12.156
12.158
12.160
12.164
12.166
12.162
12.180
12.184
12.186
12.188
12.187
12.189
12.193
12.194
12.187
12.191
12.199
12.205
12.213
12.219
12.223
12.230
12.233
12.240
12.244
12.244
12.259
12.265
12.272
12.276
12.280
12.285
12.293
12.295
12.296
12.299
12.302
12.305
12.305
12.305
12.307
12.311
12.312
12.305
12.317
12.320
12.321
12.324
12.324
12.325
12.328
12.329
12.330
12.338
12.347
12.352
12.355
12.357
12.359
12.363
12.365
12.362
12.362
12.373
12.376
12.378
12.381
12.383
12.384
12.386
12.387
12.388
12.384
12.384
12.393
12.396
12.399
12.405
12.410
12.415
12.419
12.418
12.419
12.422
12.425
12.427
12.428
12.429
12.432
12.434
12.427
12.434
12.439
12.439
12.441
12.439
12.446
12.456
12.461
12.459
12.454
12.464
12.465
12.467
12.469
12.470
12.474
12.476
12.479
12.472
12.481
12.488
12.488
12.492
12.493
12.499
12.503
12.510
12.515
12.522
12.526
12.524
12.539
12.551
12.558
12.562
12.570
12.574
12.573
12.584
12.594
12.598
12.605
12.611
12.618
12.624
12.634
12.640
12.645
12.646
12.646
12.646
12.652
12.651
12.653
12.656
12.657
12.647
12.656
12.662
12.665
12.670
12.671
12.679
12.687
12.694
12.699
12.699
12.713
12.717
12.720
12.719
12.720
12.724
12.729
12.731
12.732
12.740
12.741
12.737
12.751
12.751
12.755
12.757
12.760
12.758
12.754
12.768
12.770
12.776
12.779
12.780
12.781
12.781
12.782
12.781
12.782
12.784
12.784
12.788
12.791
12.795
12.805
12.807
12.811
12.805
12.815
12.817
12.817
12.823
12.827
12.831
12.838
12.844
12.852
12.849
12.851
12.861
12.866
12.867
12.874
12.878
12.882
12.888
12.891
12.892
12.896
12.890
12.907
12.914
12.915
12.920
12.923
12.916
12.920
12.927
12.933
12.939
12.939
12.939
12.942
12.946
12.949
12.952
12.953
12.953
12.955
12.959
12.963
12.969
12.973
12.976
12.967
12.973
12.980
12.981
12.984
12.985
12.987
12.989
12.994
12.996
12.991
13.007
13.013
13.017
13.023
13.025
13.026
13.032
13.030
13.032
13.034
13.035
13.031
13.032
13.037
13.037
13.038
13.040
13.041
13.033
13.047
13.049
13.049
13.053
13.054
13.056
13.059
13.063
13.066
13.069
13.074
13.083
13.090
13.098
13.102
13.104
13.106
13.104
13.098
13.109
13.110
13.110
13.111
13.112
13.114
13.118
13.123
13.120
13.128
13.142
13.144
13.146
13.147
13.147
13.149
13.154
13.156
13.160
13.164
13.170
13.177
13.186
13.192
13.199
13.206
13.208
13.204
13.208
13.219
13.220
13.221
13.220
13.220
13.221
13.223
13.225
13.230
13.233
13.240
13.246
13.255
13.257
13.260
13.264
13.271
13.275
13.285
13.301
13.308
13.313
13.311
13.314
13.317
13.318
13.320
13.316
13.330
13.332
13.337
13.337
13.342
13.347
13.354
13.368
13.377
13.388
13.393
13.397
13.403
13.411
13.417
13.427
13.433
13.435
13.430
13.442
13.444
13.447
13.450
13.452
13.457
13.464
13.468
13.471
13.475
13.477
13.481
13.486
13.487
13.488
13.491
13.495
13.495
13.491
13.511
13.513
13.520
13.525
13.525
13.531
13.538
13.544
13.542
13.551
13.561
13.563
13.571
13.577
13.583
13.586
13.589
13.596
13.598
13.599
13.603
13.604
13.608
13.610
13.612
13.626
13.638
13.638
13.652
13.673
13.684
13.691
13.694
13.699
13.707
13.721
13.732
13.737
13.756
13.761
13.768
13.774
13.782
13.789
13.796
13.807
13.806
13.826
13.841
13.850
13.859
13.864
13.867
13.873
13.876
13.877
13.875
13.896
13.901
13.906
13.913
13.916
13.921
13.924
13.928
13.928
13.929
13.938
13.943
13.949
13.953
13.962
13.976
13.986
13.989
13.986
14.004
14.018
14.040
14.051
14.059
14.063
14.073
14.076
14.082
14.087
14.089
14.092
14.095
14.100
14.109
14.122
14.128
14.132
14.126
14.141
14.144
14.145
14.149
14.148
14.149
14.151
14.151
14.147
14.150
14.172
14.184
14.189
14.189
14.197
14.206
14.220
14.221
14.212
14.223
14.226
14.229
14.234
14.250
14.270
14.280
14.285
14.279
14.279
14.289
14.291
14.294
14.299
14.301
14.302
14.301
14.306
14.308
14.313
14.318
14.325
14.329
14.334
14.341
14.344
14.352
14.354
14.347
14.366
14.376
14.380
14.383
14.383
14.387
14.393
14.399
14.397
14.407
14.421
14.424
14.427
14.427
14.429
14.429
14.434
14.438
14.434
14.454
14.461
14.474
14.488
14.497
14.502
14.502
14.502
14.494
14.500
14.516
14.522
14.527
14.532
14.535
14.539
14.544
14.554
14.559
14.565
14.574
14.580
14.588
14.594
14.601
14.617
14.627
14.632
14.635
14.653
14.662
14.673
14.681
14.685
14.685
14.688
14.696
14.701
14.700
14.701
14.722
14.737
14.748
14.765
14.771
14.782
14.788
14.783
14.805
14.807
14.807
14.815
14.826
14.835
14.843
14.845
14.841
14.850
14.856
14.858
14.865
14.867
14.868
14.868
14.873
14.880
14.884
14.892
14.900
14.908
14.921
14.934
14.948
14.954
14.962
14.960
14.954
14.967
14.970
14.976
14.980
14.983
14.987
14.990
14.995
14.991
14.999
15.015
15.019
15.022
15.025
15.027
15.028
15.032
15.038
15.027
15.045
15.061
15.071
15.080
15.092
15.105
15.114
15.127
15.129
15.144
15.154
15.161
15.171
15.178
15.190
15.200
15.209
15.208
15.201
15.220
15.223
15.230
15.237
15.241
15.246
15.250
15.259
15.261
15.271
15.283
15.286
15.291
15.295
15.301
15.309
15.320
15.323
15.320
15.343
15.354
15.357
15.361
15.365
15.369
15.373
15.379
15.383
15.386
15.397
15.430
15.434
15.438
15.442
15.448
15.454
15.458
15.449
15.472
15.484
15.492
15.503
15.508
15.515
15.520
15.527
15.533
15.541
15.546
15.549
15.552
15.555
15.558
15.564
15.564
15.564
15.557
15.571
15.582
15.585
15.593
15.604
15.617
15.636
15.648
15.654
15.647
15.665
15.673
15.684
15.690
15.694
15.701
15.708
15.710
15.698
15.716
15.727
15.734
15.744
15.747
15.754
15.764
15.772
15.773
15.770
15.791
15.796
15.800
15.810
15.816
15.824
15.832
15.840
15.840
15.842
15.860
15.868
15.872
15.874
15.884
15.890
15.894
15.898
15.885
15.900
15.905
15.906
15.906
15.906
15.908
15.917
15.926
15.927
15.934
15.955
15.965
15.967
15.967
15.970
15.975
15.988
15.999
16.007
16.037
16.052
16.061
16.063
16.067
16.074
16.079
16.088
16.087
16.084
16.108
16.117
16.125
16.133
16.137
16.141
16.146
16.151
16.162
16.169
16.172
16.190
16.197
16.199
16.201
16.203
16.211
16.218
16.206
16.225
16.232
16.235
16.238
16.240
16.246
16.250
16.254
16.248
16.254
16.268
16.272
16.280
16.284
16.287
16.293
16.300
16.305
16.305
16.323
16.328
16.333
16.339
16.342
16.345
16.350
16.357
16.347
16.352
16.365
16.367
16.371
16.370
16.373
16.380
16.383
16.392
16.399
16.406
16.415
16.418
16.421
16.422
16.424
16.426
16.431
16.436
16.438
16.455
16.460
16.466
16.472
16.477
16.483
16.489
16.492
16.481
16.496
16.506
16.514
16.518
16.520
16.525
16.530
16.531
16.527
16.523
16.544
16.549
16.554
16.564
16.566
16.574
16.588
16.602
16.606
16.612
16.626
16.626
16.630
16.631
16.635
16.638
16.642
16.645
16.644
16.647
16.647
16.648
16.651
16.651
16.659
16.663
16.670
16.662
16.663
16.676
16.681
16.687
16.689
16.696
16.699
16.701
16.697
16.688
16.704
16.705
16.706
16.709
16.715
16.725
16.734
16.736
16.720
16.737
16.745
16.747
16.749
16.747
16.748
16.755
16.760
16.769
16.762
16.789
16.802
16.810
16.818
16.820
16.821
16.824
16.831
16.834
16.844
16.852
16.857
16.864
16.872
16.880
16.886
16.895
16.899
16.888
16.892
16.892
16.898
16.908
16.916
16.927
16.931
16.941
16.950
16.955
16.944
16.967
16.979
16.987
16.992
16.997
17.003
17.006
16.997
17.008
17.027
17.031
17.038
17.042
17.045
17.048
17.053
17.059
17.050
17.060
17.077
17.083
17.094
17.098
17.099
17.102
17.109
17.104
17.111
17.126
17.131
17.138
17.144
17.151
17.157
17.163
17.165
17.158
17.180
17.188
17.199
17.200
17.203
17.206
17.213
17.220
17.229
17.228
17.235
17.259
17.268
17.273
17.277
17.285
17.294
17.297
17.286
17.308
17.310
17.313
17.320
17.325
17.334
17.341
17.346
17.350
17.350
17.353
17.383
17.391
17.395
17.395
17.397
17.403
17.407
17.407
17.411
17.419
17.431
17.445
17.452
17.460
17.468
17.480
17.471
17.474
17.493
17.501
17.508
17.511
17.515
17.518
17.526
17.534
17.521
17.539
17.542
17.542
17.543
17.547
17.553
17.562
17.567
17.573
17.568
17.563
17.578
17.581
17.578
17.580
17.581
17.579
17.583
17.585
17.589
17.576
17.597
17.602
17.603
17.606
17.615
17.625
17.624
17.629
17.650
17.655
17.662
17.663
17.664
17.673
17.682
17.687
17.676
17.707
17.725
17.737
17.745
17.749
17.753
17.760
17.764
17.753
17.765
17.782
17.792
17.803
17.816
17.827
17.842
17.853
17.860
17.868
17.858
17.888
17.906
17.916
17.925
17.939
17.948
17.957
17.960
17.967
17.966
17.960
17.988
17.995
18.005
18.022
18.030
18.036
18.022
18.045
18.056
18.064
18.072
18.076
18.080
18.085
18.091
18.091
18.098
18.126
18.136
18.151
18.154
18.161
18.164
18.166
18.171
18.159
18.186
18.192
18.206
18.219
18.227
18.234
18.239
18.249
18.258
18.258
18.259
18.285
18.293
18.300
18.316
18.336
18.356
18.375
18.384
18.404
18.403
18.417
18.430
18.443
18.456
18.464
18.466
18.453
18.476
18.494
18.505
18.516
18.520
18.530
18.536
18.542
18.556
18.557
18.591
18.608
18.619
18.634
18.647
18.660
18.671
18.678
18.668
18.690
18.700
18.702
18.713
18.720
18.726
18.732
18.736
18.739
18.731
18.753
18.760
18.762
18.764
18.764
18.770
18.777
18.779
18.791
18.817
18.823
18.831
18.852
18.867
18.876
18.882
18.888
18.894
18.903
18.909
18.918
18.929
18.936
18.936
18.938
18.937
18.938
18.921
18.937
18.941
18.942
18.950
18.962
18.971
18.979
18.982
18.976
18.976
19.006
19.021
19.040
19.049
19.057
19.065
19.069
19.071
19.066
19.092
19.096
19.104
19.111
19.116
19.123
19.128
19.140
19.149
19.159
19.170
19.177
19.181
19.194
19.204
19.213
19.217
19.227
19.233
19.239
19.249
19.255
19.272
19.292
19.306
19.314
19.321
19.317
19.311
19.335
19.339
19.344
19.347
19.349
19.357
19.362
19.374
19.370
19.393
19.411
19.422
19.430
19.434
19.437
19.439
19.440
19.430
19.425
19.445
19.450
19.462
19.470
19.474
19.480
19.481
19.482
19.488
19.494
19.507
19.532
19.553
19.561
19.572
19.581
19.591
19.595
19.582
19.606
19.607
19.608
19.611
19.616
19.624
19.636
19.646
19.636
19.651
19.666
19.672
19.677
19.686
19.692
19.700
19.704
19.709
19.712
19.695
19.718
19.726
19.738
19.749
19.764
19.775
19.784
19.770
19.791
19.810
19.817
19.825
19.826
19.832
19.839
19.847
19.856
19.870
19.882
19.891
19.902
19.914
19.927
19.937
19.947
19.960
19.971
19.977
19.982
19.994
20.009
20.009
20.016
20.020
20.028
20.026
20.018
20.045
20.050
20.060
20.069
20.080
20.082
20.093
20.104
20.117
20.113
20.125
20.152
20.155
20.156
20.160
20.163
20.166
20.172
20.162
20.190
20.203
20.207
20.213
20.216
20.221
20.227
20.231
20.238
20.251
20.255
20.261
20.265
20.274
20.278
20.287
20.294
20.298
20.294
20.325
20.328
20.333
20.339
20.347
20.355
20.368
20.382
20.377
20.385
20.411
20.421
20.427
20.430
20.435
20.435
20.435
20.439
20.421
20.448
20.463
20.478
20.488
20.499
20.505
20.511
20.514
20.520
20.523
20.519
20.549
20.558
20.568
20.572
20.578
20.581
20.584
20.572
20.594
20.600
20.612
20.621
20.630
20.639
20.644
20.654
20.658
20.666
20.676
20.698
20.718
20.738
20.749
20.756
20.768
20.780
20.768
20.781
20.801
20.810
20.825
20.841
20.859
20.891
20.913
20.928
20.927
20.962
20.969
20.979
20.983
20.988
20.993
20.996
21.007
20.993
21.018
21.022
21.026
21.036
21.040
21.046
21.050
21.052
21.051
21.040
21.059
21.068
21.073
21.082
21.085
21.090
21.093
21.096
21.095
21.098
21.103
21.106
21.110
21.112
21.118
21.121
21.127
21.127
21.108
21.130
21.136
21.138
21.139
21.139
21.141
21.143
21.143
21.135
21.128
21.153
21.154
21.156
21.154
21.155
21.156
21.156
21.156
21.137
21.163
21.165
21.165
21.167
21.166
21.166
21.167
21.167
21.164
21.151
21.176
21.178
21.179
21.179
21.181
21.182
21.184
21.190
21.187
21.188
21.190
21.191
21.196
21.194
21.195
21.197
21.199
21.198
21.182
21.208
21.212
21.215
21.217
21.216
21.219
21.222
21.224
21.208
21.219
21.233
21.238
21.237
21.240
21.240
21.240
21.240
21.233
21.230
21.256
21.257
21.257
21.260
21.257
21.259
21.261
21.263
21.246
21.264
21.271
21.270
21.272
21.273
21.272
21.272
21.274
21.271
21.272
21.271
21.272
21.270
21.273
21.271
21.272
21.273
21.273
21.255
21.252
21.273
21.274
21.275
21.273
21.274
21.273
21.273
21.267
21.250
21.275
21.275
21.274
21.273
21.273
21.272
21.272
21.274
21.251
21.266
21.275
21.274
21.276
21.273
21.273
21.272
21.274
21.273
21.251
21.272
21.273
21.272
21.272
21.273
21.272
21.272
21.274
21.259
21.253
21.273
21.273
21.274
21.274
21.273
21.272
21.272
21.271
21.250
21.262
21.273
21.274
21.274
21.271
21.271
21.271
21.271
21.259
21.251
21.270
21.271
21.271
21.268
21.268
21.267
21.268
21.267
21.246
21.268
21.269
21.270
21.269
21.268
21.268
21.268
21.269
21.246
21.265
21.272
21.269
21.269
21.269
21.269
21.270
21.270
21.270
