40.000
40.000
40.002
40.001
40.004
40.008
40.008
40.008
40.007
40.011
40.008
40.009
40.012
40.014
40.013
40.014
40.014
40.017
40.016
40.016
40.018
40.021
40.021
40.020
40.021
40.021
40.022
40.024
40.022
40.025
40.026
40.025
40.025
40.025
40.026
40.026
40.027
40.028
40.028
40.029
40.029
40.030
40.029
40.026
40.029
40.026
40.032
40.027
40.029
40.032
40.028
40.029
40.030
40.028
40.028
40.027
40.029
40.029
40.031
40.029
40.029
40.025
40.024
40.029
40.029
40.026
40.024
40.026
40.023
40.025
40.023
40.023
40.022
40.023
40.020
40.021
40.022
40.019
40.019
40.020
40.019
40.021
40.020
40.018
40.019
40.019
40.018
40.019
40.019
40.020
40.018
40.018
40.018
40.020
40.016
40.019
40.017
40.021
40.021
40.019
40.019
40.019
40.021
40.022
40.024
40.026
40.022
40.024
40.029
40.031
40.030
40.030
40.030
40.035
40.038
40.040
40.043
40.043
40.048
40.050
40.053
40.057
40.057
40.060
40.063
40.064
40.068
40.074
40.077
40.079
40.087
40.087
40.093
40.098
40.102
40.103
40.108
40.112
40.116
40.121
40.121
40.130
40.131
40.135
40.144
40.148
40.152
40.158
40.162
40.167
40.169
40.172
40.176
40.180
40.185
40.193
40.195
40.202
40.208
40.212
40.215
40.219
40.223
40.227
40.229
40.236
40.242
40.248
40.252
40.260
40.264
40.267
40.270
40.274
40.276
40.280
40.284
40.289
40.293
40.300
40.304
40.308
40.313
40.319
40.319
40.325
40.328
40.328
40.332
40.336
40.344
40.347
40.348
40.353
40.358
40.362
40.366
40.370
40.375
40.373
40.377
40.379
40.381
40.387
40.389
40.394
40.397
40.400
40.404
40.407
40.409
40.412
40.414
40.418
40.421
40.426
40.428
40.428
40.427
40.430
40.434
40.437
40.438
40.440
40.445
40.445
40.447
40.450
40.453
40.455
40.455
40.461
40.463
40.467
40.466
40.470
40.473
40.476
40.476
40.478
40.479
40.481
40.482
40.482
40.485
40.485
40.486
40.491
40.490
40.493
40.495
40.493
40.498
40.499
40.501
40.505
40.508
40.505
40.508
40.511
40.509
40.517
40.515
40.518
40.518
40.521
40.523
40.523
40.530
40.526
40.527
40.528
40.531
40.532
40.532
40.535
40.534
40.534
40.536
40.538
40.539
40.541
40.541
40.543
40.543
40.550
40.548
40.549
40.552
40.555
40.555
40.558
40.557
40.558
40.560
40.564
40.567
40.567
40.565
40.566
40.570
40.570
40.573
40.574
40.578
40.577
40.579
40.579
40.580
40.586
40.584
40.586
40.586
40.589
40.588
40.588
40.589
40.591
40.592
40.591
40.595
40.597
40.599
40.597
40.599
40.600
40.602
40.603
40.605
40.604
40.602
40.606
40.608
40.612
40.612
40.614
40.615
40.617
40.617
40.617
40.617
40.621
40.622
40.624
40.627
40.628
40.628
40.633
40.632
40.635
40.632
40.633
40.633
40.637
40.636
40.638
40.636
40.640
40.640
40.641
40.642
40.642
40.644
40.643
40.644
40.645
40.650
40.649
40.649
40.647
40.651
40.653
40.652
40.654
40.653
40.656
40.656
40.657
40.658
40.656
40.663
40.661
40.665
40.667
40.667
40.663
40.665
40.667
40.669
40.671
40.672
40.673
40.676
40.675
40.677
40.676
40.676
40.678
40.682
40.683
40.681
40.684
40.684
40.687
40.686
40.685
40.685
40.688
40.688
40.690
40.690
40.691
40.693
40.693
40.693
40.693
40.694
40.695
40.697
40.697
40.699
40.697
40.700
40.700
40.700
40.701
40.700
40.701
40.701
40.703
40.702
40.703
40.706
40.705
40.706
40.706
40.708
40.708
40.707
40.709
40.711
40.713
40.709
40.710
40.713
40.713
40.715
40.715
40.714
40.714
40.718
40.715
40.715
40.718
40.719
40.720
40.720
40.720
40.724
40.723
40.724
40.720
40.726
40.725
40.722
40.723
40.726
40.726
40.727
40.729
40.730
40.724
40.730
40.731
40.732
40.730
40.731
40.731
40.730
40.730
40.733
40.731
40.736
40.734
40.736
40.737
40.736
40.737
40.735
40.739
40.732
40.736
40.738
40.737
40.738
40.739
40.740
40.738
40.740
40.739
40.736
40.739
40.742
40.743
40.738
40.741
40.743
40.740
40.743
40.743
40.742
40.744
40.743
40.743
40.743
40.742
40.743
40.744
40.744
40.744
40.745
40.746
40.745
40.745
40.746
40.747
40.745
40.744
40.747
40.745
40.747
40.747
40.747
40.746
40.748
40.746
40.747
40.747
40.747
40.749
40.750
40.748
40.748
40.748
40.746
40.748
40.746
40.748
40.748
40.750
40.749
40.750
40.750
40.749
40.749
40.753
40.748
40.749
40.750
40.751
40.750
40.752
40.750
40.753
40.752
40.748
40.754
40.752
40.753
40.752
40.752
40.754
40.751
40.751
40.749
40.753
40.752
40.755
40.752
40.753
40.753
40.753
40.755
40.754
40.757
40.754
40.755
40.754
40.757
40.754
40.755
40.755
40.756
40.757
40.757
40.758
40.757
40.756
40.757
40.757
40.755
40.759
40.759
40.759
40.758
40.758
40.758
40.760
40.757
40.758
40.758
40.756
40.758
40.759
40.760
40.759
40.759
40.759
40.762
40.759
40.758
40.761
40.762
40.761
40.758
40.763
40.762
40.760
40.760
40.759
40.761
40.762
40.763
40.760
40.761
40.764
40.761
40.764
40.762
40.763
40.761
40.763
40.765
40.762
40.762
40.763
40.764
40.764
40.762
40.763
40.763
40.763
40.763
40.764
40.765
40.762
40.764
40.764
40.764
40.763
40.764
40.764
40.764
40.763
40.764
40.765
40.764
40.765
40.764
40.763
40.766
40.763
40.761
40.763
40.766
40.765
40.765
40.766
40.768
40.765
40.766
40.765
40.767
40.767
40.765
40.768
40.765
40.768
40.767
40.766
40.765
40.766
40.766
40.762
40.766
40.765
40.764
40.763
40.764
40.766
40.766
40.768
40.765
40.764
40.766
40.767
40.765
40.766
40.765
40.765
40.763
40.766
40.766
40.767
40.765
40.767
40.764
40.765
40.762
40.763
40.764
40.764
40.762
40.762
40.766
40.766
40.764
40.763
40.762
40.763
40.765
40.763
40.764
40.764
40.765
40.765
40.765
40.764
40.763
40.764
40.763
40.761
40.764
40.762
40.759
40.763
40.761
40.764
40.761
40.760
40.763
40.760
40.764
40.764
40.762
40.763
40.761
40.760
40.760
40.759
40.761
40.760
40.760
40.762
40.764
40.761
40.763
40.761
40.760
40.759
40.761
40.762
40.761
40.759
40.760
40.761
40.759
40.756
40.759
40.758
40.758
40.759
40.763
40.759
40.756
40.761
40.759
40.759
40.762
40.758
40.758
40.759
40.757
40.758
40.757
40.758
40.759
40.760
40.758
40.759
40.758
40.755
40.760
40.758
40.757
40.757
40.759
40.757
40.758
40.758
40.758
40.758
40.755
40.756
40.758
40.759
40.755
40.759
40.756
40.756
40.756
40.752
40.756
40.755
40.757
40.756
40.755
40.756
40.756
40.755
40.756
40.755
40.755
40.758
40.755
40.756
40.756
40.755
40.756
40.757
40.756
40.755
40.755
40.756
40.753
40.754
40.755
40.754
40.755
40.753
40.755
40.754
40.755
40.755
40.754
40.752
40.753
40.754
40.751
40.754
40.751
40.754
40.755
40.753
40.755
40.753
40.752
40.752
40.753
40.754
40.753
40.753
40.752
40.754
40.754
40.752
40.753
40.753
40.752
40.751
40.750
40.755
40.751
40.751
40.752
40.753
40.751
40.749
40.750
40.748
40.750
40.753
40.748
40.750
40.749
40.749
40.751
40.747
40.751
40.748
40.751
40.749
40.747
40.752
40.750
40.752
40.749
40.750
40.748
40.746
40.751
40.748
40.749
40.749
40.747
40.749
40.747
40.747
40.747
40.747
40.747
40.746
40.748
40.745
40.747
40.747
40.745
40.748
40.747
40.746
40.747
40.746
40.745
40.744
40.745
40.745
40.744
40.746
40.745
40.746
40.747
40.747
40.745
40.745
40.744
40.746
40.743
40.745
40.746
40.746
40.743
40.745
40.743
40.744
40.744
40.743
40.744
40.741
40.744
40.743
40.743
40.745
40.743
40.742
40.741
40.743
40.743
40.742
40.742
40.742
40.742
40.740
40.743
40.741
40.742
40.741
40.741
40.740
40.743
40.742
40.741
40.740
40.742
40.741
40.740
40.740
40.740
40.739
40.739
40.736
40.739
40.738
40.741
40.738
40.737
40.736
40.736
40.740
40.738
40.737
40.738
40.738
40.735
40.738
40.735
40.734
40.737
40.734
40.735
40.736
40.735
40.735
40.735
40.738
40.735
40.736
40.737
40.733
40.736
40.732
40.734
40.731
40.734
40.734
40.733
40.732
40.732
40.731
40.735
40.729
40.728
40.733
40.730
40.732
40.731
40.731
40.730
40.731
40.729
40.730
40.729
40.730
40.729
40.729
40.728
40.731
40.731
40.731
40.729
40.729
40.730
40.730
40.727
40.728
40.729
40.726
40.724
40.726
40.726
40.727
40.725
40.726
40.723
40.725
40.724
40.724
40.725
40.724
40.722
40.724
40.723
40.723
40.723
40.722
40.723
40.721
40.724
40.721
40.722
40.722
40.722
40.722
40.719
40.725
40.719
40.721
40.721
40.722
40.719
40.721
40.717
40.718
40.720
40.717
40.721
40.720
40.720
40.719
40.718
40.718
40.721
40.716
40.718
40.718
40.718
40.719
40.715
40.716
40.718
40.714
40.716
40.716
40.716
40.717
40.712
40.715
40.715
40.713
40.716
40.714
40.713
40.712
40.712
40.712
40.714
40.715
40.710
40.712
40.715
40.712
40.711
40.710
40.712
40.710
40.707
40.713
40.709
40.708
40.711
40.710
40.713
40.708
40.706
40.710
40.709
40.708
40.707
40.707
40.708
40.707
40.706
40.707
40.706
40.707
40.708
40.706
40.706
40.706
40.706
40.707
40.708
40.707
40.706
40.709
40.704
40.705
40.705
40.706
40.703
40.703
40.703
40.703
40.703
40.702
40.704
40.701
40.702
40.703
40.703
40.701
40.703
40.703
40.700
40.702
40.699
40.701
40.702
40.700
40.701
40.702
40.700
40.702
40.702
40.699
40.698
40.699
40.699
40.703
40.703
40.700
40.699
40.698
40.697
40.699
40.696
40.699
40.698
40.698
40.698
40.696
40.695
40.698
40.696
40.695
40.695
40.697
40.696
40.694
40.695
40.695
40.697
40.695
40.693
40.695
40.694
40.696
40.696
40.694
40.694
40.692
40.693
40.693
40.693
40.693
40.692
40.695
40.693
40.693
40.692
40.692
40.692
40.691
40.691
40.691
40.691
40.692
40.693
40.694
40.691
40.689
40.691
40.692
40.691
40.692
40.691
40.690
40.692
40.691
40.689
40.689
40.689
40.689
40.690
40.690
40.689
40.689
40.691
40.689
40.690
40.689
40.688
40.689
40.688
40.686
40.688
40.687
40.687
40.686
40.686
40.685
40.687
40.685
40.685
40.688
40.688
40.685
40.686
40.686
40.686
40.682
40.685
40.684
40.682
40.684
40.686
40.686
40.684
40.682
40.683
40.686
40.683
40.683
40.682
40.683
40.681
40.683
40.682
40.683
40.681
40.683
40.683
40.681
40.682
40.680
40.679
40.682
40.680
40.680
40.684
40.681
40.680
40.677
40.679
40.679
40.682
40.680
40.681
40.679
40.677
40.679
40.676
40.678
40.678
40.676
40.678
40.679
40.681
40.677
40.681
40.675
40.675
40.680
40.677
40.677
40.675
40.678
40.676
40.674
40.671
40.676
40.674
40.678
40.675
40.672
40.673
40.674
40.676
40.673
40.671
40.671
40.674
40.672
40.672
40.674
40.672
40.673
40.670
40.671
40.671
40.672
40.670
40.670
40.672
40.672
40.669
40.672
40.669
40.669
40.668
40.668
40.669
40.666
40.669
40.669
40.669
40.665
40.667
40.666
40.664
40.666
40.665
40.666
40.669
40.667
40.668
40.667
40.663
40.663
40.665
40.664
40.665
40.664
40.662
40.666
40.664
40.662
40.662
40.664
40.664
40.663
40.666
40.659
40.662
40.663
40.662
40.662
40.663
40.660
40.662
40.660
40.662
40.658
40.658
40.659
40.661
40.660
40.658
40.658
40.660
40.659
40.661
40.659
40.660
40.656
40.657
40.659
40.658
40.658
40.656
40.656
40.659
40.658
40.657
40.656
40.658
40.659
40.658
40.655
40.656
40.655
40.657
40.656
40.653
40.658
40.656
40.657
40.657
40.654
40.654
40.655
40.654
40.653
40.651
40.655
40.652
40.652
40.652
40.654
40.654
40.655
40.656
40.652
40.652
40.652
40.653
40.653
40.653
40.649
40.652
40.651
40.650
40.650
40.652
40.651
40.650
40.650
40.650
40.650
40.651
40.650
40.650
40.650
40.651
40.650
40.648
40.648
40.647
40.653
40.650
40.649
40.650
40.649
40.650
40.650
40.648
40.649
40.648
40.648
40.648
40.647
40.648
40.648
40.646
40.647
40.649
40.647
40.648
40.649
40.649
40.647
40.649
40.645
40.649
40.648
40.646
40.644
40.646
40.645
40.643
40.646
40.648
40.645
40.644
40.647
40.645
40.642
40.643
40.642
40.645
40.643
40.644
40.643
40.643
40.645
40.645
40.644
40.644
40.643
40.643
40.643
40.644
40.643
40.645
40.643
40.640
40.641
40.641
40.641
40.641
40.641
40.641
40.643
40.642
40.641
40.642
40.640
40.640
40.640
40.640
40.642
40.640
40.640
40.638
40.640
40.640
40.639
40.639
40.638
40.640
40.640
40.640
40.639
40.638
40.639
40.638
40.638
40.637
40.639
40.639
40.640
40.639
40.639
40.637
40.638
40.638
40.637
40.636
40.638
40.637
40.636
40.636
40.634
40.637
40.636
40.636
40.636
40.633
40.636
40.637
40.638
40.636
40.637
40.636
40.634
40.634
40.633
40.636
40.634
40.633
40.632
40.632
40.633
40.631
40.632
40.630
40.630
40.632
40.633
40.632
40.632
40.633
40.631
40.630
40.632
40.631
40.631
40.630
40.630
40.628
40.630
40.628
40.630
40.628
40.630
40.623
40.628
40.627
40.629
40.630
40.629
40.625
40.628
40.629
40.627
40.627
40.626
40.625
40.626
40.629
40.627
40.627
40.625
40.627
40.627
40.627
40.624
40.622
40.626
40.626
40.626
40.624
40.623
40.622
40.622
40.626
40.622
40.626
40.622
40.622
40.624
40.626
40.624
40.621
40.621
40.623
40.621
40.622
40.623
40.624
40.623
40.621
40.619
40.620
40.616
40.621
40.620
40.619
40.618
40.618
40.618
40.619
40.615
40.616
40.616
40.618
40.617
40.619
40.619
40.617
40.617
40.615
40.618
40.614
40.614
40.613
40.617
40.615
40.613
40.617
40.614
40.614
40.615
40.612
40.613
40.613
40.613
40.615
40.613
40.614
40.615
40.613
40.611
40.614
40.612
40.612
40.612
40.612
40.611
40.615
40.610
40.612
40.611
40.611
40.610
40.611
40.610
40.610
40.609
40.607
40.610
40.610
40.605
40.610
40.609
40.607
40.607
40.607
40.608
40.607
40.605
40.608
40.607
40.607
40.607
40.608
40.605
40.606
40.605
40.603
40.605
40.604
40.606
40.606
40.602
40.604
40.605
40.604
40.604
40.605
40.604
40.604
40.604
40.601
40.604
40.601
40.602
40.600
40.603
40.600
40.601
40.600
40.601
40.602
40.602
40.603
40.600
40.599
40.598
40.601
40.598
40.599
40.599
40.600
40.597
40.599
40.600
40.600
40.600
40.599
40.595
40.597
40.596
40.596
40.596
40.598
40.597
40.597
40.597
40.598
40.595
40.598
40.597
40.594
40.596
40.599
40.594
40.596
40.595
40.593
40.596
40.592
40.593
40.592
40.592
40.594
40.594
40.595
40.593
40.593
40.592
40.592
40.593
40.592
40.590
40.590
40.593
40.592
40.590
40.592
40.593
40.591
40.589
40.588
40.590
40.589
40.588
40.590
40.591
40.591
40.588
40.589
40.592
40.589
40.588
40.592
40.589
40.589
40.590
40.589
40.588
40.588
40.589
40.589
40.586
40.586
40.589
40.587
40.587
40.589
40.587
40.586
40.586
40.587
40.589
40.586
40.587
40.587
40.586
40.585
40.586
40.584
40.586
40.584
40.586
40.585
40.586
40.584
40.586
40.585
40.584
40.584
40.585
40.586
40.584
40.584
40.583
40.585
40.583
40.582
40.583
40.583
40.585
40.585
40.582
40.581
40.584
40.583
40.582
40.585
40.583
40.581
40.582
40.582
40.580
40.582
40.580
40.581
40.583
40.581
40.580
40.579
40.579
40.582
40.578
40.579
40.578
40.579
40.581
40.579
40.576
40.577
40.577
40.577
40.579
40.576
40.578
40.576
40.578
40.579
40.576
40.579
40.575
40.575
40.575
40.577
40.573
40.574
40.573
40.576
40.574
40.577
40.574
40.575
40.573
40.574
40.573
40.576
40.571
40.573
40.572
40.570
40.570
40.573
40.572
40.571
40.573
40.570
40.575
40.569
40.570
40.571
40.571
40.569
40.571
40.569
40.570
40.569
40.569
40.570
40.570
40.568
40.568
40.571
40.566
40.565
40.568
40.565
40.567
40.570
40.565
40.567
40.569
40.569
40.569
40.564
40.566
40.563
40.562
40.563
40.562
40.562
40.564
40.564
40.566
40.565
40.565
40.564
40.562
40.563
40.562
40.564
40.562
40.561
40.562
40.559
40.561
40.559
40.560
40.562
40.561
40.561
40.561
40.559
40.559
40.559
40.559
40.559
40.559
40.561
40.559
40.562
40.559
40.558
40.559
40.557
40.556
40.557
40.561
40.556
40.558
40.556
40.558
40.557
40.557
40.557
40.555
40.554
40.554
40.556
40.556
40.556
40.554
40.556
40.556
40.556
40.555
40.553
40.552
40.552
40.553
40.554
40.554
40.553
40.552
40.553
40.550
40.555
40.550
40.552
40.552
40.551
40.551
40.549
40.551
40.553
40.552
40.549
40.550
40.550
40.549
40.550
40.547
40.547
40.547
40.546
40.550
40.548
40.549
40.549
40.548
40.546
40.551
40.549
40.545
40.545
40.548
40.546
40.545
40.547
40.545
40.546
40.544
40.546
40.543
40.545
40.547
40.545
40.544
40.543
40.543
40.542
40.545
40.544
40.542
40.541
40.542
40.544
40.542
40.544
40.542
40.544
40.543
40.544
40.541
40.542
40.540
40.542
40.541
40.539
40.540
40.542
40.542
40.540
40.539
40.542
40.542
40.541
40.541
40.541
40.539
40.540
40.542
40.540
40.541
40.540
40.540
40.540
40.540
40.539
40.538
40.538
40.538
40.539
40.539
40.537
40.538
40.538
40.538
40.536
40.538
40.538
40.537
40.537
40.538
40.536
40.537
40.537
40.537
40.536
40.536
40.536
40.535
40.538
40.535
40.534
40.534
40.534
40.535
40.534
40.536
40.535
40.533
40.533
40.535
40.536
40.535
40.534
40.534
40.533
40.533
40.534
40.534
40.534
40.531
40.533
40.533
40.530
40.532
40.532
40.533
40.532
40.533
40.532
40.531
40.530
40.530
40.530
40.531
40.531
40.530
40.532
40.529
40.529
40.532
40.531
40.531
40.528
40.530
40.529
40.529
40.529
40.527
40.530
40.529
40.529
40.528
40.529
40.530
40.527
40.524
40.528
40.528
40.529
40.526
40.524
40.525
40.526
40.528
40.526
40.524
40.526
40.526
40.524
40.526
40.525
40.523
40.526
40.528
40.523
40.525
40.526
40.523
40.522
40.523
40.523
40.521
40.523
40.522
40.522
40.520
40.520
40.521
40.522
40.520
40.520
40.521
40.519
40.520
40.521
40.522
40.518
40.522
40.521
40.522
40.519
40.520
40.520
40.520
40.520
40.520
40.520
40.519
40.518
40.515
40.518
40.518
40.514
40.518
40.515
40.515
40.518
40.517
40.519
40.514
40.519
40.517
40.513
40.515
40.518
40.514
40.515
40.515
40.513
40.513
40.513
40.514
40.513
40.512
40.511
40.513
40.513
40.510
40.510
40.512
40.511
40.512
40.511
40.512
40.512
40.510
40.510
40.511
40.511
40.509
40.507
40.508
40.513
40.512
40.510
40.508
40.506
40.508
40.505
40.508
40.508
40.508
40.506
40.506
40.505
40.507
40.505
40.505
40.503
40.505
40.504
40.505
40.505
40.503
40.504
40.505
40.507
40.505
40.508
40.508
40.509
40.512
40.517
40.514
40.516
40.522
40.522
40.525
40.531
40.529
40.534
40.535
40.535
40.537
40.541
40.543
40.544
40.548
40.548
40.551
40.551
40.558
40.559
40.560
40.563
40.567
40.569
40.573
40.571
40.574
40.573
40.579
40.579
40.582
40.582
40.582
40.582
40.587
40.583
40.585
40.587
40.587
40.588
40.589
40.589
40.590
40.589
40.589
40.591
40.592
40.593
40.590
40.593
40.594
40.592
40.594
40.593
40.591
40.594
40.594
40.593
40.594
40.595
40.591
40.593
40.593
40.593
40.592
40.593
40.589
40.593
40.593
40.592
40.592
40.590
40.591
40.589
40.590
40.590
40.589
40.589
40.587
40.588
40.586
40.585
40.587
40.585
40.584
40.583
40.582
40.583
40.584
40.583
40.581
40.583
40.580
40.580
40.577
40.580
40.579
40.578
40.577
40.576
40.576
40.572
40.573
40.572
40.572
40.572
40.568
40.568
40.564
40.564
40.563
40.563
40.564
40.562
40.557
40.559
40.559
40.553
40.553
40.553
40.551
40.549
40.549
40.548
40.545
40.546
40.542
40.544
40.538
40.540
40.540
40.537
40.535
40.537
40.536
40.536
40.533
40.533
40.533
40.531
40.531
40.530
40.528
40.529
40.526
40.522
40.520
40.521
40.520
40.521
40.513
40.515
40.513
40.511
40.507
40.506
40.508
40.504
40.507
40.505
40.503
40.501
40.505
40.498
40.500
40.496
40.493
40.492
40.494
40.489
40.489
40.486
40.487
40.485
40.486
40.484
40.482
40.481
40.479
40.478
40.477
40.477
40.478
40.477
40.477
40.474
40.471
40.471
40.471
40.469
40.467
40.467
40.466
40.461
40.461
40.460
40.459
40.459
40.458
40.457
40.454
40.454
40.450
40.451
40.450
40.448
40.443
40.441
40.445
40.443
40.443
40.439
40.440
40.439
40.436
40.433
40.433
40.432
40.429
40.431
40.431
40.430
40.428
40.429
40.425
40.422
40.424
40.422
40.423
40.419
40.419
40.420
40.416
40.417
40.417
40.413
40.413
40.410
40.408
40.406
40.405
40.405
40.405
40.403
40.400
40.400
40.397
40.395
40.393
40.396
40.392
40.392
40.388
40.388
40.389
40.386
40.384
40.387
40.384
40.381
40.381
40.380
40.378
40.377
40.376
40.375
40.375
40.373
40.373
40.371
40.372
40.371
40.371
40.369
40.368
40.366
40.365
40.367
40.362
40.366
40.361
40.357
40.361
40.360
40.357
40.357
40.351
40.351
40.349
40.350
40.350
40.349
40.347
40.346
40.345
40.343
40.341
40.341
40.338
40.339
40.339
40.335
40.337
40.333
40.336
40.330
40.332
40.332
40.331
40.330
40.327
40.326
40.325
40.325
40.327
40.326
40.323
40.321
40.320
40.320
40.320
40.319
40.319
40.319
40.317
40.316
40.316
40.315
40.315
40.314
40.312
40.310
40.311
40.309
40.308
40.307
40.306
40.305
40.304
40.306
40.301
40.301
40.298
40.299
40.297
40.296
40.296
40.293
