40.008
40.009
40.013
40.014
40.015
40.021
40.025
40.025
40.026
40.038
40.040
40.041
40.047
40.052
40.055
40.058
40.061
40.063
40.064
40.068
40.075
40.074
40.076
40.083
40.087
40.089
40.093
40.098
40.100
40.104
40.110
40.112
40.112
40.117
40.119
40.119
40.123
40.126
40.129
40.134
40.140
40.142
40.146
40.148
40.153
40.158
40.160
40.164
40.167
40.167
40.171
40.176
40.180
40.188
40.186
40.191
40.194
40.199
40.205
40.208
40.210
40.215
40.217
40.219
40.220
40.225
40.228
40.230
40.235
40.237
40.237
40.244
40.244
40.250
40.257
40.258
40.264
40.264
40.267
40.271
40.272
40.275
40.279
40.279
40.284
40.284
40.287
40.291
40.296
40.297
40.302
40.305
40.306
40.308
40.312
40.312
40.319
40.319
40.320
40.321
40.324
40.325
40.325
40.327
40.331
40.332
40.335
40.336
40.339
40.339
40.343
40.342
40.345
40.349
40.352
40.351
40.355
40.358
40.358
40.363
40.362
40.364
40.364
40.369
40.371
40.369
40.371
40.372
40.375
40.375
40.375
40.377
40.376
40.378
40.379
40.382
40.382
40.381
40.385
40.383
40.385
40.387
40.387
40.386
40.391
40.389
40.391
40.395
40.395
40.396
40.398
40.396
40.399
40.398
40.404
40.405
40.405
40.399
40.403
40.407
40.408
40.406
40.406
40.409
40.406
40.408
40.410
40.413
40.416
40.415
40.414
40.418
40.415
40.417
40.417
40.415
40.417
40.418
40.420
40.423
40.420
40.420
40.418
40.420
40.423
40.421
40.422
40.423
40.424
40.423
40.424
40.424
40.423
40.425
40.426
40.425
40.424
40.423
40.425
40.426
40.428
40.427
40.426
40.429
40.429
40.430
40.428
40.429
40.427
40.428
40.428
40.429
40.430
40.430
40.429
40.430
40.431
40.430
40.430
40.430
40.429
40.431
40.429
40.431
40.434
40.431
40.432
40.431
40.431
40.431
40.430
40.432
40.431
40.432
40.431
40.431
40.431
40.432
40.430
40.432
40.433
40.430
40.432
40.431
40.432
40.429
40.433
40.431
40.431
40.432
40.431
40.429
40.431
40.431
40.430
40.430
40.430
40.431
40.430
40.428
40.430
40.431
40.430
40.430
40.429
40.430
40.429
40.429
40.427
40.427
40.429
40.429
40.429
40.427
40.428
40.429
40.428
40.427
40.425
40.428
40.427
40.427
40.427
40.425
40.425
40.427
40.426
40.426
40.426
40.426
40.425
40.425
40.422
40.424
40.425
40.424
40.422
40.420
40.423
40.422
40.421
40.423
40.421
40.420
40.422
40.419
40.421
40.417
40.418
40.418
40.418
40.418
40.419
40.414
40.417
40.415
40.416
40.413
40.413
40.410
40.414
40.415
40.412
40.413
40.410
40.410
40.411
40.411
40.410
40.408
40.409
40.408
40.412
40.406
40.407
40.409
40.404
40.405
40.404
40.404
40.402
40.405
40.403
40.400
40.402
40.401
40.400
40.399
40.400
40.398
40.400
40.398
40.396
40.397
40.400
40.396
40.395
40.393
40.394
40.394
40.395
40.395
40.391
40.393
40.392
40.393
40.389
40.389
40.388
40.393
40.387
40.388
40.387
40.389
40.388
40.386
40.385
40.386
40.384
40.385
40.383
40.385
40.381
40.382
40.383
40.383
40.382
40.381
40.380
40.380
40.380
40.377
40.380
40.377
40.377
40.376
40.375
40.377
40.377
40.377
40.376
40.377
40.375
40.376
40.376
40.377
40.375
40.374
40.373
40.375
40.375
40.373
40.373
40.372
40.370
40.369
40.371
40.370
40.372
40.367
40.369
40.369
40.368
40.366
40.365
40.365
40.363
40.362
40.366
40.364
40.364
40.363
40.362
40.362
40.363
40.363
40.360
40.359
40.359
40.356
40.357
40.359
40.356
40.359
40.357
40.355
40.355
40.351
40.352
40.353
40.350
40.352
40.348
40.348
40.347
40.350
40.348
40.346
40.350
40.348
40.345
40.341
40.342
40.343
40.342
40.343
40.340
40.341
40.342
40.341
40.338
40.340
40.340
40.338
40.336
40.336
40.337
40.336
40.333
40.336
40.333
40.333
40.335
40.332
40.331
40.332
40.331
40.328
40.329
40.327
40.329
40.327
40.328
40.327
40.328
40.325
40.326
40.327
40.325
40.323
40.324
40.324
40.323
40.324
40.324
40.322
40.322
40.320
40.321
40.320
40.319
40.322
40.320
40.319
40.318
40.317
40.317
40.313
40.317
40.317
40.315
40.314
40.314
40.314
40.314
40.309
40.311
40.311
40.312
40.308
40.309
40.304
40.306
40.311
40.303
40.303
40.304
40.300
40.305
40.300
40.299
40.300
40.302
40.297
40.299
40.299
40.295
40.295
40.296
40.295
40.298
40.292
40.293
40.294
40.291
40.293
40.291
40.291
40.291
40.291
40.290
40.286
40.286
40.286
40.285
40.284
40.284
40.284
40.281
40.285
40.281
40.282
40.281
40.282
40.279
40.282
40.281
40.278
40.276
40.276
40.276
40.273
40.276
40.274
40.274
40.275
40.273
40.272
40.271
40.272
40.272
40.271
40.271
40.270
40.270
40.270
40.270
40.271
40.268
40.269
40.268
40.266
40.267
40.268
40.266
40.266
40.265
40.265
40.265
40.267
40.265
40.263
40.260
40.260
40.257
40.261
40.260
40.257
40.256
40.258
40.258
40.259
40.256
40.256
40.256
40.257
40.256
40.257
40.252
40.253
40.254
40.251
40.252
40.250
40.252
40.249
40.248
40.247
40.249
40.245
40.246
40.247
40.245
40.245
40.247
40.246
40.245
40.244
40.245
40.245
40.243
40.242
40.241
40.245
40.242
40.240
40.240
40.240
40.238
40.238
40.237
40.236
40.235
40.233
40.234
40.235
40.235
40.233
40.233
40.232
40.231
40.231
40.233
40.230
40.231
40.230
40.228
40.229
40.229
40.227
40.229
40.228
40.228
40.227
40.228
40.227
40.227
40.226
40.225
40.227
40.224
40.226
40.223
40.223
40.221
40.224
40.221
40.221
40.223
40.221
40.221
40.221
40.220
40.220
40.221
40.219
40.219
40.219
40.218
40.218
40.216
40.216
40.219
40.217
40.217
40.216
40.216
40.215
40.214
40.213
40.216
40.213
40.211
40.215
40.213
40.213
40.212
40.212
40.207
40.211
40.211
40.211
40.208
40.210
40.207
40.209
40.209
40.203
40.205
40.206
40.206
40.206
40.204
40.204
40.201
40.203
40.203
40.201
40.203
40.198
40.199
40.199
40.199
40.196
40.197
40.195
40.198
40.196
40.192
40.194
40.194
40.193
40.194
40.193
40.193
40.192
40.187
40.189
40.192
40.188
40.186
40.188
40.185
40.188
40.183
40.183
40.184
40.182
40.181
40.182
40.179
40.181
40.180
40.181
40.177
40.179
40.178
40.177
40.178
40.176
40.175
40.176
40.175
40.177
40.176
40.172
40.172
40.172
40.173
40.173
40.171
40.171
40.170
40.170
40.169
40.168
40.169
40.168
40.169
40.167
40.169
40.166
40.166
40.168
40.170
40.165
40.165
40.167
40.163
40.166
40.164
40.163
40.163
40.163
40.161
40.164
40.163
40.161
40.159
40.160
40.160
40.158
40.161
40.157
40.158
40.158
40.158
40.156
40.155
40.157
40.154
40.152
40.151
40.153
40.154
40.151
40.151
40.150
40.152
40.149
40.153
40.149
40.150
40.147
40.148
40.149
40.147
40.145
40.145
40.144
40.145
40.146
40.145
40.143
40.143
40.142
40.142
40.143
40.143
40.139
40.138
40.137
40.140
40.141
40.140
40.137
40.138
40.138
40.134
40.136
40.136
40.137
40.134
40.132
40.132
40.134
40.133
40.134
40.135
40.131
40.133
40.135
40.132
40.131
40.130
40.130
40.132
40.130
40.129
40.129
40.128
40.127
40.130
40.127
40.128
40.127
40.125
40.124
40.124
40.126
40.124
40.124
40.125
40.126
40.126
40.123
40.125
40.121
40.121
40.123
40.121
40.120
40.120
40.119
40.119
40.121
40.120
40.121
40.122
40.122
40.119
40.118
40.120
40.116
40.117
40.116
40.118
40.114
40.119
40.116
40.114
40.115
40.115
40.114
40.117
40.115
40.115
40.116
40.115
40.115
40.116
40.116
40.113
40.115
40.113
40.113
40.113
40.114
40.115
40.115
40.113
40.110
40.113
40.111
40.112
40.112
40.113
40.111
40.110
40.110
40.111
40.109
40.111
40.113
40.110
40.111
40.106
40.107
40.109
40.112
40.108
40.108
40.109
40.109
40.106
40.107
40.107
40.107
40.104
40.105
40.104
40.108
40.108
40.105
40.107
40.104
40.104
40.106
40.107
40.106
40.103
40.105
40.105
40.103
40.102
40.103
40.105
40.102
40.103
40.103
40.104
40.100
40.104
40.099
40.099
40.100
40.100
40.101
40.098
40.100
40.099
40.099
40.100
40.101
40.097
40.098
40.099
40.100
40.100
40.098
40.099
40.096
40.100
40.096
40.096
40.099
40.097
40.095
40.094
40.095
40.097
40.096
40.095
40.094
40.091
40.093
40.092
40.093
40.095
40.092
40.095
40.094
40.090
40.091
40.086
40.089
40.092
40.092
40.093
40.091
40.092
40.089
40.089
40.091
40.091
40.090
40.089
40.087
40.091
40.090
40.086
40.085
40.090
40.083
40.089
40.086
40.087
40.087
40.085
40.086
40.089
40.082
40.085
40.083
40.087
40.085
40.083
40.084
40.082
40.085
40.084
40.082
40.083
40.081
40.082
40.082
40.079
40.082
40.080
40.080
40.078
40.079
40.079
40.082
40.079
40.080
40.079
40.078
40.078
40.078
40.080
40.079
40.076
40.081
40.077
40.076
40.079
40.076
40.075
40.078
40.074
40.075
40.073
40.073
40.073
40.073
40.073
40.073
40.074
40.072
40.072
40.071
40.070
40.074
40.071
40.072
40.073
40.072
40.073
40.072
40.072
40.070
40.071
40.070
40.069
40.070
40.071
40.067
40.071
40.066
40.069
40.068
40.065
40.067
40.066
40.065
40.065
40.065
40.066
40.066
40.066
40.065
40.066
40.064
40.063
40.064
40.065
40.064
40.064
40.064
40.063
40.063
40.063
40.062
40.062
40.061
40.063
40.062
40.063
40.062
40.061
40.060
40.060
40.063
40.063
40.061
40.060
40.061
40.060
40.062
40.060
40.058
40.060
40.059
40.060
40.060
40.059
40.058
40.056
40.056
40.058
40.058
40.057
40.057
40.058
40.058
40.059
40.058
40.058
40.057
40.057
40.057
40.057
40.059
40.055
40.058
40.057
40.055
40.055
40.054
40.056
40.056
40.055
40.055
40.053
40.054
40.055
40.055
40.056
40.054
40.058
40.055
40.053
40.056
40.053
40.051
40.055
40.052
40.054
40.055
40.052
40.053
40.051
40.053
40.052
40.052
40.049
40.052
40.052
40.052
40.051
40.049
40.054
40.050
40.053
40.051
40.052
40.050
40.049
40.051
40.050
40.050
40.048
40.050
40.050
40.047
40.045
40.050
40.049
40.051
40.046
40.047
40.045
40.048
40.048
40.048
40.048
40.046
40.049
40.045
40.046
40.047
40.049
40.047
40.047
40.047
40.048
40.047
40.047
40.042
40.046
40.044
40.045
40.044
40.045
40.044
40.044
40.044
40.044
40.044
40.042
40.042
40.043
40.045
40.045
40.044
40.043
40.044
40.044
40.042
40.039
40.041
40.042
40.043
40.041
40.044
40.043
40.040
40.042
40.037
40.038
40.039
40.040
40.039
40.041
40.039
40.039
40.041
40.041
40.039
40.039
40.039
40.039
40.040
40.038
40.039
40.036
40.039
40.037
40.037
40.038
40.036
40.037
40.036
40.038
40.036
40.037
40.035
40.036
40.038
40.034
40.037
40.034
40.037
40.033
40.033
40.034
40.034
40.034
40.034
40.030
40.034
40.034
40.032
40.034
40.031
40.031
40.034
40.029
40.031
40.030
40.032
40.033
40.030
40.030
40.028
40.026
40.027
40.027
40.026
40.027
40.027
40.026
40.029
40.027
40.027
40.029
40.026
40.028
40.027
40.025
40.025
40.022
40.023
40.025
40.023
40.025
40.022
40.025
40.026
40.024
40.022
40.022
40.021
40.024
40.022
40.021
40.021
40.018
40.020
40.020
40.020
40.020
40.020
40.019
40.021
40.020
40.020
40.018
40.018
40.018
40.019
40.017
40.019
40.016
40.018
40.016
40.017
40.016
40.016
40.014
40.014
40.014
40.014
40.017
40.012
40.014
40.013
40.012
40.010
40.013
40.011
40.011
40.011
40.012
40.010
40.011
40.011
40.011
40.009
40.010
40.009
40.009
40.011
40.010
40.011
40.009
40.009
40.009
40.008
40.008
40.008
40.006
40.008
40.007
40.009
40.006
40.006
40.007
40.004
40.007
40.006
40.004
40.002
40.003
40.003
40.006
40.003
40.002
40.002
40.005
40.001
40.002
40.002
40.001
40.001
40.001
40.002
40.002
40.000
39.998
39.999
39.997
39.999
40.000
39.997
39.998
39.997
39.996
39.997
39.993
39.994
39.993
39.995
39.995
39.993
39.994
39.995
39.994
39.993
39.991
39.992
39.992
39.993
39.992
39.991
39.993
39.987
39.988
39.991
39.992
39.984
39.988
39.988
39.988
39.987
39.986
39.986
39.986
39.984
39.984
39.984
39.980
39.986
39.983
39.982
39.983
39.983
39.982
39.983
39.984
39.980
39.981
39.983
39.981
39.976
39.981
39.980
39.980
39.979
39.977
39.980
39.978
39.975
39.978
39.981
39.977
39.978
39.977
39.976
39.973
39.976
39.975
39.976
39.972
39.975
39.976
39.972
39.974
39.973
39.972
39.972
39.970
39.970
39.971
39.969
39.971
39.970
39.968
39.968
39.968
39.968
39.968
39.965
39.967
39.968
39.966
39.967
39.966
39.966
39.966
39.964
39.966
39.965
39.964
39.964
39.967
39.964
39.964
39.965
39.964
39.962
39.961
39.962
39.961
39.962
39.962
39.961
39.961
39.962
39.961
39.961
39.958
39.961
39.960
39.958
39.957
39.960
39.960
39.958
39.958
39.958
39.955
39.957
39.958
39.958
39.958
39.956
39.955
39.956
39.955
39.955
39.954
39.955
39.955
39.954
39.955
39.954
39.952
39.953
39.954
39.953
39.955
39.954
39.951
39.955
39.952
39.952
39.952
39.951
39.953
39.949
39.952
39.947
39.952
39.948
39.950
39.947
39.950
39.947
39.947
39.951
39.949
39.949
39.947
39.947
39.948
39.947
39.947
39.945
39.947
39.946
39.944
39.943
39.945
39.946
39.942
39.942
39.943
39.942
39.945
39.945
39.941
39.942
39.943
39.941
39.939
39.941
39.940
39.941
39.939
39.938
39.940
39.938
39.943
39.939
39.937
39.940
39.937
39.938
39.935
39.938
39.937
39.936
39.937
39.935
39.936
39.934
39.937
39.935
39.934
39.933
39.936
39.930
39.934
39.934
39.935
39.933
39.932
39.932
39.930
39.929
39.929
39.931
39.929
39.929
39.930
39.932
39.929
39.929
39.930
39.929
39.929
39.931
39.926
39.927
39.928
39.926
39.926
39.928
39.929
39.927
39.926
39.926
39.925
39.928
39.926
39.924
39.925
39.926
39.927
39.924
39.925
39.926
39.921
39.927
39.923
39.924
39.922
39.924
39.922
39.924
39.925
39.921
39.921
39.925
39.923
39.923
39.922
39.922
39.923
39.923
39.921
39.920
39.923
39.919
39.922
39.921
39.921
39.919
39.919
39.919
39.919
39.920
39.917
39.915
39.918
39.919
39.916
39.919
39.918
39.919
39.916
39.918
39.917
39.916
39.916
39.918
39.919
39.916
39.919
39.918
39.916
39.916
39.917
39.917
39.918
39.916
39.915
39.917
39.917
39.918
39.915
39.914
39.916
39.916
39.914
39.916
39.913
39.914
39.914
39.915
39.913
39.913
39.914
39.914
39.912
39.912
39.914
39.914
39.912
39.914
39.913
39.912
39.915
39.912
39.912
39.911
39.913
39.912
39.911
39.912
39.910
39.910
39.913
39.911
39.910
39.909
39.912
39.911
39.911
39.911
39.910
39.911
39.910
39.913
39.908
39.912
39.909
39.910
39.909
39.909
39.909
39.909
39.911
39.910
39.909
39.908
39.909
39.908
39.907
39.907
39.909
39.908
39.909
39.909
39.907
39.906
39.907
39.906
39.909
39.908
39.907
39.908
39.907
39.906
39.906
39.904
39.907
39.904
39.904
39.905
39.906
39.905
39.905
39.907
39.905
39.905
39.905
39.904
39.906
39.906
39.905
39.904
39.905
39.906
39.905
39.906
39.905
39.905
39.904
39.905
39.904
39.906
39.907
39.906
39.904
39.902
39.905
39.905
39.905
39.905
39.906
39.905
39.904
39.904
39.905
39.906
39.905
39.906
39.905
39.905
39.905
39.907
39.904
39.903
39.906
39.904
39.904
39.906
39.905
39.905
39.905
39.904
39.904
39.905
39.906
39.906
39.905
39.908
39.906
39.906
39.906
39.907
39.906
39.906
39.906
39.906
39.906
39.907
39.906
39.905
39.906
39.905
39.906
39.905
39.905
39.904
39.907
39.905
39.905
39.906
39.904
39.906
39.906
39.905
39.907
39.907
39.908
39.907
39.907
39.906
39.905
39.905
39.907
39.904
39.904
39.908
39.907
39.907
39.906
39.907
39.905
39.907
39.906
39.904
39.907
39.906
39.906
39.907
39.908
39.908
39.906
39.906
39.905
39.907
39.906
39.907
39.907
39.906
39.906
39.907
39.907
39.907
39.905
39.905
39.906
39.906
39.905
39.905
39.907
39.906
39.906
39.905
39.905
39.906
39.907
39.907
39.906
39.907
39.906
39.906
39.905
39.907
39.908
39.907
39.907
39.908
39.907
39.906
39.906
39.906
39.907
39.906
39.905
39.905
39.906
39.907
39.906
39.908
39.905
39.906
39.906
39.905
39.906
39.907
39.905
39.905
39.905
39.905
39.904
39.904
39.904
39.907
39.906
39.905
39.904
39.905
39.904
39.904
39.904
39.905
39.905
39.906
39.906
39.906
39.904
39.904
39.906
39.905
39.904
39.903
39.907
39.905
39.905
39.905
39.905
39.906
39.904
39.905
39.905
39.905
39.905
39.905
39.903
39.903
39.904
39.904
39.904
39.903
39.906
39.903
39.904
39.905
39.904
39.905
39.903
39.903
39.902
39.903
39.904
39.903
39.904
39.903
39.902
39.902
39.903
39.903
39.901
39.903
39.904
39.901
39.900
39.900
39.903
39.904
39.903
39.902
39.901
39.905
39.902
39.901
39.904
39.903
39.903
39.901
39.902
39.901
39.901
39.902
39.900
39.902
39.901
39.902
39.901
39.902
39.899
39.899
39.899
39.899
39.902
39.902
39.902
39.900
39.900
39.902
39.901
39.899
39.897
39.900
39.899
39.902
39.897
39.898
39.896
39.897
39.899
39.898
39.894
39.899
39.897
39.899
39.898
39.900
39.897
39.896
39.895
39.897
39.895
39.896
39.897
39.897
39.894
39.898
39.894
39.895
39.895
39.895
39.895
39.894
39.897
39.893
39.894
39.896
39.895
39.895
39.892
39.893
39.895
39.892
39.893
39.891
39.893
39.894
39.891
39.891
39.891
39.891
39.892
39.893
39.890
39.894
39.890
39.893
39.896
39.889
39.894
39.893
39.889
39.890
39.892
39.891
39.893
39.892
39.888
39.887
39.888
39.888
39.889
39.889
39.888
39.890
39.889
39.889
39.887
39.889
39.889
39.889
39.889
39.889
39.887
39.887
39.889
39.888
39.885
39.886
39.887
39.887
39.886
39.889
39.889
39.886
39.887
39.885
39.888
39.885
39.889
39.887
39.883
39.884
39.887
39.886
39.885
39.886
39.885
39.881
39.885
39.886
39.886
39.884
39.885
39.887
39.883
39.883
39.884
39.882
39.880
39.885
39.882
39.883
39.881
39.880
39.882
39.883
39.884
39.883
39.882
39.884
39.879
39.881
39.881
39.879
39.877
39.879
39.883
39.879
39.882
39.882
39.879
39.880
39.881
39.879
39.878
39.878
39.881
39.879
39.880
39.880
39.877
39.879
39.877
39.875
39.875
39.879
39.878
39.876
39.877
39.876
39.879
39.878
39.876
39.875
39.876
39.877
39.875
39.877
39.874
39.877
39.875
39.876
39.871
39.874
39.874
39.874
39.873
39.872
39.874
39.874
39.872
39.874
39.874
39.872
39.871
39.873
39.871
39.871
39.871
39.873
39.871
39.869
39.870
39.871
39.870
39.873
39.870
39.872
39.869
39.871
39.870
39.867
39.868
39.867
39.870
39.864
39.869
39.867
39.867
39.864
39.867
39.866
39.865
39.868
39.867
39.865
39.864
39.864
39.864
39.866
39.862
39.864
39.863
39.862
39.862
39.862
39.862
39.861
39.863
39.858
39.861
39.860
39.863
39.862
39.859
39.859
39.858
39.860
39.858
39.861
39.860
39.860
39.860
39.858
39.857
39.857
39.859
39.855
39.856
39.857
39.857
39.856
39.857
39.856
39.855
39.856
39.855
39.856
39.858
39.855
39.854
39.855
39.856
39.855
39.854
39.856
39.852
39.852
39.854
39.852
39.852
39.852
39.853
39.853
39.851
39.851
39.853
39.849
39.850
39.852
39.849
39.852
39.847
39.849
39.849
39.850
39.851
39.848
39.846
39.846
39.849
39.848
39.846
39.849
39.846
39.848
39.844
39.844
39.845
39.845
39.846
39.843
39.846
39.845
39.843
39.842
39.840
39.843
39.841
39.844
39.841
39.843
39.839
39.840
39.838
39.840
39.840
39.841
39.840
39.839
39.838
39.841
39.837
39.840
39.838
39.835
39.835
39.834
39.833
39.832
39.833
39.834
39.835
39.834
39.834
39.832
39.833
39.834
39.832
39.830
39.830
39.831
39.829
39.830
39.830
39.829
39.831
39.827
39.827
39.830
39.828
39.827
39.829
39.829
39.826
39.827
39.826
39.827
39.828
39.824
39.825
39.825
39.827
39.826
39.825
39.825
39.825
39.822
39.826
39.822
39.821
39.822
39.823
39.820
39.820
39.817
39.817
39.816
39.821
39.818
39.818
39.819
39.818
39.819
39.818
39.817
39.816
39.819
39.816
39.816
39.816
39.814
39.817
39.817
39.815
39.814
39.813
39.816
39.814
39.816
39.817
39.814
39.813
39.812
39.812
39.813
39.814
39.811
39.812
39.813
39.809
39.813
39.812
39.812
39.809
39.811
39.808
39.808
39.809
39.807
39.809
39.810
39.807
39.809
39.808
39.808
39.806
39.810
39.804
39.806
39.807
39.807
39.805
39.806
39.806
39.806
39.804
39.804
39.807
39.805
39.803
39.806
39.805
39.804
39.803
39.805
39.803
39.805
39.804
39.804
39.803
39.803
39.805
39.802
39.801
39.804
39.804
39.803
39.802
39.803
39.800
39.801
39.801
39.801
39.802
39.800
39.802
39.801
39.801
39.801
39.802
39.801
39.801
39.800
39.801
39.801
39.801
39.801
39.801
39.799
39.800
39.800
39.800
39.800
39.800
39.798
39.799
39.798
39.800
39.800
39.799
39.799
39.798
39.799
39.798
39.797
39.798
39.796
39.798
39.801
39.798
39.795
39.796
39.799
39.797
39.796
39.797
39.797
39.797
39.797
39.794
39.796
39.795
39.796
39.798
39.795
39.795
39.794
39.796
39.796
39.798
39.797
39.796
39.795
39.796
39.796
39.797
39.797
39.797
39.797
39.793
39.798
39.797
39.795
39.794
39.794
39.797
39.795
39.794
39.795
39.795
39.793
39.795
39.795
39.793
39.794
39.796
39.797
39.794
39.794
39.796
39.795
39.795
39.796
39.795
39.791
39.793
39.794
39.794
39.794
39.795
39.794
39.793
39.791
39.791
39.793
39.795
39.796
39.794
39.793
39.792
39.795
39.796
39.791
39.793
39.792
39.793
39.790
39.792
39.793
39.793
39.792
39.791
39.791
39.792
39.793
39.792
39.792
39.792
39.793
39.794
39.792
39.788
39.791
39.792
39.793
39.795
39.793
39.790
39.793
39.790
39.791
39.791
39.793
39.794
39.792
39.794
39.791
39.792
39.795
39.793
39.786
39.791
39.792
39.794
39.791
39.791
39.790
39.792
39.792
39.794
39.790
39.790
39.792
39.791
39.791
39.792
39.789
39.792
39.790
39.788
39.789
39.792
39.792
39.789
39.793
39.788
39.791
39.790
39.790
39.789
39.791
39.789
39.790
39.789
39.790
39.789
39.789
