1.660	21.272	10.046
1.661	21.269	10.066
1.661	21.270	10.085
1.660	21.247	10.102
1.661	21.270	10.123
1.661	21.284	10.139
1.661	21.270	10.153
1.661	21.271	10.170
1.661	21.269	10.183
1.662	21.268	10.200
1.661	21.270	10.211
1.661	21.271	10.222
1.661	21.269	10.234
1.662	21.268	10.247
1.661	21.270	10.258
1.661	21.270	10.266
1.661	21.262	10.273
1.662	21.270	10.284
1.661	21.270	10.295
1.661	21.269	10.302
1.661	21.269	10.308
1.661	21.269	10.315
1.661	21.247	10.319
1.661	21.265	10.322
1.661	21.272	10.326
1.661	21.271	10.333
1.662	21.272	10.337
1.662	21.270	10.341
1.662	21.269	10.343
1.661	21.270	10.345
1.662	21.269	10.347
1.662	21.262	10.346
1.662	21.253	10.350
1.661	21.272	10.349
1.662	21.270	10.351
1.662	21.270	10.353
1.662	21.269	10.352
1.662	21.270	10.351
1.663	21.271	10.350
1.662	21.270	10.350
1.662	21.269	10.349
1.662	21.246	10.348
1.661	21.270	10.346
1.662	21.272	10.345
1.662	21.271	10.344
1.662	21.272	10.343
1.662	21.270	10.342
1.662	21.270	10.339
1.663	21.270	10.340
1.662	21.269	10.335
1.662	21.254	10.332
1.662	21.258	10.332
1.662	21.273	10.326
1.663	21.269	10.328
1.663	21.271	10.322
1.662	21.268	10.318
1.663	21.269	10.316
1.663	21.270	10.315
1.663	21.272	10.311
1.663	21.270	10.308
1.662	21.270	10.307
1.663	21.270	10.304
1.663	21.269	10.304
1.662	21.265	10.300
1.662	21.270	10.299
1.663	21.269	10.292
1.662	21.269	10.292
1.663	21.269	10.286
1.663	21.271	10.285
1.663	21.251	10.282
1.663	21.254	10.283
1.663	21.272	10.280
1.662	21.272	10.275
1.663	21.274	10.274
1.663	21.270	10.273
1.663	21.270	10.269
1.663	21.270	10.268
1.663	21.269	10.267
1.663	21.270	10.263
1.662	21.246	10.261
1.663	21.270	10.260
1.663	21.273	10.258
1.663	21.271	10.256
1.663	21.271	10.256
1.663	21.270	10.253
1.663	21.269	10.247
1.663	21.271	10.247
1.663	21.270	10.247
1.663	21.252	10.243
1.663	21.262	10.242
1.663	21.271	10.239
1.663	21.271	10.236
1.663	21.271	10.234
1.663	21.271	10.235
1.663	21.270	10.234
1.663	21.269	10.231
1.663	21.270	10.229
1.663	21.269	10.229
1.663	21.247	10.229
1.663	21.267	10.228
1.663	21.271	10.225
1.663	21.271	10.223
1.663	21.270	10.224
1.663	21.270	10.223
1.663	21.270	10.224
1.663	21.268	10.224
1.663	21.269	10.222
1.663	21.254	10.219
1.663	21.255	10.222
1.663	21.272	10.219
1.663	21.270	10.219
1.663	21.271	10.217
1.663	21.269	10.217
1.663	21.269	10.217
1.663	21.269	10.217
1.663	21.268	10.217
1.663	21.271	10.216
1.663	21.247	10.214
1.663	21.267	10.214
1.663	21.271	10.215
1.663	21.271	10.212
1.663	21.271	10.213
1.663	21.269	10.211
1.663	21.269	10.211
1.663	21.269	10.210
1.663	21.269	10.210
1.663	21.257	10.210
1.663	21.249	10.210
1.663	21.271	10.208
1.663	21.274	10.208
1.663	21.270	10.208
1.663	21.270	10.207
1.662	21.270	10.204
1.663	21.270	10.206
1.663	21.269	10.204
1.663	21.268	10.202
1.663	21.247	10.201
1.663	21.270	10.199
1.663	21.271	10.199
1.663	21.271	10.200
1.663	21.272	10.198
1.663	21.269	10.197
1.663	21.270	10.196
1.663	21.269	10.194
1.663	21.269	10.192
1.663	21.256	10.190
1.663	21.253	10.192
1.663	21.271	10.190
1.663	21.271	10.187
1.663	21.271	10.185
1.663	21.268	10.185
1.664	21.268	10.185
1.664	21.269	10.182
1.663	21.270	10.180
1.663	21.264	10.180
1.663	21.248	10.176
1.664	21.272	10.176
1.663	21.271	10.173
1.663	21.271	10.173
1.664	21.272	10.169
1.664	21.270	10.171
1.663	21.269	10.168
1.663	21.270	10.166
1.662	21.269	10.167
1.663	21.256	10.163
1.663	21.255	10.164
1.664	21.271	10.163
1.663	21.272	10.159
1.663	21.272	10.158
1.663	21.270	10.153
1.663	21.270	10.155
1.663	21.271	10.153
1.663	21.270	10.153
1.663	21.270	10.150
1.663	21.246	10.147
1.663	21.270	10.148
1.664	21.272	10.142
1.663	21.273	10.141
1.663	21.271	10.142
1.663	21.270	10.139
1.664	21.270	10.139
1.663	21.269	10.139
1.663	21.269	10.136
1.663	21.255	10.132
1.663	21.257	10.134
1.663	21.271	10.133
1.663	21.271	10.134
1.664	21.272	10.130
1.663	21.269	10.128
1.663	21.268	10.126
1.663	21.269	10.125
1.663	21.269	10.124
1.663	21.270	10.123
1.664	21.245	10.118
1.663	21.270	10.120
1.664	21.271	10.118
1.663	21.270	10.116
1.663	21.271	10.111
1.664	21.269	10.114
1.664	21.269	10.113
1.663	21.270	10.108
1.663	21.269	10.111
1.663	21.269	10.107
1.664	21.270	10.106
1.663	21.269	10.102
1.663	21.269	10.102
1.663	21.254	10.101
1.663	21.269	10.100
1.663	21.270	10.098
1.663	21.269	10.098
1.663	21.271	10.097
1.663	21.268	10.093
1.664	21.246	10.094
1.663	21.270	10.093
1.663	21.270	10.093
1.663	21.271	10.090
1.663	21.272	10.089
1.664	21.269	10.089
1.663	21.269	10.088
1.664	21.270	10.086
1.664	21.269	10.089
1.664	21.250	10.086
1.663	21.262	10.084
1.663	21.272	10.085
1.663	21.270	10.085
1.663	21.276	10.085
1.664	21.270	10.084
1.664	21.270	10.083
1.663	21.269	10.081
1.663	21.270	10.082
1.663	21.265	10.081
1.663	21.247	10.081
1.663	21.271	10.082
1.663	21.272	10.082
1.664	21.272	10.079
1.664	21.271	10.082
1.664	21.270	10.083
1.664	21.269	10.081
1.663	21.269	10.081
1.663	21.270	10.080
1.663	21.255	10.080
1.664	21.254	10.079
1.663	21.271	10.076
1.663	21.271	10.080
1.663	21.273	10.081
1.663	21.267	10.083
1.663	21.269	10.080
1.663	21.270	10.078
1.664	21.269	10.081
1.663	21.267	10.078
1.663	21.247	10.079
1.664	21.269	10.083
1.663	21.272	10.082
1.664	21.270	10.081
1.664	21.271	10.080
1.665	21.269	10.080
1.664	21.268	10.080
1.663	21.269	10.083
1.663	21.268	10.081
1.663	21.258	10.082
1.663	21.251	10.081
1.663	21.272	10.083
1.663	21.272	10.082
1.663	21.271	10.084
1.663	21.271	10.083
1.663	21.269	10.084
1.664	21.269	10.084
1.663	21.270	10.085
1.664	21.270	10.085
1.663	21.247	10.085
1.663	21.264	10.087
1.663	21.271	10.088
1.664	21.270	10.088
1.663	21.270	10.086
1.663	21.273	10.089
1.663	21.269	10.088
1.663	21.270	10.087
1.664	21.270	10.092
1.664	21.269	10.091
1.664	21.248	10.090
1.664	21.265	10.094
1.663	21.270	10.093
1.663	21.270	10.092
1.664	21.269	10.093
1.664	21.268	10.095
1.664	21.269	10.095
1.663	21.268	10.097
1.663	21.268	10.099
1.663	21.246	10.096
1.664	21.268	10.099
1.664	21.269	10.100
1.664	21.270	10.099
1.664	21.272	10.100
1.664	21.269	10.100
1.664	21.268	10.102
1.663	21.269	10.103
1.664	21.273	10.102
1.663	21.269	10.104
1.664	21.270	10.104
1.663	21.269	10.102
1.663	21.270	10.105
1.664	21.268	10.105
1.663	21.270	10.109
1.664	21.269	10.112
1.663	21.268	10.106
1.663	21.269	10.110
1.663	21.268	10.111
1.663	21.246	10.111
1.663	21.267	10.111
1.664	21.271	10.114
1.664	21.271	10.114
1.663	21.272	10.113
1.664	21.270	10.118
1.663	21.270	10.113
1.663	21.269	10.117
1.663	21.268	10.119
1.663	21.268	10.119
1.663	21.246	10.119
1.663	21.271	10.120
1.663	21.270	10.122
1.663	21.271	10.122
1.663	21.272	10.123
1.664	21.270	10.123
1.663	21.269	10.122
1.664	21.269	10.125
1.664	21.269	10.125
1.663	21.266	10.124
1.663	21.247	10.125
1.663	21.272	10.125
1.663	21.270	10.128
1.663	21.270	10.127
1.663	21.267	10.129
1.664	21.268	10.130
1.664	21.268	10.129
1.664	21.269	10.131
1.663	21.261	10.128
1.663	21.249	10.130
1.664	21.271	10.132
1.663	21.270	10.133
1.663	21.270	10.134
1.663	21.270	10.135
1.663	21.268	10.133
1.663	21.267	10.135
1.663	21.269	10.135
1.663	21.269	10.137
1.663	21.268	10.138
1.663	21.267	10.138
1.663	21.269	10.138
1.663	21.268	10.138
1.664	21.264	10.141
1.663	21.268	10.140
1.664	21.268	10.142
1.664	21.269	10.141
1.664	21.268	10.144
1.664	21.269	10.139
1.663	21.247	10.143
1.664	21.256	10.147
1.664	21.270	10.146
1.665	21.271	10.146
1.663	21.269	10.148
1.663	21.269	10.147
1.663	21.269	10.148
1.664	21.268	10.150
1.663	21.270	10.150
1.663	21.252	10.149
1.664	21.258	10.152
1.664	21.272	10.151
1.664	21.271	10.151
1.664	21.271	10.156
1.664	21.271	10.156
1.664	21.270	10.154
1.663	21.269	10.154
1.664	21.270	10.157
1.663	21.270	10.160
1.663	21.269	10.158
1.663	21.247	10.159
1.663	21.272	10.159
1.664	21.270	10.162
1.664	21.270	10.163
1.663	21.269	10.160
1.663	21.269	10.163
1.663	21.268	10.165
1.663	21.270	10.166
1.663	21.254	10.165
1.664	21.253	10.166
1.664	21.270	10.166
1.664	21.271	10.169
1.663	21.271	10.171
1.664	21.270	10.169
1.663	21.270	10.171
1.663	21.269	10.170
1.664	21.270	10.169
1.664	21.272	10.172
1.664	21.269	10.174
1.663	21.269	10.173
1.664	21.270	10.174
1.663	21.271	10.175
1.663	21.263	10.173
1.664	21.269	10.175
1.664	21.269	10.177
1.663	21.269	10.179
1.663	21.269	10.178
1.663	21.265	10.176
1.663	21.246	10.179
1.663	21.271	10.181
1.664	21.271	10.180
1.664	21.271	10.183
1.664	21.270	10.180
1.663	21.268	10.181
1.664	21.268	10.183
1.664	21.270	10.184
1.664	21.270	10.185
1.663	21.251	10.186
1.663	21.257	10.187
1.663	21.271	10.186
1.663	21.271	10.185
1.663	21.271	10.190
1.664	21.267	10.191
1.663	21.272	10.188
1.663	21.270	10.189
1.664	21.270	10.189
1.663	21.269	10.191
1.663	21.269	10.191
1.663	21.250	10.192
1.663	21.254	10.197
1.663	21.271	10.194
1.664	21.272	10.196
1.664	21.269	10.194
1.664	21.269	10.197
1.664	21.269	10.201
1.664	21.269	10.197
1.663	21.259	10.196
1.664	21.252	10.200
1.664	21.271	10.200
1.664	21.271	10.203
1.663	21.270	10.203
1.663	21.268	10.202
1.663	21.268	10.203
1.663	21.269	10.204
1.663	21.268	10.206
1.663	21.269	10.206
1.664	21.244	10.206
1.663	21.269	10.207
1.664	21.270	10.208
1.664	21.269	10.210
1.664	21.270	10.209
1.663	21.268	10.210
1.663	21.269	10.211
1.664	21.268	10.210
1.664	21.268	10.213
1.664	21.259	10.210
1.664	21.253	10.213
1.664	21.270	10.212
1.663	21.271	10.214
1.663	21.271	10.213
1.664	21.271	10.213
1.663	21.269	10.214
1.663	21.270	10.215
1.663	21.270	10.216
1.664	21.270	10.216
1.664	21.247	10.214
1.663	21.268	10.218
1.664	21.271	10.217
1.664	21.270	10.219
1.664	21.271	10.219
1.663	21.270	10.221
1.663	21.272	10.222
1.664	21.270	10.222
1.664	21.270	10.218
1.664	21.270	10.223
1.664	21.269	10.225
1.663	21.245	10.221
1.663	21.268	10.226
1.664	21.271	10.223
1.664	21.271	10.225
1.664	21.270	10.225
1.664	21.269	10.225
1.663	21.270	10.226
1.663	21.270	10.226
1.663	21.252	10.229
1.664	21.261	10.230
1.663	21.271	10.230
1.663	21.271	10.229
1.664	21.272	10.231
1.664	21.270	10.229
1.664	21.270	10.231
1.663	21.269	10.232
1.664	21.270	10.230
1.663	21.269	10.232
1.664	21.246	10.236
1.664	21.270	10.235
1.663	21.271	10.236
1.664	21.271	10.239
1.663	21.270	10.237
1.663	21.268	10.237
1.663	21.269	10.240
1.664	21.270	10.238
1.664	21.271	10.238
1.663	21.269	10.242
1.663	21.269	10.240
1.663	21.270	10.241
1.664	21.251	10.240
1.663	21.257	10.242
1.664	21.269	10.243
1.663	21.268	10.246
1.664	21.270	10.244
1.663	21.270	10.246
1.664	21.270	10.243
1.664	21.247	10.245
1.664	21.269	10.248
1.664	21.272	10.249
1.664	21.271	10.250
1.664	21.272	10.249
1.664	21.270	10.252
1.663	21.269	10.253
1.664	21.269	10.253
1.663	21.269	10.253
1.664	21.270	10.254
1.664	21.270	10.255
1.663	21.247	10.254
1.664	21.266	10.258
1.664	21.270	10.256
1.664	21.271	10.256
1.664	21.269	10.256
1.664	21.267	10.257
1.664	21.268	10.258
1.664	21.269	10.260
1.663	21.248	10.257
1.664	21.260	10.261
1.663	21.269	10.262
1.664	21.271	10.263
1.664	21.271	10.263
1.663	21.269	10.263
1.664	21.268	10.265
1.663	21.269	10.262
1.663	21.269	10.265
1.663	21.268	10.265
1.663	21.268	10.268
1.664	21.268	10.270
1.664	21.269	10.266
1.664	21.253	10.268
1.664	21.269	10.268
1.664	21.269	10.269
1.664	21.268	10.270
1.665	21.269	10.271
1.664	21.269	10.273
1.663	21.247	10.273
1.664	21.264	10.274
1.664	21.271	10.274
1.664	21.271	10.275
1.664	21.272	10.276
1.663	21.268	10.277
1.664	21.269	10.276
1.663	21.270	10.276
1.663	21.270	10.278
1.664	21.262	10.280
1.664	21.247	10.279
1.664	21.273	10.282
1.664	21.271	10.281
1.664	21.270	10.283
1.664	21.270	10.284
1.664	21.271	10.287
1.664	21.271	10.284
1.664	21.270	10.290
1.663	21.270	10.289
1.664	21.270	10.287
1.663	21.268	10.286
1.664	21.247	10.289
1.663	21.271	10.291
1.664	21.272	10.293
1.664	21.270	10.295
1.664	21.270	10.292
1.664	21.269	10.295
1.663	21.268	10.294
1.663	21.269	10.293
1.664	21.245	10.297
1.663	21.271	10.298
1.664	21.276	10.300
1.664	21.274	10.301
1.663	21.271	10.300
1.664	21.269	10.301
1.664	21.269	10.300
1.663	21.270	10.302
1.664	21.272	10.300
1.664	21.269	10.302
1.664	21.269	10.303
1.663	21.269	10.304
1.664	21.270	10.304
1.663	21.265	10.302
1.663	21.268	10.306
1.663	21.270	10.307
1.663	21.269	10.307
1.664	21.270	10.308
1.664	21.271	10.307
1.664	21.246	10.306
1.663	21.269	10.313
1.663	21.271	10.311
1.664	21.270	10.312
1.664	21.272	10.312
1.663	21.270	10.312
1.664	21.269	10.313
1.664	21.270	10.313
1.664	21.269	10.315
1.664	21.260	10.314
1.663	21.252	10.315
1.664	21.272	10.321
1.664	21.270	10.316
1.663	21.269	10.317
1.664	21.269	10.318
1.663	21.269	10.318
1.663	21.271	10.319
1.664	21.269	10.320
1.663	21.270	10.320
1.664	21.269	10.322
1.664	21.270	10.320
1.663	21.246	10.322
1.664	21.267	10.326
1.664	21.271	10.325
1.663	21.269	10.325
1.663	21.269	10.328
1.664	21.269	10.327
1.664	21.268	10.327
1.664	21.261	10.329
1.664	21.248	10.331
1.665	21.271	10.330
1.664	21.271	10.332
1.664	21.270	10.333
1.664	21.268	10.333
1.664	21.269	10.336
1.664	21.268	10.337
1.664	21.270	10.337
1.663	21.271	10.336
1.664	21.269	10.338
1.664	21.269	10.341
1.664	21.269	10.339
1.664	21.266	10.341
1.664	21.247	10.341
1.664	21.258	10.341
1.664	21.259	10.342
1.663	21.271	10.343
1.664	21.283	10.345
1.664	21.268	10.344
1.664	21.307	10.341
1.664	21.293	10.340
1.663	21.311	10.350
1.664	21.336	10.350
1.663	21.334	10.344
1.664	21.316	10.351
1.663	21.342	10.349
1.664	21.351	10.346
1.664	21.347	10.342
1.664	21.269	10.351
1.663	21.265	10.351
1.664	21.252	10.353
1.664	21.267	10.355
1.664	21.270	10.354
1.664	21.269	10.355
1.664	21.271	10.357
1.664	21.270	10.357
1.664	21.270	10.356
1.664	21.270	10.359
1.663	21.270	10.358
1.663	21.272	10.360
1.664	21.270	10.357
1.664	21.270	10.362
1.664	21.270	10.362
1.664	21.269	10.361
1.664	21.269	10.365
1.664	21.269	10.363
1.664	21.270	10.363
1.663	21.246	10.366
1.664	21.266	10.366
1.664	21.271	10.367
1.663	21.272	10.367
1.664	21.272	10.367
1.664	21.269	10.368
1.664	21.269	10.370
1.663	21.269	10.371
1.664	21.268	10.370
1.664	21.267	10.372
1.664	21.246	10.376
1.664	21.270	10.374
1.664	21.270	10.374
1.664	21.270	10.375
1.664	21.270	10.380
1.663	21.269	10.379
1.663	21.269	10.381
1.664	21.268	10.380
1.663	21.268	10.379
1.663	21.248	10.382
1.663	21.263	10.382
1.664	21.271	10.385
1.663	21.270	10.384
1.663	21.272	10.387
1.663	21.269	10.385
1.664	21.269	10.384
1.663	21.268	10.387
1.662	21.269	10.389
1.662	21.265	10.387
1.663	21.249	10.388
1.663	21.270	10.389
1.664	21.270	10.392
1.664	21.269	10.389
1.663	21.269	10.392
1.663	21.267	10.394
1.663	21.271	10.396
1.664	21.269	10.395
1.664	21.268	10.393
1.664	21.270	10.395
1.664	21.270	10.396
1.664	21.271	10.395
1.663	21.270	10.398
1.664	21.270	10.399
1.664	21.268	10.399
1.663	21.268	10.398
1.664	21.268	10.399
1.663	21.268	10.401
1.663	21.260	10.401
1.663	21.248	10.401
1.664	21.270	10.400
1.664	21.272	10.403
1.663	21.272	10.403
1.664	21.269	10.402
1.664	21.268	10.405
1.664	21.269	10.404
1.664	21.269	10.406
1.664	21.270	10.407
1.664	21.270	10.408
1.664	21.270	10.411
1.664	21.269	10.409
1.664	21.270	10.408
1.664	21.261	10.411
1.665	21.269	10.410
1.664	21.269	10.413
1.663	21.269	10.413
1.664	21.269	10.414
1.664	21.263	10.415
1.664	21.246	10.415
1.664	21.271	10.418
1.665	21.271	10.418
1.665	21.272	10.421
1.664	21.271	10.422
1.664	21.269	10.423
1.666	21.270	10.422
1.665	21.269	10.424
1.665	21.270	10.425
1.665	21.246	10.427
1.665	21.270	10.428
1.665	21.269	10.427
1.665	21.269	10.429
1.665	21.271	10.427
1.665	21.268	10.426
1.666	21.269	10.426
1.666	21.271	10.424
1.666	21.270	10.423
1.664	21.271	10.421
1.665	21.271	10.419
1.665	21.271	10.421
1.666	21.271	10.416
1.665	21.271	10.415
1.666	21.271	10.411
1.665	21.268	10.410
1.666	21.268	10.407
1.666	21.268	10.405
1.665	21.268	10.403
1.665	21.247	10.400
1.665	21.266	10.397
1.666	21.270	10.395
1.665	21.271	10.390
1.666	21.272	10.387
1.666	21.270	10.387
1.666	21.269	10.381
1.665	21.270	10.375
1.666	21.269	10.371
1.666	21.268	10.369
1.666	21.246	10.367
1.667	21.270	10.362
1.666	21.271	10.359
1.667	21.270	10.355
1.667	21.269	10.351
1.667	21.269	10.347
1.666	21.269	10.345
1.666	21.268	10.341
1.666	21.269	10.339
1.667	21.244	10.334
1.666	21.269	10.327
1.667	21.270	10.326
1.667	21.270	10.324
1.667	21.271	10.319
1.666	21.268	10.316
1.667	21.268	10.312
1.667	21.269	10.310
1.668	21.269	10.305
1.667	21.264	10.302
1.666	21.247	10.298
1.667	21.271	10.296
1.668	21.269	10.292
1.667	21.269	10.291
1.667	21.270	10.283
1.668	21.268	10.283
1.667	21.268	10.279
1.667	21.271	10.273
1.668	21.270	10.274
1.667	21.269	10.268
1.667	21.268	10.264
1.667	21.268	10.261
1.668	21.265	10.260
1.667	21.260	10.254
1.667	21.268	10.254
1.668	21.268	10.249
1.667	21.268	10.247
1.668	21.268	10.245
1.668	21.262	10.239
1.667	21.247	10.238
1.667	21.270	10.235
1.666	21.270	10.230
1.666	21.270	10.228
1.666	21.271	10.224
1.667	21.269	10.221
1.667	21.268	10.220
1.667	21.268	10.215
1.667	21.268	10.212
1.667	21.248	10.209
1.668	21.259	10.207
1.667	21.271	10.207
1.667	21.271	10.199
1.667	21.269	10.195
1.668	21.269	10.192
1.667	21.267	10.185
1.667	21.267	10.182
1.668	21.268	10.181
1.667	21.262	10.175
1.668	21.246	10.171
1.668	21.270	10.169
1.667	21.270	10.166
1.667	21.270	10.163
1.668	21.271	10.161
1.667	21.269	10.160
1.668	21.269	10.152
1.668	21.269	10.152
1.668	21.271	10.149
1.668	21.256	10.142
1.668	21.254	10.143
1.668	21.271	10.137
1.668	21.271	10.134
1.668	21.271	10.129
1.668	21.268	10.130
1.668	21.269	10.127
1.669	21.269	10.121
1.669	21.269	10.119
1.668	21.271	10.117
1.668	21.270	10.114
1.668	21.269	10.113
1.668	21.270	10.105
1.668	21.269	10.101
1.667	21.267	10.097
1.667	21.269	10.095
1.667	21.268	10.092
1.667	21.269	10.085
1.668	21.269	10.085
1.668	21.261	10.081
1.668	21.249	10.079
1.668	21.270	10.076
1.668	21.271	10.072
1.668	21.270	10.069
1.668	21.269	10.071
1.668	21.269	10.063
1.668	21.268	10.060
1.668	21.268	10.054
1.668	21.271	10.052
1.668	21.269	10.050
1.666	21.270	10.045
1.667	21.271	10.044
1.666	21.270	10.039
1.667	21.271	10.036
1.667	21.269	10.035
1.667	21.269	10.032
1.667	21.268	10.029
1.667	21.269	10.023
1.667	21.258	10.020
1.666	21.251	10.015
1.667	21.271	10.013
1.667	21.270	10.008
1.666	21.271	10.005
1.667	21.271	10.000
1.667	21.269	9.996
1.666	21.269	9.994
1.665	21.270	9.991
1.666	21.269	9.987
1.665	21.247	9.982
1.664	21.266	9.979
1.663	21.271	9.971
1.662	21.271	9.967
1.660	21.270	9.960
1.658	21.270	9.957
1.656	21.269	9.952
1.654	21.270	9.947
1.653	21.271	9.945
1.652	21.271	9.936
1.652	21.270	9.932
1.652	21.271	9.925
1.653	21.271	9.917
1.653	21.272	9.915
1.651	21.271	9.906
1.650	21.269	9.903
1.650	21.269	9.896
1.649	21.270	9.886
1.648	21.269	9.880
1.648	21.246	9.876
1.646	21.268	9.866
1.647	21.270	9.863
1.646	21.271	9.857
1.646	21.271	9.852
1.645	21.269	9.845
1.645	21.269	9.836
1.644	21.268	9.830
1.644	21.271	9.824
1.644	21.268	9.819
1.643	21.267	9.810
1.644	21.267	9.804
1.643	21.268	9.799
1.644	21.268	9.790
1.643	21.270	9.782
1.642	21.268	9.780
1.643	21.268	9.773
1.642	21.267	9.768
1.641	21.268	9.760
1.640	21.243	9.752
1.640	21.246	9.745
1.639	21.259	9.738
1.639	21.270	9.734
1.638	21.270	9.726
1.636	21.263	9.717
1.636	21.259	9.713
1.635	21.257	9.708
1.635	21.258	9.698
1.635	21.254	9.693
1.634	21.232	9.685
1.633	21.255	9.680
1.634	21.252	9.673
1.631	21.252	9.669
1.632	21.251	9.664
1.632	21.250	9.649
1.632	21.249	9.646
1.631	21.247	9.641
1.630	21.247	9.636
1.629	21.245	9.629
1.629	21.244	9.621
1.629	21.243	9.612
1.628	21.242	9.607
1.628	21.243	9.597
1.628	21.240	9.594
1.627	21.239	9.587
1.626	21.237	9.581
1.625	21.237	9.572
1.625	21.234	9.566
1.626	21.213	9.558
1.624	21.237	9.549
1.623	21.235	9.543
1.623	21.232	9.536
1.624	21.233	9.530
1.623	21.231	9.522
1.623	21.229	9.513
1.622	21.229	9.506
1.623	21.232	9.499
1.622	21.228	9.494
1.620	21.226	9.484
1.620	21.222	9.475
1.619	21.220	9.472
1.619	21.218	9.463
1.617	21.216	9.456
1.617	21.214	9.450
1.617	21.212	9.441
1.616	21.209	9.434
1.615	21.205	9.421
1.614	21.179	9.419
1.613	21.202	9.412
1.612	21.198	9.405
1.611	21.194	9.400
1.610	21.193	9.388
1.610	21.191	9.380
1.610	21.190	9.374
1.610	21.189	9.368
1.610	21.190	9.359
1.610	21.170	9.350
1.610	21.185	9.341
1.610	21.190	9.332
1.608	21.184	9.327
1.608	21.183	9.317
1.607	21.179	9.309
1.606	21.179	9.303
1.606	21.179	9.293
1.607	21.179	9.286
1.606	21.179	9.280
1.605	21.177	9.272
1.606	21.177	9.266
1.604	21.173	9.256
1.604	21.171	9.249
1.604	21.173	9.242
1.604	21.171	9.236
1.603	21.170	9.228
1.603	21.168	9.223
1.602	21.167	9.211
1.602	21.148	9.204
1.602	21.155	9.199
1.602	21.167	9.189
1.602	21.167	9.184
1.601	21.168	9.177
1.601	21.163	9.169
1.600	21.162	9.159
1.599	21.160	9.154
1.598	21.161	9.145
1.598	21.159	9.138
1.598	21.156	9.133
1.597	21.155	9.124
1.596	21.155	9.117
1.596	21.142	9.109
1.595	21.153	9.102
1.595	21.152	9.095
1.595	21.151	9.089
1.593	21.148	9.082
1.593	21.147	9.072
1.592	21.128	9.066
1.591	21.137	9.059
1.591	21.144	9.054
1.590	21.143	9.046
1.590	21.144	9.041
1.589	21.139	9.030
1.589	21.137	9.024
1.588	21.133	9.018
1.586	21.129	9.011
1.586	21.123	9.003
1.586	21.101	8.998
1.585	21.124	8.991
1.585	21.121	8.984
1.585	21.119	8.975
1.584	21.117	8.970
1.583	21.115	8.964
1.583	21.113	8.958
1.582	21.109	8.951
1.582	21.107	8.948
1.582	21.096	8.937
1.581	21.105	8.930
1.580	21.103	8.923
1.580	21.100	8.917
1.580	21.100	8.912
1.580	21.097	8.904
1.580	21.097	8.900
1.579	21.094	8.894
1.579	21.094	8.885
1.579	21.091	8.880
1.578	21.068	8.872
1.577	21.088	8.867
1.578	21.085	8.861
1.577	21.083	8.856
1.577	21.083	8.848
1.577	21.080	8.840
1.575	21.078	8.835
1.575	21.078	8.830
1.575	21.079	8.824
1.574	21.077	8.816
1.575	21.073	8.810
1.574	21.071	8.802
1.574	21.071	8.795
1.573	21.069	8.790
1.573	21.068	8.783
1.573	21.068	8.782
1.573	21.067	8.773
1.573	21.065	8.770
1.572	21.061	8.763
1.572	21.039	8.757
1.571	21.053	8.748
1.570	21.051	8.744
1.569	21.046	8.739
1.568	21.043	8.730
1.568	21.034	8.729
1.567	21.028	8.724
1.566	21.024	8.716
1.566	21.022	8.708
1.565	21.018	8.702
1.563	20.992	8.696
1.562	21.010	8.692
1.562	21.002	8.688
1.561	20.999	8.681
1.561	20.992	8.677
1.560	20.985	8.669
1.560	20.979	8.664
1.559	20.975	8.658
1.559	20.967	8.651
1.557	20.926	8.645
1.556	20.927	8.641
1.556	20.923	8.638
1.556	20.922	8.630
1.557	20.922	8.625
1.556	20.913	8.619
1.556	20.908	8.614
1.556	20.903	8.606
1.556	20.897	8.600
1.555	20.889	8.598
1.555	20.865	8.592
1.555	20.882	8.587
1.554	20.877	8.581
1.554	20.868	8.575
1.553	20.860	8.569
1.553	20.853	8.562
1.553	20.847	8.559
1.552	20.841	8.552
1.552	20.837	8.549
1.552	20.821	8.542
1.551	20.816	8.541
1.551	20.820	8.533
1.551	20.813	8.527
1.550	20.809	8.523
1.550	20.798	8.514
1.550	20.789	8.513
1.549	20.787	8.508
1.549	20.785	8.504
1.549	20.778	8.498
1.549	20.758	8.492
1.549	20.779	8.489
1.548	20.776	8.483
1.548	20.772	8.477
1.548	20.768	8.472
1.548	20.759	8.468
1.547	20.752	8.463
1.547	20.746	8.459
1.547	20.741	8.453
1.547	20.720	8.450
1.545	20.724	8.445
1.547	20.730	8.439
1.546	20.728	8.435
1.545	20.723	8.432
1.545	20.715	8.424
1.544	20.715	8.420
1.544	20.714	8.419
1.544	20.713	8.412
1.544	20.710	8.409
1.544	20.690	8.402
1.544	20.704	8.400
1.544	20.702	8.392
1.543	20.701	8.389
1.544	20.701	8.386
1.543	20.696	8.381
1.542	20.687	8.376
1.541	20.673	8.373
1.541	20.668	8.370
1.540	20.662	8.365
1.540	20.650	8.362
1.538	20.636	8.355
1.538	20.606	8.350
1.537	20.610	8.351
1.536	20.598	8.342
1.536	20.593	8.340
1.536	20.585	8.333
1.535	20.581	8.332
1.535	20.579	8.328
1.535	20.559	8.324
1.535	20.562	8.320
1.535	20.569	8.316
1.534	20.567	8.313
1.533	20.563	8.307
1.532	20.558	8.305
1.532	20.557	8.301
1.532	20.555	8.295
1.532	20.554	8.292
1.532	20.550	8.288
1.531	20.526	8.284
1.531	20.541	8.279
1.529	20.527	8.278
1.529	20.517	8.276
1.528	20.502	8.268
1.528	20.496	8.268
1.527	20.491	8.263
1.526	20.483	8.259
1.526	20.483	8.254
1.526	20.459	8.252
1.527	20.472	8.250
1.527	20.479	8.244
1.526	20.473	8.238
1.526	20.472	8.236
1.526	20.461	8.234
1.526	20.447	8.234
1.525	20.437	8.226
1.525	20.435	8.226
1.524	20.428	8.219
1.525	20.401	8.215
1.524	20.418	8.213
1.523	20.410	8.210
1.522	20.402	8.206
1.522	20.397	8.204
1.522	20.390	8.198
1.521	20.386	8.195
1.522	20.381	8.192
1.521	20.377	8.189
1.522	20.348	8.183
1.521	20.345	8.183
1.521	20.349	8.182
1.520	20.345	8.176
1.520	20.342	8.175
1.520	20.336	8.169
1.519	20.332	8.164
1.519	20.332	8.164
1.520	20.332	8.160
1.519	20.327	8.157
1.519	20.324	8.152
1.518	20.319	8.150
1.518	20.316	8.146
1.517	20.309	8.146
1.517	20.305	8.139
1.516	20.303	8.139
1.516	20.300	8.135
1.516	20.299	8.133
1.516	20.295	8.128
1.516	20.283	8.124
1.515	20.273	8.121
1.515	20.283	8.121
1.515	20.276	8.120
1.515	20.273	8.114
1.514	20.263	8.109
1.513	20.257	8.111
1.514	20.252	8.107
1.514	20.249	8.105
1.513	20.244	8.100
1.513	20.220	8.096
1.513	20.235	8.095
1.513	20.236	8.096
1.513	20.235	8.093
1.513	20.229	8.092
1.512	20.227	8.089
1.512	20.223	8.087
1.511	20.219	8.083
1.511	20.215	8.085
1.510	20.192	8.079
1.510	20.195	8.075
1.509	20.202	8.076
1.509	20.196	8.070
1.510	20.191	8.069
1.509	20.185	8.065
1.509	20.179	8.066
1.508	20.171	8.067
1.507	20.159	8.061
1.507	20.154	8.061
1.506	20.125	8.060
1.505	20.133	8.060
1.504	20.127	8.055
1.504	20.120	8.052
1.503	20.119	8.052
1.503	20.117	8.051
1.503	20.114	8.048
1.504	20.114	8.048
1.503	20.114	8.046
1.503	20.110	8.042
1.502	20.082	8.044
1.501	20.092	8.042
1.500	20.083	8.039
1.500	20.079	8.037
1.499	20.073	8.036
1.498	20.067	8.031
1.498	20.063	8.034
1.498	20.057	8.034
1.498	20.057	8.031
1.498	20.044	8.029
1.498	20.042	8.028
1.497	20.051	8.028
1.497	20.046	8.025
1.497	20.045	8.024
1.497	20.041	8.023
1.497	20.038	8.020
1.497	20.035	8.020
1.497	20.034	8.016
1.496	20.032	8.015
1.495	20.005	8.018
1.496	20.026	8.014
1.494	20.017	8.014
1.494	20.010	8.012
1.494	20.004	8.009
1.493	20.000	8.010
1.493	19.991	8.010
1.493	19.985	8.009
1.492	19.975	8.007
1.492	19.952	8.003
1.491	19.930	8.005
1.491	19.929	8.002
1.490	19.915	8.005
1.489	19.907	8.002
1.488	19.897	8.002
1.487	19.886	8.000
1.487	19.878	7.999
1.487	19.870	7.997
1.486	19.856	7.997
1.486	19.826	7.994
1.486	19.846	7.996
1.485	19.842	7.996
1.485	19.832	7.993
1.484	19.819	7.993
1.483	19.809	7.993
1.483	19.801	7.990
1.483	19.797	7.991
1.482	19.797	7.988
1.482	19.789	7.989
1.482	19.788	7.986
1.482	19.778	7.987
1.480	19.767	7.988
1.479	19.756	7.987
1.478	19.741	7.987
1.477	19.727	7.983
1.477	19.716	7.984
1.476	19.706	7.984
1.475	19.698	7.982
1.472	19.657	7.980
1.473	19.663	7.983
1.472	19.651	7.980
1.471	19.641	7.983
1.471	19.636	7.981
1.470	19.620	7.980
1.470	19.614	7.978
1.468	19.606	7.979
1.468	19.604	7.979
1.467	19.586	7.976
1.467	19.581	7.976
1.466	19.593	7.978
1.467	19.582	7.973
1.466	19.576	7.976
1.466	19.566	7.974
1.465	19.563	7.976
1.465	19.557	7.973
1.463	19.553	7.972
1.463	19.547	7.973
1.462	19.523	7.972
1.463	19.539	7.972
1.462	19.530	7.970
1.461	19.520	7.969
1.460	19.505	7.969
1.459	19.486	7.970
1.459	19.473	7.969
1.459	19.467	7.969
1.459	19.461	7.968
1.458	19.444	7.970
1.458	19.438	7.968
1.457	19.447	7.969
1.457	19.446	7.968
1.457	19.442	7.970
1.456	19.435	7.964
1.457	19.431	7.967
1.456	19.425	7.968
1.456	19.419	7.966
1.455	19.402	7.967
1.455	19.392	7.969
1.454	19.385	7.966
1.454	19.384	7.964
1.454	19.381	7.964
1.454	19.367	7.965
1.454	19.366	7.963
1.454	19.360	7.963
1.452	19.349	7.966
1.451	19.345	7.964
1.452	19.337	7.963
1.451	19.321	7.963
1.451	19.335	7.961
1.450	19.327	7.963
1.449	19.317	7.962
1.449	19.305	7.963
1.448	19.292	7.962
1.448	19.287	7.963
1.448	19.275	7.964
1.447	19.268	7.963
1.446	19.242	7.960
1.446	19.247	7.961
1.446	19.249	7.963
1.445	19.240	7.962
1.444	19.236	7.962
1.444	19.230	7.963
1.444	19.226	7.962
1.443	19.219	7.961
1.442	19.212	7.960
1.441	19.197	7.958
1.440	19.174	7.958
1.439	19.185	7.961
1.439	19.173	7.961
1.438	19.167	7.962
1.437	19.160	7.961
1.436	19.153	7.961
1.436	19.149	7.961
1.435	19.143	7.962
1.435	19.138	7.961
1.435	19.113	7.959
1.434	19.126	7.959
1.434	19.122	7.958
1.433	19.118	7.959
1.433	19.117	7.955
1.433	19.107	7.956
1.432	19.093	7.957
1.430	19.075	7.956
1.429	19.069	7.958
1.429	19.049	7.958
1.428	19.036	7.956
1.427	19.021	7.957
1.426	19.003	7.957
1.426	18.987	7.955
1.425	18.984	7.955
1.425	18.975	7.957
1.425	18.963	7.955
1.424	18.954	7.956
1.424	18.945	7.954
1.424	18.928	7.954
1.424	18.928	7.955
1.423	18.935	7.955
1.424	18.934	7.955
1.423	18.936	7.955
1.424	18.933	7.954
1.423	18.924	7.953
1.422	18.913	7.954
1.421	18.906	7.953
1.421	18.893	7.951
1.420	18.870	7.952
1.420	18.884	7.952
1.420	18.884	7.953
1.420	18.879	7.954
1.420	18.875	7.951
1.419	18.871	7.950
1.419	18.864	7.949
1.418	18.858	7.949
1.418	18.851	7.949
1.418	18.826	7.947
1.417	18.832	7.950
1.416	18.835	7.948
1.415	18.820	7.950
1.414	18.807	7.946
1.413	18.781	7.948
1.411	18.773	7.950
1.410	18.762	7.950
1.410	18.751	7.945
1.410	18.744	7.943
1.410	18.721	7.943
1.409	18.732	7.945
1.409	18.726	7.943
1.408	18.717	7.940
1.407	18.714	7.941
1.406	18.707	7.941
1.406	18.701	7.940
1.405	18.700	7.941
1.405	18.694	7.939
1.405	18.677	7.937
1.404	18.673	7.938
1.404	18.676	7.937
1.402	18.665	7.935
1.401	18.655	7.937
1.400	18.640	7.936
1.399	18.628	7.936
1.399	18.621	7.935
1.398	18.616	7.932
1.398	18.606	7.935
1.398	18.588	7.933
1.397	18.603	7.933
1.396	18.591	7.934
1.395	18.577	7.932
1.395	18.562	7.931
1.394	18.550	7.931
1.395	18.542	7.926
1.395	18.542	7.930
1.394	18.532	7.927
1.394	18.511	7.929
1.393	18.505	7.928
1.393	18.513	7.930
1.392	18.509	7.924
1.392	18.507	7.926
1.392	18.496	7.924
1.391	18.488	7.925
1.391	18.479	7.924
1.391	18.469	7.924
1.390	18.460	7.923
1.390	18.432	7.921
1.390	18.444	7.922
1.390	18.443	7.923
1.389	18.433	7.921
1.388	18.425	7.921
1.388	18.417	7.919
1.387	18.411	7.919
1.387	18.408	7.917
1.387	18.402	7.918
1.386	18.386	7.915
1.385	18.378	7.915
1.386	18.385	7.916
1.385	18.381	7.917
1.385	18.375	7.915
1.384	18.364	7.914
1.384	18.355	7.913
1.383	18.347	7.913
1.383	18.347	7.913
1.383	18.343	7.910
1.383	18.335	7.911
1.381	18.324	7.909
1.381	18.314	7.909
1.380	18.298	7.906
1.378	18.285	7.908
1.378	18.278	7.907
1.377	18.271	7.905
1.376	18.259	7.907
1.376	18.247	7.905
1.375	18.225	7.902
1.375	18.225	7.902
1.375	18.236	7.901
1.374	18.234	7.904
1.375	18.234	7.901
1.374	18.231	7.900
1.374	18.232	7.900
1.374	18.231	7.902
1.374	18.229	7.898
1.374	18.231	7.895
1.374	18.209	7.894
1.373	18.226	7.896
1.373	18.225	7.894
1.373	18.215	7.893
1.371	18.191	7.892
1.370	18.182	7.889
1.369	18.174	7.890
1.368	18.168	7.887
1.368	18.164	7.885
1.367	18.141	7.886
1.365	18.127	7.885
1.363	18.116	7.886
1.362	18.096	7.883
1.362	18.080	7.883
1.361	18.059	7.883
1.360	18.042	7.880
1.360	18.039	7.882
1.360	18.037	7.880
1.359	18.038	7.878
1.359	18.006	7.876
1.358	18.008	7.878
1.359	18.005	7.877
1.358	18.005	7.875
1.358	18.006	7.874
1.358	18.004	7.872
1.359	18.000	7.872
1.358	17.988	7.870
1.358	17.983	7.870
1.358	17.981	7.870
1.358	17.981	7.868
1.358	17.980	7.865
1.357	17.973	7.864
1.356	17.954	7.864
1.356	17.960	7.863
1.355	17.954	7.861
1.355	17.944	7.861
1.354	17.929	7.858
1.353	17.919	7.859
1.353	17.890	7.857
1.352	17.906	7.856
1.352	17.901	7.856
1.352	17.893	7.852
1.351	17.883	7.854
1.350	17.873	7.848
1.350	17.870	7.851
1.350	17.867	7.849
1.350	17.860	7.847
1.349	17.847	7.845
1.349	17.843	7.847
1.348	17.849	7.844
1.348	17.842	7.843
1.348	17.836	7.840
1.346	17.825	7.839
1.346	17.822	7.836
1.346	17.820	7.838
1.346	17.810	7.836
1.345	17.803	7.835
1.345	17.779	7.834
1.344	17.792	7.834
1.344	17.785	7.831
1.344	17.783	7.834
1.343	17.779	7.830
1.343	17.774	7.829
1.341	17.770	7.828
1.341	17.763	7.825
1.340	17.760	7.824
1.339	17.745	7.823
1.338	17.730	7.823
1.338	17.731	7.820
1.337	17.721	7.821
1.336	17.711	7.820
1.336	17.701	7.817
1.335	17.688	7.816
1.334	17.678	7.817
1.333	17.668	7.816
1.332	17.662	7.810
1.331	17.636	7.812
1.331	17.624	7.812
1.330	17.611	7.810
1.328	17.585	7.810
1.327	17.559	7.805
1.326	17.542	7.805
1.325	17.534	7.802
1.325	17.531	7.802
1.325	17.529	7.799
1.325	17.522	7.798
1.325	17.505	7.799
1.325	17.517	7.797
1.324	17.514	7.795
1.324	17.511	7.792
1.324	17.502	7.791
1.323	17.493	7.788
1.324	17.492	7.789
1.323	17.490	7.790
1.323	17.482	7.786
1.322	17.463	7.784
1.322	17.473	7.785
1.322	17.472	7.782
1.321	17.466	7.783
1.320	17.454	7.780
1.318	17.419	7.778
1.317	17.403	7.778
1.316	17.394	7.775
1.316	17.393	7.777
1.316	17.386	7.771
1.316	17.375	7.772
1.316	17.391	7.774
1.316	17.388	7.771
1.316	17.385	7.771
1.316	17.385	7.770
1.316	17.383	7.769
1.316	17.383	7.764
1.315	17.380	7.766
1.315	17.362	7.762
1.314	17.338	7.759
1.314	17.351	7.758
1.314	17.353	7.757
1.313	17.346	7.759
1.312	17.342	7.754
1.312	17.336	7.752
1.312	17.335	7.753
1.312	17.334	7.751
1.311	17.336	7.749
1.310	17.327	7.747
1.310	17.322	7.745
1.310	17.322	7.743
1.308	17.313	7.743
1.307	17.294	7.741
1.306	17.285	7.739
1.306	17.278	7.738
1.306	17.274	7.737
1.305	17.273	7.737
1.305	17.273	7.736
1.304	17.254	7.734
1.304	17.258	7.731
1.303	17.261	7.730
1.303	17.252	7.728
1.302	17.242	7.728
1.302	17.230	7.727
1.301	17.228	7.724
1.302	17.228	7.724
1.301	17.226	7.724
1.302	17.221	7.721
1.300	17.198	7.719
1.299	17.196	7.719
1.299	17.187	7.713
1.298	17.175	7.712
1.298	17.163	7.712
1.298	17.152	7.709
1.297	17.151	7.707
1.297	17.148	7.707
1.297	17.148	7.705
1.298	17.141	7.703
1.298	17.133	7.704
1.298	17.148	7.697
1.298	17.149	7.700
1.297	17.144	7.698
1.296	17.126	7.694
1.295	17.112	7.695
1.294	17.095	7.692
1.294	17.078	7.691
1.293	17.065	7.690
1.292	17.037	7.692
1.292	17.052	7.687
1.291	17.044	7.684
1.291	17.039	7.684
1.290	17.032	7.684
1.290	17.024	7.683
1.290	17.014	7.683
1.289	16.999	7.681
1.288	16.988	7.678
1.287	16.975	7.678
1.286	16.964	7.679
1.286	16.956	7.672
1.285	16.947	7.672
1.285	16.938	7.670
1.284	16.933	7.671
1.284	16.927	7.669
1.283	16.919	7.669
1.283	16.915	7.664
1.282	16.908	7.665
1.282	16.891	7.664
1.282	16.905	7.662
1.282	16.895	7.658
1.281	16.887	7.658
1.280	16.876	7.655
1.280	16.866	7.651
1.279	16.861	7.654
1.278	16.852	7.650
1.278	16.846	7.649
1.277	16.825	7.649
1.275	16.823	7.647
1.274	16.824	7.648
1.274	16.817	7.645
1.273	16.805	7.644
1.271	16.784	7.641
1.271	16.779	7.639
1.271	16.778	7.637
1.271	16.775	7.636
1.270	16.768	7.634
1.270	16.747	7.633
1.269	16.755	7.633
1.268	16.745	7.631
1.267	16.729	7.630
1.266	16.732	7.629
1.266	16.708	7.629
1.265	16.698	7.626
1.264	16.682	7.624
1.263	16.667	7.626
1.263	16.658	7.621
1.262	16.638	7.622
1.262	16.643	7.621
1.261	16.637	7.620
1.260	16.623	7.620
1.258	16.594	7.615
1.258	16.581	7.613
1.258	16.576	7.612
1.258	16.578	7.610
1.258	16.573	7.610
1.257	16.565	7.606
1.256	16.553	7.609
1.255	16.537	7.604
1.254	16.519	7.602
1.253	16.507	7.601
1.252	16.498	7.600
1.252	16.497	7.601
1.252	16.493	7.598
1.251	16.483	7.600
1.251	16.461	7.596
1.250	16.455	7.593
1.250	16.460	7.594
1.250	16.459	7.593
1.249	16.456	7.590
1.248	16.443	7.591
1.247	16.432	7.591
1.247	16.429	7.591
1.245	16.418	7.588
1.244	16.404	7.587
1.243	16.365	7.583
1.242	16.370	7.583
1.241	16.361	7.582
1.240	16.357	7.582
1.240	16.351	7.578
1.239	16.342	7.579
1.238	16.333	7.577
1.237	16.329	7.577
1.237	16.324	7.573
1.238	16.314	7.569
1.237	16.317	7.570
1.237	16.321	7.567
1.236	16.310	7.566
1.236	16.305	7.569
1.235	16.292	7.567
1.234	16.277	7.563
1.234	16.269	7.565
1.233	16.259	7.563
1.232	16.247	7.561
1.231	16.232	7.558
1.231	16.204	7.559
1.230	16.201	7.559
1.229	16.186	7.556
1.227	16.167	7.556
1.227	16.160	7.554
1.227	16.152	7.552
1.226	16.148	7.550
1.225	16.138	7.552
1.224	16.112	7.548
1.223	16.099	7.548
1.222	16.086	7.546
1.221	16.073	7.545
1.221	16.069	7.546
1.221	16.064	7.546
1.221	16.063	7.542
1.220	16.055	7.542
1.220	16.049	7.541
1.219	16.042	7.541
1.218	16.018	7.536
1.217	16.028	7.535
1.218	16.022	7.537
1.217	16.017	7.533
1.217	16.011	7.533
1.217	16.009	7.533
1.217	16.001	7.531
1.215	15.991	7.530
1.215	15.978	7.530
1.215	15.962	7.528
1.214	15.963	7.527
1.214	15.969	7.527
1.213	15.962	7.525
1.212	15.956	7.522
1.211	15.942	7.517
1.210	15.936	7.518
1.210	15.930	7.519
1.210	15.925	7.517
1.209	15.921	7.519
1.209	15.903	7.515
1.209	15.914	7.513
1.208	15.911	7.515
1.207	15.902	7.513
1.206	15.895	7.512
1.205	15.882	7.513
1.204	15.875	7.509
1.203	15.863	7.508
1.203	15.850	7.507
1.201	15.834	7.508
1.200	15.822	7.504
1.200	15.796	7.504
1.200	15.803	7.502
1.199	15.796	7.505
1.199	15.791	7.500
1.199	15.785	7.501
1.199	15.780	7.499
1.199	15.775	7.498
1.198	15.772	7.500
1.197	15.742	7.495
1.197	15.748	7.498
1.196	15.742	7.495
1.196	15.733	7.495
1.195	15.723	7.496
1.195	15.708	7.494
1.194	15.703	7.492
1.194	15.698	7.489
1.193	15.692	7.490
1.193	15.682	7.489
1.193	15.678	7.489
1.192	15.679	7.487
1.192	15.674	7.486
1.192	15.671	7.485
1.192	15.663	7.484
1.192	15.662	7.483
1.191	15.654	7.482
1.191	15.648	7.482
1.190	15.642	7.478
1.190	15.627	7.477
1.190	15.637	7.476
1.190	15.632	7.475
1.189	15.625	7.477
1.189	15.620	7.472
1.189	15.613	7.471
1.188	15.611	7.465
1.188	15.608	7.469
1.188	15.601	7.465
1.188	15.592	7.466
1.187	15.581	7.469
1.187	15.590	7.467
1.186	15.582	7.463
1.186	15.576	7.465
1.185	15.572	7.462
1.185	15.569	7.463
1.185	15.564	7.461
1.185	15.564	7.459
1.185	15.561	7.460
1.184	15.552	7.458
1.185	15.550	7.456
1.184	15.527	7.455
1.183	15.535	7.456
1.182	15.533	7.456
1.181	15.521	7.454
1.180	15.505	7.453
1.179	15.502	7.452
1.179	15.497	7.454
1.178	15.491	7.454
1.178	15.479	7.451
1.177	15.472	7.449
1.176	15.466	7.450
1.175	15.450	7.447
1.174	15.447	7.448
1.174	15.441	7.447
1.174	15.438	7.448
1.174	15.435	7.447
1.173	15.429	7.446
1.172	15.403	7.442
1.171	15.392	7.443
1.171	15.393	7.443
1.171	15.383	7.441
1.170	15.381	7.443
1.169	15.378	7.443
1.169	15.376	7.441
1.169	15.373	7.439
1.168	15.369	7.439
1.168	15.359	7.438
1.166	15.319	7.436
1.166	15.324	7.438
1.165	15.313	7.434
1.164	15.304	7.437
1.163	15.291	7.432
1.163	15.283	7.433
1.162	15.274	7.432
1.162	15.261	7.432
1.161	15.251	7.430
1.160	15.230	7.429
1.160	15.230	7.428
1.159	15.227	7.428
1.159	15.216	7.426
1.158	15.204	7.424
1.157	15.187	7.422
1.156	15.175	7.424
1.156	15.166	7.425
1.155	15.155	7.423
1.154	15.143	7.421
1.153	15.124	7.421
1.152	15.112	7.421
1.152	15.084	7.420
1.151	15.085	7.419
1.149	15.075	7.419
1.149	15.063	7.418
1.148	15.048	7.416
1.147	15.038	7.420
1.146	15.027	7.417
1.145	15.010	7.415
1.144	15.011	7.416
1.143	15.006	7.418
1.141	14.995	7.414
1.140	14.983	7.415
1.140	14.970	7.414
1.139	14.962	7.412
1.137	14.949	7.411
1.136	14.934	7.412
1.136	14.923	7.412
1.134	14.882	7.407
1.133	14.879	7.413
1.132	14.866	7.410
1.132	14.857	7.410
1.131	14.850	7.407
1.131	14.844	7.410
1.131	14.839	7.407
1.131	14.837	7.409
1.131	14.832	7.407
1.130	14.816	7.405
1.130	14.813	7.404
1.130	14.814	7.405
1.129	14.810	7.406
1.129	14.807	7.404
1.129	14.807	7.405
1.129	14.801	7.404
1.127	14.779	7.403
1.127	14.771	7.404
1.127	14.769	7.401
1.127	14.753	7.399
1.127	14.764	7.402
1.126	14.755	7.402
1.125	14.740	7.400
1.124	14.727	7.399
1.123	14.709	7.399
1.122	14.699	7.399
1.121	14.685	7.400
1.120	14.670	7.398
1.118	14.649	7.399
1.117	14.631	7.398
1.116	14.618	7.398
1.115	14.595	7.396
1.115	14.600	7.397
1.115	14.595	7.395
1.114	14.588	7.397
1.114	14.579	7.398
1.113	14.575	7.395
1.113	14.573	7.394
1.112	14.565	7.396
1.111	14.546	7.395
1.108	14.519	7.394
1.106	14.494	7.392
1.104	14.473	7.393
1.102	14.451	7.392
1.101	14.440	7.393
1.101	14.430	7.393
1.101	14.429	7.394
1.101	14.422	7.388
1.101	14.408	7.389
1.101	14.418	7.390
1.100	14.416	7.389
1.100	14.407	7.391
1.100	14.404	7.388
1.100	14.397	7.390
1.100	14.392	7.393
1.100	14.390	7.390
1.100	14.390	7.387
1.100	14.378	7.384
1.100	14.383	7.387
1.100	14.389	7.386
1.100	14.388	7.388
1.100	14.386	7.389
1.100	14.386	7.386
1.100	14.384	7.387
1.100	14.384	7.387
1.100	14.384	7.385
1.099	14.376	7.382
1.100	14.373	7.387
1.100	14.381	7.389
1.100	14.382	7.385
1.100	14.383	7.386
1.100	14.383	7.386
1.100	14.381	7.386
1.100	14.383	7.389
1.100	14.378	7.385
1.098	14.357	7.388
1.095	14.323	7.387
1.088	14.240	7.387
1.086	14.201	7.387
1.085	14.171	7.385
1.085	14.181	7.388
1.085	14.173	7.386
1.084	14.164	7.388
1.084	14.159	7.387
1.084	14.157	7.390
1.084	14.153	7.391
1.084	14.148	7.389
1.083	14.140	7.389
1.083	14.136	7.389
1.083	14.132	7.389
1.082	14.125	7.390
1.082	14.119	7.392
1.082	14.112	7.393
1.081	14.109	7.396
1.081	14.107	7.397
1.081	14.100	7.390
1.081	14.097	7.394
1.080	14.097	7.399
1.079	14.088	7.397
1.079	14.087	7.399
1.078	14.085	7.398
1.077	14.080	7.402
1.077	14.075	7.403
1.075	14.062	7.403
1.074	14.055	7.404
1.074	14.034	7.401
1.073	14.030	7.404
1.072	14.017	7.406
1.070	13.997	7.406
1.069	13.979	7.407
1.068	13.957	7.411
1.068	13.951	7.411
1.067	13.941	7.411
1.066	13.922	7.412
1.065	13.909	7.415
1.065	13.899	7.417
1.065	13.904	7.419
1.065	13.902	7.420
1.065	13.900	7.421
1.065	13.897	7.423
1.065	13.894	7.427
1.065	13.893	7.427
1.065	13.895	7.430
1.065	13.893	7.431
1.065	13.892	7.436
1.065	13.893	7.434
1.066	13.892	7.440
1.065	13.875	7.441
1.065	13.874	7.442
1.065	13.872	7.446
1.063	13.855	7.448
1.061	13.829	7.450
1.058	13.797	7.451
1.055	13.754	7.452
1.053	13.718	7.454
1.053	13.715	7.460
1.053	13.709	7.463
1.053	13.707	7.463
1.053	13.704	7.464
1.053	13.701	7.467
1.052	13.693	7.471
1.050	13.675	7.475
1.050	13.672	7.475
1.050	13.666	7.479
1.050	13.666	7.479
1.050	13.672	7.486
1.050	13.672	7.488
1.050	13.669	7.489
1.050	13.660	7.494
1.049	13.660	7.494
1.049	13.660	7.496
1.049	13.661	7.500
1.049	13.661	7.501
1.049	13.652	7.504
1.049	13.666	7.508
1.049	13.672	7.512
1.049	13.672	7.514
1.049	13.673	7.516
1.049	13.672	7.518
1.049	13.672	7.522
1.048	13.664	7.524
1.047	13.657	7.529
1.046	13.637	7.526
1.046	13.626	7.532
1.045	13.623	7.536
1.044	13.614	7.538
1.044	13.610	7.540
1.043	13.601	7.544
1.042	13.591	7.546
1.041	13.586	7.549
1.042	13.584	7.552
1.041	13.576	7.554
1.041	13.562	7.557
1.040	13.551	7.559
1.039	13.543	7.560
1.039	13.530	7.565
1.038	13.523	7.568
1.037	13.511	7.570
1.037	13.492	7.576
1.036	13.477	7.576
1.035	13.464	7.580
1.034	13.449	7.578
1.034	13.441	7.580
1.033	13.440	7.586
1.033	13.428	7.588
1.032	13.416	7.590
1.031	13.403	7.593
1.030	13.392	7.593
1.029	13.380	7.597
1.028	13.367	7.598
1.028	13.355	7.599
1.027	13.337	7.603
1.026	13.336	7.608
1.026	13.332	7.606
1.026	13.330	7.610
1.026	13.331	7.611
1.026	13.330	7.612
1.025	13.320	7.614
1.024	13.306	7.617
1.023	13.289	7.620
1.023	13.274	7.620
1.022	13.271	7.623
1.021	13.273	7.628
1.021	13.268	7.628
1.020	13.263	7.629
1.020	13.259	7.632
1.020	13.257	7.635
1.020	13.249	7.634
1.018	13.240	7.636
1.017	13.234	7.636
1.017	13.220	7.638
1.017	13.221	7.641
1.016	13.220	7.644
1.014	13.208	7.644
1.013	13.200	7.645
1.012	13.181	7.646
1.011	13.169	7.648
1.011	13.152	7.651
1.010	13.150	7.654
1.010	13.145	7.656
1.010	13.137	7.658
1.008	13.124	7.656
1.008	13.105	7.661
1.007	13.098	7.663
1.007	13.089	7.663
1.007	13.079	7.664
1.006	13.065	7.670
1.005	13.052	7.670
1.005	13.049	7.673
1.005	13.034	7.673
1.004	13.037	7.675
1.004	13.036	7.676
1.003	13.029	7.675
1.003	13.026	7.678
1.003	13.021	7.681
1.002	13.013	7.681
1.002	13.010	7.681
1.002	13.007	7.680
1.002	13.003	7.683
1.002	12.997	7.686
1.002	13.000	7.686
1.001	12.991	7.688
1.001	12.988	7.688
1.001	12.977	7.689
1.000	12.975	7.691
0.999	12.960	7.692
0.998	12.950	7.693
0.998	12.944	7.694
0.998	12.931	7.695
0.998	12.940	7.696
0.998	12.939	7.698
0.997	12.938	7.700
0.997	12.933	7.698
0.997	12.927	7.699
0.996	12.921	7.700
0.996	12.915	7.701
0.995	12.903	7.705
0.994	12.886	7.703
0.993	12.872	7.706
0.992	12.870	7.707
0.991	12.844	7.707
0.989	12.830	7.707
0.988	12.821	7.706
0.986	12.804	7.712
0.984	12.791	7.711
0.984	12.781	7.711
0.983	12.781	7.712
0.983	12.774	7.713
0.982	12.756	7.716
0.981	12.748	7.714
0.981	12.737	7.717
0.980	12.665	7.718
0.980	12.660	7.720
0.979	12.712	7.717
0.979	12.708	7.719
0.978	12.697	7.720
0.977	12.686	7.722
0.977	12.675	7.721
0.977	12.671	7.721
0.977	12.673	7.726
0.977	12.666	7.723
0.977	12.671	7.724
0.976	12.664	7.727
0.975	12.650	7.726
0.975	12.646	7.727
0.974	12.636	7.727
0.973	12.614	7.724
0.972	12.610	7.728
0.972	12.598	7.728
0.971	12.589	7.727
0.971	12.583	7.728
0.970	12.569	7.729
0.970	12.562	7.728
0.969	12.561	7.730
0.969	12.549	7.732
0.969	12.538	7.732
0.968	12.524	7.731
0.967	12.525	7.735
0.967	12.513	7.735
0.966	12.500	7.733
0.965	12.491	7.733
0.965	12.488	7.732
0.965	12.486	7.734
0.965	12.479	7.734
0.964	12.474	7.733
0.964	12.458	7.734
0.963	12.460	7.737
0.963	12.458	7.736
0.963	12.444	7.739
0.962	12.437	7.736
0.961	12.428	7.736
0.961	12.427	7.740
0.960	12.420	7.736
0.960	12.415	7.739
0.959	12.410	7.742
0.958	12.393	7.738
0.958	12.382	7.739
0.957	12.372	7.738
0.956	12.363	7.739
0.956	12.355	7.742
0.955	12.344	7.743
0.955	12.341	7.743
0.955	12.336	7.740
0.955	12.332	7.740
0.954	12.329	7.743
0.954	12.324	7.745
0.953	12.320	7.745
0.953	12.317	7.743
0.953	12.307	7.742
0.952	12.305	7.747
0.952	12.303	7.747
0.952	12.298	7.743
0.952	12.293	7.744
0.951	12.290	7.746
0.950	12.276	7.744
0.951	12.282	7.746
0.950	12.280	7.745
0.950	12.277	7.748
0.949	12.276	7.747
0.949	12.272	7.749
0.949	12.269	7.747
0.948	12.266	7.748
0.948	12.258	7.747
0.947	12.246	7.748
0.947	12.244	7.747
0.946	12.237	7.750
0.946	12.227	7.752
0.945	12.222	7.748
0.945	12.218	7.749
0.945	12.212	7.752
0.945	12.206	7.749
0.944	12.196	7.749
0.943	12.188	7.750
0.943	12.181	7.753
0.943	12.185	7.754
0.943	12.183	7.755
0.942	12.180	7.755
0.942	12.177	7.753
0.942	12.178	7.755
0.942	12.168	7.754
0.941	12.161	7.754
0.941	12.158	7.755
0.941	12.159	7.753
0.941	12.156	7.758
0.940	12.149	7.755
0.940	12.140	7.757
0.940	12.134	7.757
0.939	12.122	7.758
0.939	12.116	7.756
0.938	12.109	7.756
0.938	12.102	7.758
0.937	12.092	7.757
0.937	12.083	7.759
0.937	12.076	7.757
0.936	12.073	7.760
0.936	12.068	7.759
0.936	12.061	7.762
0.935	12.056	7.759
0.935	12.050	7.761
0.934	12.046	7.762
0.935	12.039	7.762
0.934	12.030	7.764
0.934	12.023	7.763
0.934	12.026	7.764
0.934	12.024	7.764
0.934	12.024	7.767
0.933	12.019	7.765
0.933	12.018	7.764
0.933	12.018	7.767
0.933	12.015	7.766
0.933	12.013	7.765
0.932	12.001	7.762
0.932	12.009	7.767
0.932	12.004	7.768
0.930	11.991	7.767
0.930	11.984	7.769
0.930	11.982	7.770
0.930	11.979	7.769
0.929	11.976	7.772
0.928	11.972	7.771
0.928	11.953	7.769
0.927	11.951	7.771
0.926	11.946	7.773
0.926	11.938	7.771
0.926	11.935	7.772
0.925	11.927	7.773
0.925	11.919	7.774
0.924	11.912	7.775
0.923	11.895	7.773
0.922	11.883	7.777
0.922	11.878	7.774
0.921	11.869	7.777
0.921	11.861	7.775
0.920	11.856	7.779
0.920	11.854	7.778
0.920	11.853	7.778
0.919	11.849	7.776
0.919	11.844	7.779
0.918	11.840	7.781
0.918	11.832	7.780
0.917	11.827	7.782
0.917	11.822	7.783
0.916	11.816	7.782
0.916	11.812	7.786
0.916	11.809	7.784
0.915	11.804	7.785
0.915	11.798	7.785
0.914	11.792	7.784
0.914	11.784	7.783
0.913	11.768	7.786
0.912	11.761	7.789
0.911	11.755	7.789
0.911	11.752	7.791
0.911	11.752	7.790
0.911	11.748	7.792
0.911	11.743	7.791
0.910	11.731	7.788
0.909	11.727	7.793
0.909	11.718	7.792
0.909	11.721	7.794
0.909	11.720	7.796
0.909	11.713	7.797
0.908	11.708	7.795
0.908	11.702	7.799
0.907	11.691	7.797
0.907	11.682	7.797
0.907	11.678	7.801
0.906	11.665	7.800
0.905	11.655	7.805
0.905	11.657	7.804
0.905	11.649	7.809
0.904	11.643	7.808
0.904	11.641	7.806
0.905	11.636	7.808
0.904	11.635	7.811
0.904	11.630	7.811
0.904	11.625	7.812
0.904	11.621	7.809
0.905	11.623	7.812
0.904	11.626	7.814
0.904	11.622	7.814
0.903	11.616	7.814
0.903	11.608	7.818
0.902	11.600	7.818
0.902	11.595	7.819
0.902	11.587	7.820
0.901	11.574	7.821
0.900	11.569	7.821
0.900	11.565	7.822
0.900	11.565	7.823
0.900	11.563	7.824
0.900	11.562	7.826
0.900	11.560	7.826
0.900	11.558	7.827
0.899	11.556	7.828
0.899	11.549	7.830
0.899	11.542	7.831
0.899	11.544	7.832
0.899	11.546	7.834
0.899	11.543	7.835
0.898	11.543	7.838
0.898	11.538	7.834
0.898	11.536	7.841
0.898	11.536	7.839
0.898	11.536	7.840
0.897	11.531	7.842
0.896	11.512	7.846
0.896	11.516	7.845
0.895	11.512	7.848
0.894	11.511	7.850
0.894	11.502	7.853
0.893	11.479	7.853
0.893	11.473	7.856
0.893	11.466	7.857
0.892	11.462	7.857
0.892	11.449	7.858
0.891	11.449	7.861
0.891	11.449	7.862
0.890	11.443	7.864
0.890	11.441	7.866
0.889	11.437	7.865
0.889	11.430	7.868
0.889	11.426	7.871
0.889	11.422	7.870
0.888	11.414	7.870
0.888	11.393	7.873
0.887	11.396	7.877
0.887	11.392	7.876
0.887	11.389	7.878
0.887	11.387	7.880
0.886	11.383	7.879
0.886	11.381	7.884
0.886	11.379	7.885
0.886	11.377	7.888
0.886	11.366	7.892
0.885	11.365	7.895
0.885	11.365	7.896
0.885	11.362	7.896
0.884	11.360	7.898
0.884	11.355	7.899
0.884	11.353	7.901
0.884	11.347	7.905
0.884	11.342	7.909
0.884	11.339	7.911
0.883	11.322	7.909
0.882	11.322	7.912
0.882	11.316	7.915
0.881	11.309	7.915
0.881	11.304	7.918
0.880	11.301	7.921
0.880	11.292	7.921
0.880	11.290	7.921
0.879	11.281	7.925
0.878	11.269	7.928
0.877	11.246	7.932
0.876	11.241	7.931
0.876	11.234	7.936
0.875	11.230	7.939
0.875	11.224	7.940
0.875	11.218	7.947
0.875	11.212	7.946
0.874	11.206	7.949
0.874	11.200	7.952
0.873	11.182	7.951
0.872	11.182	7.956
0.872	11.172	7.958
0.871	11.167	7.960
0.871	11.159	7.961
0.871	11.153	7.964
0.870	11.148	7.967
0.870	11.145	7.968
0.870	11.140	7.970
0.869	11.134	7.974
0.869	11.122	7.977
0.869	11.126	7.976
0.867	11.119	7.981
0.867	11.110	7.984
0.865	11.095	7.989
0.863	11.081	7.993
0.862	11.061	7.993
0.862	11.053	7.997
0.862	11.049	7.998
0.861	11.036	7.999
0.861	11.036	8.002
0.860	11.028	8.008
0.859	11.016	8.008
0.858	11.000	8.013
0.858	10.990	8.014
0.858	10.988	8.017
0.858	10.986	8.022
0.856	10.978	8.023
0.855	10.952	8.028
0.854	10.937	8.029
0.853	10.928	8.031
0.853	10.925	8.034
0.852	10.918	8.036
0.851	10.902	8.042
0.849	10.885	8.044
0.849	10.870	8.046
0.847	10.841	8.048
0.847	10.824	8.049
0.847	10.815	8.055
0.846	10.817	8.056
0.846	10.811	8.058
0.845	10.803	8.066
0.844	10.796	8.064
0.843	10.776	8.069
0.843	10.767	8.072
0.842	10.758	8.078
0.842	10.752	8.080
0.841	10.735	8.082
0.840	10.733	8.082
0.840	10.730	8.088
0.840	10.725	8.092
0.839	10.717	8.094
0.839	10.706	8.099
0.838	10.701	8.102
0.838	10.696	8.105
0.838	10.691	8.106
0.837	10.684	8.110
0.837	10.675	8.116
0.837	10.672	8.118
0.836	10.669	8.123
0.835	10.659	8.125
0.836	10.657	8.128
0.836	10.657	8.135
0.835	10.656	8.137
0.835	10.646	8.138
0.834	10.640	8.144
0.833	10.625	8.145
0.832	10.612	8.149
0.831	10.607	8.150
0.831	10.606	8.156
0.831	10.600	8.156
0.831	10.602	8.160
0.831	10.602	8.164
0.831	10.600	8.169
0.830	10.591	8.175
0.829	10.575	8.176
0.828	10.559	8.178
0.827	10.559	8.182
0.827	10.557	8.186
0.827	10.550	8.187
0.826	10.545	8.192
0.826	10.535	8.194
0.825	10.530	8.198
0.825	10.525	8.201
0.825	10.522	8.204
0.824	10.508	8.210
0.824	10.506	8.214
0.823	10.498	8.217
0.822	10.486	8.219
0.822	10.483	8.225
0.822	10.475	8.229
0.821	10.471	8.232
0.821	10.462	8.235
0.821	10.459	8.238
0.820	10.447	8.241
0.819	10.437	8.247
0.818	10.436	8.251
0.818	10.425	8.255
0.817	10.419	8.256
0.817	10.413	8.260
0.817	10.400	8.261
0.816	10.390	8.271
0.816	10.386	8.274
0.815	10.373	8.278
0.814	10.362	8.278
0.814	10.361	8.285
0.813	10.359	8.289
0.813	10.353	8.289
0.813	10.348	8.293
0.813	10.344	8.297
0.812	10.338	8.303
0.812	10.329	8.308
0.811	10.325	8.313
0.810	10.312	8.317
0.809	10.301	8.320
0.809	10.291	8.324
0.808	10.281	8.326
0.808	10.273	8.328
0.807	10.266	8.335
0.807	10.258	8.337
0.807	10.253	8.343
0.806	10.247	8.349
0.806	10.244	8.352
0.806	10.239	8.354
0.806	10.239	8.361
0.806	10.238	8.365
0.805	10.229	8.368
0.805	10.224	8.369
0.804	10.218	8.375
0.804	10.216	8.378
0.803	10.211	8.382
0.803	10.202	8.387
0.802	10.193	8.391
0.801	10.181	8.396
0.801	10.181	8.401
0.799	10.173	8.405
0.799	10.168	8.408
0.798	10.157	8.410
0.797	10.137	8.415
0.796	10.128	8.418
0.796	10.123	8.421
0.796	10.121	8.427
0.796	10.118	8.430
0.795	10.112	8.438
0.793	10.100	8.441
0.792	10.078	8.447
0.791	10.069	8.450
0.791	10.060	8.453
0.790	10.050	8.459
0.790	10.041	8.463
0.789	10.034	8.466
0.789	10.034	8.470
0.789	10.022	8.473
0.788	10.020	8.481
0.788	10.017	8.484
0.788	10.015	8.489
0.788	10.016	8.493
0.788	10.010	8.498
0.787	10.002	8.502
0.786	9.990	8.506
0.785	9.984	8.511
0.785	9.974	8.515
0.785	9.973	8.517
0.785	9.971	8.523
0.785	9.964	8.527
0.784	9.961	8.531
0.784	9.961	8.535
0.784	9.958	8.541
0.784	9.950	8.545
0.783	9.946	8.549
0.782	9.933	8.553
0.781	9.906	8.555
0.780	9.900	8.562
0.779	9.886	8.564
0.778	9.875	8.570
0.778	9.870	8.575
0.776	9.849	8.581
0.775	9.819	8.584
0.774	9.805	8.590
0.772	9.790	8.593
0.772	9.776	8.598
0.771	9.765	8.600
0.771	9.767	8.605
0.770	9.764	8.609
0.770	9.757	8.614
0.769	9.751	8.618
0.768	9.734	8.625
0.767	9.721	8.630
0.767	9.720	8.634
0.767	9.717	8.641
0.766	9.705	8.640
0.765	9.703	8.646
0.766	9.700	8.651
0.765	9.693	8.655
0.764	9.681	8.659
0.764	9.675	8.662
0.763	9.662	8.668
0.762	9.646	8.674
0.761	9.643	8.679
0.760	9.635	8.682
0.760	9.623	8.686
0.760	9.624	8.690
0.760	9.622	8.696
0.760	9.611	8.701
0.759	9.595	8.703
0.759	9.592	8.708
0.758	9.581	8.713
0.755	9.562	8.719
0.755	9.543	8.722
0.755	9.533	8.726
0.755	9.534	8.732
0.754	9.534	8.734
0.753	9.534	8.739
0.753	9.534	8.741
0.753	9.529	8.748
0.752	9.516	8.750
0.751	9.498	8.759
0.750	9.479	8.762
0.749	9.473	8.767
0.748	9.465	8.771
0.749	9.467	8.777
0.748	9.461	8.779
0.748	9.453	8.784
0.747	9.445	8.789
0.747	9.433	8.791
0.745	9.424	8.796
0.745	9.422	8.800
0.745	9.422	8.806
0.745	9.415	8.810
0.745	9.413	8.818
0.745	9.414	8.820
0.744	9.402	8.824
0.742	9.380	8.828
0.741	9.365	8.830
0.740	9.351	8.834
0.739	9.331	8.835
0.738	9.321	8.846
0.737	9.313	8.851
0.735	9.287	8.852
0.734	9.277	8.857
0.734	9.269	8.862
0.733	9.265	8.867
0.734	9.266	8.872
0.734	9.265	8.874
0.734	9.265	8.876
0.733	9.262	8.881
0.732	9.253	8.890
0.730	9.222	8.893
0.728	9.192	8.898
0.727	9.183	8.903
0.726	9.175	8.907
0.725	9.167	8.912
0.724	9.156	8.912
0.723	9.143	8.918
0.722	9.132	8.922
0.722	9.114	8.927
0.721	9.115	8.932
0.720	9.098	8.934
0.718	9.069	8.941
0.717	9.060	8.948
0.717	9.048	8.949
0.715	9.026	8.952
0.714	9.010	8.957
0.713	8.989	8.959
0.712	8.979	8.964
0.712	8.972	8.967
0.712	8.966	8.969
0.712	8.955	8.977
0.710	8.951	8.982
0.709	8.927	8.981
0.707	8.901	8.988
0.706	8.890	8.994
0.707	8.888	8.998
0.707	8.887	9.002
0.707	8.887	9.006
0.706	8.880	9.011
0.706	8.875	9.014
0.706	8.871	9.015
0.706	8.868	9.022
0.705	8.864	9.026
0.705	8.862	9.030
0.705	8.855	9.034
0.704	8.849	9.040
0.704	8.846	9.043
0.703	8.838	9.048
0.703	8.828	9.049
0.702	8.811	9.052
0.702	8.813	9.057
0.702	8.812	9.062
0.702	8.808	9.066
0.701	8.798	9.070
0.700	8.784	9.074
0.698	8.774	9.079
0.697	8.757	9.084
0.696	8.746	9.088
0.695	8.733	9.089
0.695	8.728	9.094
0.695	8.730	9.096
0.695	8.728	9.101
0.695	8.728	9.106
0.694	8.721	9.108
0.694	8.714	9.111
0.694	8.710	9.116
0.693	8.708	9.120
0.693	8.704	9.126
0.693	8.702	9.128
0.693	8.703	9.133
0.692	8.694	9.136
0.690	8.673	9.140
0.690	8.655	9.146
0.688	8.637	9.147
0.685	8.605	9.151
0.685	8.594	9.156
0.685	8.593	9.159
0.684	8.582	9.162
0.684	8.569	9.166
0.682	8.555	9.170
0.682	8.546	9.175
0.681	8.535	9.178
0.680	8.517	9.181
0.679	8.498	9.187
0.679	8.490	9.190
0.679	8.484	9.188
0.678	8.473	9.194
0.677	8.461	9.198
0.676	8.453	9.202
0.675	8.445	9.209
0.674	8.428	9.213
0.672	8.401	9.216
0.671	8.386	9.218
0.671	8.378	9.223
0.671	8.374	9.226
0.671	8.374	9.228
0.671	8.373	9.231
0.671	8.371	9.236
0.671	8.371	9.240
0.670	8.362	9.244
0.669	8.351	9.249
0.668	8.340	9.249
0.667	8.331	9.254
0.667	8.326	9.255
0.667	8.327	9.262
0.667	8.325	9.266
0.667	8.316	9.268
0.666	8.312	9.275
0.665	8.299	9.277
0.664	8.290	9.278
0.664	8.289	9.281
0.664	8.286	9.284
0.664	8.280	9.288
0.664	8.276	9.291
0.663	8.275	9.296
0.663	8.266	9.299
0.663	8.262	9.304
0.663	8.265	9.307
0.663	8.266	9.311
0.663	8.265	9.313
0.663	8.268	9.317
0.663	8.268	9.322
0.662	8.264	9.324
0.662	8.260	9.328
0.662	8.252	9.329
0.661	8.246	9.337
0.661	8.247	9.340
0.661	8.250	9.340
0.661	8.250	9.345
0.661	8.251	9.347
0.661	8.250	9.355
0.661	8.249	9.357
0.661	8.249	9.361
0.661	8.250	9.362
0.661	8.249	9.367
0.661	8.244	9.369
0.661	8.245	9.373
0.660	8.241	9.373
0.660	8.238	9.378
0.659	8.228	9.383
0.659	8.215	9.385
0.658	8.213	9.387
0.658	8.202	9.391
0.656	8.180	9.396
0.656	8.176	9.395
0.656	8.176	9.401
0.656	8.176	9.404
0.655	8.160	9.406
0.654	8.148	9.410
0.654	8.143	9.414
0.653	8.131	9.416
0.651	8.107	9.418
0.650	8.090	9.423
0.650	8.086	9.423
0.650	8.081	9.427
0.649	8.067	9.430
0.648	8.050	9.434
0.647	8.038	9.437
0.647	8.034	9.439
0.646	8.025	9.445
0.646	8.020	9.448
0.646	8.016	9.450
0.645	8.010	9.455
0.645	8.007	9.456
0.645	7.999	9.458
0.644	7.988	9.458
0.643	7.981	9.464
0.643	7.971	9.469
0.642	7.966	9.471
0.641	7.959	9.472
0.641	7.948	9.475
0.640	7.939	9.478
0.639	7.929	9.484
0.638	7.919	9.483
0.637	7.909	9.490
0.636	7.898	9.492
0.635	7.879	9.494
0.634	7.862	9.496
0.633	7.851	9.499
0.633	7.848	9.502
0.633	7.844	9.506
0.633	7.842	9.509
0.633	7.840	9.511
0.633	7.837	9.516
0.632	7.834	9.516
0.632	7.824	9.520
0.631	7.816	9.522
0.630	7.810	9.522
0.630	7.804	9.528
0.630	7.801	9.529
0.630	7.800	9.530
0.630	7.800	9.534
0.629	7.798	9.538
0.629	7.785	9.540
0.628	7.776	9.544
0.627	7.768	9.545
0.627	7.766	9.546
0.626	7.764	9.551
0.626	7.758	9.551
0.625	7.751	9.555
0.625	7.751	9.557
0.625	7.746	9.560
0.624	7.739	9.564
0.623	7.727	9.567
0.623	7.715	9.570
0.622	7.714	9.574
0.621	7.706	9.577
0.621	7.690	9.580
0.620	7.680	9.582
0.619	7.672	9.583
0.619	7.665	9.589
0.618	7.654	9.589
0.618	7.642	9.587
0.617	7.635	9.596
0.617	7.627	9.597
0.616	7.619	9.600
0.616	7.610	9.598
0.615	7.599	9.603
0.614	7.587	9.606
0.613	7.579	9.607
0.613	7.566	9.609
0.612	7.556	9.611
0.612	7.556	9.614
0.612	7.551	9.618
0.612	7.544	9.623
0.611	7.540	9.622
0.611	7.533	9.627
0.610	7.530	9.628
0.610	7.523	9.631
0.609	7.519	9.633
0.609	7.506	9.633
0.608	7.495	9.639
0.607	7.487	9.637
0.606	7.474	9.641
0.605	7.463	9.645
0.605	7.458	9.646
0.605	7.458	9.649
0.605	7.453	9.651
0.604	7.447	9.652
0.603	7.433	9.660
0.602	7.420	9.659
0.602	7.415	9.660
0.602	7.412	9.664
0.602	7.409	9.666
0.601	7.397	9.668
0.600	7.385	9.671
0.599	7.368	9.674
0.598	7.361	9.675
0.598	7.357	9.678
0.597	7.349	9.679
0.596	7.343	9.683
0.596	7.336	9.684
0.595	7.334	9.685
0.595	7.329	9.688
0.594	7.324	9.689
0.593	7.315	9.692
0.593	7.308	9.693
0.593	7.305	9.694
0.593	7.302	9.698
0.592	7.300	9.700
0.592	7.296	9.702
0.592	7.292	9.704
0.591	7.288	9.706
0.591	7.277	9.712
0.590	7.275	9.712
0.590	7.270	9.715
0.590	7.262	9.717
0.589	7.251	9.719
0.589	7.241	9.721
0.588	7.234	9.721
0.587	7.229	9.726
0.587	7.220	9.727
0.586	7.211	9.728
0.585	7.203	9.732
0.585	7.186	9.732
0.584	7.178	9.733
0.584	7.170	9.736
0.583	7.156	9.741
0.582	7.137	9.742
0.580	7.129	9.745
0.580	7.119	9.747
0.579	7.104	9.750
0.577	7.083	9.752
0.576	7.064	9.754
0.575	7.054	9.756
0.574	7.038	9.759
0.573	7.021	9.760
0.570	7.001	9.761
0.569	6.980	9.761
0.568	6.959	9.767
0.567	6.953	9.767
0.567	6.951	9.769
0.568	6.949	9.771
0.567	6.946	9.774
0.567	6.934	9.774
0.565	6.915	9.777
0.563	6.896	9.781
0.562	6.885	9.780
0.562	6.884	9.782
0.562	6.884	9.783
0.562	6.874	9.787
0.560	6.865	9.788
0.559	6.842	9.792
0.558	6.833	9.790
0.558	6.826	9.795
0.558	6.824	9.797
0.558	6.824	9.797
0.558	6.824	9.801
0.558	6.817	9.802
0.557	6.818	9.804
0.557	6.815	9.806
0.556	6.806	9.808
0.555	6.790	9.809
0.554	6.775	9.813
0.554	6.768	9.813
0.553	6.757	9.817
0.553	6.750	9.814
0.552	6.740	9.818
0.551	6.729	9.822
0.551	6.725	9.823
0.551	6.723	9.825
0.551	6.714	9.824
0.550	6.705	9.827
0.550	6.689	9.827
0.549	6.677	9.831
0.547	6.658	9.833
0.546	6.643	9.835
0.545	6.637	9.837
0.545	6.628	9.839
0.544	6.626	9.837
0.544	6.623	9.841
0.544	6.616	9.844
0.544	6.616	9.846
0.544	6.616	9.849
0.544	6.616	9.850
0.544	6.615	9.850
0.544	6.613	9.854
0.544	6.607	9.855
0.544	6.606	9.855
0.543	6.603	9.856
0.542	6.591	9.859
0.541	6.580	9.860
0.541	6.569	9.862
0.540	6.563	9.863
0.538	6.531	9.864
0.535	6.499	9.867
0.535	6.490	9.873
0.534	6.484	9.872
0.534	6.482	9.870
0.534	6.482	9.873
0.534	6.481	9.876
0.533	6.469	9.875
0.531	6.442	9.878
0.528	6.407	9.881
0.526	6.375	9.883
0.526	6.372	9.886
0.526	6.372	9.889
0.526	6.372	9.890
0.526	6.372	9.890
0.526	6.372	9.892
0.526	6.372	9.895
0.526	6.372	9.897
0.525	6.369	9.897
0.524	6.361	9.900
0.522	6.341	9.899
0.521	6.320	9.900
0.521	6.314	9.903
0.521	6.311	9.903
0.521	6.309	9.905
0.520	6.299	9.910
0.519	6.291	9.911
0.519	6.287	9.909
0.519	6.284	9.913
0.519	6.278	9.912
0.519	6.274	9.916
0.519	6.274	9.916
0.518	6.258	9.918
0.518	6.250	9.920
0.517	6.239	9.920
0.516	6.225	9.919
0.515	6.217	9.925
0.514	6.208	9.924
0.513	6.184	9.927
0.512	6.169	9.925
0.511	6.165	9.931
0.511	6.158	9.933
0.510	6.143	9.936
0.508	6.126	9.934
0.508	6.115	9.937
0.507	6.104	9.941
0.507	6.097	9.940
0.506	6.092	9.941
0.506	6.087	9.941
0.506	6.081	9.942
0.505	6.080	9.947
0.505	6.079	9.946
0.505	6.071	9.950
0.503	6.046	9.949
0.502	6.036	9.951
0.502	6.033	9.952
0.502	6.031	9.954
0.502	6.026	9.955
0.501	6.013	9.956
0.501	6.007	9.957
0.500	5.999	9.959
0.499	5.986	9.961
0.498	5.971	9.963
0.496	5.957	9.964
0.495	5.946	9.964
0.495	5.945	9.965
0.494	5.941	9.968
0.493	5.933	9.968
0.492	5.926	9.971
0.492	5.925	9.970
0.492	5.924	9.974
0.492	5.922	9.976
0.491	5.920	9.978
0.491	5.916	9.978
0.490	5.912	9.979
0.490	5.908	9.980
0.489	5.908	9.978
0.488	5.903	9.982
0.488	5.901	9.986
0.488	5.898	9.988
0.487	5.896	9.986
0.487	5.894	9.990
0.486	5.892	9.990
0.486	5.890	9.989
0.486	5.887	9.992
0.486	5.884	9.994
0.485	5.884	9.993
0.485	5.884	9.994
0.485	5.884	9.997
0.485	5.882	10.000
0.485	5.880	10.001
0.484	5.877	10.001
0.483	5.872	10.001
0.482	5.865	10.005
0.481	5.861	10.004
0.480	5.859	10.008
0.480	5.859	10.007
0.479	5.857	10.010
0.478	5.855	10.011
0.478	5.855	10.011
0.478	5.854	10.014
0.478	5.851	10.012
0.477	5.847	10.014
0.476	5.846	10.019
0.475	5.843	10.015
0.475	5.839	10.017
0.474	5.836	10.019
0.473	5.835	10.021
0.472	5.834	10.023
0.472	5.831	10.025
0.470	5.827	10.025
0.468	5.823	10.028
0.468	5.822	10.030
0.468	5.821	10.031
0.467	5.818	10.031
0.466	5.814	10.029
0.465	5.811	10.031
0.465	5.811	10.030
0.464	5.811	10.033
0.464	5.811	10.035
0.464	5.810	10.037
0.464	5.810	10.036
0.464	5.809	10.038
0.463	5.807	10.039
0.462	5.802	10.039
0.461	5.800	10.043
0.461	5.799	10.042
0.460	5.798	10.044
0.459	5.797	10.046
0.458	5.796	10.045
0.458	5.795	10.048
0.458	5.796	10.050
0.458	5.795	10.047
0.457	5.793	10.051
0.456	5.789	10.054
0.456	5.790	10.055
0.456	5.789	10.053
0.455	5.787	10.056
0.456	5.787	10.058
0.455	5.786	10.059
0.453	5.784	10.059
0.453	5.785	10.060
0.453	5.784	10.060
0.452	5.780	10.062
0.451	5.779	10.064
0.451	5.775	10.069
0.448	5.770	10.066
0.448	5.768	10.071
0.447	5.768	10.072
0.446	5.764	10.073
0.445	5.762	10.072
0.442	5.753	10.074
0.442	5.752	10.073
0.442	5.752	10.075
0.442	5.752	10.076
0.442	5.751	10.079
0.442	5.750	10.080
0.440	5.750	10.079
0.439	5.749	10.080
0.438	5.746	10.084
0.436	5.739	10.081
0.436	5.738	10.085
0.436	5.738	10.085
0.436	5.737	10.085
0.436	5.737	10.086
0.434	5.736	10.086
0.432	5.732	10.087
0.431	5.727	10.089
0.431	5.725	10.091
0.431	5.725	10.090
0.431	5.725	10.093
0.431	5.725	10.094
0.431	5.725	10.094
0.431	5.725	10.094
0.431	5.725	10.097
0.431	5.725	10.096
0.430	5.725	10.099
0.429	5.722	10.099
0.428	5.720	10.101
0.428	5.719	10.103
0.428	5.718	10.101
0.427	5.718	10.103
0.427	5.714	10.107
0.427	5.714	10.106
0.427	5.713	10.107
0.426	5.714	10.108
0.426	5.713	10.108
0.426	5.713	10.110
0.425	5.713	10.113
0.424	5.710	10.114
0.423	5.709	10.114
0.421	5.704	10.114
0.419	5.701	10.115
0.419	5.701	10.119
0.419	5.701	10.117
0.419	5.699	10.119
0.418	5.694	10.119
0.418	5.692	10.122
0.418	5.692	10.123
0.417	5.691	10.121
0.416	5.688	10.123
0.414	5.684	10.126
0.413	5.682	10.123
0.412	5.681	10.127
0.411	5.682	10.125
0.411	5.682	10.126
0.411	5.682	10.129
0.410	5.680	10.130
0.410	5.681	10.130
0.409	5.681	10.131
0.407	5.681	10.132
0.406	5.681	10.132
0.406	5.681	10.135
0.404	5.680	10.134
0.404	5.681	10.136
0.404	5.681	10.137
0.404	5.681	10.138
0.403	5.681	10.137
0.402	5.681	10.138
0.401	5.681	10.141
0.400	5.682	10.143
0.399	5.682	10.143
0.399	5.683	10.143
0.398	5.683	10.144
0.396	5.682	10.144
0.395	5.682	10.148
0.395	5.682	10.148
0.394	5.682	10.147
0.393	5.682	10.149
0.393	5.682	10.150
0.393	5.682	10.150
0.392	5.681	10.152
0.391	5.681	10.153
0.389	5.682	10.152
0.389	5.682	10.156
0.389	5.682	10.155
0.387	5.682	10.159
0.385	5.682	10.157
0.385	5.681	10.158
0.385	5.682	10.155
0.385	5.683	10.161
0.385	5.682	10.161
0.383	5.682	10.160
0.383	5.681	10.163
0.382	5.682	10.164
0.381	5.683	10.163
0.380	5.682	10.166
0.378	5.681	10.164
0.378	5.681	10.166
0.377	5.682	10.169
0.376	5.681	10.168
0.376	5.683	10.171
0.375	5.681	10.167
0.375	5.682	10.170
0.374	5.682	10.172
0.374	5.682	10.172
0.373	5.680	10.172
0.372	5.681	10.175
0.372	5.682	10.173
0.372	5.682	10.177
0.372	5.681	10.174
0.372	5.681	10.176
0.372	5.682	10.176
0.372	5.681	10.178
0.372	5.682	10.179
0.372	5.682	10.181
0.372	5.682	10.181
0.372	5.682	10.181
0.372	5.681	10.184
0.372	5.682	10.183
0.372	5.681	10.183
0.372	5.682	10.184
0.372	5.681	10.184
0.372	5.682	10.187
0.372	5.682	10.189
0.372	5.681	10.190
0.372	5.682	10.189
0.372	5.681	10.190
0.372	5.683	10.191
0.372	5.681	10.192
0.372	5.681	10.190
0.372	5.682	10.192
0.372	5.681	10.192
0.372	5.682	10.193
0.372	5.682	10.195
0.372	5.681	10.198
0.372	5.681	10.196
0.372	5.682	10.198
0.372	5.682	10.199
0.372	5.682	10.197
0.372	5.680	10.202
0.372	5.681	10.203
0.372	5.682	10.203
0.372	5.682	10.204
