0.362	5.682	20.448
0.362	5.682	20.449
0.362	5.681	20.448
0.362	5.682	20.449
0.362	5.682	20.448
0.362	5.682	20.449
0.362	5.683	20.448
0.362	5.681	20.452
0.362	5.682	20.449
0.362	5.682	20.449
0.362	5.681	20.451
0.362	5.682	20.450
0.362	5.681	20.451
0.362	5.682	20.452
0.362	5.682	20.451
0.362	5.682	20.451
0.362	5.681	20.453
0.362	5.681	20.450
0.362	5.682	20.451
0.363	5.682	20.454
0.363	5.682	20.450
0.363	5.683	20.450
0.363	5.683	20.454
0.363	5.682	20.450
0.364	5.682	20.453
0.365	5.682	20.452
0.365	5.682	20.451
0.366	5.683	20.453
0.366	5.682	20.451
0.366	5.682	20.451
0.367	5.682	20.451
0.367	5.681	20.450
0.368	5.682	20.451
0.368	5.681	20.450
0.369	5.682	20.451
0.369	5.683	20.449
0.369	5.682	20.450
0.370	5.681	20.452
0.371	5.682	20.451
0.371	5.682	20.452
0.371	5.682	20.451
0.371	5.681	20.452
0.371	5.682	20.452
0.371	5.682	20.452
0.372	5.682	20.451
0.372	5.682	20.453
0.372	5.682	20.450
0.373	5.682	20.450
0.374	5.682	20.452
0.374	5.682	20.451
0.374	5.682	20.450
0.375	5.682	20.452
0.375	5.684	20.453
0.376	5.683	20.452
0.376	5.681	20.453
0.377	5.682	20.451
0.377	5.682	20.452
0.377	5.681	20.449
0.378	5.682	20.450
0.379	5.682	20.453
0.379	5.682	20.451
0.379	5.682	20.451
0.380	5.682	20.451
0.380	5.682	20.450
0.380	5.682	20.452
0.381	5.682	20.449
0.382	5.683	20.449
0.382	5.683	20.449
0.382	5.682	20.452
0.383	5.682	20.451
0.384	5.682	20.451
0.385	5.682	20.452
0.385	5.682	20.451
0.386	5.682	20.450
0.387	5.683	20.451
0.388	5.683	20.450
0.388	5.684	20.449
0.388	5.683	20.451
0.388	5.682	20.451
0.388	5.683	20.450
0.388	5.682	20.451
0.388	5.683	20.452
0.388	5.682	20.452
0.388	5.682	20.452
0.388	5.683	20.451
0.389	5.682	20.452
0.389	5.683	20.449
0.389	5.682	20.452
0.390	5.682	20.452
0.390	5.682	20.450
0.390	5.682	20.450
0.391	5.682	20.450
0.391	5.683	20.451
0.391	5.683	20.450
0.391	5.683	20.450
0.392	5.683	20.449
0.392	5.682	20.451
0.393	5.682	20.450
0.393	5.682	20.452
0.394	5.683	20.449
0.394	5.682	20.451
0.394	5.683	20.449
0.394	5.683	20.450
0.395	5.682	20.452
0.395	5.683	20.451
0.395	5.683	20.448
0.396	5.682	20.454
0.396	5.684	20.451
0.397	5.683	20.451
0.397	5.682	20.451
0.398	5.682	20.452
0.398	5.683	20.451
0.399	5.682	20.451
0.399	5.682	20.452
0.400	5.683	20.449
0.400	5.682	20.450
0.401	5.681	20.453
0.401	5.681	20.451
0.401	5.682	20.452
0.402	5.681	20.450
0.402	5.682	20.450
0.402	5.682	20.451
0.403	5.682	20.449
0.403	5.682	20.449
0.403	5.682	20.450
0.404	5.682	20.448
0.404	5.681	20.453
0.404	5.682	20.450
0.405	5.683	20.448
0.405	5.685	20.454
0.405	5.686	20.451
0.406	5.687	20.451
0.406	5.688	20.452
0.406	5.688	20.452
0.407	5.689	20.449
0.407	5.691	20.450
0.408	5.693	20.451
0.408	5.693	20.451
0.408	5.695	20.451
0.409	5.695	20.451
0.409	5.698	20.452
0.409	5.700	20.451
0.410	5.701	20.450
0.410	5.701	20.453
0.411	5.701	20.448
0.412	5.704	20.449
0.412	5.705	20.450
0.413	5.707	20.451
0.413	5.707	20.449
0.413	5.708	20.451
0.414	5.708	20.450
0.414	5.710	20.451
0.415	5.712	20.449
0.415	5.713	20.449
0.416	5.713	20.452
0.416	5.713	20.449
0.416	5.713	20.450
0.416	5.713	20.452
0.416	5.713	20.452
0.417	5.715	20.451
0.417	5.718	20.451
0.417	5.719	20.449
0.417	5.719	20.451
0.417	5.719	20.448
0.418	5.721	20.451
0.418	5.721	20.450
0.418	5.722	20.450
0.419	5.722	20.447
0.419	5.724	20.451
0.419	5.725	20.451
0.420	5.725	20.450
0.420	5.725	20.450
0.421	5.727	20.446
0.421	5.730	20.451
0.422	5.733	20.451
0.423	5.735	20.448
0.423	5.736	20.449
0.423	5.736	20.450
0.423	5.736	20.451
0.424	5.737	20.449
0.424	5.737	20.451
0.424	5.737	20.448
0.424	5.737	20.450
0.425	5.737	20.450
0.425	5.738	20.450
0.425	5.737	20.448
0.425	5.738	20.450
0.425	5.739	20.449
0.425	5.739	20.449
0.425	5.739	20.449
0.425	5.740	20.450
0.426	5.741	20.450
0.426	5.744	20.449
0.427	5.745	20.452
0.427	5.747	20.450
0.428	5.747	20.449
0.428	5.748	20.450
0.428	5.747	20.452
0.428	5.748	20.450
0.429	5.750	20.450
0.429	5.750	20.449
0.429	5.750	20.448
0.429	5.750	20.452
0.430	5.750	20.452
0.430	5.751	20.449
0.431	5.750	20.453
0.431	5.752	20.450
0.431	5.752	20.449
0.431	5.753	20.449
0.431	5.754	20.450
0.432	5.753	20.449
0.432	5.755	20.451
0.433	5.756	20.450
0.434	5.762	20.450
0.434	5.762	20.450
0.435	5.762	20.449
0.435	5.764	20.450
0.436	5.765	20.450
0.436	5.767	20.450
0.436	5.767	20.449
0.437	5.768	20.446
0.438	5.769	20.449
0.438	5.771	20.451
0.439	5.770	20.452
0.439	5.772	20.449
0.439	5.772	20.449
0.439	5.773	20.450
0.439	5.774	20.448
0.440	5.774	20.451
0.440	5.775	20.447
0.441	5.778	20.449
0.441	5.781	20.451
0.442	5.781	20.452
0.442	5.782	20.449
0.442	5.783	20.449
0.443	5.783	20.449
0.443	5.784	20.448
0.443	5.784	20.449
0.444	5.786	20.450
0.444	5.786	20.448
0.445	5.787	20.449
0.445	5.788	20.450
0.445	5.788	20.451
0.445	5.789	20.447
0.446	5.791	20.450
0.446	5.790	20.449
0.446	5.792	20.451
0.446	5.793	20.448
0.447	5.795	20.449
0.447	5.795	20.449
0.447	5.797	20.450
0.448	5.798	20.451
0.448	5.798	20.451
0.449	5.798	20.448
0.449	5.799	20.449
0.450	5.801	20.448
0.451	5.802	20.454
0.451	5.804	20.450
0.451	5.804	20.448
0.451	5.806	20.448
0.451	5.807	20.452
0.452	5.808	20.449
0.452	5.811	20.450
0.452	5.811	20.451
0.453	5.811	20.451
0.453	5.811	20.450
0.454	5.812	20.451
0.454	5.812	20.451
0.454	5.814	20.448
0.455	5.816	20.450
0.455	5.818	20.449
0.455	5.821	20.449
0.456	5.821	20.450
0.456	5.822	20.452
0.456	5.822	20.452
0.456	5.823	20.450
0.457	5.823	20.451
0.457	5.823	20.451
0.457	5.824	20.450
0.458	5.825	20.450
0.458	5.828	20.450
0.459	5.829	20.450
0.459	5.828	20.450
0.459	5.830	20.449
0.459	5.831	20.449
0.460	5.832	20.448
0.461	5.834	20.449
0.461	5.835	20.449
0.462	5.837	20.450
0.463	5.839	20.449
0.463	5.840	20.453
0.463	5.842	20.452
0.464	5.845	20.451
0.464	5.847	20.452
0.465	5.847	20.450
0.465	5.849	20.449
0.466	5.853	20.451
0.466	5.855	20.449
0.466	5.856	20.452
0.467	5.857	20.451
0.467	5.859	20.452
0.468	5.859	20.451
0.468	5.860	20.450
0.468	5.859	20.452
0.468	5.860	20.452
0.469	5.861	20.452
0.469	5.864	20.450
0.470	5.864	20.453
0.470	5.866	20.452
0.470	5.867	20.451
0.470	5.867	20.453
0.470	5.868	20.450
0.470	5.869	20.451
0.470	5.870	20.453
0.470	5.872	20.451
0.470	5.872	20.452
0.471	5.872	20.451
0.471	5.872	20.453
0.472	5.877	20.451
0.473	5.884	20.451
0.473	5.884	20.451
0.474	5.884	20.452
0.474	5.884	20.452
0.475	5.889	20.451
0.476	5.894	20.451
0.476	5.896	20.451
0.477	5.902	20.451
0.478	5.908	20.451
0.478	5.908	20.449
0.479	5.910	20.452
0.480	5.916	20.452
0.480	5.918	20.451
0.480	5.918	20.452
0.480	5.919	20.452
0.480	5.923	20.451
0.481	5.928	20.451
0.481	5.933	20.451
0.482	5.938	20.451
0.484	5.945	20.452
0.485	5.957	20.450
0.486	5.964	20.453
0.486	5.969	20.452
0.486	5.971	20.451
0.486	5.975	20.449
0.486	5.974	20.453
0.486	5.974	20.450
0.486	5.974	20.452
0.486	5.974	20.451
0.486	5.974	20.452
0.486	5.973	20.451
0.486	5.974	20.452
0.486	5.978	20.452
0.486	5.983	20.453
0.487	6.000	20.452
0.488	6.013	20.449
0.489	6.019	20.450
0.489	6.031	20.450
0.490	6.040	20.451
0.490	6.042	20.451
0.490	6.042	20.451
0.490	6.045	20.452
0.491	6.057	20.451
0.491	6.066	20.450
0.492	6.071	20.452
0.492	6.078	20.451
0.492	6.081	20.451
0.493	6.085	20.451
0.493	6.087	20.452
0.493	6.091	20.450
0.494	6.094	20.451
0.494	6.101	20.449
0.494	6.103	20.450
0.494	6.106	20.452
0.495	6.111	20.450
0.495	6.114	20.451
0.495	6.116	20.452
0.495	6.119	20.452
0.495	6.124	20.449
0.495	6.126	20.451
0.495	6.127	20.453
0.496	6.127	20.452
0.495	6.128	20.452
0.495	6.127	20.451
0.495	6.127	20.452
0.495	6.128	20.450
0.496	6.128	20.450
0.496	6.135	20.451
0.496	6.139	20.449
0.496	6.141	20.450
0.497	6.147	20.452
0.498	6.160	20.451
0.499	6.168	20.451
0.499	6.176	20.450
0.499	6.178	20.452
0.500	6.187	20.451
0.500	6.190	20.451
0.500	6.194	20.451
0.501	6.202	20.449
0.501	6.213	20.452
0.502	6.216	20.450
0.502	6.220	20.448
0.503	6.224	20.451
0.503	6.226	20.449
0.504	6.228	20.452
0.504	6.234	20.451
0.505	6.244	20.453
0.505	6.253	20.452
0.506	6.262	20.452
0.507	6.273	20.452
0.507	6.281	20.453
0.507	6.291	20.451
0.508	6.302	20.451
0.509	6.313	20.452
0.510	6.328	20.454
0.512	6.351	20.455
0.513	6.363	20.454
0.514	6.372	20.452
0.514	6.378	20.453
0.515	6.386	20.453
0.516	6.412	20.453
0.517	6.426	20.453
0.519	6.447	20.452
0.520	6.469	20.454
0.521	6.476	20.453
0.521	6.482	20.452
0.523	6.498	20.452
0.525	6.524	20.452
0.525	6.525	20.454
0.524	6.526	20.453
0.525	6.532	20.452
0.526	6.547	20.453
0.526	6.559	20.453
0.527	6.563	20.453
0.527	6.565	20.452
0.527	6.572	20.451
0.527	6.580	20.453
0.528	6.583	20.453
0.528	6.585	20.452
0.528	6.587	20.454
0.528	6.591	20.452
0.529	6.593	20.451
0.529	6.601	20.453
0.529	6.607	20.452
0.530	6.615	20.454
0.531	6.621	20.453
0.531	6.629	20.453
0.532	6.640	20.453
0.532	6.643	20.454
0.532	6.649	20.454
0.533	6.655	20.453
0.534	6.665	20.453
0.535	6.677	20.456
0.536	6.693	20.452
0.538	6.718	20.452
0.539	6.734	20.454
0.540	6.750	20.455
0.541	6.766	20.453
0.543	6.783	20.454
0.544	6.804	20.454
0.545	6.817	20.453
0.547	6.834	20.451
0.547	6.849	20.454
0.547	6.852	20.455
0.547	6.860	20.453
0.548	6.870	20.452
0.549	6.884	20.453
0.550	6.901	20.452
0.552	6.919	20.453
0.553	6.936	20.452
0.554	6.950	20.450
0.555	6.967	20.454
0.556	6.978	20.454
0.556	6.994	20.454
0.556	6.995	20.452
0.557	7.003	20.451
0.558	7.019	20.453
0.560	7.031	20.454
0.560	7.032	20.454
0.560	7.038	20.456
0.561	7.053	20.453
0.562	7.064	20.452
0.562	7.068	20.454
0.563	7.075	20.454
0.564	7.088	20.454
0.564	7.101	20.453
0.564	7.106	20.454
0.565	7.115	20.454
0.565	7.125	20.452
0.566	7.129	20.451
0.567	7.133	20.452
0.567	7.140	20.454
0.568	7.151	20.452
0.568	7.155	20.454
0.568	7.164	20.457
0.569	7.176	20.453
0.570	7.183	20.454
0.571	7.192	20.452
0.572	7.204	20.452
0.573	7.221	20.455
0.574	7.233	20.453
0.574	7.239	20.456
0.576	7.259	20.452
0.578	7.288	20.454
0.578	7.299	20.455
0.579	7.307	20.454
0.579	7.311	20.454
0.580	7.315	20.455
0.580	7.325	20.452
0.581	7.336	20.455
0.582	7.347	20.454
0.582	7.349	20.454
0.583	7.354	20.452
0.583	7.359	20.454
0.583	7.364	20.453
0.585	7.385	20.454
0.586	7.404	20.452
0.587	7.414	20.454
0.587	7.422	20.454
0.588	7.434	20.455
0.588	7.446	20.453
0.589	7.457	20.454
0.590	7.462	20.455
0.591	7.479	20.454
0.592	7.492	20.454
0.592	7.500	20.455
0.593	7.507	20.455
0.593	7.518	20.454
0.594	7.527	20.455
0.595	7.536	20.454
0.596	7.549	20.454
0.597	7.560	20.454
0.597	7.563	20.456
0.597	7.567	20.454
0.597	7.572	20.455
0.598	7.581	20.456
0.598	7.586	20.452
0.599	7.593	20.455
0.600	7.605	20.456
0.601	7.619	20.456
0.603	7.638	20.456
0.605	7.664	20.453
0.607	7.696	20.456
0.608	7.714	20.455
0.610	7.736	20.453
0.611	7.746	20.453
0.611	7.744	20.452
0.611	7.756	20.455
0.612	7.773	20.455
0.614	7.791	20.453
0.615	7.808	20.452
0.616	7.819	20.456
0.617	7.836	20.455
0.617	7.848	20.456
0.618	7.861	20.455
0.619	7.876	20.457
0.620	7.891	20.455
0.620	7.903	20.454
0.621	7.918	20.456
0.622	7.924	20.454
0.623	7.939	20.455
0.624	7.950	20.456
0.625	7.958	20.454
0.625	7.966	20.457
0.626	7.970	20.452
0.627	7.982	20.454
0.629	8.008	20.455
0.630	8.018	20.455
0.630	8.026	20.455
0.631	8.038	20.457
0.632	8.048	20.455
0.633	8.059	20.456
0.634	8.077	20.456
0.636	8.101	20.454
0.639	8.136	20.454
0.641	8.162	20.456
0.642	8.183	20.456
0.644	8.210	20.455
0.645	8.235	20.456
0.646	8.250	20.455
0.648	8.271	20.454
0.649	8.292	20.456
0.650	8.303	20.456
0.650	8.313	20.454
0.650	8.312	20.455
0.651	8.321	20.457
0.651	8.325	20.455
0.651	8.327	20.456
0.651	8.335	20.457
0.651	8.337	20.455
0.651	8.343	20.455
0.652	8.350	20.457
0.653	8.363	20.456
0.654	8.377	20.455
0.655	8.382	20.456
0.655	8.387	20.458
0.655	8.394	20.457
0.656	8.403	20.454
0.657	8.414	20.456
0.658	8.436	20.455
0.659	8.447	20.456
0.660	8.458	20.457
0.660	8.464	20.456
0.661	8.472	20.455
0.661	8.474	20.455
0.662	8.476	20.455
0.662	8.484	20.456
0.662	8.484	20.455
0.662	8.488	20.454
0.663	8.496	20.458
0.663	8.497	20.456
0.663	8.504	20.458
0.664	8.509	20.455
0.665	8.522	20.454
0.664	8.532	20.455
0.665	8.540	20.456
0.666	8.552	20.457
0.668	8.574	20.457
0.670	8.605	20.458
0.671	8.618	20.457
0.671	8.623	20.457
0.672	8.639	20.455
0.674	8.655	20.455
0.674	8.665	20.457
0.674	8.672	20.456
0.675	8.680	20.457
0.675	8.693	20.456
0.676	8.704	20.456
0.677	8.718	20.457
0.678	8.728	20.457
0.679	8.738	20.458
0.679	8.749	20.457
0.680	8.763	20.456
0.681	8.780	20.457
0.683	8.799	20.459
0.684	8.811	20.456
0.684	8.819	20.458
0.685	8.829	20.458
0.686	8.842	20.456
0.687	8.863	20.456
0.688	8.874	20.457
0.688	8.875	20.457
0.689	8.890	20.458
0.690	8.900	20.457
0.692	8.925	20.457
0.694	8.949	20.456
0.695	8.960	20.457
0.695	8.968	20.459
0.697	8.987	20.458
0.699	9.010	20.457
0.701	9.034	20.456
0.703	9.068	20.457
0.705	9.093	20.459
0.706	9.101	20.459
0.706	9.127	20.457
0.707	9.140	20.458
0.707	9.146	20.458
0.708	9.155	20.457
0.708	9.161	20.458
0.708	9.166	20.458
0.708	9.167	20.456
0.708	9.167	20.456
0.708	9.168	20.458
0.708	9.166	20.457
0.708	9.176	20.459
0.709	9.183	20.457
0.710	9.192	20.457
0.711	9.204	20.460
0.712	9.224	20.458
0.713	9.239	20.459
0.714	9.254	20.459
0.715	9.269	20.457
0.715	9.274	20.458
0.716	9.281	20.460
0.716	9.290	20.456
0.717	9.299	20.458
0.718	9.311	20.457
0.718	9.314	20.457
0.719	9.321	20.456
0.720	9.327	20.457
0.721	9.353	20.456
0.723	9.380	20.461
0.724	9.402	20.459
0.724	9.410	20.460
0.725	9.416	20.460
0.727	9.427	20.459
0.727	9.435	20.458
0.728	9.440	20.459
0.729	9.453	20.460
0.731	9.482	20.461
0.732	9.497	20.457
0.732	9.509	20.459
0.732	9.509	20.459
0.732	9.509	20.461
0.732	9.509	20.459
0.732	9.510	20.460
0.733	9.518	20.459
0.733	9.529	20.457
0.734	9.538	20.459
0.734	9.544	20.458
0.735	9.546	20.458
0.735	9.546	20.460
0.735	9.555	20.459
0.735	9.556	20.459
0.736	9.567	20.460
0.737	9.583	20.461
0.738	9.590	20.460
0.738	9.597	20.458
0.739	9.614	20.460
0.740	9.631	20.460
0.740	9.644	20.459
0.741	9.650	20.458
0.742	9.655	20.458
0.743	9.666	20.461
0.745	9.694	20.459
0.746	9.709	20.461
0.746	9.717	20.459
0.747	9.728	20.458
0.748	9.750	20.459
0.749	9.755	20.460
0.749	9.763	20.459
0.749	9.768	20.458
0.751	9.779	20.462
0.751	9.786	20.458
0.751	9.790	20.462
0.751	9.797	20.461
0.752	9.802	20.461
0.752	9.804	20.460
0.753	9.814	20.461
0.753	9.824	20.461
0.754	9.831	20.462
0.754	9.835	20.460
0.754	9.834	20.463
0.754	9.836	20.463
0.754	9.846	20.459
0.755	9.863	20.461
0.756	9.864	20.460
0.756	9.875	20.463
0.757	9.883	20.461
0.757	9.891	20.460
0.758	9.901	20.460
0.759	9.909	20.461
0.759	9.916	20.461
0.759	9.921	20.461
0.760	9.924	20.461
0.760	9.937	20.461
0.761	9.945	20.461
0.761	9.949	20.459
0.762	9.949	20.459
0.762	9.948	20.462
0.762	9.956	20.461
0.763	9.961	20.462
0.763	9.969	20.462
0.764	9.980	20.462
0.764	9.985	20.459
0.764	9.982	20.461
0.765	9.990	20.461
0.765	9.998	20.461
0.766	10.018	20.462
0.767	10.031	20.463
0.769	10.044	20.461
0.771	10.065	20.462
0.772	10.082	20.463
0.772	10.099	20.462
0.772	10.104	20.461
0.773	10.105	20.462
0.773	10.111	20.463
0.773	10.120	20.462
0.774	10.127	20.460
0.775	10.135	20.461
0.775	10.141	20.462
0.775	10.144	20.460
0.775	10.144	20.460
0.775	10.144	20.460
0.775	10.138	20.463
0.775	10.150	20.464
0.776	10.165	20.464
0.777	10.173	20.462
0.777	10.179	20.463
0.777	10.181	20.463
0.777	10.181	20.463
0.778	10.183	20.464
0.778	10.185	20.463
0.778	10.183	20.462
0.778	10.182	20.466
0.778	10.191	20.463
0.778	10.193	20.463
0.778	10.195	20.464
0.778	10.197	20.465
0.779	10.205	20.464
0.783	10.250	20.466
0.787	10.306	20.463
0.788	10.326	20.464
0.790	10.341	20.465
0.790	10.364	20.465
0.791	10.369	20.464
0.791	10.369	20.463
0.792	10.374	20.461
0.794	10.403	20.464
0.799	10.468	20.463
0.801	10.489	20.463
0.801	10.504	20.462
0.802	10.510	20.463
0.802	10.521	20.461
0.803	10.536	20.465
0.804	10.546	20.463
0.804	10.556	20.465
0.806	10.571	20.463
0.807	10.584	20.462
0.807	10.590	20.463
0.807	10.593	20.464
0.807	10.596	20.462
0.807	10.594	20.465
0.806	10.594	20.465
0.807	10.596	20.466
0.807	10.600	20.464
0.807	10.608	20.465
0.808	10.621	20.465
0.810	10.640	20.463
0.810	10.651	20.466
0.811	10.657	20.464
0.811	10.656	20.462
0.811	10.656	20.463
0.813	10.682	20.466
0.816	10.725	20.465
0.818	10.759	20.465
0.820	10.787	20.466
0.820	10.794	20.463
0.820	10.796	20.465
0.820	10.798	20.465
0.820	10.799	20.464
0.820	10.791	20.465
0.820	10.798	20.465
0.820	10.801	20.462
0.820	10.803	20.462
0.820	10.801	20.466
0.820	10.801	20.466
0.820	10.801	20.466
0.820	10.801	20.465
0.820	10.803	20.465
0.820	10.803	20.466
0.822	10.818	20.466
0.823	10.838	20.466
0.824	10.850	20.465
0.824	10.858	20.463
0.825	10.881	20.462
0.826	10.894	20.466
0.827	10.901	20.464
0.827	10.906	20.467
0.828	10.913	20.466
0.828	10.917	20.465
0.828	10.918	20.465
0.828	10.922	20.465
0.828	10.925	20.465
0.828	10.926	20.466
0.829	10.929	20.466
0.829	10.936	20.466
0.830	10.948	20.468
0.831	10.962	20.467
0.832	10.968	20.467
0.832	10.977	20.466
0.833	10.987	20.465
0.834	10.998	20.466
0.835	11.018	20.467
0.835	11.023	20.468
0.835	11.023	20.468
0.835	11.024	20.465
0.835	11.024	20.466
0.835	11.028	20.468
0.835	11.025	20.466
0.835	11.038	20.467
0.836	11.047	20.467
0.836	11.054	20.467
0.836	11.059	20.466
0.836	11.060	20.467
0.837	11.061	20.467
0.837	11.070	20.464
0.837	11.075	20.466
0.837	11.075	20.465
0.838	11.082	20.465
0.838	11.089	20.464
0.838	11.093	20.468
0.839	11.099	20.464
0.839	11.101	20.469
0.840	11.105	20.468
0.840	11.108	20.466
0.841	11.114	20.468
0.841	11.121	20.464
0.842	11.126	20.467
0.842	11.133	20.467
0.842	11.138	20.467
0.844	11.149	20.467
0.844	11.165	20.467
0.845	11.173	20.467
0.845	11.175	20.468
0.845	11.180	20.469
0.845	11.182	20.469
0.846	11.188	20.465
0.846	11.194	20.467
0.847	11.202	20.467
0.848	11.214	20.467
0.849	11.231	20.467
0.850	11.243	20.467
0.852	11.262	20.468
0.853	11.279	20.469
0.854	11.296	20.468
0.855	11.310	20.467
0.857	11.330	20.468
0.858	11.351	20.467
0.859	11.362	20.468
0.859	11.365	20.469
0.859	11.366	20.466
0.859	11.365	20.467
0.860	11.378	20.467
0.860	11.389	20.468
0.861	11.399	20.466
0.862	11.401	20.467
0.862	11.406	20.468
0.862	11.420	20.470
0.863	11.426	20.468
0.863	11.434	20.468
0.863	11.439	20.468
0.864	11.444	20.468
0.865	11.450	20.469
0.865	11.459	20.468
0.866	11.471	20.469
0.866	11.470	20.468
0.866	11.488	20.468
0.867	11.499	20.469
0.867	11.509	20.468
0.867	11.511	20.468
0.867	11.511	20.469
0.868	11.513	20.468
0.869	11.517	20.470
0.869	11.521	20.468
0.869	11.527	20.467
0.869	11.535	20.470
0.869	11.537	20.470
0.870	11.543	20.468
0.870	11.548	20.470
0.870	11.550	20.470
0.871	11.555	20.467
0.871	11.560	20.469
0.872	11.562	20.471
0.872	11.569	20.469
0.872	11.567	20.469
0.873	11.583	20.470
0.874	11.595	20.468
0.874	11.603	20.468
0.875	11.609	20.469
0.875	11.612	20.470
0.875	11.618	20.469
0.875	11.621	20.470
0.876	11.623	20.470
0.876	11.626	20.468
0.876	11.633	20.468
0.877	11.645	20.470
0.878	11.655	20.469
0.878	11.661	20.467
0.878	11.666	20.469
0.879	11.667	20.469
0.879	11.670	20.468
0.880	11.681	20.470
0.882	11.703	20.469
0.883	11.711	20.470
0.884	11.730	20.470
0.885	11.741	20.471
0.885	11.751	20.470
0.885	11.754	20.469
0.886	11.755	20.473
0.886	11.757	20.469
0.887	11.766	20.472
0.887	11.768	20.469
0.887	11.765	20.470
0.887	11.765	20.470
0.887	11.780	20.469
0.887	11.783	20.471
0.887	11.792	20.471
0.888	11.801	20.470
0.889	11.810	20.472
0.889	11.816	20.468
0.889	11.816	20.469
0.889	11.816	20.471
0.889	11.816	20.473
0.889	11.828	20.469
0.889	11.829	20.470
0.890	11.831	20.470
0.890	11.832	20.472
0.890	11.834	20.471
0.890	11.836	20.473
0.890	11.837	20.471
0.891	11.839	20.472
0.891	11.835	20.469
0.891	11.842	20.470
0.891	11.852	20.472
0.892	11.862	20.472
0.893	11.876	20.471
0.894	11.879	20.471
0.894	11.886	20.472
0.895	11.893	20.470
0.895	11.900	20.470
0.895	11.902	20.470
0.895	11.892	20.471
0.895	11.902	20.473
0.895	11.902	20.471
0.895	11.903	20.472
0.895	11.903	20.470
0.895	11.905	20.471
0.895	11.909	20.471
0.895	11.914	20.470
0.897	11.922	20.470
0.897	11.931	20.470
0.898	11.943	20.471
0.899	11.959	20.471
0.899	11.963	20.472
0.900	11.976	20.472
0.901	11.997	20.471
0.902	12.003	20.469
0.903	12.012	20.470
0.903	12.021	20.470
0.903	12.024	20.471
0.904	12.022	20.473
0.904	12.027	20.470
0.904	12.037	20.471
0.905	12.048	20.471
0.905	12.057	20.471
0.905	12.061	20.472
0.906	12.068	20.472
0.907	12.073	20.471
0.907	12.078	20.473
0.908	12.085	20.471
0.909	12.090	20.472
0.909	12.109	20.473
0.910	12.114	20.475
0.911	12.126	20.473
0.911	12.138	20.473
0.912	12.146	20.472
0.913	12.157	20.472
0.914	12.162	20.474
0.915	12.178	20.472
0.916	12.179	20.469
0.916	12.183	20.472
0.917	12.197	20.472
0.919	12.226	20.472
0.921	12.255	20.472
0.922	12.273	20.472
0.922	12.285	20.473
0.922	12.291	20.474
0.922	12.292	20.471
0.922	12.295	20.472
0.923	12.301	20.471
0.923	12.305	20.474
0.923	12.311	20.473
0.924	12.315	20.472
0.924	12.312	20.472
0.923	12.316	20.474
0.923	12.317	20.474
0.924	12.317	20.473
0.924	12.321	20.474
0.924	12.325	20.472
0.925	12.331	20.471
0.926	12.356	20.475
0.926	12.367	20.471
0.927	12.384	20.473
0.928	12.393	20.473
0.928	12.394	20.472
0.929	12.395	20.473
0.928	12.397	20.473
0.928	12.401	20.474
0.930	12.407	20.471
0.930	12.422	20.474
0.930	12.432	20.472
0.930	12.434	20.474
0.931	12.437	20.472
0.931	12.438	20.474
0.931	12.439	20.475
0.931	12.439	20.474
0.931	12.440	20.472
0.931	12.437	20.473
0.931	12.436	20.474
0.931	12.447	20.473
0.931	12.450	20.473
0.931	12.456	20.476
0.932	12.463	20.473
0.932	12.464	20.474
0.932	12.468	20.474
0.932	12.470	20.474
0.932	12.472	20.474
0.933	12.463	20.474
0.932	12.473	20.474
0.932	12.475	20.472
0.932	12.475	20.474
0.933	12.479	20.475
0.934	12.485	20.472
0.935	12.503	20.476
0.936	12.525	20.473
0.936	12.533	20.474
0.937	12.536	20.474
0.937	12.534	20.474
0.937	12.548	20.475
0.938	12.562	20.475
0.940	12.587	20.475
0.941	12.598	20.472
0.941	12.604	20.475
0.941	12.605	20.476
0.941	12.607	20.475
0.941	12.610	20.474
0.942	12.611	20.474
0.942	12.618	20.472
0.943	12.628	20.474
0.944	12.638	20.476
0.945	12.652	20.475
0.945	12.659	20.475
0.947	12.671	20.476
0.949	12.700	20.474
0.952	12.728	20.476
0.953	12.747	20.472
0.953	12.742	20.475
0.954	12.756	20.477
0.954	12.766	20.475
0.955	12.784	20.474
0.956	12.805	20.477
0.957	12.813	20.475
0.957	12.818	20.474
0.958	12.831	20.475
0.958	12.840	20.475
0.958	12.839	20.474
0.959	12.849	20.476
0.960	12.862	20.473
0.960	12.866	20.477
0.960	12.872	20.474
0.961	12.885	20.475
0.962	12.891	20.476
0.962	12.896	20.476
0.963	12.904	20.476
0.963	12.915	20.476
0.963	12.906	20.473
0.963	12.919	20.476
0.964	12.927	20.475
0.964	12.930	20.478
0.965	12.938	20.476
0.965	12.941	20.476
0.965	12.949	20.477
0.966	12.952	20.476
0.966	12.961	20.475
0.966	12.964	20.476
0.967	12.968	20.474
0.967	12.973	20.477
0.967	12.976	20.476
0.967	12.975	20.478
0.967	12.981	20.478
0.967	12.984	20.476
0.967	12.984	20.475
0.967	12.985	20.475
0.967	12.984	20.477
0.967	12.984	20.476
0.967	12.981	20.474
0.967	12.976	20.476
0.967	12.988	20.477
0.967	12.994	20.473
0.968	12.998	20.476
0.968	13.001	20.478
0.969	13.010	20.478
0.969	13.020	20.476
0.969	13.024	20.475
0.969	13.013	20.474
0.969	13.025	20.476
0.969	13.025	20.476
0.969	13.027	20.478
0.970	13.033	20.477
0.970	13.034	20.476
0.970	13.037	20.477
0.971	13.039	20.476
0.971	13.043	20.477
0.971	13.038	20.476
0.972	13.043	20.477
0.972	13.054	20.477
0.973	13.060	20.476
0.973	13.067	20.477
0.974	13.083	20.475
0.976	13.105	20.477
0.977	13.113	20.477
0.977	13.117	20.476
0.977	13.114	20.475
0.977	13.109	20.477
0.977	13.121	20.477
0.978	13.123	20.475
0.979	13.133	20.477
0.979	13.142	20.475
0.979	13.144	20.475
0.979	13.145	20.477
0.979	13.147	20.476
0.979	13.148	20.476
0.979	13.147	20.477
0.979	13.148	20.479
0.980	13.159	20.478
0.981	13.171	20.477
0.981	13.179	20.479
0.981	13.184	20.478
0.982	13.187	20.479
0.983	13.196	20.477
0.983	13.204	20.477
0.984	13.214	20.474
0.986	13.212	20.477
0.986	13.231	20.479
0.986	13.238	20.477
0.987	13.246	20.477
0.987	13.256	20.478
0.987	13.258	20.476
0.988	13.260	20.477
0.988	13.265	20.477
0.989	13.269	20.477
0.989	13.271	20.476
0.988	13.272	20.477
0.989	13.284	20.480
0.989	13.293	20.478
0.989	13.304	20.476
0.990	13.309	20.479
0.990	13.312	20.477
0.990	13.317	20.477
0.991	13.325	20.480
0.992	13.332	20.477
0.992	13.328	20.475
0.993	13.347	20.478
0.993	13.356	20.477
0.994	13.359	20.479
0.994	13.367	20.479
0.994	13.371	20.478
0.995	13.379	20.478
0.995	13.385	20.479
0.996	13.391	20.477
0.996	13.393	20.477
0.997	13.392	20.478
0.997	13.408	20.478
0.997	13.413	20.479
0.997	13.416	20.478
0.998	13.423	20.477
0.997	13.422	20.478
0.998	13.425	20.478
0.998	13.430	20.478
0.999	13.440	20.478
0.999	13.437	20.474
1.000	13.445	20.478
1.000	13.452	20.478
1.000	13.456	20.478
1.000	13.461	20.478
1.001	13.464	20.478
1.001	13.466	20.478
1.001	13.470	20.478
1.001	13.478	20.480
1.002	13.487	20.477
1.003	13.490	20.479
1.003	13.510	20.481
1.004	13.516	20.478
1.004	13.521	20.478
1.005	13.525	20.476
1.005	13.532	20.478
1.007	13.547	20.478
1.007	13.561	20.479
1.008	13.574	20.479
1.008	13.575	20.479
1.009	13.584	20.480
1.010	13.595	20.480
1.010	13.599	20.477
1.010	13.603	20.480
1.010	13.602	20.478
1.011	13.607	20.477
1.012	13.611	20.478
1.013	13.620	20.480
1.013	13.631	20.477
1.014	13.638	20.478
1.015	13.664	20.480
1.015	13.675	20.480
1.017	13.684	20.479
1.018	13.696	20.480
1.019	13.714	20.480
1.020	13.727	20.480
1.020	13.744	20.480
1.021	13.752	20.479
1.022	13.753	20.480
1.023	13.773	20.481
1.023	13.787	20.480
1.024	13.799	20.478
1.025	13.813	20.478
1.025	13.824	20.479
1.026	13.835	20.480
1.027	13.844	20.480
1.027	13.851	20.479
1.027	13.854	20.479
1.027	13.847	20.479
1.028	13.861	20.479
1.028	13.867	20.478
1.028	13.867	20.481
1.028	13.871	20.479
1.028	13.874	20.478
1.028	13.877	20.480
1.029	13.880	20.480
1.029	13.886	20.480
1.030	13.880	20.478
1.029	13.890	20.481
1.029	13.899	20.480
1.030	13.901	20.479
1.030	13.904	20.480
1.030	13.908	20.479
1.030	13.914	20.478
1.031	13.915	20.479
1.031	13.916	20.482
1.031	13.921	20.478
1.032	13.927	20.476
1.033	13.946	20.480
1.033	13.952	20.478
1.034	13.954	20.480
1.034	13.967	20.479
1.035	13.978	20.480
1.036	13.984	20.479
1.036	13.989	20.479
1.036	13.994	20.480
1.036	13.997	20.480
1.037	14.005	20.479
1.038	14.032	20.480
1.039	14.042	20.480
1.040	14.050	20.480
1.041	14.052	20.482
1.041	14.062	20.482
1.042	14.074	20.482
1.043	14.083	20.481
1.043	14.087	20.481
1.043	14.077	20.481
1.044	14.095	20.480
1.044	14.100	20.479
1.044	14.112	20.481
1.046	14.127	20.482
1.046	14.131	20.482
1.046	14.136	20.479
1.046	14.136	20.479
1.046	14.142	20.482
1.046	14.138	20.481
1.047	14.141	20.482
1.048	14.160	20.482
1.048	14.169	20.480
1.049	14.178	20.481
1.050	14.185	20.483
1.051	14.199	20.481
1.052	14.209	20.479
1.052	14.223	20.480
1.053	14.232	20.480
1.054	14.245	20.479
1.055	14.268	20.483
1.056	14.286	20.482
1.057	14.295	20.480
1.057	14.305	20.480
1.058	14.315	20.481
1.058	14.326	20.481
1.059	14.330	20.481
1.059	14.332	20.481
1.059	14.331	20.480
1.059	14.336	20.479
1.060	14.348	20.481
1.060	14.352	20.480
1.060	14.355	20.480
1.060	14.353	20.481
1.060	14.353	20.483
1.060	14.355	20.480
1.060	14.356	20.481
1.062	14.372	20.481
1.061	14.363	20.481
1.061	14.380	20.481
1.062	14.384	20.479
1.062	14.385	20.480
1.062	14.387	20.482
1.062	14.392	20.482
1.063	14.392	20.481
1.062	14.392	20.482
1.063	14.397	20.481
1.064	14.413	20.481
1.065	14.433	20.482
1.066	14.446	20.481
1.067	14.454	20.481
1.068	14.468	20.481
1.068	14.477	20.482
1.068	14.486	20.481
1.069	14.494	20.483
1.070	14.504	20.480
1.071	14.510	20.483
1.071	14.514	20.482
1.071	14.518	20.481
1.071	14.522	20.481
1.072	14.526	20.479
1.072	14.530	20.481
1.073	14.535	20.482
1.073	14.537	20.484
1.073	14.539	20.482
1.074	14.545	20.484
1.074	14.553	20.482
1.074	14.551	20.482
1.075	14.575	20.483
1.076	14.585	20.484
1.076	14.592	20.482
1.077	14.600	20.480
1.078	14.610	20.483
1.079	14.624	20.483
1.080	14.641	20.482
1.081	14.653	20.485
1.082	14.656	20.481
1.083	14.678	20.482
1.084	14.697	20.483
1.085	14.708	20.481
1.086	14.723	20.480
1.087	14.733	20.482
1.087	14.744	20.483
1.088	14.751	20.481
1.088	14.763	20.481
1.089	14.764	20.479
1.090	14.770	20.483
1.090	14.797	20.480
1.092	14.816	20.481
1.093	14.840	20.481
1.094	14.852	20.486
1.094	14.857	20.484
1.095	14.865	20.483
1.096	14.876	20.483
1.097	14.893	20.484
1.097	14.891	20.480
1.098	14.916	20.485
1.099	14.928	20.483
1.099	14.940	20.482
1.099	14.947	20.482
1.100	14.953	20.482
1.101	14.961	20.482
1.101	14.966	20.483
1.101	14.968	20.481
1.101	14.967	20.482
1.102	14.970	20.482
1.102	14.972	20.485
1.102	14.978	20.481
1.102	14.980	20.483
1.103	14.985	20.484
1.103	14.991	20.484
1.105	15.002	20.484
1.106	15.015	20.482
1.106	15.023	20.482
1.107	15.021	20.482
1.108	15.032	20.483
1.108	15.048	20.483
1.109	15.059	20.484
1.109	15.073	20.481
1.110	15.080	20.483
1.111	15.089	20.482
1.111	15.100	20.484
1.112	15.110	20.483
1.113	15.125	20.482
1.115	15.133	20.482
1.116	15.166	20.482
1.117	15.184	20.482
1.118	15.197	20.482
1.118	15.206	20.483
1.118	15.210	20.482
1.119	15.219	20.483
1.120	15.228	20.483
1.121	15.242	20.484
1.122	15.247	20.483
1.122	15.262	20.483
1.123	15.271	20.482
1.123	15.282	20.484
1.124	15.292	20.484
1.125	15.301	20.484
1.125	15.308	20.485
1.125	15.313	20.482
1.126	15.320	20.484
1.126	15.322	20.484
1.126	15.317	20.482
1.127	15.336	20.485
1.127	15.344	20.483
1.127	15.355	20.485
1.128	15.364	20.485
1.128	15.369	20.485
1.129	15.370	20.485
1.129	15.378	20.484
1.130	15.384	20.482
1.130	15.388	20.485
1.130	15.395	20.485
1.131	15.410	20.485
1.132	15.425	20.485
1.132	15.432	20.482
1.132	15.430	20.485
1.133	15.434	20.482
1.133	15.439	20.486
1.134	15.442	20.484
1.136	15.450	20.486
1.136	15.442	20.484
1.136	15.460	20.485
1.136	15.468	20.484
1.137	15.479	20.484
1.137	15.486	20.480
1.137	15.488	20.482
1.138	15.493	20.484
1.139	15.503	20.483
1.139	15.506	20.484
1.139	15.506	20.484
1.139	15.507	20.483
1.140	15.525	20.481
1.140	15.529	20.484
1.140	15.535	20.484
1.141	15.539	20.484
1.141	15.544	20.483
1.143	15.561	20.484
1.143	15.577	20.485
1.144	15.581	20.484
1.144	15.570	20.483
1.145	15.596	20.483
1.145	15.606	20.484
1.146	15.617	20.485
1.147	15.630	20.485
1.148	15.639	20.485
1.149	15.647	20.485
1.149	15.657	20.486
1.150	15.662	20.484
1.150	15.662	20.485
1.151	15.669	20.483
1.151	15.691	20.484
1.152	15.698	20.487
1.153	15.710	20.485
1.153	15.718	20.486
1.154	15.728	20.485
1.154	15.734	20.484
1.154	15.736	20.487
1.155	15.742	20.485
1.155	15.733	20.483
1.155	15.746	20.485
1.155	15.757	20.485
1.156	15.765	20.486
1.156	15.772	20.483
1.156	15.776	20.486
1.157	15.782	20.487
1.157	15.785	20.485
1.158	15.792	20.485
1.158	15.790	20.486
1.158	15.788	20.484
1.159	15.808	20.484
1.159	15.819	20.487
1.160	15.830	20.485
1.161	15.840	20.485
1.161	15.845	20.484
1.161	15.851	20.485
1.161	15.857	20.485
1.161	15.858	20.484
1.162	15.853	20.482
1.162	15.864	20.487
1.163	15.879	20.486
1.163	15.885	20.484
1.165	15.893	20.486
1.166	15.897	20.487
1.166	15.903	20.485
1.166	15.905	20.486
1.167	15.907	20.485
1.167	15.903	20.485
1.168	15.907	20.485
1.168	15.923	20.487
1.168	15.929	20.485
1.168	15.934	20.484
1.168	15.940	20.484
1.169	15.943	20.487
1.169	15.953	20.485
1.169	15.955	20.485
1.170	15.962	20.484
1.170	15.950	20.485
1.171	15.966	20.484
1.172	15.976	20.485
1.172	15.988	20.488
1.173	15.995	20.484
1.173	16.001	20.487
1.174	16.020	20.487
1.175	16.035	20.487
1.176	16.048	20.486
1.176	16.052	20.487
1.177	16.053	20.486
1.177	16.059	20.487
1.177	16.064	20.485
1.178	16.071	20.485
1.179	16.090	20.487
1.180	16.103	20.488
1.180	16.113	20.487
1.181	16.119	20.487
1.182	16.126	20.486
1.182	16.119	20.484
1.182	16.134	20.486
1.183	16.148	20.488
1.182	16.150	20.486
1.183	16.156	20.485
1.183	16.160	20.487
1.183	16.164	20.486
1.184	16.172	20.487
1.184	16.178	20.487
1.185	16.182	20.486
1.185	16.175	20.486
1.186	16.199	20.486
1.186	16.204	20.485
1.186	16.213	20.486
1.187	16.217	20.487
1.187	16.225	20.487
1.188	16.235	20.485
1.188	16.238	20.487
1.188	16.244	20.485
1.189	16.240	20.485
1.189	16.251	20.486
1.189	16.262	20.486
1.190	16.269	20.488
1.190	16.278	20.486
1.191	16.284	20.484
1.192	16.290	20.484
1.192	16.304	20.487
1.193	16.320	20.489
1.193	16.333	20.485
1.194	16.324	20.485
1.194	16.343	20.487
1.195	16.353	20.486
1.196	16.358	20.487
1.197	16.369	20.485
1.198	16.380	20.486
1.200	16.393	20.486
1.202	16.415	20.489
1.202	16.422	20.489
1.202	16.417	20.486
1.203	16.434	20.487
1.204	16.443	20.489
1.204	16.448	20.487
1.205	16.455	20.490
1.205	16.459	20.488
1.206	16.468	20.488
1.207	16.477	20.489
1.207	16.484	20.488
1.207	16.486	20.486
1.208	16.478	20.485
1.207	16.492	20.487
1.207	16.492	20.486
1.207	16.493	20.490
1.207	16.492	20.486
1.207	16.492	20.488
1.207	16.495	20.488
1.208	16.503	20.488
1.209	16.518	20.487
1.210	16.519	20.485
1.212	16.554	20.487
1.213	16.567	20.490
1.214	16.582	20.490
1.214	16.594	20.487
1.214	16.602	20.488
1.215	16.610	20.487
1.216	16.624	20.488
1.216	16.633	20.488
1.217	16.636	20.485
1.217	16.632	20.486
1.217	16.651	20.486
1.218	16.655	20.489
1.218	16.658	20.487
1.218	16.663	20.485
1.218	16.661	20.487
1.218	16.661	20.484
1.218	16.661	20.488
1.218	16.661	20.487
1.217	16.651	20.483
1.218	16.647	20.486
1.218	16.662	20.485
1.217	16.661	20.487
1.218	16.669	20.488
1.218	16.671	20.486
1.219	16.674	20.487
1.218	16.675	20.487
1.219	16.677	20.490
1.220	16.677	20.488
1.220	16.666	20.487
1.220	16.687	20.488
1.220	16.687	20.487
1.220	16.692	20.487
1.220	16.696	20.487
1.220	16.697	20.487
1.219	16.696	20.488
1.220	16.696	20.486
1.220	16.698	20.486
1.220	16.686	20.486
1.221	16.702	20.487
1.222	16.724	20.488
1.223	16.733	20.486
1.224	16.744	20.489
1.225	16.766	20.486
1.225	16.774	20.486
1.225	16.784	20.488
1.226	16.790	20.488
1.226	16.793	20.487
1.227	16.789	20.485
1.228	16.814	20.492
1.230	16.821	20.487
1.230	16.823	20.487
1.231	16.827	20.485
1.231	16.833	20.488
1.232	16.845	20.490
1.234	16.857	20.488
1.235	16.876	20.489
1.235	16.867	20.488
1.235	16.887	20.487
1.235	16.895	20.486
1.235	16.898	20.490
1.236	16.905	20.489
1.236	16.909	20.489
1.237	16.915	20.490
1.237	16.919	20.488
1.237	16.922	20.489
1.238	16.933	20.490
1.239	16.942	20.485
1.239	16.937	20.485
1.240	16.963	20.488
1.240	16.970	20.489
1.241	16.976	20.489
1.241	16.980	20.488
1.241	16.985	20.490
1.242	16.992	20.489
1.242	17.000	20.488
1.242	17.002	20.489
1.243	17.005	20.490
1.243	17.014	20.487
1.243	17.024	20.489
1.244	17.027	20.486
1.245	17.040	20.488
1.245	17.045	20.486
1.246	17.050	20.489
1.246	17.053	20.487
1.246	17.053	20.487
1.246	17.045	20.486
1.246	17.065	20.488
1.246	17.067	20.489
1.246	17.071	20.488
1.247	17.075	20.487
1.247	17.078	20.490
1.247	17.080	20.489
1.247	17.088	20.489
1.247	17.093	20.489
1.248	17.082	20.485
1.248	17.099	20.489
1.248	17.108	20.489
1.248	17.114	20.487
1.249	17.117	20.489
1.248	17.117	20.486
1.249	17.125	20.487
1.249	17.126	20.488
1.249	17.126	20.489
1.249	17.127	20.486
1.250	17.112	20.487
1.251	17.136	20.491
1.250	17.141	20.489
1.250	17.146	20.490
1.251	17.146	20.487
1.251	17.149	20.489
1.251	17.151	20.486
1.251	17.153	20.490
1.251	17.157	20.487
1.251	17.162	20.488
1.251	17.162	20.488
1.252	17.150	20.485
1.252	17.174	20.491
1.253	17.183	20.489
1.254	17.191	20.489
1.255	17.208	20.489
1.256	17.234	20.491
1.256	17.247	20.490
1.257	17.255	20.491
1.258	17.261	20.489
1.258	17.266	20.490
1.258	17.272	20.489
1.259	17.274	20.490
1.259	17.279	20.488
1.260	17.285	20.487
1.261	17.293	20.489
1.261	17.300	20.489
1.261	17.306	20.490
1.262	17.299	20.488
1.262	17.301	20.489
1.262	17.315	20.491
1.262	17.317	20.492
1.262	17.323	20.486
1.263	17.327	20.490
1.263	17.334	20.489
1.264	17.339	20.491
1.265	17.344	20.488
1.265	17.345	20.489
1.265	17.330	20.487
1.265	17.349	20.490
1.265	17.355	20.490
1.266	17.361	20.491
1.267	17.376	20.490
1.269	17.389	20.492
1.269	17.400	20.490
1.270	17.413	20.489
1.271	17.429	20.489
1.272	17.437	20.487
1.273	17.458	20.488
1.274	17.475	20.490
1.275	17.484	20.491
1.276	17.502	20.490
1.278	17.516	20.490
1.278	17.533	20.489
1.279	17.543	20.488
1.279	17.549	20.491
1.279	17.554	20.489
1.280	17.566	20.490
1.281	17.577	20.489
1.281	17.568	20.489
1.281	17.588	20.491
1.281	17.594	20.489
1.281	17.594	20.490
1.282	17.608	20.491
1.283	17.623	20.491
1.283	17.630	20.490
1.284	17.630	20.489
1.284	17.636	20.490
1.284	17.641	20.490
1.284	17.651	20.489
1.285	17.656	20.490
1.285	17.664	20.490
1.286	17.679	20.490
1.287	17.689	20.491
1.287	17.698	20.492
1.288	17.706	20.491
1.289	17.699	20.488
1.290	17.723	20.489
1.290	17.736	20.490
1.291	17.739	20.489
1.291	17.746	20.491
1.292	17.748	20.488
1.293	17.751	20.489
1.292	17.753	20.490
1.293	17.755	20.490
1.293	17.748	20.489
1.293	17.745	20.490
1.293	17.760	20.491
1.294	17.761	20.490
1.294	17.767	20.492
1.295	17.772	20.489
1.295	17.778	20.490
1.296	17.784	20.491
1.297	17.790	20.489
1.297	17.796	20.489
1.297	17.784	20.487
1.297	17.805	20.491
1.297	17.806	20.492
1.298	17.807	20.492
1.298	17.809	20.491
1.299	17.809	20.489
1.298	17.811	20.490
1.299	17.813	20.489
1.298	17.814	20.491
1.299	17.816	20.490
1.298	17.821	20.490
1.298	17.822	20.489
1.299	17.809	20.491
1.299	17.834	20.490
1.299	17.833	20.488
1.299	17.834	20.488
1.299	17.835	20.490
1.299	17.834	20.491
1.298	17.838	20.488
1.299	17.825	20.487
1.299	17.849	20.491
1.299	17.857	20.491
1.300	17.861	20.490
1.301	17.869	20.490
1.301	17.872	20.491
1.301	17.879	20.490
1.302	17.889	20.490
1.302	17.899	20.490
1.303	17.896	20.488
1.303	17.890	20.489
1.304	17.914	20.490
1.305	17.921	20.490
1.306	17.931	20.491
1.306	17.947	20.488
1.306	17.956	20.489
1.307	17.958	20.492
1.307	17.962	20.491
1.307	17.965	20.490
1.307	17.955	20.490
1.307	17.970	20.489
1.307	17.981	20.493
1.308	17.987	20.491
1.308	17.993	20.493
1.308	17.997	20.490
1.309	18.006	20.493
1.310	18.018	20.491
1.310	18.027	20.492
1.311	18.028	20.490
1.311	18.023	20.488
1.311	18.049	20.492
1.311	18.056	20.494
1.312	18.066	20.492
1.314	18.077	20.491
1.314	18.084	20.491
1.314	18.091	20.491
1.315	18.098	20.490
1.315	18.103	20.492
1.315	18.106	20.491
1.315	18.110	20.491
1.315	18.115	20.491
1.315	18.103	20.490
1.316	18.115	20.493
1.316	18.129	20.490
1.316	18.136	20.490
1.316	18.147	20.492
1.318	18.152	20.492
1.318	18.161	20.490
1.319	18.164	20.493
1.319	18.169	20.491
1.319	18.175	20.492
1.318	18.176	20.491
1.318	18.178	20.492
1.319	18.178	20.491
1.319	18.178	20.493
1.319	18.181	20.492
1.319	18.182	20.492
1.320	18.181	20.491
1.320	18.173	20.491
1.321	18.201	20.492
1.322	18.210	20.491
1.323	18.218	20.490
1.324	18.228	20.491
1.325	18.233	20.493
1.326	18.240	20.493
1.327	18.252	20.491
1.327	18.262	20.489
1.328	18.257	20.489
1.328	18.262	20.491
1.328	18.283	20.491
1.328	18.285	20.491
1.328	18.286	20.490
1.328	18.286	20.489
1.329	18.289	20.490
1.329	18.293	20.490
1.330	18.301	20.489
1.331	18.304	20.489
1.331	18.299	20.491
1.331	18.325	20.491
1.332	18.338	20.490
1.333	18.351	20.489
1.334	18.363	20.491
1.334	18.372	20.492
1.335	18.383	20.490
1.336	18.390	20.489
1.336	18.390	20.494
1.336	18.396	20.490
1.336	18.399	20.489
1.336	18.405	20.491
1.337	18.391	20.489
1.339	18.416	20.490
1.338	18.426	20.490
1.338	18.430	20.491
1.339	18.441	20.490
1.340	18.453	20.491
1.340	18.464	20.491
1.341	18.459	20.490
1.342	18.499	20.492
1.343	18.510	20.491
1.343	18.515	20.491
1.344	18.524	20.493
1.345	18.530	20.491
1.345	18.540	20.490
1.346	18.551	20.489
1.346	18.565	20.493
1.346	18.565	20.489
1.346	18.564	20.491
1.347	18.587	20.494
1.347	18.594	20.494
1.348	18.604	20.491
1.348	18.606	20.488
1.348	18.611	20.490
1.349	18.616	20.492
1.350	18.622	20.490
1.349	18.631	20.491
1.350	18.620	20.487
1.351	18.644	20.492
1.351	18.655	20.491
1.353	18.670	20.490
1.354	18.684	20.491
1.355	18.690	20.491
1.355	18.697	20.489
1.356	18.701	20.491
1.357	18.707	20.491
1.358	18.716	20.488
1.359	18.723	20.489
1.359	18.750	20.494
1.360	18.759	20.491
1.361	18.770	20.493
1.362	18.780	20.493
1.363	18.797	20.491
1.365	18.820	20.492
1.366	18.834	20.493
1.366	18.840	20.494
1.367	18.847	20.493
1.367	18.857	20.491
1.368	18.882	20.492
1.368	18.876	20.493
1.368	18.882	20.491
1.369	18.889	20.493
1.371	18.903	20.493
1.371	18.914	20.492
1.371	18.921	20.492
1.372	18.926	20.491
1.372	18.934	20.490
1.372	18.943	20.493
1.373	18.948	20.492
1.373	18.959	20.493
1.375	18.969	20.492
1.374	18.972	20.492
1.374	18.976	20.491
1.375	18.982	20.492
1.376	18.994	20.494
1.376	18.990	20.491
1.376	19.000	20.492
1.376	19.019	20.493
1.376	19.024	20.491
1.377	19.036	20.492
1.378	19.048	20.494
1.379	19.066	20.492
1.380	19.080	20.493
1.381	19.096	20.494
1.382	19.109	20.490
1.382	19.093	20.491
1.383	19.119	20.494
1.384	19.129	20.491
1.385	19.139	20.493
1.385	19.140	20.493
1.386	19.145	20.493
1.386	19.152	20.492
1.387	19.159	20.491
1.388	19.168	20.494
1.388	19.167	20.492
1.389	19.169	20.495
1.388	19.188	20.493
1.388	19.191	20.493
1.389	19.197	20.493
1.390	19.200	20.493
1.390	19.209	20.491
1.391	19.221	20.493
1.392	19.235	20.490
1.392	19.238	20.493
1.393	19.241	20.493
1.394	19.247	20.491
1.394	19.249	20.493
1.394	19.251	20.493
1.395	19.265	20.492
1.396	19.275	20.493
1.396	19.291	20.492
1.396	19.300	20.491
1.397	19.317	20.494
1.398	19.324	20.493
1.399	19.335	20.495
1.400	19.343	20.494
1.400	19.348	20.493
1.401	19.344	20.491
1.401	19.357	20.493
1.401	19.360	20.492
1.402	19.364	20.493
1.401	19.375	20.494
1.403	19.395	20.491
1.403	19.382	20.491
1.404	19.408	20.491
1.405	19.428	20.492
1.405	19.439	20.494
1.406	19.446	20.493
1.406	19.450	20.493
1.406	19.460	20.492
1.407	19.468	20.493
1.408	19.473	20.493
1.408	19.473	20.491
1.409	19.474	20.493
1.409	19.516	20.493
1.410	19.535	20.496
1.411	19.547	20.494
1.412	19.555	20.494
1.413	19.568	20.495
1.414	19.580	20.492
1.415	19.591	20.494
1.415	19.602	20.493
1.416	19.595	20.492
1.416	19.587	20.494
1.417	19.607	20.491
1.417	19.608	20.495
1.418	19.612	20.494
1.418	19.610	20.493
1.418	19.614	20.492
1.419	19.617	20.492
1.419	19.627	20.493
1.420	19.645	20.494
1.421	19.656	20.494
1.422	19.669	20.493
1.423	19.678	20.491
1.423	19.682	20.495
1.423	19.690	20.492
1.424	19.697	20.494
1.425	19.707	20.494
1.425	19.714	20.494
1.426	19.717	20.493
1.426	19.715	20.493
1.426	19.720	20.492
1.427	19.755	20.496
1.429	19.772	20.494
1.430	19.785	20.493
1.430	19.789	20.494
1.431	19.797	20.492
1.431	19.804	20.492
1.432	19.813	20.492
1.432	19.821	20.491
1.433	19.811	20.490
1.433	19.843	20.491
1.434	19.849	20.493
1.434	19.857	20.496
1.434	19.864	20.494
1.434	19.870	20.494
1.435	19.880	20.494
1.435	19.887	20.492
1.436	19.897	20.491
1.437	19.899	20.492
1.437	19.895	20.491
1.437	19.931	20.492
1.438	19.939	20.494
1.438	19.946	20.494
1.439	19.951	20.491
1.439	19.962	20.491
1.440	19.968	20.494
1.440	19.973	20.494
1.441	19.981	20.492
1.441	19.975	20.493
1.442	20.007	20.495
1.443	20.020	20.492
1.444	20.034	20.495
1.445	20.044	20.494
1.445	20.053	20.492
1.446	20.063	20.493
1.446	20.073	20.492
1.447	20.081	20.494
1.447	20.089	20.493
1.447	20.093	20.493
1.448	20.097	20.493
1.449	20.105	20.493
1.450	20.113	20.495
1.449	20.117	20.494
1.451	20.120	20.493
1.451	20.129	20.493
1.451	20.140	20.493
1.452	20.150	20.494
1.454	20.157	20.494
1.455	20.172	20.497
1.456	20.183	20.493
1.456	20.188	20.493
1.457	20.190	20.495
1.456	20.199	20.491
1.456	20.203	20.495
1.458	20.213	20.495
1.459	20.221	20.494
1.459	20.220	20.493
1.460	20.220	20.493
1.460	20.249	20.494
1.461	20.255	20.494
1.461	20.260	20.493
1.461	20.266	20.493
1.461	20.271	20.495
1.462	20.280	20.493
1.461	20.288	20.493
1.463	20.297	20.494
1.464	20.281	20.489
1.464	20.305	20.496
1.464	20.314	20.494
1.465	20.320	20.495
1.465	20.323	20.494
1.466	20.327	20.496
1.466	20.334	20.496
1.466	20.338	20.493
1.466	20.344	20.494
1.467	20.345	20.494
1.468	20.365	20.496
1.469	20.393	20.496
1.469	20.400	20.494
1.469	20.411	20.496
1.470	20.415	20.494
1.470	20.421	20.493
1.470	20.422	20.494
1.470	20.430	20.496
1.471	20.439	20.495
1.472	20.447	20.494
1.472	20.456	20.495
1.473	20.466	20.491
1.473	20.473	20.495
1.473	20.481	20.496
1.474	20.486	20.494
1.475	20.496	20.493
1.475	20.505	20.495
1.475	20.513	20.495
1.476	20.517	20.494
1.477	20.514	20.494
1.477	20.544	20.496
1.478	20.554	20.493
1.480	20.563	20.494
1.480	20.568	20.493
1.481	20.569	20.495
1.481	20.570	20.494
1.481	20.572	20.497
1.481	20.574	20.496
1.482	20.558	20.492
1.482	20.574	20.496
1.482	20.588	20.497
1.482	20.597	20.495
1.484	20.616	20.495
1.485	20.629	20.494
1.486	20.636	20.494
1.486	20.642	20.494
1.486	20.648	20.493
1.487	20.649	20.494
1.488	20.651	20.495
1.489	20.696	20.495
1.491	20.711	20.496
1.491	20.723	20.496
1.492	20.734	20.495
1.493	20.740	20.496
1.493	20.747	20.495
1.494	20.754	20.495
1.493	20.763	20.494
1.494	20.755	20.495
1.495	20.760	20.495
1.495	20.785	20.496
1.496	20.789	20.496
1.496	20.798	20.495
1.497	20.803	20.496
1.497	20.812	20.496
1.497	20.821	20.496
1.497	20.826	20.495
1.497	20.833	20.494
1.497	20.835	20.495
1.498	20.840	20.495
1.498	20.846	20.496
1.498	20.848	20.496
1.499	20.854	20.495
1.500	20.862	20.496
1.500	20.876	20.496
1.502	20.886	20.494
1.502	20.896	20.495
1.502	20.900	20.494
1.503	20.905	20.494
1.502	20.909	20.497
1.503	20.916	20.494
1.503	20.927	20.497
1.504	20.933	20.496
1.503	20.944	20.497
1.504	20.956	20.494
1.505	20.961	20.494
1.505	20.964	20.495
1.506	20.950	20.493
1.507	20.980	20.494
1.507	20.985	20.494
1.507	20.993	20.494
1.508	21.000	20.493
1.508	21.005	20.494
1.509	21.008	20.494
1.509	21.010	20.495
1.510	21.011	20.495
1.509	21.000	20.494
1.510	20.998	20.495
1.510	21.021	20.496
1.511	21.021	20.496
1.510	21.023	20.496
1.512	21.020	20.497
1.513	21.021	20.495
1.514	21.028	20.493
1.515	21.033	20.495
1.515	21.036	20.495
1.515	21.018	20.493
1.516	21.044	20.496
1.516	21.050	20.496
1.517	21.054	20.496
1.518	21.058	20.496
1.519	21.058	20.496
1.520	21.066	20.497
1.520	21.069	20.495
1.521	21.071	20.495
1.522	21.074	20.496
1.522	21.080	20.495
1.523	21.082	20.496
1.524	21.082	20.495
1.524	21.084	20.496
1.524	21.089	20.495
1.525	21.090	20.496
1.526	21.093	20.495
1.526	21.094	20.496
1.527	21.098	20.496
1.527	21.082	20.495
1.527	21.100	20.497
1.528	21.105	20.498
1.528	21.106	20.498
1.528	21.107	20.496
1.529	21.106	20.497
1.529	21.106	20.498
1.530	21.110	20.498
1.531	21.113	20.495
1.531	21.106	20.496
1.532	21.102	20.498
1.533	21.125	20.497
1.534	21.127	20.496
1.533	21.128	20.499
1.535	21.130	20.495
1.534	21.130	20.495
1.534	21.132	20.497
1.536	21.135	20.497
1.536	21.137	20.496
1.536	21.115	20.495
1.536	21.139	20.496
1.537	21.142	20.497
1.537	21.143	20.497
1.538	21.144	20.498
1.538	21.145	20.497
1.539	21.147	20.497
1.541	21.150	20.497
1.541	21.151	20.497
1.542	21.133	20.495
1.542	21.147	20.497
1.543	21.155	20.496
1.543	21.156	20.499
1.544	21.160	20.499
1.544	21.159	20.498
1.545	21.160	20.500
1.547	21.162	20.499
1.547	21.164	20.496
1.548	21.165	20.495
1.548	21.166	20.497
1.549	21.169	20.497
1.549	21.170	20.497
1.550	21.171	20.497
1.550	21.173	20.497
1.549	21.172	20.497
1.550	21.173	20.499
1.550	21.174	20.496
1.551	21.175	20.496
1.552	21.176	20.497
1.553	21.178	20.499
1.553	21.179	20.496
1.554	21.182	20.498
1.555	21.185	20.498
1.555	21.185	20.495
1.555	21.187	20.497
1.556	21.188	20.497
1.556	21.188	20.495
1.556	21.188	20.497
1.557	21.167	20.496
1.557	21.195	20.498
1.558	21.195	20.497
1.559	21.195	20.498
1.558	21.196	20.498
1.559	21.195	20.497
1.559	21.195	20.498
1.559	21.197	20.498
1.559	21.199	20.497
1.560	21.184	20.496
1.560	21.188	20.498
1.561	21.204	20.498
1.560	21.204	20.499
1.561	21.207	20.496
1.561	21.204	20.499
1.561	21.204	20.498
1.562	21.204	20.498
1.562	21.205	20.497
1.562	21.207	20.497
1.563	21.184	20.496
1.564	21.211	20.497
1.564	21.213	20.498
1.564	21.216	20.497
1.565	21.218	20.498
1.565	21.216	20.498
1.565	21.218	20.499
1.565	21.219	20.495
1.566	21.219	20.498
1.566	21.209	20.497
1.566	21.209	20.499
1.567	21.223	20.499
1.567	21.225	20.497
1.567	21.227	20.498
1.569	21.228	20.497
1.569	21.229	20.496
1.569	21.230	20.499
1.571	21.234	20.498
1.571	21.236	20.498
1.572	21.238	20.499
1.573	21.238	20.498
1.572	21.240	20.498
1.574	21.237	20.496
1.573	21.239	20.498
1.575	21.241	20.497
1.575	21.241	20.496
1.577	21.245	20.499
1.577	21.246	20.498
1.577	21.233	20.496
1.578	21.232	20.497
1.578	21.252	20.497
1.579	21.252	20.498
1.578	21.255	20.498
1.579	21.252	20.497
1.579	21.253	20.499
1.580	21.255	20.498
1.581	21.258	20.498
1.581	21.258	20.498
1.583	21.239	20.498
1.584	21.267	20.500
1.585	21.271	20.498
1.586	21.270	20.499
1.586	21.269	20.497
1.586	21.270	20.499
1.587	21.270	20.498
1.586	21.270	20.498
1.587	21.270	20.498
1.588	21.271	20.497
1.588	21.253	20.499
1.589	21.255	20.498
1.588	21.271	20.500
1.589	21.272	20.498
1.590	21.270	20.497
1.590	21.269	20.499
1.589	21.269	20.498
1.589	21.270	20.498
1.590	21.267	20.497
1.590	21.247	20.495
1.590	21.271	20.498
1.590	21.269	20.499
1.590	21.269	20.499
1.591	21.270	20.498
1.591	21.270	20.500
1.592	21.271	20.498
1.592	21.271	20.497
1.593	21.272	20.499
1.594	21.272	20.499
1.595	21.271	20.500
1.595	21.272	20.499
1.596	21.272	20.499
1.596	21.272	20.497
1.597	21.271	20.499
1.597	21.271	20.497
1.597	21.272	20.499
1.598	21.271	20.499
1.598	21.270	20.498
1.598	21.247	20.499
1.598	21.272	20.499
1.598	21.272	20.499
1.598	21.273	20.499
1.598	21.273	20.497
1.598	21.270	20.498
1.599	21.271	20.499
1.599	21.271	20.499
1.601	21.271	20.501
1.600	21.255	20.498
1.601	21.260	20.499
1.601	21.273	20.500
1.602	21.272	20.498
1.602	21.272	20.499
1.603	21.269	20.498
1.604	21.271	20.500
1.605	21.270	20.499
1.607	21.271	20.499
1.608	21.263	20.500
1.609	21.248	20.499
1.610	21.271	20.501
1.611	21.271	20.499
1.611	21.272	20.498
1.611	21.271	20.498
1.611	21.269	20.498
1.611	21.270	20.499
1.612	21.269	20.499
1.613	21.270	20.499
1.614	21.250	20.499
1.613	21.265	20.498
1.615	21.273	20.498
1.615	21.269	20.500
1.615	21.270	20.498
1.614	21.269	20.499
1.615	21.269	20.501
1.615	21.269	20.499
1.614	21.270	20.498
1.615	21.270	20.498
1.614	21.269	20.501
1.615	21.270	20.498
1.615	21.270	20.500
1.615	21.268	20.500
1.615	21.270	20.500
1.614	21.268	20.497
1.615	21.268	20.500
1.615	21.268	20.499
1.615	21.269	20.499
1.615	21.248	20.497
1.615	21.263	20.502
1.615	21.270	20.501
1.615	21.269	20.499
1.614	21.269	20.498
1.615	21.266	20.499
1.615	21.268	20.500
1.615	21.265	20.499
1.615	21.265	20.498
1.615	21.260	20.499
1.615	21.244	20.501
1.615	21.266	20.499
1.615	21.267	20.498
1.615	21.267	20.499
1.614	21.268	20.499
1.615	21.266	20.499
1.614	21.266	20.500
