0.353	5.683	30.073
0.353	5.683	30.073
0.353	5.682	30.075
0.353	5.682	30.073
0.353	5.683	30.071
0.353	5.681	30.072
0.353	5.683	30.075
0.353	5.683	30.072
0.353	5.682	30.072
0.353	5.683	30.071
0.353	5.683	30.071
0.353	5.682	30.070
0.353	5.683	30.072
0.353	5.682	30.071
0.353	5.682	30.068
0.353	5.682	30.072
0.353	5.682	30.070
0.353	5.682	30.069
0.353	5.682	30.069
0.353	5.681	30.072
0.353	5.682	30.070
0.353	5.682	30.070
0.353	5.681	30.072
0.353	5.683	30.071
0.353	5.681	30.070
0.353	5.682	30.070
0.353	5.683	30.069
0.353	5.682	30.069
0.353	5.683	30.069
0.353	5.682	30.070
0.353	5.682	30.070
0.353	5.682	30.069
0.353	5.682	30.067
0.353	5.682	30.069
0.353	5.682	30.069
0.353	5.682	30.067
0.353	5.682	30.067
0.353	5.683	30.068
0.353	5.683	30.069
0.354	5.682	30.069
0.354	5.683	30.069
0.354	5.682	30.068
0.354	5.683	30.067
0.354	5.683	30.067
0.354	5.682	30.070
0.355	5.682	30.069
0.355	5.682	30.068
0.356	5.682	30.066
0.356	5.681	30.066
0.357	5.682	30.065
0.357	5.682	30.067
0.357	5.682	30.068
0.358	5.682	30.067
0.359	5.682	30.066
0.360	5.682	30.067
0.360	5.682	30.066
0.361	5.683	30.067
0.361	5.683	30.066
0.361	5.682	30.065
0.362	5.683	30.067
0.363	5.682	30.066
0.364	5.683	30.065
0.364	5.683	30.067
0.365	5.683	30.066
0.365	5.683	30.066
0.365	5.682	30.065
0.365	5.682	30.064
0.365	5.683	30.066
0.365	5.683	30.064
0.365	5.682	30.067
0.366	5.683	30.063
0.366	5.682	30.066
0.366	5.683	30.064
0.366	5.681	30.065
0.366	5.682	30.065
0.367	5.682	30.063
0.367	5.682	30.063
0.367	5.683	30.064
0.367	5.682	30.064
0.368	5.683	30.064
0.368	5.682	30.061
0.368	5.683	30.064
0.369	5.681	30.061
0.369	5.683	30.062
0.369	5.682	30.064
0.370	5.682	30.063
0.370	5.682	30.063
0.371	5.683	30.063
0.372	5.682	30.061
0.373	5.682	30.061
0.374	5.683	30.063
0.374	5.683	30.061
0.375	5.683	30.062
0.375	5.683	30.063
0.376	5.683	30.060
0.377	5.682	30.061
0.379	5.682	30.060
0.380	5.682	30.060
0.381	5.682	30.062
0.382	5.683	30.060
0.382	5.683	30.061
0.382	5.683	30.062
0.382	5.682	30.060
0.383	5.682	30.060
0.383	5.682	30.061
0.383	5.683	30.058
0.383	5.683	30.060
0.383	5.682	30.061
0.384	5.683	30.061
0.384	5.682	30.061
0.384	5.682	30.061
0.384	5.682	30.061
0.384	5.683	30.060
0.385	5.682	30.060
0.385	5.682	30.061
0.386	5.683	30.059
0.387	5.682	30.059
0.388	5.682	30.061
0.388	5.682	30.059
0.390	5.682	30.060
0.391	5.682	30.058
0.392	5.683	30.062
0.393	5.682	30.056
0.393	5.683	30.056
0.394	5.683	30.058
0.395	5.686	30.060
0.396	5.690	30.057
0.397	5.693	30.058
0.398	5.696	30.059
0.399	5.700	30.057
0.400	5.701	30.059
0.400	5.701	30.058
0.402	5.705	30.058
0.403	5.710	30.058
0.404	5.711	30.058
0.404	5.713	30.056
0.405	5.713	30.059
0.405	5.714	30.056
0.405	5.714	30.056
0.406	5.716	30.057
0.407	5.722	30.056
0.410	5.727	30.057
0.411	5.732	30.057
0.412	5.735	30.055
0.412	5.737	30.055
0.412	5.737	30.054
0.413	5.737	30.055
0.415	5.740	30.055
0.415	5.742	30.055
0.415	5.742	30.054
0.415	5.743	30.056
0.415	5.744	30.055
0.415	5.746	30.057
0.415	5.745	30.055
0.415	5.746	30.054
0.415	5.747	30.055
0.416	5.746	30.056
0.416	5.748	30.055
0.417	5.750	30.056
0.417	5.750	30.055
0.418	5.750	30.054
0.419	5.752	30.054
0.420	5.754	30.053
0.421	5.757	30.054
0.422	5.762	30.052
0.423	5.762	30.055
0.424	5.765	30.054
0.424	5.767	30.054
0.425	5.768	30.055
0.425	5.769	30.055
0.426	5.770	30.052
0.427	5.773	30.054
0.428	5.775	30.052
0.429	5.778	30.053
0.429	5.781	30.052
0.429	5.780	30.054
0.430	5.781	30.054
0.430	5.783	30.055
0.431	5.786	30.053
0.432	5.787	30.053
0.432	5.787	30.051
0.432	5.788	30.052
0.433	5.790	30.053
0.435	5.796	30.052
0.435	5.797	30.053
0.436	5.798	30.052
0.437	5.802	30.052
0.438	5.805	30.054
0.439	5.806	30.052
0.440	5.810	30.051
0.441	5.811	30.053
0.442	5.817	30.052
0.444	5.821	30.050
0.444	5.823	30.052
0.445	5.823	30.050
0.445	5.825	30.052
0.446	5.829	30.050
0.447	5.831	30.050
0.447	5.832	30.050
0.447	5.833	30.052
0.448	5.835	30.050
0.448	5.835	30.052
0.449	5.835	30.050
0.449	5.839	30.052
0.450	5.844	30.050
0.451	5.847	30.050
0.452	5.848	30.049
0.452	5.853	30.047
0.453	5.857	30.050
0.454	5.858	30.051
0.454	5.859	30.050
0.455	5.859	30.049
0.455	5.861	30.050
0.456	5.862	30.049
0.456	5.863	30.049
0.456	5.863	30.052
0.456	5.865	30.049
0.457	5.871	30.048
0.458	5.874	30.049
0.459	5.881	30.049
0.460	5.884	30.047
0.461	5.888	30.048
0.462	5.894	30.046
0.463	5.898	30.049
0.464	5.907	30.049
0.465	5.909	30.049
0.467	5.920	30.048
0.468	5.933	30.047
0.469	5.937	30.048
0.469	5.942	30.047
0.470	5.945	30.047
0.470	5.952	30.048
0.471	5.957	30.045
0.471	5.957	30.046
0.471	5.964	30.047
0.472	5.969	30.045
0.472	5.979	30.046
0.473	5.994	30.045
0.474	6.006	30.047
0.474	6.013	30.045
0.475	6.025	30.049
0.476	6.036	30.044
0.476	6.044	30.045
0.477	6.060	30.045
0.478	6.078	30.045
0.480	6.096	30.043
0.482	6.126	30.046
0.483	6.145	30.045
0.484	6.149	30.045
0.484	6.152	30.042
0.484	6.167	30.042
0.485	6.176	30.044
0.485	6.181	30.042
0.485	6.186	30.041
0.486	6.189	30.042
0.486	6.196	30.044
0.486	6.205	30.042
0.487	6.213	30.041
0.487	6.218	30.043
0.488	6.225	30.041
0.488	6.226	30.041
0.489	6.226	30.042
0.489	6.231	30.039
0.489	6.240	30.041
0.490	6.250	30.041
0.490	6.257	30.045
0.490	6.258	30.041
0.491	6.262	30.042
0.491	6.272	30.043
0.492	6.287	30.041
0.493	6.299	30.042
0.494	6.310	30.043
0.494	6.323	30.039
0.495	6.333	30.040
0.495	6.341	30.041
0.496	6.352	30.038
0.497	6.360	30.039
0.499	6.374	30.040
0.501	6.402	30.037
0.502	6.424	30.041
0.503	6.439	30.039
0.503	6.447	30.039
0.504	6.456	30.037
0.504	6.465	30.038
0.505	6.479	30.037
0.507	6.498	30.037
0.509	6.521	30.037
0.510	6.542	30.037
0.512	6.569	30.037
0.513	6.583	30.037
0.513	6.592	30.035
0.513	6.592	30.038
0.513	6.600	30.035
0.514	6.609	30.038
0.514	6.616	30.037
0.515	6.619	30.037
0.515	6.627	30.036
0.515	6.636	30.035
0.516	6.641	30.037
0.516	6.648	30.036
0.517	6.653	30.036
0.518	6.669	30.034
0.519	6.684	30.035
0.520	6.689	30.035
0.520	6.697	30.035
0.520	6.709	30.035
0.521	6.715	30.034
0.521	6.725	30.035
0.523	6.740	30.034
0.524	6.764	30.035
0.525	6.772	30.033
0.525	6.775	30.032
0.526	6.788	30.032
0.527	6.802	30.033
0.527	6.814	30.033
0.528	6.821	30.032
0.529	6.829	30.034
0.530	6.852	30.031
0.531	6.869	30.032
0.532	6.873	30.032
0.532	6.877	30.033
0.531	6.878	30.034
0.531	6.880	30.032
0.532	6.882	30.030
0.531	6.884	30.030
0.532	6.885	30.032
0.532	6.891	30.030
0.532	6.897	30.030
0.533	6.902	30.030
0.534	6.914	30.026
0.534	6.924	30.030
0.535	6.932	30.030
0.535	6.934	30.031
0.535	6.936	30.030
0.535	6.942	30.030
0.536	6.957	30.028
0.537	6.970	30.029
0.538	6.992	30.030
0.539	6.995	30.028
0.539	7.001	30.027
0.539	7.008	30.026
0.540	7.019	30.029
0.541	7.031	30.029
0.542	7.045	30.030
0.544	7.064	30.027
0.546	7.089	30.027
0.547	7.104	30.028
0.547	7.116	30.027
0.548	7.129	30.027
0.549	7.137	30.027
0.550	7.153	30.028
0.551	7.165	30.027
0.552	7.178	30.027
0.553	7.189	30.025
0.553	7.198	30.027
0.554	7.209	30.024
0.555	7.225	30.026
0.557	7.239	30.025
0.557	7.252	30.026
0.558	7.263	30.027
0.559	7.278	30.027
0.560	7.294	30.025
0.560	7.305	30.023
0.561	7.312	30.025
0.561	7.319	30.025
0.561	7.319	30.024
0.562	7.325	30.024
0.563	7.336	30.026
0.563	7.343	30.025
0.564	7.352	30.022
0.566	7.378	30.023
0.567	7.401	30.024
0.567	7.404	30.022
0.567	7.406	30.021
0.567	7.410	30.022
0.567	7.418	30.023
0.568	7.426	30.021
0.569	7.438	30.022
0.569	7.450	30.022
0.571	7.463	30.022
0.572	7.481	30.021
0.572	7.487	30.022
0.573	7.495	30.020
0.574	7.516	30.022
0.576	7.533	30.021
0.577	7.544	30.019
0.577	7.556	30.023
0.578	7.573	30.019
0.579	7.581	30.022
0.579	7.582	30.019
0.580	7.590	30.021
0.580	7.596	30.020
0.581	7.607	30.023
0.582	7.626	30.020
0.583	7.629	30.018
0.583	7.635	30.020
0.583	7.642	30.020
0.584	7.654	30.017
0.585	7.664	30.022
0.585	7.676	30.018
0.587	7.699	30.018
0.588	7.710	30.017
0.588	7.715	30.018
0.588	7.723	30.019
0.589	7.737	30.018
0.590	7.742	30.018
0.590	7.752	30.018
0.592	7.771	30.019
0.593	7.791	30.017
0.595	7.810	30.020
0.597	7.838	30.016
0.598	7.865	30.016
0.599	7.880	30.020
0.600	7.886	30.017
0.600	7.892	30.019
0.600	7.898	30.018
0.601	7.914	30.016
0.602	7.925	30.018
0.602	7.930	30.018
0.603	7.948	30.019
0.604	7.960	30.017
0.605	7.971	30.017
0.606	7.978	30.016
0.607	7.996	30.016
0.608	8.005	30.015
0.608	8.018	30.018
0.609	8.035	30.016
0.611	8.053	30.015
0.612	8.069	30.015
0.613	8.081	30.012
0.614	8.096	30.014
0.615	8.115	30.015
0.616	8.122	30.012
0.617	8.141	30.016
0.617	8.147	30.015
0.618	8.153	30.016
0.618	8.160	30.016
0.619	8.177	30.017
0.620	8.196	30.014
0.622	8.217	30.016
0.624	8.244	30.013
0.625	8.260	30.016
0.626	8.275	30.014
0.627	8.293	30.015
0.628	8.301	30.013
0.628	8.306	30.012
0.628	8.319	30.013
0.630	8.333	30.012
0.631	8.354	30.014
0.632	8.371	30.012
0.633	8.386	30.013
0.634	8.398	30.011
0.636	8.421	30.012
0.636	8.438	30.011
0.637	8.453	30.011
0.638	8.463	30.014
0.639	8.477	30.013
0.640	8.489	30.012
0.641	8.496	30.013
0.641	8.503	30.013
0.642	8.511	30.012
0.643	8.529	30.010
0.644	8.548	30.012
0.645	8.558	30.011
0.646	8.576	30.012
0.648	8.610	30.011
0.650	8.642	30.014
0.653	8.673	30.013
0.654	8.701	30.011
0.654	8.704	30.013
0.654	8.707	30.013
0.655	8.717	30.011
0.656	8.727	30.011
0.656	8.740	30.011
0.657	8.763	30.012
0.657	8.772	30.011
0.657	8.775	30.011
0.657	8.774	30.012
0.658	8.777	30.011
0.659	8.789	30.011
0.659	8.792	30.009
0.660	8.808	30.010
0.661	8.819	30.012
0.661	8.827	30.012
0.662	8.839	30.010
0.663	8.854	30.009
0.663	8.862	30.012
0.664	8.865	30.009
0.664	8.875	30.009
0.665	8.885	30.008
0.667	8.900	30.007
0.669	8.929	30.009
0.671	8.959	30.009
0.672	8.971	30.011
0.673	8.981	30.007
0.674	8.996	30.009
0.674	9.009	30.010
0.675	9.016	30.008
0.675	9.021	30.008
0.676	9.033	30.009
0.677	9.054	30.009
0.679	9.076	30.009
0.680	9.094	30.009
0.681	9.116	30.008
0.683	9.143	30.007
0.683	9.155	30.008
0.684	9.161	30.008
0.684	9.167	30.006
0.685	9.175	30.009
0.685	9.184	30.008
0.687	9.207	30.005
0.688	9.227	30.010
0.688	9.242	30.008
0.689	9.253	30.008
0.690	9.268	30.008
0.692	9.284	30.007
0.693	9.300	30.007
0.694	9.313	30.007
0.695	9.325	30.007
0.696	9.333	30.007
0.697	9.353	30.007
0.698	9.368	30.008
0.699	9.395	30.007
0.700	9.403	30.005
0.700	9.406	30.006
0.700	9.412	30.006
0.701	9.422	30.006
0.702	9.426	30.007
0.702	9.424	30.006
0.702	9.434	30.007
0.703	9.447	30.006
0.704	9.461	30.008
0.705	9.480	30.007
0.707	9.494	30.007
0.707	9.503	30.007
0.708	9.525	30.007
0.709	9.542	30.004
0.710	9.546	30.005
0.711	9.561	30.006
0.712	9.573	30.007
0.712	9.590	30.005
0.713	9.605	30.007
0.714	9.620	30.007
0.714	9.638	30.007
0.716	9.654	30.005
0.718	9.683	30.005
0.720	9.708	30.005
0.720	9.713	30.005
0.721	9.722	30.006
0.722	9.738	30.006
0.722	9.753	30.004
0.723	9.760	30.005
0.724	9.766	30.004
0.724	9.773	30.004
0.725	9.780	30.004
0.726	9.801	30.004
0.728	9.814	30.004
0.728	9.825	30.004
0.730	9.852	30.005
0.731	9.873	30.003
0.732	9.888	30.004
0.733	9.900	30.005
0.734	9.913	30.002
0.736	9.942	30.005
0.737	9.967	30.006
0.740	9.994	30.004
0.741	10.013	30.004
0.741	10.022	30.002
0.742	10.032	30.002
0.742	10.037	30.004
0.744	10.060	30.004
0.744	10.067	30.004
0.744	10.079	30.001
0.746	10.097	30.003
0.747	10.113	30.001
0.747	10.119	30.000
0.748	10.130	30.003
0.749	10.144	30.001
0.750	10.163	30.002
0.751	10.177	30.003
0.752	10.183	30.002
0.752	10.194	30.003
0.753	10.205	30.000
0.754	10.215	30.002
0.755	10.231	29.998
0.756	10.245	30.000
0.758	10.275	30.002
0.759	10.294	30.002
0.759	10.302	30.002
0.760	10.315	30.000
0.761	10.327	30.001
0.762	10.337	30.002
0.762	10.348	30.001
0.762	10.358	29.999
0.763	10.358	30.001
0.763	10.364	30.000
0.763	10.370	30.001
0.764	10.375	30.001
0.764	10.383	30.000
0.765	10.388	29.998
0.766	10.406	30.000
0.767	10.425	29.999
0.768	10.437	29.998
0.769	10.453	29.998
0.771	10.465	29.997
0.772	10.489	29.999
0.773	10.508	30.001
0.774	10.520	29.997
0.775	10.537	29.998
0.776	10.552	29.998
0.777	10.568	29.997
0.778	10.583	29.999
0.779	10.592	29.996
0.780	10.602	29.997
0.780	10.619	29.995
0.781	10.635	29.997
0.781	10.644	29.998
0.782	10.642	29.998
0.782	10.653	29.995
0.782	10.657	29.996
0.783	10.670	29.994
0.784	10.681	30.001
0.784	10.687	29.996
0.785	10.693	29.996
0.786	10.711	29.994
0.787	10.735	29.995
0.789	10.761	29.994
0.791	10.792	29.995
0.792	10.803	29.995
0.793	10.813	29.996
0.795	10.842	29.996
0.796	10.870	29.997
0.797	10.883	29.997
0.797	10.884	29.995
0.797	10.897	29.994
0.797	10.899	29.993
0.798	10.901	29.991
0.798	10.901	29.992
0.798	10.903	29.994
0.798	10.909	29.992
0.798	10.917	29.993
0.799	10.928	29.992
0.804	10.980	29.991
0.805	11.000	29.995
0.806	11.023	29.993
0.806	11.026	29.992
0.806	11.028	29.995
0.806	11.033	29.996
0.807	11.041	29.992
0.807	11.051	29.992
0.807	11.060	29.992
0.808	11.076	29.991
0.809	11.084	29.993
0.810	11.103	29.992
0.811	11.108	29.994
0.811	11.114	29.993
0.811	11.117	29.992
0.812	11.121	29.994
0.812	11.129	29.991
0.814	11.144	29.994
0.815	11.156	29.991
0.815	11.168	29.991
0.816	11.176	29.992
0.817	11.185	29.992
0.817	11.191	29.990
0.817	11.197	29.993
0.818	11.210	29.992
0.819	11.230	29.991
0.820	11.240	29.991
0.821	11.244	29.988
0.821	11.243	29.989
0.821	11.242	29.991
0.821	11.253	29.989
0.822	11.273	29.990
0.823	11.289	29.989
0.824	11.295	29.990
0.825	11.314	29.988
0.827	11.340	29.989
0.828	11.353	29.990
0.828	11.369	29.990
0.829	11.376	29.991
0.830	11.381	29.991
0.830	11.387	29.988
0.830	11.394	29.990
0.831	11.407	29.992
0.832	11.425	29.990
0.833	11.438	29.988
0.834	11.446	29.989
0.835	11.465	29.989
0.836	11.493	29.985
0.837	11.507	29.988
0.837	11.512	29.988
0.837	11.517	29.987
0.839	11.528	29.987
0.840	11.546	29.987
0.842	11.565	29.985
0.842	11.572	29.983
0.842	11.579	29.987
0.843	11.587	29.986
0.845	11.606	29.988
0.846	11.632	29.987
0.847	11.646	29.984
0.848	11.658	29.984
0.849	11.673	29.987
0.850	11.698	29.985
0.853	11.725	29.985
0.856	11.753	29.985
0.857	11.782	29.984
0.857	11.787	29.985
0.858	11.799	29.985
0.858	11.802	29.985
0.858	11.804	29.984
0.857	11.803	29.986
0.857	11.804	29.987
0.857	11.804	29.986
0.858	11.810	29.985
0.858	11.816	29.985
0.858	11.824	29.986
0.859	11.834	29.986
0.861	11.852	29.984
0.863	11.885	29.984
0.865	11.911	29.985
0.866	11.932	29.985
0.867	11.956	29.985
0.868	11.968	29.984
0.869	11.980	29.982
0.870	11.989	29.984
0.871	12.004	29.983
0.872	12.024	29.983
0.874	12.041	29.983
0.874	12.055	29.983
0.874	12.062	29.982
0.875	12.071	29.981
0.875	12.073	29.983
0.875	12.074	29.982
0.876	12.080	29.983
0.876	12.087	29.984
0.877	12.097	29.981
0.878	12.110	29.983
0.879	12.134	29.981
0.880	12.155	29.984
0.881	12.165	29.983
0.883	12.183	29.981
0.883	12.187	29.981
0.884	12.194	29.980
0.886	12.223	29.984
0.888	12.252	29.984
0.890	12.279	29.982
0.892	12.311	29.982
0.893	12.320	29.980
0.893	12.321	29.980
0.893	12.329	29.982
0.893	12.345	29.981
0.895	12.368	29.982
0.896	12.390	29.981
0.898	12.419	29.980
0.899	12.438	29.979
0.900	12.457	29.980
0.901	12.465	29.979
0.901	12.474	29.981
0.901	12.479	29.981
0.901	12.487	29.982
0.902	12.489	29.979
0.902	12.496	29.980
0.903	12.510	29.983
0.905	12.530	29.979
0.905	12.524	29.983
0.905	12.536	29.980
0.905	12.542	29.979
0.905	12.550	29.981
0.907	12.564	29.981
0.908	12.578	29.980
0.909	12.600	29.981
0.910	12.617	29.980
0.911	12.626	29.979
0.912	12.635	29.982
0.912	12.640	29.983
0.913	12.659	29.979
0.914	12.662	29.980
0.914	12.668	29.978
0.915	12.687	29.978
0.917	12.715	29.979
0.920	12.749	29.979
0.921	12.771	29.979
0.922	12.790	29.978
0.923	12.801	29.980
0.923	12.806	29.978
0.924	12.819	29.980
0.924	12.830	29.978
0.925	12.842	29.980
0.926	12.857	29.976
0.928	12.876	29.979
0.930	12.903	29.979
0.932	12.930	29.979
0.932	12.940	29.976
0.934	12.951	29.981
0.935	12.981	29.977
0.936	12.996	29.981
0.936	13.006	29.979
0.937	13.019	29.978
0.938	13.032	29.979
0.939	13.041	29.977
0.940	13.053	29.978
0.941	13.068	29.979
0.941	13.090	29.978
0.942	13.107	29.977
0.942	13.110	29.978
0.943	13.111	29.978
0.943	13.116	29.979
0.943	13.116	29.979
0.944	13.122	29.977
0.944	13.129	29.978
0.945	13.141	29.978
0.945	13.143	29.977
0.945	13.137	29.978
0.946	13.160	29.978
0.947	13.171	29.979
0.948	13.183	29.977
0.948	13.191	29.978
0.949	13.198	29.976
0.949	13.208	29.979
0.950	13.213	29.974
0.950	13.218	29.976
0.951	13.212	29.976
0.951	13.221	29.977
0.951	13.232	29.976
0.951	13.237	29.976
0.952	13.245	29.978
0.952	13.251	29.976
0.953	13.256	29.976
0.952	13.257	29.977
0.953	13.263	29.979
0.954	13.269	29.977
0.955	13.285	29.980
0.956	13.311	29.977
0.958	13.330	29.977
0.958	13.335	29.978
0.959	13.349	29.976
0.959	13.357	29.976
0.960	13.371	29.978
0.961	13.380	29.974
0.961	13.391	29.977
0.962	13.387	29.976
0.962	13.398	29.976
0.963	13.411	29.979
0.963	13.417	29.976
0.964	13.431	29.975
0.965	13.440	29.976
0.966	13.454	29.977
0.967	13.464	29.976
0.967	13.474	29.977
0.968	13.486	29.975
0.969	13.494	29.975
0.969	13.500	29.977
0.969	13.501	29.975
0.969	13.508	29.977
0.969	13.516	29.977
0.970	13.525	29.975
0.971	13.538	29.975
0.973	13.564	29.976
0.974	13.586	29.974
0.974	13.578	29.973
0.975	13.594	29.976
0.975	13.600	29.976
0.976	13.608	29.977
0.977	13.612	29.976
0.977	13.619	29.979
0.978	13.635	29.975
0.979	13.648	29.974
0.980	13.667	29.975
0.981	13.673	29.977
0.981	13.675	29.975
0.982	13.690	29.974
0.983	13.698	29.976
0.983	13.712	29.975
0.984	13.728	29.977
0.985	13.744	29.975
0.986	13.750	29.976
0.986	13.757	29.975
0.986	13.764	29.974
0.986	13.766	29.976
0.987	13.768	29.977
0.988	13.784	29.975
0.988	13.790	29.975
0.989	13.801	29.975
0.989	13.814	29.975
0.990	13.831	29.976
0.991	13.845	29.976
0.991	13.850	29.973
0.992	13.850	29.974
0.992	13.851	29.975
0.993	13.865	29.973
0.993	13.868	29.976
0.994	13.880	29.974
0.994	13.893	29.976
0.995	13.900	29.976
0.995	13.905	29.976
0.995	13.910	29.976
0.995	13.913	29.974
0.995	13.908	29.976
0.996	13.918	29.972
0.996	13.927	29.974
0.997	13.940	29.974
0.998	13.948	29.975
0.998	13.955	29.976
0.999	13.973	29.975
1.000	13.976	29.976
1.000	13.981	29.975
1.001	13.993	29.976
1.002	14.008	29.973
1.004	14.043	29.974
1.005	14.050	29.975
1.005	14.060	29.972
1.006	14.061	29.975
1.006	14.066	29.974
1.007	14.079	29.975
1.008	14.087	29.976
1.008	14.095	29.975
1.008	14.095	29.974
1.009	14.109	29.974
1.010	14.132	29.975
1.012	14.155	29.975
1.013	14.178	29.974
1.015	14.189	29.974
1.015	14.196	29.975
1.016	14.212	29.976
1.017	14.233	29.975
1.019	14.260	29.973
1.020	14.281	29.974
1.022	14.305	29.973
1.023	14.326	29.975
1.023	14.339	29.974
1.025	14.354	29.974
1.025	14.357	29.973
1.025	14.359	29.973
1.026	14.369	29.972
1.026	14.385	29.971
1.028	14.400	29.971
1.029	14.426	29.974
1.030	14.443	29.972
1.031	14.457	29.976
1.031	14.471	29.975
1.032	14.478	29.972
1.033	14.486	29.974
1.033	14.498	29.975
1.034	14.503	29.973
1.035	14.507	29.973
1.036	14.524	29.970
1.038	14.554	29.972
1.040	14.581	29.972
1.041	14.597	29.973
1.043	14.617	29.971
1.044	14.640	29.972
1.045	14.660	29.973
1.046	14.680	29.971
1.047	14.685	29.972
1.047	14.683	29.970
1.049	14.710	29.971
1.049	14.733	29.973
1.050	14.742	29.973
1.051	14.751	29.972
1.052	14.766	29.970
1.053	14.781	29.973
1.054	14.800	29.972
1.055	14.816	29.972
1.057	14.845	29.972
1.058	14.849	29.971
1.059	14.872	29.971
1.060	14.891	29.974
1.060	14.902	29.972
1.061	14.922	29.970
1.062	14.935	29.971
1.063	14.954	29.972
1.064	14.966	29.969
1.064	14.978	29.971
1.065	14.983	29.973
1.066	14.991	29.972
1.067	15.001	29.970
1.068	15.013	29.969
1.070	15.030	29.970
1.071	15.044	29.972
1.072	15.061	29.972
1.073	15.075	29.971
1.073	15.081	29.970
1.074	15.092	29.971
1.075	15.094	29.969
1.076	15.113	29.971
1.076	15.122	29.969
1.075	15.122	29.970
1.075	15.122	29.970
1.075	15.120	29.970
1.075	15.120	29.970
1.075	15.121	29.971
1.075	15.121	29.970
1.075	15.112	29.969
1.075	15.111	29.970
1.074	15.120	29.968
1.074	15.120	29.970
1.074	15.120	29.969
1.074	15.121	29.970
1.074	15.121	29.967
1.075	15.121	29.973
1.074	15.121	29.968
1.074	15.117	29.970
1.074	15.107	29.971
1.074	15.122	29.969
1.074	15.122	29.970
1.074	15.122	29.969
1.074	15.122	29.968
1.075	15.120	29.969
1.074	15.120	29.969
1.074	15.121	29.968
1.074	15.121	29.968
1.074	15.110	29.968
1.074	15.115	29.969
1.074	15.121	29.969
1.074	15.122	29.972
1.074	15.121	29.973
1.074	15.121	29.972
1.074	15.121	29.972
1.074	15.121	29.972
1.074	15.123	29.976
1.074	15.119	29.976
1.074	15.119	29.978
1.074	15.117	29.979
1.074	15.118	29.981
1.074	15.118	29.982
1.074	15.120	29.983
1.074	15.119	29.984
1.074	15.119	29.986
1.074	15.118	29.986
1.074	15.120	29.990
1.074	15.108	29.990
1.074	15.117	29.994
1.074	15.122	29.993
1.074	15.121	29.995
1.074	15.123	29.999
1.074	15.121	30.001
1.074	15.121	30.001
1.074	15.122	30.004
1.074	15.121	30.003
1.074	15.115	30.006
1.074	15.108	30.009
1.074	15.120	30.009
1.074	15.119	30.009
1.074	15.119	30.013
1.074	15.119	30.014
1.074	15.118	30.014
1.074	15.119	30.019
1.074	15.119	30.020
1.074	15.120	30.023
1.074	15.105	30.021
1.074	15.115	30.025
1.074	15.120	30.024
1.074	15.119	30.025
1.074	15.121	30.028
1.074	15.119	30.030
1.074	15.118	30.030
1.074	15.118	30.032
1.074	15.118	30.036
1.074	15.118	30.037
1.074	15.104	30.036
1.074	15.118	30.039
1.074	15.119	30.039
1.074	15.119	30.041
1.074	15.120	30.041
1.074	15.120	30.042
1.074	15.119	30.044
1.074	15.119	30.044
1.074	15.123	30.047
1.074	15.121	30.048
1.074	15.122	30.048
1.074	15.121	30.049
1.074	15.122	30.051
1.074	15.119	30.050
1.074	15.119	30.049
1.074	15.118	30.050
1.074	15.118	30.051
1.074	15.119	30.051
1.074	15.117	30.055
1.074	15.104	30.056
1.074	15.119	30.056
1.074	15.120	30.055
1.074	15.120	30.059
1.074	15.121	30.056
1.074	15.121	30.058
1.074	15.121	30.061
1.074	15.122	30.062
1.074	15.122	30.063
1.074	15.110	30.064
1.074	15.113	30.064
1.074	15.123	30.063
1.074	15.121	30.065
1.074	15.121	30.066
1.074	15.121	30.066
1.074	15.121	30.068
1.074	15.122	30.066
1.074	15.122	30.068
1.074	15.119	30.069
1.074	15.108	30.073
1.074	15.122	30.071
1.073	15.123	30.071
1.074	15.123	30.072
1.074	15.123	30.074
1.074	15.121	30.072
1.074	15.121	30.074
1.074	15.122	30.074
1.074	15.123	30.075
1.074	15.114	30.077
1.074	15.110	30.075
1.074	15.123	30.074
1.074	15.123	30.077
1.074	15.123	30.078
1.074	15.121	30.079
1.074	15.122	30.078
1.074	15.122	30.078
1.074	15.122	30.080
1.074	15.122	30.081
1.074	15.112	30.081
1.073	15.111	30.084
1.074	15.123	30.081
1.074	15.122	30.081
1.074	15.124	30.086
1.074	15.122	30.084
1.074	15.122	30.083
1.074	15.122	30.083
1.074	15.121	30.087
1.074	15.116	30.085
1.074	15.109	30.085
1.074	15.123	30.085
1.074	15.123	30.083
1.073	15.123	30.086
1.074	15.123	30.086
1.074	15.122	30.088
1.074	15.122	30.085
1.074	15.122	30.088
1.074	15.122	30.088
1.074	15.109	30.089
1.074	15.116	30.089
1.074	15.124	30.090
1.074	15.123	30.091
1.074	15.123	30.090
1.074	15.122	30.087
1.074	15.122	30.090
1.074	15.122	30.091
1.074	15.121	30.092
1.074	15.118	30.092
1.074	15.108	30.093
1.074	15.122	30.094
1.074	15.123	30.092
1.074	15.123	30.093
1.074	15.122	30.090
1.074	15.122	30.094
1.073	15.121	30.093
1.074	15.121	30.094
1.074	15.122	30.094
1.074	15.112	30.093
1.074	15.112	30.094
1.074	15.123	30.093
1.074	15.122	30.094
1.074	15.123	30.095
1.073	15.122	30.094
1.074	15.122	30.096
1.074	15.122	30.094
1.073	15.123	30.096
1.074	15.122	30.096
1.074	15.122	30.095
1.074	15.122	30.097
1.073	15.122	30.094
1.073	15.121	30.096
1.074	15.121	30.096
1.074	15.122	30.098
1.073	15.122	30.096
1.074	15.122	30.097
1.074	15.121	30.097
1.074	15.112	30.097
1.074	15.111	30.097
1.074	15.123	30.097
1.074	15.122	30.098
1.074	15.124	30.097
1.074	15.123	30.099
1.074	15.121	30.098
1.074	15.122	30.096
1.073	15.121	30.100
1.074	15.122	30.097
1.073	15.109	30.097
1.073	15.119	30.098
1.074	15.124	30.100
1.074	15.122	30.098
1.073	15.122	30.100
1.074	15.122	30.100
1.074	15.121	30.100
1.073	15.121	30.098
1.074	15.122	30.100
1.074	15.112	30.100
1.074	15.112	30.100
1.073	15.122	30.098
1.074	15.123	30.100
1.074	15.124	30.103
1.074	15.122	30.099
1.073	15.122	30.101
1.073	15.122	30.103
1.074	15.122	30.099
1.074	15.123	30.100
1.074	15.108	30.099
1.074	15.117	30.102
1.074	15.123	30.103
1.073	15.123	30.100
1.073	15.122	30.100
1.073	15.122	30.101
1.073	15.122	30.101
1.074	15.122	30.101
1.074	15.121	30.102
1.074	15.114	30.099
1.073	15.110	30.100
1.073	15.122	30.101
1.073	15.123	30.101
1.073	15.123	30.102
1.073	15.123	30.102
1.073	15.121	30.101
1.074	15.122	30.102
1.074	15.122	30.100
1.074	15.121	30.104
1.074	15.109	30.102
1.074	15.114	30.100
1.074	15.122	30.102
1.074	15.123	30.100
1.074	15.123	30.100
1.074	15.122	30.101
1.074	15.122	30.101
1.074	15.121	30.102
1.073	15.122	30.102
1.073	15.123	30.102
1.074	15.110	30.101
1.074	15.115	30.102
1.073	15.123	30.102
1.073	15.123	30.101
1.073	15.122	30.101
1.074	15.121	30.100
1.073	15.121	30.101
1.074	15.122	30.103
1.074	15.121	30.100
1.073	15.109	30.100
1.074	15.113	30.101
1.073	15.122	30.103
1.074	15.123	30.102
1.073	15.123	30.102
1.074	15.122	30.100
1.073	15.121	30.101
1.074	15.121	30.100
1.074	15.121	30.102
1.073	15.123	30.101
1.074	15.121	30.101
1.073	15.122	30.101
1.074	15.121	30.104
1.073	15.122	30.101
1.073	15.123	30.101
1.074	15.121	30.101
1.073	15.121	30.103
1.074	15.121	30.102
1.073	15.122	30.102
1.073	15.122	30.102
1.073	15.121	30.102
1.074	15.123	30.102
1.074	15.122	30.101
1.074	15.122	30.102
1.073	15.123	30.099
1.073	15.122	30.100
1.074	15.122	30.101
1.073	15.121	30.101
1.073	15.124	30.101
1.073	15.108	30.097
1.073	15.119	30.100
1.074	15.123	30.101
1.074	15.123	30.102
1.073	15.124	30.101
1.073	15.123	30.099
1.074	15.123	30.100
1.073	15.123	30.100
1.074	15.122	30.102
1.073	15.124	30.100
1.074	15.108	30.100
1.073	15.117	30.100
1.073	15.124	30.102
1.073	15.122	30.101
1.073	15.122	30.100
1.073	15.122	30.100
1.073	15.122	30.101
1.074	15.122	30.101
1.074	15.122	30.102
1.073	15.108	30.100
1.073	15.118	30.100
1.073	15.124	30.100
1.074	15.123	30.100
1.073	15.124	30.100
1.073	15.122	30.100
1.073	15.122	30.100
1.074	15.122	30.099
1.074	15.122	30.101
1.073	15.124	30.101
1.073	15.121	30.100
1.073	15.123	30.101
1.073	15.122	30.102
1.073	15.122	30.101
1.073	15.123	30.100
1.074	15.121	30.100
1.073	15.122	30.100
1.074	15.122	30.099
1.073	15.123	30.099
1.073	15.122	30.099
1.074	15.123	30.099
1.073	15.121	30.098
1.073	15.122	30.099
1.074	15.118	30.098
1.073	15.122	30.098
1.074	15.122	30.098
1.074	15.123	30.100
1.074	15.122	30.099
1.073	15.122	30.100
1.073	15.108	30.098
1.074	15.118	30.099
1.073	15.123	30.100
1.073	15.123	30.101
1.073	15.124	30.100
1.073	15.123	30.099
1.073	15.123	30.099
1.074	15.123	30.099
1.073	15.123	30.098
1.073	15.123	30.100
1.074	15.108	30.098
1.073	15.118	30.098
1.073	15.123	30.098
1.073	15.123	30.098
1.073	15.122	30.097
1.074	15.123	30.098
1.074	15.122	30.098
1.073	15.122	30.099
1.073	15.123	30.097
1.073	15.108	30.097
1.073	15.120	30.098
1.074	15.124	30.099
1.074	15.123	30.098
1.073	15.124	30.098
1.073	15.122	30.097
1.073	15.122	30.097
1.073	15.122	30.099
1.074	15.122	30.096
1.073	15.116	30.095
1.073	15.108	30.096
1.073	15.123	30.098
1.073	15.123	30.096
1.073	15.123	30.097
1.074	15.121	30.097
1.073	15.122	30.097
1.073	15.122	30.096
1.073	15.123	30.095
1.073	15.120	30.096
1.074	15.108	30.095
1.073	15.121	30.095
1.073	15.123	30.096
1.073	15.124	30.097
1.073	15.123	30.097
1.073	15.122	30.095
1.073	15.122	30.096
1.073	15.123	30.093
1.073	15.123	30.095
1.073	15.115	30.095
1.073	15.110	30.096
1.073	15.124	30.096
1.073	15.124	30.095
1.073	15.123	30.095
1.073	15.124	30.094
1.074	15.124	30.096
1.073	15.122	30.095
1.073	15.124	30.093
1.073	15.123	30.094
1.073	15.116	30.094
1.073	15.110	30.094
1.073	15.124	30.094
1.073	15.125	30.095
1.073	15.123	30.091
1.074	15.122	30.093
1.073	15.123	30.095
1.073	15.122	30.093
1.073	15.123	30.093
1.073	15.117	30.092
1.073	15.109	30.091
1.073	15.124	30.090
1.073	15.124	30.094
1.073	15.124	30.093
1.073	15.124	30.093
1.073	15.123	30.093
1.073	15.122	30.091
1.073	15.123	30.093
1.073	15.123	30.092
1.073	15.112	30.093
1.073	15.115	30.093
1.073	15.125	30.092
1.073	15.124	30.091
1.073	15.124	30.091
1.073	15.121	30.089
1.073	15.123	30.093
1.074	15.123	30.093
1.073	15.123	30.093
1.073	15.124	30.090
1.073	15.123	30.090
1.073	15.122	30.090
1.073	15.123	30.092
1.073	15.123	30.091
1.073	15.120	30.090
1.073	15.123	30.091
1.073	15.122	30.092
1.073	15.122	30.091
1.073	15.122	30.093
1.073	15.117	30.090
1.073	15.109	30.090
1.073	15.124	30.091
1.073	15.124	30.091
1.073	15.122	30.092
1.073	15.126	30.087
1.073	15.123	30.089
1.073	15.123	30.091
1.073	15.123	30.092
1.073	15.123	30.091
1.073	15.114	30.089
1.073	15.111	30.091
1.074	15.124	30.089
1.073	15.123	30.090
1.073	15.124	30.088
1.073	15.122	30.087
1.073	15.123	30.089
1.073	15.122	30.088
1.073	15.122	30.089
1.073	15.117	30.086
1.073	15.109	30.089
1.073	15.124	30.088
1.073	15.124	30.085
1.073	15.123	30.087
1.073	15.124	30.090
1.073	15.122	30.088
1.073	15.122	30.088
1.073	15.122	30.088
1.073	15.122	30.089
1.073	15.113	30.086
1.073	15.113	30.090
1.073	15.124	30.087
1.073	15.123	30.087
1.073	15.123	30.085
1.073	15.122	30.088
1.073	15.123	30.088
1.073	15.121	30.088
1.073	15.122	30.088
1.073	15.117	30.086
1.073	15.109	30.087
1.073	15.123	30.086
1.073	15.124	30.087
1.073	15.124	30.086
1.073	15.125	30.084
1.073	15.123	30.087
1.073	15.123	30.083
1.073	15.123	30.084
1.073	15.122	30.087
1.073	15.114	30.088
1.073	15.112	30.086
1.073	15.124	30.084
1.073	15.124	30.083
1.073	15.125	30.088
1.073	15.124	30.086
1.073	15.124	30.084
1.073	15.123	30.087
1.073	15.124	30.083
1.073	15.123	30.083
1.073	15.115	30.084
1.073	15.111	30.087
1.073	15.125	30.083
1.073	15.123	30.084
1.073	15.124	30.084
1.073	15.124	30.083
1.073	15.124	30.086
1.073	15.123	30.082
1.073	15.123	30.084
1.073	15.114	30.085
1.073	15.112	30.084
1.073	15.124	30.083
1.073	15.124	30.086
1.073	15.125	30.082
1.073	15.122	30.081
1.073	15.123	30.081
1.073	15.122	30.081
1.073	15.123	30.081
1.073	15.122	30.082
1.073	15.108	30.085
1.073	15.121	30.085
1.073	15.124	30.080
1.073	15.124	30.082
1.073	15.124	30.083
1.073	15.123	30.082
1.073	15.122	30.085
1.073	15.122	30.083
1.073	15.124	30.083
1.073	15.123	30.080
1.073	15.125	30.082
1.073	15.123	30.080
1.073	15.122	30.082
1.073	15.124	30.081
1.073	15.122	30.081
1.073	15.123	30.082
1.073	15.122	30.083
1.073	15.122	30.081
1.073	15.122	30.083
1.073	15.108	30.083
1.073	15.119	30.080
1.073	15.124	30.078
1.073	15.123	30.082
1.073	15.125	30.079
1.073	15.123	30.081
1.073	15.123	30.081
1.073	15.123	30.078
1.073	15.123	30.079
1.073	15.122	30.080
1.073	15.108	30.080
1.073	15.120	30.080
1.073	15.124	30.077
1.073	15.124	30.077
1.073	15.124	30.080
1.073	15.123	30.079
1.073	15.122	30.081
1.073	15.123	30.077
1.073	15.123	30.081
1.073	15.110	30.081
1.073	15.117	30.082
1.073	15.123	30.079
1.073	15.123	30.077
1.073	15.124	30.078
1.073	15.122	30.079
1.073	15.122	30.080
1.073	15.122	30.078
1.073	15.123	30.078
1.073	15.116	30.078
1.073	15.111	30.078
1.073	15.124	30.078
1.073	15.125	30.077
1.073	15.124	30.078
1.073	15.122	30.077
1.073	15.122	30.079
1.073	15.122	30.079
1.073	15.123	30.078
1.074	15.120	30.077
1.073	15.108	30.080
1.073	15.123	30.076
1.073	15.124	30.076
1.073	15.124	30.076
1.073	15.124	30.076
1.073	15.124	30.075
1.073	15.124	30.077
1.074	15.123	30.077
1.073	15.122	30.076
1.073	15.118	30.076
1.073	15.109	30.078
1.073	15.125	30.074
1.073	15.124	30.076
1.073	15.124	30.077
1.073	15.125	30.076
1.073	15.123	30.076
1.073	15.124	30.074
1.073	15.124	30.074
1.073	15.124	30.076
1.073	15.117	30.076
1.073	15.109	30.079
1.073	15.124	30.076
1.073	15.125	30.074
1.073	15.125	30.077
1.073	15.123	30.074
1.073	15.124	30.076
1.073	15.124	30.076
1.073	15.123	30.073
1.073	15.124	30.075
1.073	15.109	30.079
1.073	15.119	30.075
1.073	15.125	30.072
1.073	15.125	30.074
1.073	15.125	30.072
1.073	15.123	30.075
1.073	15.123	30.072
1.073	15.123	30.074
1.073	15.123	30.075
1.073	15.115	30.076
1.073	15.112	30.074
1.073	15.125	30.073
1.073	15.123	30.074
1.073	15.125	30.074
1.073	15.123	30.072
1.073	15.123	30.072
1.073	15.122	30.072
1.073	15.122	30.076
1.073	15.122	30.074
1.073	15.121	30.074
1.073	15.120	30.074
1.073	15.121	30.074
1.073	15.120	30.074
1.073	15.122	30.073
1.073	15.120	30.074
1.073	15.121	30.073
1.073	15.122	30.071
1.073	15.121	30.075
1.073	15.110	30.075
1.073	15.114	30.073
1.073	15.123	30.070
1.073	15.124	30.071
1.073	15.125	30.072
1.073	15.125	30.070
1.073	15.124	30.072
1.073	15.124	30.071
1.073	15.124	30.073
1.073	15.124	30.073
1.073	15.112	30.071
1.073	15.116	30.071
1.073	15.124	30.068
1.073	15.124	30.069
1.073	15.127	30.072
1.073	15.124	30.071
1.073	15.124	30.072
1.073	15.123	30.071
1.073	15.124	30.070
1.073	15.122	30.070
1.073	15.109	30.069
1.073	15.122	30.070
1.073	15.125	30.067
1.073	15.124	30.071
1.073	15.124	30.069
1.073	15.124	30.069
1.073	15.124	30.067
1.073	15.123	30.069
1.073	15.123	30.070
1.073	15.110	30.072
1.073	15.117	30.068
1.073	15.124	30.068
1.073	15.124	30.069
1.073	15.124	30.070
1.073	15.123	30.068
1.073	15.124	30.069
1.073	15.124	30.068
1.073	15.124	30.071
1.073	15.123	30.067
1.073	15.123	30.067
1.073	15.123	30.068
1.073	15.123	30.069
1.073	15.120	30.068
1.073	15.124	30.067
1.073	15.123	30.070
1.073	15.123	30.066
1.073	15.124	30.068
1.073	15.123	30.067
1.073	15.111	30.068
1.073	15.116	30.066
1.073	15.125	30.066
1.073	15.125	30.067
1.073	15.125	30.066
1.073	15.124	30.066
1.073	15.122	30.067
1.073	15.122	30.065
1.073	15.122	30.067
1.073	15.122	30.066
1.073	15.109	30.068
1.073	15.115	30.064
1.073	15.123	30.065
1.073	15.123	30.067
1.073	15.122	30.066
1.073	15.123	30.068
1.073	15.122	30.066
1.073	15.121	30.066
1.073	15.122	30.065
1.073	15.121	30.063
1.073	15.109	30.068
1.073	15.115	30.063
1.073	15.122	30.065
1.073	15.123	30.065
1.073	15.122	30.063
1.073	15.121	30.064
1.073	15.122	30.063
1.073	15.121	30.063
1.073	15.120	30.064
1.073	15.108	30.063
1.073	15.119	30.064
1.073	15.122	30.065
1.073	15.122	30.062
1.073	15.123	30.063
1.073	15.122	30.061
1.073	15.123	30.064
1.073	15.124	30.063
1.073	15.124	30.064
1.073	15.121	30.062
1.073	15.121	30.062
1.073	15.121	30.061
1.073	15.122	30.061
1.073	15.120	30.063
1.073	15.121	30.060
1.073	15.122	30.061
1.073	15.121	30.060
1.073	15.121	30.060
1.073	15.120	30.060
1.073	15.107	30.062
1.073	15.121	30.058
1.073	15.123	30.062
1.073	15.125	30.062
1.073	15.125	30.061
1.073	15.124	30.064
1.073	15.123	30.062
1.073	15.125	30.062
1.073	15.124	30.062
1.073	15.120	30.060
1.073	15.109	30.061
1.073	15.124	30.063
1.073	15.125	30.064
1.073	15.125	30.061
1.073	15.123	30.059
1.073	15.125	30.063
1.073	15.123	30.061
1.073	15.124	30.061
1.073	15.124	30.059
1.073	15.124	30.060
1.073	15.118	30.060
1.073	15.110	30.061
1.073	15.124	30.059
1.073	15.124	30.059
1.073	15.123	30.060
1.073	15.124	30.059
1.073	15.123	30.060
1.073	15.124	30.059
1.073	15.112	30.059
1.073	15.116	30.058
1.073	15.124	30.060
1.073	15.125	30.060
1.073	15.124	30.061
1.073	15.124	30.059
1.073	15.124	30.058
1.073	15.123	30.058
1.073	15.125	30.057
1.073	15.125	30.058
1.073	15.125	30.059
1.073	15.124	30.057
1.073	15.124	30.058
1.073	15.122	30.058
1.073	15.123	30.057
1.073	15.124	30.058
1.073	15.124	30.057
1.073	15.123	30.056
1.073	15.123	30.059
1.073	15.116	30.057
1.073	15.113	30.058
1.073	15.126	30.058
1.073	15.137	30.059
1.074	15.145	30.057
1.074	15.152	30.058
1.075	15.160	30.057
1.076	15.167	30.059
1.076	15.177	30.058
1.077	15.185	30.058
1.077	15.179	30.055
1.077	15.198	30.056
1.078	15.205	30.058
1.078	15.207	30.058
1.078	15.208	30.056
1.078	15.210	30.055
1.078	15.213	30.058
1.078	15.213	30.057
1.079	15.217	30.055
1.079	15.222	30.055
1.079	15.229	30.056
1.080	15.234	30.056
1.081	15.228	30.057
1.081	15.247	30.059
1.081	15.252	30.058
1.082	15.260	30.057
1.082	15.274	30.055
1.083	15.288	30.055
1.084	15.296	30.055
1.084	15.286	30.057
1.084	15.306	30.056
1.084	15.308	30.058
1.085	15.310	30.057
1.084	15.313	30.058
1.085	15.313	30.057
1.085	15.320	30.054
1.085	15.324	30.055
1.085	15.328	30.055
1.085	15.320	30.055
1.086	15.330	30.056
1.086	15.339	30.056
1.086	15.340	30.057
1.086	15.340	30.055
1.086	15.339	30.054
1.086	15.340	30.058
1.086	15.345	30.055
1.087	15.355	30.054
1.087	15.351	30.056
1.087	15.352	30.055
1.088	15.369	30.053
1.088	15.374	30.056
1.089	15.380	30.055
1.089	15.383	30.053
1.090	15.386	30.053
1.090	15.389	30.054
1.090	15.393	30.055
1.090	15.397	30.052
1.091	15.404	30.055
1.091	15.420	30.054
1.091	15.431	30.053
1.092	15.439	30.055
1.094	15.451	30.053
1.094	15.461	30.054
1.094	15.464	30.054
1.096	15.475	30.052
1.096	15.479	30.052
1.096	15.479	30.052
1.096	15.484	30.052
1.097	15.488	30.054
1.097	15.487	30.051
1.097	15.484	30.051
1.098	15.504	30.052
1.099	15.510	30.052
1.098	15.515	30.052
1.099	15.518	30.051
1.099	15.525	30.052
1.099	15.519	30.052
1.100	15.528	30.052
1.100	15.529	30.051
1.100	15.531	30.050
1.099	15.532	30.053
1.099	15.531	30.050
1.099	15.531	30.051
1.100	15.530	30.049
1.099	15.534	30.051
1.099	15.531	30.050
1.100	15.535	30.051
1.100	15.539	30.051
1.100	15.545	30.048
1.101	15.551	30.049
1.101	15.560	30.049
1.102	15.569	30.049
1.102	15.576	30.049
1.103	15.583	30.049
1.103	15.587	30.049
1.103	15.581	30.048
1.103	15.580	30.048
1.104	15.601	30.047
1.104	15.609	30.049
1.105	15.615	30.050
1.105	15.619	30.049
1.105	15.625	30.050
1.106	15.633	30.050
1.106	15.638	30.050
1.106	15.644	30.048
1.107	15.632	30.047
1.107	15.647	30.048
1.108	15.655	30.048
1.108	15.661	30.048
1.108	15.663	30.048
1.108	15.668	30.044
1.109	15.674	30.048
1.109	15.684	30.046
1.110	15.691	30.048
1.110	15.693	30.045
1.111	15.698	30.043
1.111	15.702	30.044
1.111	15.707	30.049
1.112	15.703	30.045
1.112	15.721	30.046
1.113	15.729	30.045
1.113	15.735	30.046
1.114	15.738	30.044
1.114	15.741	30.043
1.114	15.736	30.042
1.114	15.750	30.042
1.115	15.756	30.043
1.115	15.759	30.042
1.115	15.762	30.043
1.115	15.761	30.040
1.115	15.761	30.042
1.115	15.762	30.041
1.115	15.765	30.040
1.115	15.759	30.040
1.115	15.760	30.042
1.115	15.771	30.043
1.115	15.771	30.040
1.115	15.774	30.040
1.116	15.776	30.039
1.116	15.782	30.037
1.117	15.784	30.036
1.117	15.792	30.039
1.117	15.797	30.038
1.117	15.786	30.038
1.118	15.808	30.037
1.118	15.818	30.037
1.118	15.823	30.037
1.119	15.828	30.036
1.119	15.831	30.035
1.119	15.833	30.035
1.119	15.841	30.035
1.120	15.846	30.035
1.120	15.842	30.035
1.121	15.856	30.033
1.122	15.871	30.034
1.123	15.881	30.033
1.123	15.888	30.033
1.123	15.894	30.032
1.124	15.900	30.032
1.124	15.906	30.031
1.125	15.909	30.034
1.126	15.912	30.033
1.126	15.918	30.029
1.127	15.923	30.031
1.128	15.930	30.031
1.128	15.932	30.031
1.128	15.942	30.031
1.129	15.954	30.031
1.129	15.963	30.028
1.130	15.967	30.029
1.130	15.970	30.030
1.130	15.964	30.026
1.130	15.961	30.028
1.130	15.976	30.026
1.130	15.977	30.030
1.130	15.979	30.028
1.130	15.985	30.027
1.131	15.991	30.026
1.130	15.991	30.028
1.131	15.999	30.028
1.132	16.018	30.026
1.133	16.031	30.027
1.133	16.038	30.023
1.134	16.044	30.027
1.134	16.048	30.025
1.134	16.049	30.025
1.134	16.048	30.025
1.134	16.050	30.023
1.134	16.050	30.024
1.134	16.052	30.024
1.135	16.046	30.023
1.136	16.051	30.024
1.138	16.078	30.024
1.139	16.087	30.021
1.139	16.102	30.024
1.140	16.118	30.023
1.141	16.127	30.022
1.141	16.136	30.021
1.142	16.141	30.020
1.143	16.151	30.019
1.143	16.150	30.015
1.143	16.167	30.020
1.145	16.182	30.019
1.145	16.188	30.020
1.145	16.189	30.018
1.145	16.193	30.019
1.145	16.198	30.018
1.145	16.202	30.017
1.146	16.212	30.017
1.146	16.222	30.015
1.146	16.231	30.014
1.146	16.237	30.016
1.147	16.242	30.016
1.147	16.247	30.015
1.147	16.251	30.016
1.148	16.255	30.015
1.148	16.260	30.014
1.149	16.265	30.014
1.149	16.272	30.014
1.150	16.265	30.012
1.151	16.285	30.015
1.153	16.310	30.013
1.153	16.331	30.011
1.154	16.341	30.010
1.155	16.343	30.013
1.155	16.345	30.012
1.154	16.347	30.010
1.154	16.348	30.010
1.155	16.352	30.010
1.155	16.357	30.009
1.156	16.358	30.008
1.156	16.360	30.010
1.157	16.364	30.010
1.157	16.371	30.009
1.157	16.370	30.010
1.158	16.370	30.010
1.158	16.374	30.008
1.158	16.379	30.007
1.159	16.367	30.008
1.160	16.386	30.006
1.161	16.396	30.008
1.161	16.411	30.009
1.162	16.423	30.007
1.163	16.425	30.008
1.163	16.432	30.007
1.163	16.439	30.007
1.164	16.443	30.007
1.164	16.442	30.006
1.164	16.440	30.006
1.165	16.458	30.008
1.165	16.460	30.006
1.164	16.465	30.006
1.165	16.468	30.004
1.166	16.473	30.004
1.166	16.479	30.005
1.166	16.480	30.003
1.167	16.487	30.005
1.167	16.487	30.002
1.167	16.490	30.004
1.167	16.492	30.004
1.167	16.497	30.004
1.167	16.503	30.004
1.167	16.505	30.002
1.168	16.510	30.003
1.168	16.516	30.003
1.168	16.519	30.002
1.168	16.518	29.999
1.168	16.514	30.001
1.169	16.533	30.000
1.169	16.536	30.001
1.169	16.539	30.001
1.169	16.541	30.000
1.170	16.544	30.000
1.171	16.551	29.999
1.171	16.556	30.001
1.171	16.563	29.998
1.171	16.553	30.000
1.172	16.569	29.999
1.172	16.577	29.997
1.172	16.579	29.998
1.172	16.583	29.999
1.173	16.587	29.997
1.172	16.589	29.997
1.171	16.589	29.997
1.171	16.589	29.996
1.171	16.580	29.996
1.171	16.582	29.997
1.172	16.594	29.994
1.172	16.596	29.994
1.172	16.600	29.993
1.172	16.605	29.991
1.172	16.609	29.994
1.172	16.614	29.992
1.172	16.623	29.993
1.173	16.629	29.991
1.173	16.617	29.993
1.173	16.635	29.993
1.174	16.643	29.992
1.174	16.648	29.992
1.175	16.650	29.991
1.175	16.650	29.990
1.175	16.653	29.991
1.175	16.658	29.992
1.176	16.663	29.991
1.176	16.672	29.990
1.176	16.675	29.989
1.177	16.678	29.986
1.177	16.686	29.987
1.178	16.696	29.988
1.178	16.706	29.988
1.179	16.711	29.992
1.179	16.717	29.986
1.179	16.723	29.985
1.179	16.728	29.985
1.180	16.718	29.988
1.181	16.729	29.988
1.180	16.738	29.985
1.181	16.743	29.986
1.181	16.751	29.986
1.181	16.760	29.986
1.182	16.770	29.984
1.182	16.778	29.985
1.183	16.787	29.985
1.183	16.793	29.985
1.184	16.797	29.985
1.184	16.800	29.982
1.184	16.805	29.982
1.185	16.810	29.984
1.186	16.813	29.985
1.186	16.815	29.982
1.186	16.816	29.984
1.186	16.818	29.979
1.186	16.821	29.984
1.186	16.814	29.980
1.186	16.813	29.984
1.187	16.830	29.981
1.187	16.833	29.981
1.188	16.838	29.981
1.188	16.840	29.980
1.189	16.844	29.980
1.189	16.846	29.979
1.189	16.847	29.978
1.189	16.851	29.980
1.189	16.838	29.982
1.190	16.850	29.978
1.190	16.859	29.977
1.190	16.862	29.976
1.190	16.866	29.977
1.190	16.866	29.978
1.190	16.870	29.978
1.191	16.870	29.975
1.191	16.872	29.976
1.191	16.868	29.976
1.191	16.883	29.976
1.191	16.882	29.976
1.191	16.886	29.973
1.192	16.891	29.973
1.192	16.895	29.976
1.192	16.898	29.975
1.193	16.907	29.974
1.195	16.919	29.974
1.195	16.938	29.976
1.196	16.930	29.974
1.196	16.942	29.974
1.198	16.956	29.972
1.198	16.964	29.972
1.198	16.973	29.972
1.199	16.982	29.971
1.199	16.991	29.970
1.200	17.001	29.971
1.200	17.012	29.971
1.200	17.022	29.972
1.201	17.035	29.970
1.202	17.044	29.970
1.203	17.055	29.970
1.202	17.064	29.968
1.203	17.073	29.969
1.203	17.078	29.969
1.204	17.078	29.967
1.204	17.082	29.968
1.204	17.085	29.968
1.204	17.082	29.968
1.204	17.069	29.968
1.204	17.087	29.968
1.204	17.087	29.968
1.204	17.089	29.966
1.204	17.092	29.964
1.204	17.102	29.966
1.204	17.104	29.967
1.205	17.111	29.966
1.205	17.112	29.965
1.206	17.105	29.966
1.206	17.126	29.965
1.206	17.129	29.964
1.207	17.135	29.964
1.207	17.139	29.964
1.207	17.143	29.963
1.208	17.151	29.961
1.209	17.165	29.964
1.210	17.179	29.963
1.211	17.192	29.966
1.211	17.218	29.964
1.212	17.233	29.962
1.212	17.240	29.964
1.213	17.251	29.963
1.214	17.265	29.963
1.215	17.273	29.963
1.216	17.275	29.963
1.216	17.279	29.963
1.217	17.279	29.961
1.217	17.273	29.960
1.217	17.302	29.962
1.218	17.311	29.963
1.220	17.320	29.961
1.219	17.327	29.962
1.220	17.334	29.959
1.220	17.341	29.959
1.221	17.343	29.961
1.221	17.348	29.958
1.221	17.347	29.960
1.222	17.352	29.959
1.222	17.358	29.958
1.222	17.364	29.958
1.223	17.371	29.960
1.223	17.381	29.959
1.224	17.385	29.955
1.224	17.388	29.958
1.225	17.395	29.957
1.225	17.403	29.955
1.227	17.398	29.954
1.227	17.420	29.956
1.228	17.433	29.955
1.228	17.444	29.958
1.228	17.455	29.955
1.229	17.460	29.955
1.229	17.466	29.953
1.229	17.468	29.954
1.228	17.468	29.953
1.229	17.474	29.952
1.229	17.465	29.950
1.230	17.477	29.951
1.231	17.493	29.953
1.231	17.499	29.952
1.231	17.507	29.952
1.232	17.513	29.951
1.232	17.517	29.951
1.232	17.521	29.950
1.232	17.525	29.948
1.232	17.514	29.947
1.232	17.531	29.948
1.233	17.533	29.948
1.233	17.534	29.949
1.232	17.537	29.949
1.233	17.537	29.948
1.233	17.539	29.949
1.233	17.541	29.946
1.233	17.542	29.946
1.233	17.536	29.946
1.233	17.530	29.947
1.233	17.549	29.945
1.233	17.550	29.946
1.234	17.552	29.943
1.234	17.555	29.945
1.234	17.557	29.944
1.235	17.566	29.943
1.235	17.574	29.946
1.235	17.581	29.944
1.236	17.586	29.943
1.236	17.592	29.945
1.237	17.598	29.944
1.237	17.603	29.943
1.237	17.605	29.943
1.238	17.616	29.941
1.239	17.627	29.943
1.239	17.644	29.939
1.240	17.659	29.941
1.240	17.662	29.943
1.240	17.648	29.940
1.240	17.666	29.940
1.241	17.668	29.941
1.241	17.672	29.939
1.241	17.682	29.940
1.241	17.690	29.940
1.243	17.704	29.939
1.244	17.719	29.938
1.246	17.730	29.937
1.246	17.728	29.937
1.247	17.739	29.936
1.248	17.761	29.936
1.250	17.769	29.934
1.250	17.777	29.938
1.251	17.783	29.936
1.252	17.793	29.937
1.253	17.800	29.934
1.253	17.806	29.934
1.253	17.812	29.933
1.254	17.813	29.935
1.254	17.827	29.934
1.254	17.834	29.934
1.255	17.844	29.932
1.255	17.856	29.931
1.255	17.860	29.934
1.256	17.868	29.931
1.257	17.881	29.932
1.258	17.899	29.928
1.258	17.898	29.930
1.259	17.903	29.929
1.259	17.929	29.930
1.260	17.936	29.930
1.260	17.942	29.931
1.260	17.948	29.929
1.260	17.952	29.930
1.261	17.958	29.929
1.262	17.966	29.928
1.262	17.977	29.928
1.262	17.981	29.927
1.263	17.991	29.929
1.263	17.999	29.927
1.263	18.005	29.928
1.264	18.017	29.926
1.264	18.025	29.928
1.265	18.031	29.927
1.265	18.038	29.925
1.266	18.042	29.926
1.266	18.046	29.925
1.267	18.041	29.925
1.267	18.069	29.925
1.267	18.080	29.925
1.268	18.094	29.923
1.270	18.118	29.923
1.270	18.129	29.922
1.271	18.140	29.922
1.271	18.150	29.923
1.272	18.156	29.923
1.272	18.147	29.921
1.273	18.155	29.920
1.273	18.168	29.921
1.273	18.171	29.923
1.274	18.173	29.920
1.274	18.176	29.919
1.274	18.180	29.921
1.275	18.186	29.920
1.277	18.195	29.919
1.278	18.209	29.919
1.279	18.212	29.918
1.280	18.227	29.918
1.280	18.236	29.918
1.281	18.243	29.917
1.281	18.251	29.917
1.282	18.263	29.917
1.283	18.274	29.918
1.284	18.280	29.917
1.285	18.293	29.917
1.285	18.282	29.915
1.285	18.295	29.916
1.285	18.312	29.918
1.286	18.327	29.914
1.287	18.340	29.916
1.289	18.366	29.916
1.290	18.388	29.915
1.292	18.413	29.914
1.293	18.424	29.916
1.293	18.434	29.916
1.294	18.440	29.912
1.294	18.447	29.914
1.294	18.457	29.914
1.294	18.464	29.912
1.295	18.473	29.911
1.296	18.485	29.912
1.297	18.497	29.911
1.298	18.502	29.912
1.297	18.508	29.912
1.297	18.501	29.910
1.298	18.512	29.910
1.299	18.549	29.910
1.300	18.566	29.911
1.301	18.575	29.911
1.301	18.582	29.910
1.301	18.589	29.910
1.302	18.596	29.908
1.303	18.608	29.907
1.303	18.614	29.908
1.303	18.604	29.908
1.303	18.630	29.907
1.303	18.637	29.905
1.304	18.640	29.906
1.304	18.640	29.905
1.305	18.647	29.907
1.306	18.659	29.904
1.306	18.665	29.904
1.306	18.666	29.902
1.306	18.655	29.906
1.307	18.668	29.902
1.308	18.679	29.905
1.308	18.686	29.903
1.309	18.690	29.903
1.310	18.695	29.902
1.310	18.699	29.901
1.310	18.700	29.900
1.310	18.701	29.902
1.311	18.704	29.901
1.311	18.693	29.901
1.311	18.718	29.900
1.312	18.725	29.900
1.312	18.726	29.899
1.312	18.731	29.900
1.312	18.735	29.899
1.312	18.738	29.898
1.312	18.741	29.900
1.312	18.745	29.898
1.312	18.751	29.901
1.313	18.738	29.898
1.314	18.757	29.896
1.314	18.766	29.898
1.314	18.767	29.901
1.315	18.772	29.898
1.315	18.778	29.899
1.318	18.796	29.896
1.319	18.820	29.897
1.320	18.834	29.898
1.320	18.835	29.899
1.321	18.862	29.895
1.322	18.875	29.896
1.322	18.881	29.897
1.322	18.887	29.895
1.323	18.896	29.894
1.325	18.909	29.895
1.326	18.920	29.895
1.326	18.925	29.893
1.326	18.928	29.892
1.327	18.925	29.895
1.327	18.947	29.894
1.327	18.956	29.892
1.327	18.968	29.893
1.328	18.970	29.892
1.328	18.982	29.894
1.328	18.989	29.892
1.329	19.000	29.891
1.330	19.010	29.891
1.331	19.006	29.893
1.331	19.038	29.891
1.332	19.054	29.888
1.333	19.067	29.888
1.334	19.079	29.890
1.334	19.086	29.889
1.335	19.098	29.890
1.336	19.110	29.888
1.336	19.123	29.886
1.337	19.121	29.890
1.337	19.141	29.890
1.338	19.153	29.890
1.340	19.164	29.887
1.341	19.171	29.886
1.342	19.181	29.887
1.343	19.193	29.885
1.344	19.201	29.887
1.344	19.209	29.888
1.345	19.221	29.887
1.345	19.224	29.885
1.346	19.229	29.887
1.346	19.235	29.883
1.346	19.240	29.886
1.347	19.248	29.887
1.347	19.251	29.886
1.348	19.259	29.883
1.348	19.269	29.884
1.349	19.286	29.884
1.349	19.294	29.884
1.351	19.297	29.881
1.352	19.331	29.881
1.353	19.343	29.883
1.353	19.348	29.885
1.354	19.357	29.881
1.354	19.360	29.883
1.354	19.366	29.881
1.354	19.374	29.880
1.354	19.388	29.881
1.355	19.382	29.880
1.355	19.395	29.880
1.357	19.421	29.881
1.357	19.429	29.881
1.357	19.437	29.879
1.358	19.450	29.879
1.359	19.464	29.881
1.359	19.470	29.880
1.360	19.478	29.879
1.361	19.485	29.877
1.362	19.487	29.877
1.362	19.524	29.878
1.362	19.538	29.878
1.363	19.548	29.879
1.364	19.558	29.878
1.364	19.570	29.877
1.366	19.588	29.879
1.367	19.604	29.879
1.367	19.613	29.878
1.369	19.601	29.875
1.371	19.631	29.878
1.372	19.648	29.877
1.373	19.664	29.875
1.374	19.677	29.875
1.376	19.691	29.877
1.376	19.703	29.877
1.377	19.714	29.876
1.379	19.724	29.876
1.380	19.746	29.875
1.381	19.752	29.874
1.382	19.793	29.875
1.384	19.814	29.875
1.384	19.829	29.873
1.385	19.840	29.875
1.385	19.849	29.874
1.386	19.870	29.873
1.386	19.882	29.871
1.387	19.885	29.875
1.387	19.880	29.873
1.387	19.879	29.873
1.388	19.907	29.873
1.388	19.913	29.875
1.388	19.922	29.872
1.389	19.929	29.873
1.390	19.937	29.872
1.390	19.950	29.873
1.391	19.960	29.873
1.391	19.972	29.874
1.391	19.967	29.872
1.392	19.968	29.873
1.392	20.001	29.872
1.393	20.015	29.872
1.394	20.030	29.873
1.395	20.041	29.873
1.395	20.049	29.870
1.396	20.062	29.870
1.397	20.071	29.873
1.398	20.065	29.869
1.398	20.067	29.872
1.399	20.092	29.871
1.399	20.093	29.869
1.400	20.101	29.871
1.401	20.109	29.870
1.401	20.117	29.869
1.402	20.123	29.872
1.403	20.135	29.871
1.404	20.147	29.869
1.405	20.136	29.868
1.405	20.162	29.868
1.406	20.170	29.870
1.406	20.180	29.870
1.407	20.192	29.869
1.408	20.202	29.870
1.409	20.214	29.869
1.409	20.224	29.869
1.410	20.233	29.868
1.411	20.244	29.868
1.411	20.256	29.869
1.412	20.269	29.868
1.413	20.287	29.867
1.414	20.290	29.868
1.414	20.303	29.867
1.414	20.313	29.869
1.415	20.324	29.868
1.415	20.326	29.869
1.416	20.329	29.868
1.416	20.312	29.866
1.416	20.337	29.870
1.417	20.354	29.868
1.418	20.378	29.870
1.419	20.398	29.868
1.420	20.408	29.867
1.420	20.422	29.866
1.421	20.437	29.867
1.424	20.462	29.867
1.424	20.480	29.868
1.424	20.470	29.864
1.426	20.488	29.869
1.426	20.509	29.869
1.427	20.520	29.867
1.427	20.542	29.865
1.429	20.554	29.866
1.429	20.558	29.865
1.430	20.563	29.864
1.431	20.570	29.867
1.433	20.563	29.863
1.433	20.577	29.865
1.434	20.599	29.865
1.434	20.608	29.866
1.435	20.615	29.864
1.435	20.618	29.865
1.435	20.623	29.866
1.435	20.629	29.865
1.435	20.636	29.864
1.436	20.637	29.863
1.435	20.625	29.861
1.435	20.654	29.862
1.436	20.663	29.865
1.437	20.677	29.865
1.438	20.693	29.865
1.438	20.694	29.864
1.438	20.697	29.862
1.438	20.700	29.865
1.439	20.703	29.864
1.439	20.697	29.861
1.441	20.721	29.864
1.441	20.745	29.865
1.443	20.756	29.864
1.442	20.761	29.862
1.443	20.771	29.864
1.444	20.779	29.862
1.444	20.785	29.864
1.445	20.791	29.863
1.446	20.798	29.864
1.446	20.814	29.862
1.446	20.838	29.863
1.447	20.848	29.864
1.449	20.870	29.863
1.450	20.887	29.861
1.450	20.894	29.863
1.452	20.909	29.860
1.452	20.928	29.861
1.452	20.942	29.863
1.453	20.936	29.863
1.453	20.928	29.860
1.454	20.963	29.860
1.454	20.972	29.862
1.455	20.987	29.861
1.456	20.996	29.864
1.457	21.005	29.862
1.458	21.014	29.859
1.460	21.021	29.861
1.461	21.012	29.859
1.461	21.006	29.860
1.461	21.028	29.861
1.461	21.030	29.861
1.462	21.029	29.861
1.462	21.032	29.859
1.462	21.033	29.858
1.462	21.035	29.859
1.464	21.041	29.859
1.466	21.053	29.859
1.466	21.033	29.859
1.466	21.057	29.859
1.466	21.059	29.858
1.466	21.064	29.859
1.468	21.070	29.859
1.469	21.074	29.861
1.471	21.083	29.857
1.472	21.086	29.861
1.473	21.092	29.862
1.473	21.094	29.857
1.474	21.097	29.863
1.476	21.103	29.861
1.476	21.106	29.862
1.476	21.108	29.862
1.477	21.111	29.858
1.478	21.116	29.859
1.479	21.118	29.859
1.479	21.120	29.861
1.480	21.121	29.862
1.481	21.100	29.859
1.481	21.123	29.859
1.481	21.128	29.858
1.481	21.130	29.860
1.482	21.135	29.859
1.484	21.142	29.856
1.483	21.143	29.859
1.485	21.143	29.860
1.484	21.144	29.857
1.485	21.146	29.857
1.486	21.125	29.859
1.486	21.142	29.859
1.487	21.152	29.855
1.488	21.154	29.856
1.488	21.154	29.857
1.489	21.155	29.858
1.491	21.157	29.856
1.491	21.157	29.858
1.492	21.159	29.855
1.493	21.139	29.856
1.493	21.157	29.857
1.493	21.167	29.858
1.494	21.169	29.856
1.494	21.167	29.858
1.495	21.168	29.858
1.496	21.170	29.858
1.497	21.173	29.859
1.497	21.176	29.855
1.498	21.165	29.857
1.498	21.158	29.857
1.499	21.180	29.857
1.500	21.184	29.855
1.500	21.187	29.859
1.502	21.188	29.857
1.502	21.189	29.856
1.503	21.190	29.856
1.503	21.191	29.855
1.503	21.192	29.856
1.503	21.194	29.857
1.503	21.197	29.856
1.504	21.198	29.856
1.505	21.199	29.855
1.506	21.203	29.858
1.507	21.203	29.855
1.506	21.204	29.855
1.507	21.205	29.856
1.508	21.205	29.859
1.508	21.195	29.856
1.509	21.191	29.857
1.509	21.213	29.855
1.509	21.214	29.854
1.510	21.216	29.856
1.511	21.218	29.855
1.512	21.220	29.852
1.512	21.222	29.854
1.512	21.223	29.855
1.513	21.225	29.855
1.513	21.204	29.856
1.513	21.221	29.855
1.514	21.228	29.856
1.514	21.230	29.855
1.514	21.231	29.855
1.515	21.234	29.855
1.516	21.236	29.855
1.516	21.240	29.852
1.517	21.240	29.854
1.517	21.240	29.854
1.517	21.221	29.854
1.519	21.232	29.857
1.520	21.244	29.855
1.520	21.248	29.856
1.521	21.246	29.854
1.522	21.248	29.856
1.523	21.250	29.855
1.523	21.252	29.854
1.524	21.256	29.855
1.525	21.235	29.854
1.526	21.256	29.854
1.526	21.261	29.854
1.527	21.263	29.853
1.527	21.267	29.853
1.529	21.265	29.853
1.530	21.268	29.854
1.530	21.273	29.854
1.531	21.274	29.854
1.531	21.273	29.852
1.532	21.273	29.851
1.533	21.273	29.856
1.533	21.273	29.854
1.534	21.272	29.856
1.535	21.274	29.857
1.535	21.273	29.854
1.535	21.273	29.854
1.536	21.273	29.855
1.536	21.273	29.855
1.537	21.254	29.852
1.537	21.263	29.855
1.537	21.276	29.853
1.538	21.276	29.855
1.538	21.277	29.853
1.539	21.276	29.853
1.540	21.274	29.852
1.540	21.273	29.854
1.542	21.273	29.852
1.542	21.269	29.853
1.543	21.251	29.853
1.543	21.276	29.852
1.543	21.276	29.853
1.543	21.276	29.853
1.545	21.274	29.854
1.545	21.275	29.853
1.546	21.275	29.855
1.547	21.276	29.854
1.548	21.276	29.852
1.549	21.273	29.851
1.549	21.251	29.855
1.550	21.276	29.853
1.550	21.276	29.853
1.550	21.279	29.852
1.552	21.275	29.854
1.553	21.274	29.853
1.553	21.275	29.854
1.553	21.274	29.853
1.554	21.273	29.853
1.554	21.251	29.852
1.554	21.274	29.850
1.555	21.275	29.854
1.556	21.276	29.854
1.556	21.275	29.854
1.556	21.274	29.853
1.556	21.274	29.852
1.557	21.273	29.854
1.558	21.283	29.853
1.559	21.275	29.853
1.559	21.274	29.855
1.560	21.275	29.853
1.560	21.274	29.854
1.560	21.274	29.853
1.560	21.273	29.852
1.560	21.274	29.853
1.560	21.273	29.851
1.560	21.273	29.851
1.560	21.267	29.851
1.560	21.250	29.852
1.560	21.275	29.852
1.560	21.275	29.855
1.560	21.276	29.851
1.560	21.275	29.850
1.560	21.273	29.852
1.560	21.273	29.853
1.560	21.274	29.850
1.560	21.275	29.851
1.560	21.252	29.853
1.560	21.265	29.850
1.560	21.275	29.851
1.560	21.275	29.852
1.560	21.274	29.852
1.560	21.274	29.850
1.560	21.275	29.853
1.560	21.273	29.853
1.559	21.276	29.852
1.560	21.274	29.853
1.560	21.254	29.853
1.560	21.259	29.852
1.560	21.272	29.849
1.560	21.272	29.852
1.560	21.276	29.854
1.560	21.271	29.853
1.560	21.270	29.853
1.559	21.270	29.852
1.560	21.271	29.851
1.560	21.265	29.853
1.560	21.249	29.852
1.560	21.272	29.852
