0.348	5.682	35.038
0.348	5.682	35.035
0.348	5.682	35.037
0.348	5.682	35.035
0.348	5.683	35.035
0.348	5.683	35.035
0.348	5.682	35.033
0.348	5.682	35.036
0.348	5.682	35.036
0.348	5.681	35.035
0.348	5.682	35.037
0.348	5.682	35.035
0.348	5.681	35.037
0.348	5.682	35.034
0.348	5.681	35.038
0.348	5.681	35.035
0.348	5.681	35.035
0.348	5.682	35.033
0.348	5.682	35.034
0.348	5.681	35.035
0.348	5.682	35.034
0.348	5.682	35.033
0.348	5.682	35.033
0.348	5.681	35.033
0.348	5.681	35.030
0.348	5.681	35.034
0.348	5.681	35.035
0.348	5.682	35.031
0.348	5.682	35.032
0.348	5.681	35.034
0.348	5.681	35.034
0.348	5.682	35.032
0.348	5.681	35.032
0.348	5.682	35.031
0.348	5.681	35.034
0.348	5.682	35.031
0.348	5.682	35.033
0.348	5.682	35.032
0.348	5.681	35.033
0.348	5.682	35.032
0.348	5.681	35.031
0.348	5.681	35.032
0.348	5.681	35.033
0.348	5.682	35.029
0.348	5.682	35.030
0.348	5.682	35.032
0.348	5.682	35.028
0.348	5.682	35.029
0.348	5.681	35.032
0.348	5.681	35.030
0.348	5.682	35.028
0.348	5.681	35.028
0.348	5.682	35.027
0.348	5.682	35.028
0.348	5.681	35.030
0.347	5.681	35.031
0.347	5.682	35.030
0.347	5.682	35.027
0.347	5.681	35.031
0.347	5.681	35.027
0.347	5.681	35.030
0.347	5.680	35.028
0.347	5.681	35.026
0.347	5.681	35.035
0.347	5.682	35.033
0.347	5.681	35.034
0.347	5.682	35.030
0.348	5.681	35.032
0.348	5.681	35.031
0.348	5.681	35.032
0.348	5.681	35.031
0.348	5.683	35.029
0.349	5.682	35.031
0.349	5.681	35.032
0.349	5.682	35.028
0.349	5.682	35.029
0.349	5.683	35.028
0.349	5.683	35.030
0.350	5.682	35.029
0.350	5.683	35.029
0.350	5.682	35.029
0.351	5.681	35.028
0.351	5.683	35.027
0.351	5.682	35.028
0.351	5.682	35.029
0.351	5.682	35.028
0.352	5.682	35.027
0.354	5.682	35.028
0.354	5.682	35.028
0.354	5.683	35.024
0.354	5.682	35.027
0.354	5.683	35.028
0.355	5.683	35.028
0.355	5.682	35.029
0.355	5.683	35.027
0.355	5.682	35.026
0.355	5.683	35.024
0.355	5.683	35.028
0.355	5.683	35.025
0.355	5.683	35.024
0.355	5.682	35.025
0.355	5.683	35.026
0.355	5.683	35.022
0.355	5.682	35.024
0.355	5.682	35.028
0.355	5.683	35.024
0.355	5.683	35.024
0.355	5.683	35.027
0.355	5.683	35.027
0.356	5.682	35.023
0.356	5.682	35.027
0.356	5.682	35.023
0.357	5.682	35.025
0.357	5.682	35.025
0.358	5.683	35.024
0.358	5.682	35.025
0.359	5.682	35.024
0.360	5.681	35.024
0.360	5.682	35.022
0.360	5.683	35.024
0.360	5.681	35.024
0.360	5.683	35.026
0.360	5.682	35.024
0.360	5.682	35.025
0.360	5.682	35.025
0.360	5.683	35.023
0.361	5.682	35.024
0.361	5.682	35.023
0.362	5.682	35.024
0.362	5.682	35.022
0.362	5.682	35.021
0.362	5.682	35.025
0.362	5.683	35.021
0.362	5.683	35.022
0.363	5.683	35.022
0.363	5.683	35.022
0.363	5.683	35.022
0.364	5.683	35.024
0.364	5.682	35.024
0.364	5.682	35.026
0.365	5.683	35.021
0.365	5.682	35.025
0.365	5.684	35.024
0.365	5.683	35.024
0.365	5.682	35.025
0.365	5.683	35.025
0.365	5.682	35.023
0.365	5.682	35.021
0.365	5.683	35.022
0.366	5.683	35.024
0.366	5.683	35.024
0.366	5.682	35.021
0.366	5.682	35.023
0.366	5.682	35.024
0.366	5.683	35.023
0.366	5.684	35.021
0.366	5.683	35.021
0.366	5.683	35.022
0.366	5.682	35.022
0.367	5.683	35.023
0.367	5.682	35.021
0.367	5.683	35.021
0.367	5.681	35.020
0.368	5.682	35.021
0.369	5.682	35.018
0.370	5.683	35.021
0.370	5.683	35.021
0.371	5.682	35.022
0.371	5.683	35.021
0.372	5.683	35.021
0.372	5.683	35.022
0.372	5.682	35.023
0.373	5.683	35.021
0.373	5.683	35.022
0.374	5.683	35.022
0.374	5.682	35.023
0.374	5.682	35.021
0.374	5.683	35.020
0.375	5.683	35.024
0.375	5.683	35.020
0.376	5.683	35.023
0.377	5.683	35.021
0.377	5.682	35.021
0.378	5.683	35.024
0.379	5.683	35.018
0.379	5.683	35.022
0.380	5.682	35.021
0.380	5.682	35.021
0.381	5.682	35.022
0.381	5.682	35.023
0.382	5.682	35.024
0.383	5.682	35.021
0.383	5.682	35.022
0.384	5.683	35.019
0.384	5.683	35.023
0.385	5.683	35.021
0.385	5.683	35.021
0.386	5.683	35.020
0.386	5.682	35.023
0.386	5.684	35.019
0.386	5.682	35.023
0.386	5.683	35.021
0.386	5.683	35.020
0.386	5.683	35.019
0.386	5.683	35.019
0.386	5.683	35.019
0.386	5.683	35.020
0.386	5.682	35.021
0.386	5.683	35.018
0.387	5.683	35.019
0.387	5.683	35.022
0.387	5.683	35.019
0.387	5.683	35.020
0.387	5.683	35.023
0.387	5.684	35.018
0.387	5.683	35.021
0.387	5.684	35.018
0.387	5.683	35.019
0.387	5.684	35.019
0.387	5.684	35.017
0.388	5.686	35.022
0.388	5.686	35.018
0.388	5.686	35.019
0.388	5.685	35.020
0.388	5.687	35.020
0.389	5.688	35.020
0.389	5.688	35.019
0.389	5.688	35.016
0.389	5.688	35.019
0.389	5.688	35.017
0.389	5.688	35.020
0.390	5.689	35.020
0.390	5.690	35.019
0.390	5.692	35.021
0.390	5.692	35.018
0.390	5.692	35.020
0.390	5.693	35.019
0.391	5.693	35.020
0.390	5.692	35.019
0.391	5.693	35.019
0.390	5.694	35.018
0.391	5.693	35.018
0.390	5.693	35.019
0.390	5.693	35.019
0.390	5.692	35.018
0.390	5.694	35.019
0.391	5.693	35.020
0.391	5.694	35.019
0.391	5.695	35.020
0.391	5.697	35.019
0.392	5.698	35.016
0.392	5.700	35.017
0.393	5.701	35.019
0.393	5.701	35.019
0.393	5.702	35.019
0.394	5.703	35.018
0.394	5.703	35.018
0.394	5.703	35.020
0.394	5.705	35.017
0.394	5.705	35.019
0.394	5.706	35.015
0.395	5.706	35.016
0.395	5.706	35.016
0.395	5.706	35.018
0.395	5.707	35.017
0.395	5.707	35.019
0.396	5.710	35.018
0.397	5.712	35.017
0.397	5.713	35.015
0.397	5.713	35.018
0.397	5.713	35.017
0.398	5.713	35.017
0.398	5.715	35.016
0.398	5.715	35.016
0.398	5.715	35.017
0.398	5.714	35.016
0.398	5.714	35.014
0.398	5.714	35.018
0.398	5.715	35.016
0.399	5.719	35.016
0.400	5.720	35.016
0.401	5.721	35.016
0.401	5.723	35.016
0.401	5.723	35.016
0.401	5.724	35.012
0.401	5.723	35.014
0.401	5.724	35.017
0.401	5.725	35.015
0.402	5.725	35.017
0.403	5.727	35.014
0.403	5.730	35.015
0.404	5.730	35.015
0.404	5.731	35.015
0.404	5.732	35.014
0.404	5.732	35.013
0.404	5.733	35.014
0.404	5.732	35.014
0.404	5.734	35.017
0.405	5.737	35.013
0.406	5.737	35.014
0.406	5.737	35.014
0.407	5.737	35.013
0.407	5.738	35.012
0.407	5.738	35.014
0.407	5.739	35.014
0.408	5.743	35.014
0.409	5.746	35.013
0.409	5.747	35.014
0.409	5.748	35.013
0.410	5.748	35.014
0.411	5.750	35.013
0.411	5.750	35.014
0.412	5.752	35.012
0.414	5.754	35.013
0.414	5.754	35.011
0.414	5.754	35.011
0.414	5.759	35.012
0.415	5.762	35.012
0.416	5.762	35.011
0.416	5.762	35.013
0.417	5.765	35.011
0.418	5.768	35.013
0.419	5.769	35.015
0.420	5.772	35.011
0.421	5.774	35.012
0.422	5.778	35.012
0.423	5.781	35.010
0.423	5.783	35.012
0.423	5.783	35.011
0.423	5.784	35.009
0.424	5.784	35.012
0.424	5.786	35.009
0.425	5.788	35.012
0.426	5.790	35.010
0.426	5.791	35.010
0.426	5.790	35.009
0.426	5.790	35.010
0.426	5.791	35.009
0.427	5.792	35.011
0.427	5.794	35.010
0.427	5.795	35.009
0.428	5.797	35.010
0.429	5.798	35.009
0.429	5.798	35.008
0.429	5.798	35.009
0.429	5.798	35.008
0.430	5.800	35.009
0.430	5.802	35.008
0.430	5.802	35.009
0.431	5.804	35.008
0.431	5.805	35.009
0.432	5.808	35.007
0.433	5.811	35.007
0.433	5.811	35.007
0.434	5.811	35.006
0.434	5.811	35.007
0.434	5.814	35.005
0.435	5.816	35.006
0.435	5.818	35.006
0.436	5.821	35.006
0.436	5.822	35.008
0.436	5.823	35.006
0.436	5.823	35.008
0.437	5.823	35.007
0.437	5.823	35.008
0.437	5.824	35.007
0.438	5.826	35.009
0.438	5.829	35.007
0.439	5.830	35.008
0.440	5.832	35.005
0.440	5.834	35.008
0.441	5.835	35.007
0.441	5.835	35.008
0.441	5.835	35.006
0.441	5.835	35.006
0.441	5.836	35.005
0.441	5.836	35.005
0.442	5.839	35.006
0.442	5.842	35.005
0.442	5.842	35.005
0.442	5.842	35.005
0.442	5.843	35.005
0.442	5.843	35.006
0.442	5.842	35.006
0.442	5.843	35.006
0.443	5.846	35.003
0.443	5.847	35.004
0.444	5.847	35.005
0.444	5.851	35.006
0.445	5.856	35.003
0.446	5.857	35.006
0.446	5.859	35.006
0.447	5.859	35.007
0.447	5.859	35.006
0.448	5.860	35.005
0.448	5.861	35.006
0.449	5.864	35.008
0.449	5.870	35.004
0.450	5.872	35.003
0.451	5.876	35.005
0.452	5.881	35.004
0.452	5.884	35.003
0.452	5.884	35.004
0.452	5.884	35.005
0.452	5.884	35.001
0.452	5.884	35.002
0.452	5.884	35.004
0.452	5.884	35.004
0.453	5.891	35.005
0.455	5.900	35.002
0.456	5.905	35.005
0.456	5.906	35.003
0.456	5.908	35.003
0.456	5.908	35.002
0.457	5.909	35.001
0.457	5.911	35.002
0.458	5.915	35.005
0.458	5.920	35.005
0.459	5.922	35.002
0.459	5.928	35.002
0.460	5.933	35.003
0.461	5.942	35.001
0.462	5.946	35.002
0.462	5.956	35.001
0.463	5.965	35.002
0.464	5.971	35.002
0.465	5.979	35.001
0.465	5.981	35.001
0.465	5.981	34.998
0.465	5.994	35.001
0.466	6.007	35.001
0.467	6.022	35.000
0.467	6.036	34.999
0.468	6.042	34.998
0.469	6.055	34.998
0.469	6.065	35.000
0.469	6.072	34.999
0.470	6.079	34.998
0.470	6.080	34.998
0.471	6.094	34.995
0.473	6.114	35.000
0.474	6.129	34.999
0.474	6.137	34.999
0.474	6.139	34.997
0.474	6.140	34.999
0.474	6.144	34.997
0.475	6.148	34.998
0.475	6.153	34.997
0.475	6.157	34.999
0.475	6.164	34.997
0.476	6.165	34.999
0.476	6.173	34.997
0.477	6.179	34.995
0.477	6.185	34.994
0.477	6.189	34.997
0.477	6.191	34.999
0.478	6.196	34.997
0.478	6.212	34.996
0.479	6.216	34.996
0.480	6.225	34.995
0.481	6.232	34.996
0.481	6.242	34.993
0.482	6.249	34.996
0.482	6.250	35.000
0.482	6.255	34.998
0.482	6.262	34.997
0.483	6.273	34.997
0.483	6.279	34.997
0.483	6.282	34.995
0.483	6.285	34.997
0.484	6.291	34.994
0.484	6.304	34.995
0.485	6.314	34.995
0.485	6.320	34.992
0.486	6.325	34.993
0.487	6.337	34.993
0.487	6.346	34.993
0.487	6.348	34.995
0.488	6.358	34.993
0.488	6.361	34.995
0.489	6.369	34.992
0.490	6.372	34.990
0.490	6.377	34.993
0.490	6.384	34.994
0.491	6.398	34.994
0.492	6.417	34.992
0.493	6.422	34.994
0.493	6.428	34.993
0.493	6.433	34.993
0.493	6.438	34.991
0.493	6.440	34.992
0.494	6.446	34.993
0.494	6.454	34.990
0.494	6.458	34.991
0.494	6.462	34.991
0.495	6.470	34.990
0.495	6.477	34.993
0.496	6.485	34.992
0.497	6.494	34.992
0.497	6.498	34.992
0.498	6.501	34.988
0.498	6.510	34.989
0.499	6.519	34.989
0.499	6.526	34.989
0.499	6.529	34.988
0.499	6.531	34.990
0.499	6.531	34.989
0.500	6.533	34.993
0.500	6.536	34.991
0.500	6.540	34.989
0.501	6.556	34.987
0.503	6.581	34.991
0.503	6.592	34.991
0.504	6.598	34.989
0.504	6.605	34.988
0.505	6.616	34.987
0.505	6.617	34.988
0.505	6.625	34.988
0.506	6.628	34.989
0.506	6.628	34.986
0.506	6.630	34.990
0.506	6.639	34.984
0.507	6.651	34.986
0.508	6.655	34.987
0.508	6.657	34.985
0.508	6.665	34.989
0.509	6.674	34.987
0.510	6.683	34.989
0.511	6.701	34.986
0.511	6.714	34.985
0.512	6.724	34.984
0.513	6.734	34.985
0.513	6.745	34.985
0.514	6.753	34.985
0.514	6.763	34.985
0.515	6.771	34.984
0.516	6.779	34.984
0.516	6.780	34.985
0.516	6.784	34.984
0.516	6.787	34.987
0.516	6.796	34.984
0.517	6.804	34.984
0.517	6.812	34.983
0.518	6.818	34.984
0.519	6.831	34.987
0.520	6.854	34.985
0.521	6.871	34.982
0.522	6.885	34.982
0.523	6.895	34.980
0.523	6.904	34.981
0.524	6.912	34.982
0.525	6.921	34.982
0.525	6.929	34.983
0.526	6.941	34.982
0.531	7.008	34.981
0.534	7.040	34.982
0.534	7.043	34.984
0.534	7.043	34.980
0.533	7.043	34.980
0.534	7.052	34.983
0.535	7.062	34.982
0.535	7.066	34.981
0.535	7.071	34.980
0.535	7.081	34.981
0.535	7.081	34.980
0.536	7.090	34.982
0.537	7.107	34.980
0.537	7.117	34.980
0.538	7.126	34.979
0.539	7.131	34.979
0.539	7.134	34.980
0.539	7.141	34.982
0.540	7.150	34.979
0.540	7.157	34.979
0.541	7.160	34.981
0.541	7.166	34.978
0.541	7.175	34.978
0.542	7.178	34.978
0.543	7.196	34.977
0.544	7.214	34.977
0.544	7.219	34.976
0.545	7.227	34.979
0.546	7.237	34.977
0.546	7.240	34.978
0.547	7.250	34.979
0.548	7.271	34.978
0.548	7.286	34.975
0.549	7.296	34.976
0.549	7.301	34.978
0.551	7.318	34.976
0.552	7.330	34.976
0.552	7.332	34.978
0.552	7.334	34.976
0.552	7.336	34.977
0.552	7.345	34.977
0.553	7.349	34.973
0.554	7.357	34.975
0.555	7.363	34.974
0.555	7.369	34.971
0.554	7.368	34.975
0.554	7.371	34.977
0.555	7.379	34.977
0.556	7.400	34.974
0.557	7.421	34.974
0.558	7.424	34.975
0.558	7.423	34.973
0.558	7.433	34.974
0.559	7.449	34.973
0.560	7.461	34.975
0.561	7.473	34.974
0.561	7.478	34.971
0.561	7.482	34.973
0.562	7.495	34.974
0.563	7.507	34.974
0.564	7.520	34.973
0.564	7.532	34.969
0.565	7.536	34.971
0.565	7.544	34.974
0.566	7.548	34.972
0.566	7.555	34.974
0.566	7.561	34.974
0.567	7.572	34.975
0.567	7.580	34.971
0.568	7.585	34.972
0.569	7.592	34.971
0.569	7.599	34.969
0.570	7.606	34.972
0.570	7.616	34.970
0.571	7.621	34.971
0.571	7.627	34.972
0.572	7.639	34.971
0.573	7.652	34.970
0.573	7.664	34.969
0.574	7.666	34.970
0.574	7.674	34.968
0.574	7.683	34.970
0.575	7.698	34.969
0.576	7.703	34.968
0.576	7.710	34.968
0.577	7.717	34.969
0.578	7.729	34.969
0.578	7.735	34.968
0.578	7.739	34.968
0.578	7.739	34.970
0.578	7.739	34.966
0.578	7.742	34.968
0.579	7.759	34.970
0.581	7.786	34.968
0.584	7.811	34.970
0.586	7.841	34.966
0.586	7.849	34.971
0.586	7.853	34.969
0.586	7.867	34.970
0.587	7.873	34.968
0.587	7.882	34.968
0.587	7.891	34.967
0.588	7.901	34.969
0.588	7.910	34.966
0.589	7.916	34.967
0.590	7.924	34.968
0.590	7.929	34.966
0.591	7.940	34.969
0.591	7.944	34.967
0.591	7.949	34.969
0.592	7.959	34.967
0.593	7.961	34.965
0.594	7.972	34.967
0.594	7.981	34.966
0.595	7.994	34.966
0.596	8.007	34.966
0.596	8.016	34.967
0.597	8.021	34.965
0.597	8.025	34.965
0.597	8.032	34.967
0.598	8.038	34.964
0.598	8.044	34.964
0.599	8.052	34.966
0.600	8.068	34.964
0.601	8.081	34.965
0.601	8.081	34.965
0.601	8.088	34.967
0.602	8.108	34.963
0.604	8.124	34.966
0.605	8.138	34.963
0.605	8.145	34.966
0.606	8.154	34.963
0.607	8.174	34.963
0.608	8.191	34.963
0.608	8.198	34.963
0.609	8.203	34.964
0.609	8.209	34.964
0.610	8.215	34.963
0.610	8.223	34.964
0.611	8.240	34.964
0.612	8.250	34.963
0.613	8.263	34.962
0.614	8.282	34.963
0.615	8.294	34.962
0.615	8.301	34.961
0.615	8.305	34.960
0.616	8.313	34.962
0.617	8.326	34.961
0.618	8.343	34.962
0.618	8.352	34.961
0.619	8.362	34.962
0.620	8.382	34.961
0.621	8.397	34.961
0.622	8.400	34.961
0.622	8.410	34.961
0.623	8.422	34.960
0.623	8.435	34.962
0.624	8.445	34.960
0.624	8.451	34.959
0.626	8.462	34.961
0.627	8.474	34.961
0.628	8.485	34.959
0.629	8.497	34.959
0.629	8.509	34.962
0.630	8.529	34.959
0.631	8.545	34.960
0.632	8.553	34.959
0.633	8.570	34.959
0.634	8.582	34.959
0.634	8.590	34.959
0.634	8.595	34.959
0.635	8.613	34.960
0.637	8.641	34.960
0.638	8.651	34.958
0.639	8.672	34.960
0.640	8.691	34.959
0.640	8.694	34.958
0.641	8.705	34.959
0.642	8.720	34.957
0.643	8.733	34.958
0.643	8.745	34.957
0.644	8.752	34.959
0.644	8.759	34.959
0.644	8.759	34.959
0.644	8.759	34.957
0.644	8.759	34.957
0.645	8.776	34.958
0.645	8.777	34.959
0.645	8.777	34.957
0.645	8.778	34.956
0.645	8.777	34.957
0.645	8.777	34.959
0.645	8.777	34.957
0.645	8.777	34.958
0.645	8.775	34.957
0.645	8.778	34.957
0.647	8.801	34.958
0.648	8.819	34.958
0.649	8.835	34.956
0.650	8.850	34.955
0.650	8.850	34.956
0.650	8.850	34.959
0.650	8.850	34.957
0.650	8.850	34.955
0.650	8.862	34.957
0.651	8.864	34.956
0.651	8.867	34.956
0.651	8.872	34.958
0.651	8.873	34.957
0.651	8.872	34.956
0.651	8.875	34.956
0.652	8.885	34.954
0.653	8.895	34.956
0.655	8.921	34.954
0.656	8.933	34.955
0.656	8.947	34.955
0.656	8.951	34.956
0.658	8.967	34.954
0.660	8.993	34.954
0.660	9.002	34.955
0.660	9.007	34.956
0.661	9.013	34.956
0.661	9.021	34.953
0.662	9.026	34.956
0.662	9.027	34.954
0.662	9.027	34.956
0.662	9.033	34.955
0.664	9.059	34.954
0.665	9.074	34.953
0.666	9.088	34.955
0.668	9.111	34.954
0.670	9.148	34.955
0.673	9.167	34.952
0.673	9.179	34.955
0.673	9.184	34.955
0.673	9.186	34.954
0.673	9.187	34.953
0.673	9.190	34.956
0.673	9.192	34.953
0.674	9.214	34.953
0.676	9.243	34.952
0.678	9.261	34.954
0.679	9.279	34.952
0.680	9.301	34.953
0.680	9.305	34.952
0.681	9.315	34.952
0.682	9.324	34.953
0.682	9.332	34.951
0.683	9.344	34.952
0.684	9.356	34.953
0.684	9.363	34.953
0.684	9.365	34.952
0.684	9.365	34.952
0.684	9.370	34.951
0.684	9.376	34.954
0.684	9.380	34.952
0.684	9.378	34.951
0.684	9.380	34.951
0.684	9.381	34.951
0.684	9.385	34.951
0.685	9.389	34.952
0.685	9.391	34.951
0.686	9.409	34.951
0.686	9.417	34.952
0.687	9.423	34.951
0.688	9.433	34.949
0.689	9.441	34.952
0.689	9.446	34.952
0.690	9.448	34.951
0.690	9.461	34.951
0.691	9.470	34.949
0.691	9.471	34.950
0.691	9.474	34.949
0.692	9.486	34.949
0.693	9.507	34.949
0.694	9.530	34.950
0.695	9.534	34.951
0.695	9.534	34.950
0.695	9.540	34.948
0.696	9.548	34.950
0.697	9.558	34.950
0.698	9.579	34.951
0.700	9.602	34.949
0.701	9.614	34.951
0.700	9.616	34.951
0.700	9.615	34.949
0.700	9.615	34.949
0.700	9.616	34.948
0.700	9.616	34.945
0.700	9.612	34.947
0.700	9.610	34.947
0.700	9.616	34.946
0.700	9.616	34.946
0.700	9.617	34.948
0.700	9.615	34.947
0.700	9.615	34.946
0.700	9.615	34.947
0.699	9.616	34.946
0.700	9.613	34.945
0.699	9.609	34.948
0.699	9.616	34.947
0.699	9.615	34.948
0.699	9.615	34.944
0.699	9.617	34.945
0.699	9.616	34.946
0.699	9.615	34.945
0.699	9.615	34.945
0.699	9.614	34.947
0.699	9.613	34.947
0.699	9.609	34.945
0.699	9.615	34.946
0.699	9.616	34.944
0.699	9.615	34.944
0.699	9.615	34.943
0.699	9.616	34.945
0.699	9.615	34.945
0.699	9.615	34.945
0.699	9.615	34.942
0.699	9.617	34.944
0.699	9.616	34.944
0.699	9.615	34.943
0.699	9.616	34.941
0.699	9.615	34.944
0.699	9.614	34.942
0.699	9.616	34.946
0.699	9.615	34.944
0.699	9.616	34.944
0.699	9.613	34.945
0.699	9.609	34.946
0.699	9.615	34.942
0.699	9.616	34.942
0.699	9.615	34.944
0.699	9.616	34.940
0.699	9.615	34.947
0.699	9.615	34.943
0.699	9.618	34.939
0.699	9.616	34.941
0.699	9.615	34.939
0.699	9.614	34.942
0.699	9.615	34.940
0.699	9.615	34.941
0.699	9.616	34.941
0.699	9.616	34.945
0.699	9.615	34.941
0.699	9.615	34.943
0.699	9.616	34.941
0.699	9.612	34.941
0.699	9.609	34.942
0.699	9.616	34.940
0.699	9.615	34.939
0.699	9.616	34.940
0.699	9.615	34.941
0.699	9.615	34.942
0.699	9.615	34.940
0.699	9.616	34.941
0.699	9.615	34.942
0.699	9.608	34.941
0.699	9.614	34.939
0.699	9.615	34.939
0.699	9.615	34.940
0.699	9.616	34.938
0.700	9.623	34.937
0.700	9.631	34.939
0.701	9.643	34.938
0.702	9.655	34.938
0.702	9.660	34.939
0.702	9.663	34.940
0.702	9.661	34.939
0.703	9.664	34.936
0.703	9.673	34.939
0.704	9.686	34.936
0.704	9.702	34.938
0.705	9.709	34.937
0.706	9.718	34.938
0.707	9.733	34.937
0.708	9.740	34.938
0.708	9.747	34.938
0.708	9.753	34.937
0.709	9.761	34.937
0.709	9.769	34.937
0.711	9.779	34.938
0.712	9.790	34.935
0.712	9.802	34.938
0.713	9.812	34.937
0.713	9.814	34.935
0.713	9.817	34.934
0.713	9.824	34.936
0.714	9.836	34.933
0.715	9.847	34.935
0.716	9.863	34.935
0.716	9.870	34.935
0.716	9.871	34.937
0.716	9.877	34.935
0.717	9.888	34.934
0.718	9.894	34.936
0.718	9.903	34.935
0.719	9.909	34.933
0.719	9.912	34.935
0.719	9.914	34.935
0.719	9.917	34.933
0.719	9.924	34.935
0.720	9.937	34.931
0.721	9.950	34.935
0.721	9.957	34.933
0.722	9.963	34.934
0.722	9.977	34.933
0.723	9.983	34.935
0.723	9.985	34.935
0.723	9.985	34.934
0.723	9.989	34.929
0.724	9.996	34.932
0.725	10.010	34.931
0.725	10.015	34.931
0.726	10.015	34.932
0.726	10.023	34.932
0.726	10.022	34.930
0.726	10.024	34.934
0.726	10.025	34.931
0.726	10.029	34.931
0.726	10.033	34.932
0.726	10.036	34.931
0.727	10.045	34.932
0.728	10.053	34.929
0.728	10.059	34.934
0.729	10.070	34.934
0.731	10.097	34.929
0.731	10.111	34.932
0.732	10.120	34.930
0.733	10.131	34.929
0.734	10.143	34.930
0.734	10.151	34.929
0.735	10.157	34.930
0.735	10.157	34.936
0.736	10.172	34.931
0.736	10.181	34.928
0.737	10.192	34.931
0.737	10.196	34.929
0.737	10.195	34.929
0.738	10.205	34.928
0.738	10.207	34.931
0.739	10.215	34.930
0.740	10.228	34.930
0.740	10.242	34.927
0.741	10.250	34.928
0.741	10.253	34.928
0.741	10.252	34.930
0.741	10.254	34.928
0.741	10.261	34.930
0.742	10.273	34.929
0.743	10.281	34.928
0.743	10.291	34.928
0.744	10.290	34.930
0.744	10.298	34.931
0.744	10.305	34.928
0.744	10.313	34.926
0.745	10.326	34.926
0.747	10.337	34.928
0.747	10.343	34.929
0.747	10.347	34.926
0.747	10.350	34.926
0.747	10.354	34.926
0.748	10.359	34.928
0.748	10.371	34.923
0.748	10.370	34.929
0.749	10.374	34.928
0.749	10.379	34.926
0.750	10.386	34.926
0.750	10.387	34.927
0.750	10.394	34.925
0.751	10.421	34.927
0.753	10.437	34.929
0.753	10.438	34.924
0.754	10.453	34.925
0.756	10.473	34.924
0.756	10.486	34.925
0.757	10.497	34.923
0.758	10.508	34.926
0.758	10.513	34.924
0.759	10.523	34.925
0.759	10.532	34.923
0.759	10.529	34.925
0.759	10.536	34.924
0.760	10.546	34.924
0.761	10.552	34.925
0.761	10.560	34.924
0.762	10.562	34.925
0.761	10.566	34.925
0.761	10.566	34.925
0.761	10.568	34.925
0.762	10.571	34.925
0.762	10.575	34.926
0.762	10.583	34.925
0.763	10.594	34.923
0.764	10.599	34.925
0.764	10.607	34.926
0.765	10.613	34.922
0.765	10.624	34.929
0.765	10.632	34.924
0.766	10.633	34.924
0.766	10.632	34.926
0.766	10.645	34.923
0.766	10.648	34.923
0.766	10.652	34.922
0.767	10.656	34.922
0.767	10.657	34.924
0.767	10.657	34.925
0.767	10.658	34.921
0.767	10.657	34.922
0.767	10.655	34.921
0.767	10.657	34.922
0.767	10.663	34.921
0.767	10.661	34.921
0.767	10.661	34.918
0.767	10.662	34.922
0.767	10.661	34.919
0.767	10.662	34.919
0.767	10.663	34.920
0.767	10.668	34.918
0.768	10.673	34.919
0.768	10.677	34.921
0.769	10.691	34.920
0.769	10.699	34.919
0.770	10.706	34.920
0.770	10.712	34.919
0.771	10.718	34.918
0.771	10.730	34.922
0.772	10.738	34.917
0.772	10.739	34.919
0.773	10.750	34.921
0.773	10.758	34.919
0.773	10.762	34.918
0.774	10.768	34.921
0.775	10.782	34.920
0.776	10.802	34.919
0.777	10.814	34.918
0.778	10.824	34.920
0.779	10.833	34.918
0.779	10.841	34.919
0.780	10.855	34.915
0.781	10.878	34.920
0.782	10.895	34.916
0.784	10.911	34.915
0.784	10.924	34.916
0.785	10.934	34.917
0.785	10.937	34.920
0.785	10.939	34.919
0.786	10.937	34.920
0.786	10.942	34.918
0.786	10.950	34.917
0.786	10.952	34.918
0.786	10.957	34.918
0.786	10.957	34.918
0.786	10.961	34.916
0.786	10.963	34.916
0.787	10.970	34.921
0.788	10.978	34.917
0.788	10.976	34.919
0.788	10.989	34.918
0.789	10.997	34.920
0.789	10.999	34.914
0.789	11.005	34.918
0.790	11.009	34.917
0.790	11.012	34.916
0.790	11.018	34.916
0.790	11.022	34.918
0.790	11.014	34.916
0.790	11.023	34.916
0.790	11.028	34.916
0.791	11.039	34.914
0.791	11.047	34.914
0.792	11.050	34.916
0.792	11.057	34.913
0.792	11.061	34.914
0.792	11.071	34.916
0.793	11.072	34.917
0.793	11.072	34.915
0.793	11.084	34.914
0.793	11.090	34.915
0.793	11.095	34.917
0.794	11.097	34.916
0.794	11.100	34.914
0.794	11.101	34.914
0.794	11.104	34.914
0.794	11.104	34.914
0.794	11.104	34.915
0.794	11.105	34.915
0.794	11.106	34.913
0.795	11.108	34.914
0.795	11.113	34.914
0.795	11.118	34.915
0.796	11.121	34.914
0.796	11.121	34.913
0.796	11.125	34.913
0.796	11.124	34.913
0.796	11.121	34.915
0.797	11.132	34.915
0.797	11.135	34.914
0.797	11.136	34.913
0.797	11.137	34.915
0.797	11.138	34.913
0.797	11.138	34.913
0.797	11.139	34.912
0.797	11.140	34.912
0.797	11.134	34.913
0.797	11.136	34.912
0.797	11.145	34.915
0.798	11.152	34.913
0.799	11.161	34.912
0.799	11.169	34.913
0.799	11.169	34.913
0.799	11.172	34.912
0.799	11.174	34.912
0.800	11.179	34.912
0.800	11.180	34.912
0.801	11.194	34.912
0.802	11.205	34.913
0.802	11.209	34.914
0.802	11.217	34.911
0.803	11.220	34.911
0.804	11.232	34.913
0.804	11.240	34.911
0.805	11.247	34.912
0.806	11.257	34.913
0.806	11.265	34.912
0.807	11.279	34.910
0.807	11.284	34.912
0.807	11.291	34.913
0.808	11.293	34.911
0.808	11.301	34.911
0.808	11.304	34.912
0.808	11.304	34.911
0.809	11.311	34.909
0.810	11.319	34.912
0.810	11.331	34.909
0.811	11.339	34.911
0.811	11.341	34.911
0.812	11.354	34.910
0.812	11.362	34.912
0.812	11.366	34.910
0.813	11.373	34.910
0.814	11.382	34.911
0.815	11.392	34.911
0.815	11.389	34.910
0.815	11.399	34.911
0.815	11.410	34.911
0.816	11.424	34.910
0.817	11.433	34.909
0.817	11.438	34.908
0.817	11.441	34.911
0.818	11.445	34.910
0.818	11.449	34.908
0.819	11.447	34.907
0.819	11.446	34.910
0.819	11.459	34.910
0.819	11.462	34.911
0.819	11.469	34.910
0.820	11.473	34.908
0.820	11.475	34.910
0.820	11.481	34.910
0.820	11.490	34.908
0.820	11.499	34.908
0.820	11.499	34.909
0.821	11.510	34.911
0.821	11.511	34.910
0.821	11.512	34.910
0.821	11.516	34.908
0.822	11.520	34.909
0.823	11.525	34.910
0.823	11.534	34.910
0.823	11.536	34.908
0.823	11.536	34.910
0.823	11.536	34.911
0.824	11.548	34.907
0.824	11.551	34.909
0.824	11.558	34.909
0.825	11.559	34.908
0.825	11.560	34.907
0.825	11.564	34.907
0.825	11.569	34.909
0.825	11.574	34.908
0.826	11.577	34.906
0.826	11.582	34.908
0.827	11.585	34.907
0.827	11.596	34.908
0.827	11.606	34.906
0.828	11.609	34.906
0.828	11.616	34.907
0.828	11.621	34.906
0.829	11.622	34.907
0.829	11.625	34.906
0.829	11.620	34.906
0.829	11.632	34.907
0.829	11.633	34.907
0.829	11.634	34.908
0.829	11.637	34.906
0.829	11.640	34.906
0.830	11.644	34.906
0.830	11.646	34.907
0.830	11.647	34.907
0.830	11.651	34.906
0.830	11.647	34.907
0.830	11.651	34.904
0.831	11.658	34.905
0.831	11.664	34.906
0.831	11.667	34.906
0.831	11.670	34.905
0.832	11.673	34.904
0.832	11.682	34.906
0.833	11.691	34.905
0.833	11.687	34.904
0.834	11.700	34.905
0.834	11.707	34.903
0.834	11.715	34.905
0.835	11.719	34.903
0.835	11.720	34.904
0.835	11.723	34.905
0.836	11.728	34.904
0.837	11.731	34.904
0.837	11.731	34.905
0.837	11.731	34.906
0.837	11.742	34.904
0.837	11.743	34.904
0.838	11.749	34.906
0.838	11.753	34.905
0.838	11.755	34.905
0.839	11.761	34.904
0.839	11.772	34.903
0.840	11.784	34.902
0.840	11.780	34.900
0.840	11.794	34.905
0.841	11.804	34.903
0.842	11.816	34.904
0.842	11.830	34.903
0.843	11.833	34.901
0.843	11.836	34.903
0.843	11.839	34.903
0.843	11.842	34.903
0.844	11.841	34.902
0.844	11.845	34.903
0.844	11.855	34.904
0.844	11.859	34.902
0.845	11.863	34.904
0.845	11.865	34.904
0.845	11.870	34.903
0.846	11.876	34.904
0.846	11.882	34.900
0.846	11.887	34.901
0.846	11.890	34.902
0.847	11.893	34.900
0.847	11.900	34.901
0.847	11.902	34.901
0.848	11.915	34.901
0.848	11.920	34.902
0.849	11.925	34.900
0.849	11.926	34.900
0.849	11.926	34.899
0.849	11.926	34.900
0.849	11.920	34.902
0.849	11.929	34.899
0.849	11.945	34.900
0.851	11.958	34.900
0.851	11.965	34.899
0.851	11.967	34.900
0.852	11.972	34.902
0.852	11.975	34.900
0.852	11.977	34.898
0.852	11.972	34.898
0.852	11.976	34.901
0.852	11.983	34.899
0.852	11.984	34.900
0.853	11.989	34.899
0.853	11.988	34.898
0.853	11.993	34.902
0.854	11.999	34.899
0.854	12.002	34.899
0.854	12.006	34.898
0.854	12.005	34.899
0.854	12.007	34.900
0.854	12.008	34.901
0.854	12.011	34.898
0.854	12.009	34.899
0.854	12.010	34.899
0.854	12.010	34.900
0.854	12.010	34.900
0.854	12.009	34.898
0.854	12.003	34.896
0.854	12.001	34.897
0.854	12.010	34.897
0.854	12.010	34.895
0.854	12.010	34.900
0.854	12.010	34.894
0.854	12.010	34.897
0.854	12.009	34.898
0.854	12.009	34.899
0.854	12.010	34.896
0.854	12.000	34.895
0.854	12.007	34.896
0.854	12.010	34.895
0.854	12.010	34.895
0.854	12.011	34.898
0.854	12.012	34.897
0.854	12.011	34.896
0.854	12.010	34.894
0.854	12.010	34.896
0.854	12.010	34.897
0.854	12.007	34.895
0.854	12.000	34.894
0.854	12.010	34.897
0.854	12.011	34.896
0.854	12.010	34.893
0.854	12.010	34.893
0.854	12.010	34.894
0.854	12.010	34.895
0.854	12.010	34.895
0.854	12.000	34.894
0.854	12.005	34.897
0.854	12.011	34.895
0.854	12.010	34.894
0.854	12.011	34.895
0.854	12.009	34.894
0.854	12.009	34.895
0.854	12.010	34.893
0.854	12.011	34.893
0.854	12.009	34.894
0.854	12.009	34.894
0.853	12.009	34.897
0.854	12.010	34.895
0.854	12.007	34.896
0.854	12.010	34.894
0.854	12.009	34.895
0.854	12.010	34.893
0.854	12.010	34.892
0.854	12.008	34.895
0.854	12.001	34.896
0.854	12.003	34.893
0.854	12.010	34.892
0.854	12.010	34.892
0.854	12.011	34.892
0.854	12.009	34.893
0.854	12.010	34.893
0.854	12.010	34.892
0.854	12.010	34.894
0.854	12.008	34.893
0.854	12.000	34.892
0.854	12.014	34.891
0.854	12.021	34.892
0.855	12.024	34.893
0.855	12.028	34.895
0.856	12.039	34.892
0.856	12.049	34.894
0.857	12.061	34.892
0.858	12.073	34.894
0.858	12.073	34.892
0.858	12.069	34.892
0.858	12.069	34.889
0.858	12.076	34.891
0.858	12.077	34.892
0.858	12.077	34.894
0.858	12.081	34.890
0.858	12.083	34.891
0.859	12.085	34.892
0.859	12.086	34.892
0.859	12.086	34.893
0.859	12.098	34.892
0.860	12.102	34.892
0.860	12.108	34.890
0.860	12.111	34.890
0.860	12.112	34.893
0.860	12.116	34.892
0.861	12.122	34.892
0.861	12.129	34.890
0.861	12.130	34.893
0.861	12.134	34.888
0.861	12.138	34.891
0.862	12.146	34.891
0.862	12.150	34.891
0.862	12.156	34.891
0.863	12.158	34.890
0.863	12.160	34.892
0.863	12.164	34.892
0.863	12.166	34.890
0.864	12.162	34.889
0.864	12.180	34.891
0.865	12.184	34.891
0.865	12.186	34.888
0.865	12.188	34.890
0.865	12.187	34.890
0.866	12.189	34.891
0.866	12.193	34.889
0.866	12.194	34.891
0.866	12.187	34.889
0.867	12.191	34.889
0.867	12.199	34.890
0.867	12.205	34.890
0.867	12.213	34.889
0.868	12.219	34.891
0.868	12.223	34.892
0.868	12.230	34.889
0.869	12.233	34.887
0.869	12.240	34.891
0.869	12.244	34.891
0.870	12.244	34.889
0.870	12.259	34.886
0.870	12.265	34.888
0.871	12.272	34.888
0.871	12.276	34.886
0.872	12.280	34.889
0.872	12.285	34.890
0.872	12.293	34.887
0.872	12.295	34.891
0.873	12.296	34.889
0.873	12.299	34.890
0.873	12.302	34.888
0.873	12.305	34.890
0.873	12.305	34.889
0.873	12.305	34.889
0.873	12.307	34.891
0.874	12.311	34.888
0.874	12.312	34.888
0.874	12.305	34.889
0.874	12.317	34.887
0.874	12.320	34.889
0.874	12.321	34.888
0.874	12.324	34.887
0.875	12.324	34.889
0.874	12.325	34.888
0.875	12.328	34.888
0.875	12.329	34.890
0.875	12.330	34.886
0.876	12.338	34.886
0.876	12.347	34.887
0.876	12.352	34.887
0.876	12.355	34.888
0.876	12.357	34.889
0.876	12.359	34.890
0.876	12.363	34.888
0.876	12.365	34.889
0.877	12.362	34.887
0.877	12.362	34.884
0.877	12.373	34.888
0.877	12.376	34.889
0.877	12.378	34.884
0.877	12.381	34.886
0.877	12.383	34.886
0.877	12.384	34.891
0.878	12.386	34.887
0.878	12.387	34.887
0.878	12.388	34.889
0.878	12.384	34.886
0.878	12.384	34.885
0.878	12.393	34.885
0.878	12.396	34.887
0.879	12.399	34.885
0.879	12.405	34.887
0.879	12.410	34.889
0.879	12.415	34.885
0.879	12.419	34.886
0.879	12.418	34.887
0.880	12.419	34.885
0.879	12.422	34.886
0.880	12.425	34.886
0.880	12.427	34.887
0.880	12.428	34.885
0.880	12.429	34.888
0.880	12.432	34.885
0.881	12.434	34.888
0.881	12.427	34.887
0.881	12.434	34.886
0.881	12.439	34.886
0.881	12.439	34.885
0.881	12.441	34.885
0.881	12.439	34.885
0.881	12.446	34.886
0.882	12.456	34.885
0.882	12.461	34.889
0.882	12.459	34.885
0.882	12.454	34.884
0.882	12.464	34.885
0.882	12.465	34.884
0.882	12.467	34.884
0.882	12.469	34.887
0.882	12.470	34.885
0.883	12.474	34.886
0.883	12.476	34.884
0.883	12.479	34.882
0.883	12.472	34.887
0.884	12.481	34.883
0.884	12.488	34.883
0.884	12.488	34.886
0.884	12.492	34.884
0.884	12.493	34.886
0.884	12.499	34.885
0.885	12.503	34.885
0.885	12.510	34.885
0.885	12.515	34.887
0.886	12.522	34.885
0.886	12.526	34.886
0.886	12.524	34.883
0.887	12.539	34.885
0.888	12.551	34.884
0.888	12.558	34.884
0.888	12.562	34.886
0.889	12.570	34.885
0.889	12.574	34.886
0.889	12.573	34.885
0.890	12.584	34.884
0.890	12.594	34.883
0.891	12.598	34.881
0.891	12.605	34.884
0.891	12.611	34.881
0.892	12.618	34.885
0.892	12.624	34.881
0.893	12.634	34.884
0.893	12.640	34.883
0.893	12.645	34.882
0.893	12.646	34.881
0.893	12.646	34.883
0.893	12.646	34.883
0.893	12.652	34.882
0.893	12.651	34.886
0.894	12.653	34.884
0.894	12.656	34.884
0.894	12.657	34.884
0.894	12.647	34.881
0.894	12.656	34.885
0.895	12.662	34.885
0.895	12.665	34.882
0.896	12.670	34.882
0.896	12.671	34.884
0.897	12.679	34.880
0.897	12.687	34.883
0.898	12.694	34.882
0.898	12.699	34.882
0.898	12.699	34.885
0.899	12.713	34.883
0.899	12.717	34.882
0.899	12.720	34.882
0.899	12.719	34.880
0.899	12.720	34.883
0.899	12.724	34.882
0.899	12.729	34.881
0.900	12.731	34.881
0.900	12.732	34.884
0.900	12.740	34.884
0.900	12.741	34.882
0.901	12.737	34.882
0.901	12.751	34.880
0.901	12.751	34.879
0.901	12.755	34.880
0.901	12.757	34.881
0.902	12.760	34.881
0.902	12.758	34.882
0.902	12.754	34.879
0.902	12.768	34.880
0.902	12.770	34.881
0.902	12.776	34.880
0.903	12.779	34.879
0.903	12.780	34.880
0.903	12.781	34.879
0.903	12.781	34.878
0.903	12.782	34.879
0.903	12.781	34.880
0.903	12.782	34.878
0.903	12.784	34.880
0.903	12.784	34.881
0.903	12.788	34.877
0.903	12.791	34.880
0.903	12.795	34.879
0.904	12.805	34.878
0.904	12.807	34.879
0.905	12.811	34.879
0.905	12.805	34.876
0.905	12.815	34.878
0.905	12.817	34.881
0.905	12.817	34.880
0.905	12.823	34.879
0.905	12.827	34.876
0.906	12.831	34.877
0.906	12.838	34.878
0.907	12.844	34.876
0.907	12.852	34.879
0.907	12.849	34.876
0.907	12.851	34.875
0.908	12.861	34.877
0.908	12.866	34.877
0.908	12.867	34.876
0.908	12.874	34.876
0.909	12.878	34.878
0.909	12.882	34.880
0.909	12.888	34.877
0.910	12.891	34.878
0.910	12.892	34.878
0.910	12.896	34.876
0.910	12.890	34.876
0.911	12.907	34.876
0.911	12.914	34.877
0.911	12.915	34.878
0.911	12.920	34.877
0.911	12.923	34.875
0.911	12.916	34.875
0.912	12.920	34.875
0.912	12.927	34.876
0.912	12.933	34.877
0.912	12.939	34.877
0.913	12.939	34.875
0.913	12.939	34.876
0.913	12.942	34.875
0.913	12.946	34.879
0.913	12.949	34.874
0.913	12.952	34.873
0.913	12.953	34.874
0.914	12.953	34.873
0.914	12.955	34.877
0.914	12.959	34.873
0.914	12.963	34.873
0.914	12.969	34.873
0.914	12.973	34.874
0.915	12.976	34.871
0.915	12.967	34.873
0.915	12.973	34.873
0.915	12.980	34.875
0.915	12.981	34.875
0.915	12.984	34.873
0.915	12.985	34.872
0.916	12.987	34.875
0.916	12.989	34.874
0.916	12.994	34.875
0.916	12.996	34.872
0.917	12.991	34.872
0.917	13.007	34.873
0.917	13.013	34.873
0.917	13.017	34.873
0.917	13.023	34.874
0.918	13.025	34.871
0.918	13.026	34.872
0.918	13.032	34.871
0.918	13.030	34.872
0.918	13.032	34.871
0.919	13.034	34.871
0.919	13.035	34.869
0.919	13.031	34.869
0.919	13.032	34.870
0.919	13.037	34.870
0.919	13.037	34.873
0.919	13.038	34.872
0.919	13.040	34.870
0.919	13.041	34.871
0.919	13.033	34.869
0.919	13.047	34.870
0.920	13.049	34.871
0.920	13.049	34.869
0.920	13.053	34.869
0.920	13.054	34.870
0.920	13.056	34.870
0.920	13.059	34.868
0.920	13.063	34.871
0.921	13.066	34.868
0.921	13.069	34.867
0.921	13.074	34.869
0.922	13.083	34.868
0.922	13.090	34.867
0.922	13.098	34.866
0.922	13.102	34.868
0.923	13.104	34.867
0.923	13.106	34.868
0.923	13.104	34.867
0.923	13.098	34.865
0.923	13.109	34.870
0.923	13.110	34.868
0.923	13.110	34.867
0.923	13.111	34.866
0.923	13.112	34.865
0.923	13.114	34.866
0.924	13.118	34.866
0.924	13.123	34.869
0.925	13.120	34.866
0.925	13.128	34.867
0.926	13.142	34.867
0.926	13.144	34.865
0.926	13.146	34.866
0.926	13.147	34.867
0.926	13.147	34.866
0.927	13.149	34.866
0.927	13.154	34.865
0.927	13.156	34.867
0.927	13.160	34.865
0.928	13.164	34.865
0.928	13.170	34.865
0.928	13.177	34.864
0.929	13.186	34.864
0.929	13.192	34.865
0.930	13.199	34.863
0.930	13.206	34.864
0.930	13.208	34.866
0.931	13.204	34.864
0.931	13.208	34.863
0.931	13.219	34.864
0.932	13.220	34.864
0.932	13.221	34.863
0.932	13.220	34.863
0.932	13.220	34.864
0.932	13.221	34.864
0.932	13.223	34.864
0.932	13.225	34.862
0.932	13.230	34.864
0.932	13.233	34.863
0.933	13.240	34.864
0.933	13.246	34.865
0.933	13.255	34.862
0.934	13.257	34.863
0.934	13.260	34.862
0.934	13.264	34.864
0.935	13.271	34.864
0.936	13.275	34.862
0.936	13.285	34.864
0.936	13.301	34.864
0.936	13.308	34.864
0.937	13.313	34.863
0.937	13.311	34.863
0.937	13.314	34.863
0.937	13.317	34.862
0.937	13.318	34.863
0.937	13.320	34.863
0.938	13.316	34.864
0.938	13.330	34.861
0.938	13.332	34.863
0.938	13.337	34.861
0.938	13.337	34.861
0.939	13.342	34.862
0.939	13.347	34.862
0.940	13.354	34.861
0.940	13.368	34.861
0.941	13.377	34.862
0.942	13.388	34.863
0.942	13.393	34.860
0.943	13.397	34.862
0.943	13.403	34.861
0.943	13.411	34.861
0.944	13.417	34.861
0.944	13.427	34.862
0.945	13.433	34.860
0.945	13.435	34.861
0.946	13.430	34.861
0.945	13.442	34.861
0.946	13.444	34.862
0.946	13.447	34.860
0.946	13.450	34.860
0.946	13.452	34.860
0.946	13.457	34.858
0.947	13.464	34.857
0.947	13.468	34.858
0.948	13.471	34.859
0.948	13.475	34.857
0.948	13.477	34.859
0.948	13.481	34.861
0.948	13.486	34.859
0.948	13.487	34.860
0.948	13.488	34.859
0.949	13.491	34.859
0.949	13.495	34.857
0.949	13.495	34.856
0.949	13.491	34.859
0.949	13.511	34.857
0.950	13.513	34.857
0.950	13.520	34.856
0.950	13.525	34.857
0.951	13.525	34.855
0.951	13.531	34.856
0.951	13.538	34.856
0.952	13.544	34.858
0.952	13.542	34.856
0.952	13.551	34.856
0.952	13.561	34.857
0.953	13.563	34.857
0.953	13.571	34.855
0.953	13.577	34.858
0.953	13.583	34.857
0.954	13.586	34.856
0.954	13.589	34.858
0.955	13.596	34.857
0.955	13.598	34.855
0.956	13.599	34.855
0.956	13.603	34.857
0.956	13.604	34.856
0.956	13.608	34.855
0.957	13.610	34.853
0.958	13.612	34.853
0.958	13.626	34.854
0.959	13.638	34.856
0.959	13.638	34.855
0.960	13.652	34.855
0.961	13.673	34.855
0.962	13.684	34.857
0.962	13.691	34.853
0.963	13.694	34.854
0.963	13.699	34.853
0.963	13.707	34.855
0.964	13.721	34.855
0.965	13.732	34.852
0.966	13.737	34.853
0.966	13.756	34.855
0.967	13.761	34.851
0.967	13.768	34.855
0.967	13.774	34.853
0.967	13.782	34.852
0.968	13.789	34.850
0.968	13.796	34.854
0.969	13.807	34.852
0.969	13.806	34.852
0.970	13.826	34.850
0.971	13.841	34.853
0.971	13.850	34.853
0.972	13.859	34.853
0.972	13.864	34.852
0.973	13.867	34.853
0.974	13.873	34.851
0.974	13.876	34.851
0.974	13.877	34.851
0.974	13.875	34.852
0.975	13.896	34.852
0.975	13.901	34.851
0.975	13.906	34.848
0.975	13.913	34.848
0.976	13.916	34.850
0.976	13.921	34.850
0.976	13.924	34.849
0.977	13.928	34.848
0.977	13.928	34.849
0.977	13.929	34.851
0.977	13.938	34.851
0.977	13.943	34.847
0.978	13.949	34.849
0.978	13.953	34.849
0.979	13.962	34.851
0.979	13.976	34.851
0.980	13.986	34.846
0.981	13.989	34.848
0.981	13.986	34.846
0.981	14.004	34.849
0.982	14.018	34.848
0.984	14.040	34.847
0.985	14.051	34.844
0.986	14.059	34.847
0.986	14.063	34.849
0.987	14.073	34.850
0.987	14.076	34.851
0.988	14.082	34.853
0.988	14.087	34.850
0.988	14.089	34.849
0.988	14.092	34.847
0.988	14.095	34.847
0.988	14.100	34.850
0.989	14.109	34.848
0.990	14.122	34.847
0.990	14.128	34.850
0.990	14.132	34.847
0.991	14.126	34.849
0.991	14.141	34.846
0.991	14.144	34.844
0.991	14.145	34.848
0.991	14.149	34.848
0.991	14.148	34.848
0.991	14.149	34.848
0.991	14.151	34.847
0.991	14.151	34.847
0.991	14.147	34.847
0.992	14.150	34.845
0.993	14.172	34.846
0.993	14.184	34.844
0.994	14.189	34.846
0.994	14.189	34.846
0.995	14.197	34.846
0.995	14.206	34.847
0.996	14.220	34.845
0.996	14.221	34.845
0.996	14.212	34.848
0.996	14.223	34.843
0.996	14.226	34.845
0.996	14.229	34.846
0.997	14.234	34.846
0.997	14.250	34.847
0.999	14.270	34.844
1.000	14.280	34.843
1.000	14.285	34.846
1.000	14.279	34.842
1.000	14.279	34.845
1.000	14.289	34.845
1.000	14.291	34.844
1.000	14.294	34.846
1.000	14.299	34.844
1.001	14.301	34.845
1.001	14.302	34.844
1.000	14.301	34.845
1.001	14.306	34.845
1.001	14.308	34.844
1.001	14.313	34.843
1.001	14.318	34.845
1.002	14.325	34.843
1.002	14.329	34.844
1.002	14.334	34.843
1.002	14.341	34.843
1.003	14.344	34.844
1.003	14.352	34.843
1.004	14.354	34.845
1.005	14.347	34.843
1.005	14.366	34.842
1.005	14.376	34.843
1.005	14.380	34.842
1.005	14.383	34.843
1.005	14.383	34.844
1.006	14.387	34.842
1.006	14.393	34.842
1.006	14.399	34.843
1.007	14.397	34.844
1.007	14.407	34.844
1.007	14.421	34.842
1.007	14.424	34.844
1.008	14.427	34.844
1.007	14.427	34.845
1.008	14.429	34.844
1.008	14.429	34.842
1.008	14.434	34.845
1.008	14.438	34.842
1.009	14.434	34.842
1.009	14.454	34.842
1.010	14.461	34.843
1.011	14.474	34.844
1.012	14.488	34.845
1.012	14.497	34.841
1.012	14.502	34.842
1.013	14.502	34.842
1.012	14.502	34.843
1.012	14.494	34.843
1.012	14.500	34.845
1.013	14.516	34.844
1.015	14.522	34.844
1.015	14.527	34.844
1.015	14.532	34.844
1.015	14.535	34.843
1.015	14.539	34.842
1.016	14.544	34.844
1.017	14.554	34.842
1.017	14.559	34.840
1.017	14.565	34.841
1.018	14.574	34.842
1.018	14.580	34.841
1.019	14.588	34.843
1.020	14.594	34.840
1.020	14.601	34.841
1.021	14.617	34.843
1.022	14.627	34.839
1.022	14.632	34.841
1.023	14.635	34.842
1.023	14.653	34.839
1.023	14.662	34.840
1.025	14.673	34.842
1.025	14.681	34.843
1.025	14.685	34.841
1.025	14.685	34.840
1.025	14.688	34.841
1.026	14.696	34.842
1.026	14.701	34.841
1.027	14.700	34.841
1.027	14.701	34.843
1.027	14.722	34.841
1.028	14.737	34.840
1.029	14.748	34.840
1.030	14.765	34.843
1.031	14.771	34.841
1.031	14.782	34.842
1.031	14.788	34.840
1.032	14.783	34.841
1.032	14.805	34.843
1.033	14.807	34.838
1.033	14.807	34.841
1.033	14.815	34.842
1.033	14.826	34.839
1.034	14.835	34.841
1.035	14.843	34.841
1.034	14.845	34.841
1.035	14.841	34.842
1.035	14.850	34.843
1.036	14.856	34.843
1.036	14.858	34.841
1.036	14.865	34.842
1.036	14.867	34.842
1.037	14.868	34.841
1.037	14.868	34.842
1.037	14.873	34.842
1.038	14.880	34.842
1.038	14.884	34.840
1.038	14.892	34.843
1.038	14.900	34.839
1.039	14.908	34.842
1.040	14.921	34.841
1.040	14.934	34.838
1.041	14.948	34.842
1.041	14.954	34.839
1.042	14.962	34.839
1.042	14.960	34.839
1.042	14.954	34.841
1.043	14.967	34.841
1.043	14.970	34.842
1.043	14.976	34.839
1.043	14.980	34.839
1.044	14.983	34.841
1.044	14.987	34.841
1.044	14.990	34.841
1.045	14.995	34.840
1.046	14.991	34.839
1.046	14.999	34.841
1.046	15.015	34.838
1.046	15.019	34.840
1.047	15.022	34.839
1.047	15.025	34.840
1.048	15.027	34.837
1.047	15.028	34.839
1.048	15.032	34.842
1.048	15.038	34.838
1.049	15.027	34.840
1.049	15.045	34.843
1.050	15.061	34.840
1.050	15.071	34.838
1.051	15.080	34.841
1.052	15.092	34.839
1.053	15.105	34.839
1.054	15.114	34.837
1.055	15.127	34.837
1.055	15.129	34.838
1.055	15.144	34.840
1.056	15.154	34.841
1.056	15.161	34.839
1.057	15.171	34.838
1.057	15.178	34.838
1.058	15.190	34.840
1.058	15.200	34.838
1.058	15.209	34.836
1.059	15.208	34.837
1.059	15.201	34.839
1.060	15.220	34.837
1.060	15.223	34.838
1.060	15.230	34.837
1.060	15.237	34.839
1.061	15.241	34.838
1.061	15.246	34.840
1.061	15.250	34.838
1.062	15.259	34.839
1.062	15.261	34.838
1.063	15.271	34.837
1.063	15.283	34.837
1.063	15.286	34.839
1.063	15.291	34.837
1.064	15.295	34.840
1.065	15.301	34.837
1.065	15.309	34.835
1.066	15.320	34.837
1.066	15.323	34.836
1.066	15.320	34.834
1.067	15.343	34.836
1.068	15.354	34.837
1.068	15.357	34.835
1.068	15.361	34.836
1.068	15.365	34.837
1.068	15.369	34.837
1.069	15.373	34.837
1.069	15.379	34.837
1.070	15.383	34.834
1.070	15.386	34.836
1.071	15.397	34.833
1.072	15.430	34.835
1.073	15.434	34.833
1.073	15.438	34.835
1.073	15.442	34.837
1.074	15.448	34.836
1.074	15.454	34.834
1.075	15.458	34.834
1.075	15.449	34.835
1.076	15.472	34.833
1.077	15.484	34.834
1.077	15.492	34.834
1.078	15.503	34.834
1.079	15.508	34.833
1.079	15.515	34.833
1.079	15.520	34.834
1.080	15.527	34.835
1.080	15.533	34.833
1.081	15.541	34.833
1.082	15.546	34.834
1.082	15.549	34.833
1.082	15.552	34.833
1.081	15.555	34.833
1.082	15.558	34.833
1.082	15.564	34.830
1.082	15.564	34.832
1.082	15.564	34.833
1.082	15.557	34.831
1.082	15.571	34.833
1.083	15.582	34.831
1.083	15.585	34.832
1.084	15.593	34.831
1.085	15.604	34.831
1.085	15.617	34.832
1.087	15.636	34.833
1.088	15.648	34.831
1.088	15.654	34.832
1.089	15.647	34.831
1.089	15.665	34.831
1.089	15.673	34.830
1.090	15.684	34.831
1.090	15.690	34.832
1.091	15.694	34.832
1.091	15.701	34.830
1.091	15.708	34.830
1.092	15.710	34.831
1.091	15.698	34.828
1.092	15.716	34.830
1.092	15.727	34.831
1.093	15.734	34.830
1.093	15.744	34.829
1.093	15.747	34.831
1.094	15.754	34.830
1.094	15.764	34.829
1.094	15.772	34.828
1.095	15.773	34.830
1.095	15.770	34.829
1.096	15.791	34.829
1.096	15.796	34.826
1.097	15.800	34.829
1.097	15.810	34.830
1.097	15.816	34.828
1.098	15.824	34.829
1.099	15.832	34.829
1.099	15.840	34.826
1.099	15.840	34.828
1.099	15.842	34.825
1.100	15.860	34.829
1.100	15.868	34.827
1.100	15.872	34.828
1.101	15.874	34.828
1.101	15.884	34.825
1.102	15.890	34.827
1.102	15.894	34.828
1.102	15.898	34.826
1.103	15.885	34.825
1.103	15.900	34.824
1.103	15.905	34.827
1.104	15.906	34.825
1.104	15.906	34.827
1.105	15.906	34.827
1.105	15.908	34.827
1.106	15.917	34.825
1.106	15.926	34.825
1.106	15.927	34.826
1.107	15.934	34.826
1.108	15.955	34.824
1.108	15.965	34.825
1.109	15.967	34.823
1.109	15.967	34.824
1.109	15.970	34.823
1.110	15.975	34.825
1.111	15.988	34.825
1.111	15.999	34.823
1.112	16.007	34.821
1.113	16.037	34.824
1.114	16.052	34.823
1.115	16.061	34.825
1.115	16.063	34.825
1.115	16.067	34.825
1.116	16.074	34.825
1.117	16.079	34.824
1.117	16.088	34.824
1.117	16.087	34.824
1.117	16.084	34.824
1.118	16.108	34.821
1.118	16.117	34.823
1.119	16.125	34.823
1.119	16.133	34.823
1.120	16.137	34.822
1.120	16.141	34.824
1.120	16.146	34.822
1.121	16.151	34.821
1.121	16.162	34.822
1.121	16.169	34.822
1.123	16.172	34.821
1.123	16.190	34.822
1.123	16.197	34.823
1.124	16.199	34.821
1.124	16.201	34.823
1.124	16.203	34.821
1.124	16.211	34.821
1.124	16.218	34.820
1.125	16.206	34.820
1.125	16.225	34.822
1.124	16.232	34.822
1.124	16.235	34.822
1.125	16.238	34.822
1.125	16.240	34.822
1.126	16.246	34.820
1.126	16.250	34.819
1.126	16.254	34.820
1.126	16.248	34.821
1.127	16.254	34.819
1.127	16.268	34.818
1.127	16.272	34.821
1.127	16.280	34.821
1.128	16.284	34.823
1.128	16.287	34.820
1.128	16.293	34.819
1.129	16.300	34.819
1.130	16.305	34.821
1.130	16.305	34.819
1.130	16.323	34.820
1.130	16.328	34.821
1.130	16.333	34.820
1.130	16.339	34.820
1.131	16.342	34.819
1.131	16.345	34.820
1.132	16.350	34.820
1.133	16.357	34.819
1.133	16.347	34.819
1.134	16.352	34.821
1.134	16.365	34.819
1.134	16.367	34.820
1.135	16.371	34.819
1.135	16.370	34.819
1.136	16.373	34.820
1.136	16.380	34.820
1.136	16.383	34.819
1.137	16.392	34.819
1.137	16.399	34.819
1.137	16.406	34.818
1.137	16.415	34.821
1.138	16.418	34.820
1.138	16.421	34.818
1.138	16.422	34.819
1.139	16.424	34.819
1.139	16.426	34.820
1.139	16.431	34.818
1.140	16.436	34.820
1.141	16.438	34.817
1.141	16.455	34.819
1.142	16.460	34.819
1.142	16.466	34.818
1.142	16.472	34.818
1.142	16.477	34.819
1.143	16.483	34.819
1.143	16.489	34.820
1.144	16.492	34.819
1.144	16.481	34.818
1.144	16.496	34.819
1.144	16.506	34.818
1.145	16.514	34.817
1.145	16.518	34.818
1.145	16.520	34.819
1.145	16.525	34.818
1.146	16.530	34.817
1.146	16.531	34.818
1.146	16.527	34.820
1.146	16.523	34.817
1.146	16.544	34.818
1.147	16.549	34.818
1.147	16.554	34.818
1.147	16.564	34.818
1.148	16.566	34.817
1.149	16.574	34.819
1.150	16.588	34.818
1.150	16.602	34.817
1.151	16.606	34.820
1.151	16.612	34.818
1.151	16.626	34.819
1.151	16.626	34.819
1.151	16.630	34.819
1.152	16.631	34.817
1.152	16.635	34.818
1.152	16.638	34.817
1.152	16.642	34.818
1.152	16.645	34.818
1.152	16.644	34.817
1.152	16.647	34.817
1.152	16.647	34.817
1.152	16.648	34.818
1.153	16.651	34.816
1.153	16.651	34.817
1.154	16.659	34.816
1.153	16.663	34.816
1.154	16.670	34.816
1.155	16.662	34.818
1.155	16.663	34.816
1.155	16.676	34.819
1.155	16.681	34.819
1.155	16.687	34.816
1.156	16.689	34.817
1.156	16.696	34.816
1.156	16.699	34.817
1.156	16.701	34.816
1.156	16.697	34.818
1.156	16.688	34.817
1.156	16.704	34.819
1.156	16.705	34.818
1.156	16.706	34.817
1.156	16.709	34.814
1.157	16.715	34.815
1.158	16.725	34.816
1.158	16.734	34.816
1.158	16.736	34.817
1.158	16.720	34.816
1.158	16.737	34.817
1.158	16.745	34.817
1.158	16.747	34.818
1.158	16.749	34.815
1.158	16.747	34.815
1.159	16.748	34.815
1.158	16.755	34.816
1.159	16.760	34.816
1.159	16.769	34.817
1.160	16.762	34.814
1.161	16.789	34.814
1.162	16.802	34.818
1.162	16.810	34.820
1.163	16.818	34.816
1.163	16.820	34.816
1.164	16.821	34.815
1.165	16.824	34.815
1.165	16.831	34.816
1.166	16.834	34.816
1.167	16.844	34.816
1.167	16.852	34.817
1.168	16.857	34.817
1.168	16.864	34.818
1.168	16.872	34.817
1.168	16.880	34.818
1.169	16.886	34.812
1.169	16.895	34.817
1.170	16.899	34.817
1.170	16.888	34.816
1.171	16.892	34.815
1.171	16.892	34.817
1.171	16.898	34.816
1.172	16.908	34.814
1.172	16.916	34.813
1.172	16.927	34.817
1.172	16.931	34.816
1.173	16.941	34.816
1.174	16.950	34.816
1.174	16.955	34.816
1.175	16.944	34.815
1.175	16.967	34.816
1.175	16.979	34.815
1.176	16.987	34.814
1.176	16.992	34.814
1.176	16.997	34.816
1.177	17.003	34.816
1.178	17.006	34.816
1.177	16.997	34.813
1.177	17.008	34.816
1.178	17.027	34.816
1.178	17.031	34.815
1.179	17.038	34.815
1.179	17.042	34.814
1.180	17.045	34.814
1.180	17.048	34.815
1.180	17.053	34.814
1.180	17.059	34.815
1.181	17.050	34.813
1.181	17.060	34.815
1.181	17.077	34.815
1.182	17.083	34.814
1.182	17.094	34.814
1.182	17.098	34.813
1.182	17.099	34.814
1.182	17.102	34.813
1.183	17.109	34.815
1.183	17.104	34.813
1.183	17.111	34.815
1.184	17.126	34.816
1.184	17.131	34.815
1.185	17.138	34.814
1.186	17.144	34.814
1.185	17.151	34.812
1.185	17.157	34.813
1.185	17.163	34.813
1.186	17.165	34.812
1.186	17.158	34.814
1.186	17.180	34.815
1.186	17.188	34.815
1.186	17.199	34.815
1.186	17.200	34.811
1.186	17.203	34.815
1.186	17.206	34.816
1.186	17.213	34.813
1.187	17.220	34.815
1.187	17.229	34.814
1.188	17.228	34.813
1.189	17.235	34.814
1.189	17.259	34.814
1.190	17.268	34.814
1.191	17.273	34.814
1.192	17.277	34.814
1.192	17.285	34.812
1.193	17.294	34.811
1.193	17.297	34.811
1.193	17.286	34.812
1.194	17.308	34.813
1.194	17.310	34.814
1.195	17.313	34.814
1.195	17.320	34.813
1.196	17.325	34.812
1.197	17.334	34.811
1.197	17.341	34.813
1.198	17.346	34.812
1.198	17.350	34.813
1.198	17.350	34.810
1.199	17.353	34.811
1.200	17.383	34.813
1.201	17.391	34.811
1.201	17.395	34.811
1.201	17.395	34.812
1.201	17.397	34.810
1.202	17.403	34.812
1.202	17.407	34.809
1.202	17.407	34.813
1.203	17.411	34.811
1.203	17.419	34.812
1.203	17.431	34.810
1.204	17.445	34.811
1.205	17.452	34.811
1.205	17.460	34.812
1.206	17.468	34.810
1.207	17.480	34.809
1.207	17.471	34.811
1.207	17.474	34.811
1.207	17.493	34.812
1.208	17.501	34.810
1.209	17.508	34.811
1.208	17.511	34.809
1.209	17.515	34.810
1.209	17.518	34.810
1.209	17.526	34.809
1.210	17.534	34.807
1.210	17.521	34.808
1.210	17.539	34.810
1.210	17.542	34.808
1.210	17.542	34.810
1.210	17.543	34.806
1.211	17.547	34.808
1.211	17.553	34.809
1.211	17.562	34.810
1.211	17.567	34.807
1.212	17.573	34.807
1.211	17.568	34.805
1.211	17.563	34.806
1.210	17.578	34.808
1.211	17.581	34.807
1.211	17.578	34.809
1.212	17.580	34.807
1.211	17.581	34.807
1.211	17.579	34.808
1.211	17.583	34.808
1.211	17.585	34.808
1.212	17.589	34.806
1.212	17.576	34.806
1.212	17.597	34.808
1.213	17.602	34.806
1.213	17.603	34.808
1.213	17.606	34.806
1.214	17.615	34.807
1.214	17.625	34.805
1.214	17.624	34.805
1.215	17.629	34.804
1.215	17.650	34.806
1.215	17.655	34.807
1.215	17.662	34.807
1.216	17.663	34.805
1.215	17.664	34.806
1.215	17.673	34.807
1.215	17.682	34.805
1.216	17.687	34.805
1.216	17.676	34.802
1.216	17.707	34.804
1.219	17.725	34.804
1.220	17.737	34.805
1.222	17.745	34.802
1.222	17.749	34.805
1.224	17.753	34.801
1.225	17.760	34.804
1.225	17.764	34.803
1.226	17.753	34.800
1.227	17.765	34.803
1.227	17.782	34.802
1.228	17.792	34.803
1.229	17.803	34.804
1.230	17.816	34.802
1.231	17.827	34.804
1.231	17.842	34.802
1.232	17.853	34.802
1.232	17.860	34.803
1.233	17.868	34.799
1.233	17.858	34.800
1.235	17.888	34.799
1.235	17.906	34.805
1.236	17.916	34.802
1.236	17.925	34.802
1.236	17.939	34.802
1.237	17.948	34.800
1.238	17.957	34.799
1.238	17.960	34.797
1.238	17.967	34.803
1.238	17.966	34.799
1.239	17.960	34.800
1.239	17.988	34.800
1.239	17.995	34.799
1.240	18.005	34.799
1.241	18.022	34.802
1.240	18.030	34.802
1.241	18.036	34.798
1.242	18.022	34.799
1.242	18.045	34.801
1.243	18.056	34.799
1.243	18.064	34.800
1.243	18.072	34.798
1.243	18.076	34.797
1.243	18.080	34.800
1.244	18.085	34.798
1.244	18.091	34.802
1.244	18.091	34.800
1.245	18.098	34.799
1.246	18.126	34.795
1.247	18.136	34.795
1.247	18.151	34.796
1.247	18.154	34.797
1.247	18.161	34.796
1.247	18.164	34.795
1.248	18.166	34.797
1.248	18.171	34.794
1.249	18.159	34.794
1.250	18.186	34.798
1.251	18.192	34.796
1.252	18.206	34.794
1.254	18.219	34.795
1.254	18.227	34.792
1.255	18.234	34.794
1.255	18.239	34.793
1.256	18.249	34.794
1.257	18.258	34.793
1.257	18.258	34.794
1.258	18.259	34.793
1.259	18.285	34.793
1.259	18.293	34.791
1.260	18.300	34.790
1.261	18.316	34.792
1.261	18.336	34.790
1.262	18.356	34.793
1.263	18.375	34.793
1.263	18.384	34.792
1.263	18.404	34.790
1.265	18.403	34.789
1.265	18.417	34.794
1.266	18.430	34.792
1.266	18.443	34.790
1.267	18.456	34.790
1.267	18.464	34.790
1.268	18.466	34.791
1.268	18.453	34.789
1.270	18.476	34.788
1.271	18.494	34.790
1.271	18.505	34.793
1.274	18.516	34.791
1.274	18.520	34.793
1.274	18.530	34.791
1.275	18.536	34.789
1.275	18.542	34.789
1.276	18.556	34.788
1.277	18.557	34.788
1.277	18.591	34.788
1.278	18.608	34.790
1.277	18.619	34.790
1.278	18.634	34.788
1.280	18.647	34.786
1.281	18.660	34.788
1.282	18.671	34.787
1.282	18.678	34.788
1.282	18.668	34.788
1.283	18.690	34.785
1.284	18.700	34.786
1.285	18.702	34.787
1.286	18.713	34.786
1.286	18.720	34.788
1.287	18.726	34.785
1.287	18.732	34.786
1.287	18.736	34.785
1.287	18.739	34.783
1.287	18.731	34.784
1.287	18.753	34.785
1.288	18.760	34.787
1.289	18.762	34.787
1.288	18.764	34.786
1.288	18.764	34.787
1.289	18.770	34.788
1.289	18.777	34.784
1.289	18.779	34.787
1.290	18.791	34.783
1.292	18.817	34.786
1.293	18.823	34.783
1.294	18.831	34.784
1.295	18.852	34.786
1.296	18.867	34.784
1.296	18.876	34.785
1.296	18.882	34.782
1.296	18.888	34.782
1.297	18.894	34.784
1.298	18.903	34.785
1.298	18.909	34.784
1.298	18.918	34.784
1.299	18.929	34.785
1.299	18.936	34.782
1.300	18.936	34.784
1.300	18.938	34.783
1.300	18.937	34.783
1.299	18.938	34.786
1.299	18.921	34.781
1.299	18.937	34.781
1.299	18.941	34.782
1.299	18.942	34.782
1.299	18.950	34.781
1.300	18.962	34.782
1.302	18.971	34.781
1.304	18.979	34.783
1.303	18.982	34.781
1.304	18.976	34.779
1.304	18.976	34.789
1.304	19.006	34.792
1.305	19.021	34.792
1.305	19.040	34.785
1.306	19.049	34.784
1.305	19.057	34.783
1.305	19.065	34.786
1.306	19.069	34.784
1.307	19.071	34.783
1.308	19.066	34.780
1.307	19.092	34.786
1.308	19.096	34.782
1.307	19.104	34.783
1.308	19.111	34.783
1.308	19.116	34.783
1.309	19.123	34.785
1.310	19.128	34.781
1.311	19.140	34.782
1.312	19.149	34.782
1.313	19.159	34.784
1.314	19.170	34.783
1.314	19.177	34.782
1.315	19.181	34.783
1.315	19.194	34.783
1.316	19.204	34.783
1.316	19.213	34.783
1.317	19.217	34.784
1.318	19.227	34.782
1.318	19.233	34.782
1.319	19.239	34.784
1.319	19.249	34.782
1.320	19.255	34.783
1.320	19.272	34.782
1.321	19.292	34.783
1.322	19.306	34.782
1.322	19.314	34.780
1.323	19.321	34.783
1.322	19.317	34.777
1.322	19.311	34.781
1.322	19.335	34.779
1.323	19.339	34.780
1.323	19.344	34.782
1.324	19.347	34.779
1.324	19.349	34.782
1.325	19.357	34.782
1.325	19.362	34.779
1.325	19.374	34.781
1.327	19.370	34.781
1.327	19.393	34.779
1.328	19.411	34.778
1.328	19.422	34.780
1.329	19.430	34.781
1.329	19.434	34.779
1.329	19.437	34.779
1.330	19.439	34.778
1.330	19.440	34.780
1.329	19.430	34.781
1.328	19.425	34.778
1.329	19.445	34.778
1.329	19.450	34.778
1.328	19.462	34.776
1.329	19.470	34.778
1.330	19.474	34.778
1.331	19.480	34.780
1.331	19.481	34.779
1.331	19.482	34.780
1.331	19.488	34.777
1.332	19.494	34.776
1.332	19.507	34.777
1.333	19.532	34.778
1.334	19.553	34.778
1.335	19.561	34.779
1.336	19.572	34.777
1.336	19.581	34.776
1.338	19.591	34.778
1.339	19.595	34.776
1.340	19.582	34.776
1.341	19.606	34.778
1.341	19.607	34.776
1.342	19.608	34.778
1.342	19.611	34.776
1.343	19.616	34.776
1.344	19.624	34.780
1.345	19.636	34.776
1.344	19.646	34.777
1.345	19.636	34.776
1.345	19.651	34.777
1.345	19.666	34.777
1.346	19.672	34.776
1.346	19.677	34.774
1.346	19.686	34.777
1.347	19.692	34.777
1.348	19.700	34.774
1.348	19.704	34.778
1.349	19.709	34.777
1.349	19.712	34.776
1.349	19.695	34.776
1.349	19.718	34.777
1.350	19.726	34.775
1.350	19.738	34.776
1.350	19.749	34.774
1.351	19.764	34.777
1.352	19.775	34.776
1.353	19.784	34.777
1.353	19.770	34.775
1.353	19.791	34.774
1.354	19.810	34.773
1.354	19.817	34.776
1.354	19.825	34.774
1.354	19.826	34.775
1.354	19.832	34.774
1.354	19.839	34.774
1.355	19.847	34.775
1.355	19.856	34.773
1.356	19.870	34.775
1.357	19.882	34.772
1.358	19.891	34.772
1.358	19.902	34.775
1.359	19.914	34.777
1.359	19.927	34.775
1.360	19.937	34.775
1.361	19.947	34.772
1.361	19.960	34.774
1.362	19.971	34.773
1.362	19.977	34.774
1.362	19.982	34.774
1.363	19.994	34.772
1.363	20.009	34.774
1.363	20.009	34.776
1.364	20.016	34.771
1.364	20.020	34.775
1.364	20.028	34.774
1.364	20.026	34.775
1.366	20.018	34.773
1.367	20.045	34.772
1.367	20.050	34.775
1.368	20.060	34.773
1.368	20.069	34.772
1.369	20.080	34.773
1.371	20.082	34.771
1.371	20.093	34.773
1.372	20.104	34.774
1.373	20.117	34.772
1.374	20.113	34.773
1.375	20.125	34.773
1.376	20.152	34.772
1.375	20.155	34.772
1.375	20.156	34.770
1.376	20.160	34.771
1.376	20.163	34.771
1.376	20.166	34.771
1.377	20.172	34.769
1.377	20.162	34.772
1.378	20.190	34.772
1.378	20.203	34.772
1.379	20.207	34.769
1.380	20.213	34.770
1.379	20.216	34.770
1.380	20.221	34.773
1.380	20.227	34.769
1.380	20.231	34.769
1.381	20.238	34.769
1.381	20.251	34.771
1.381	20.255	34.769
1.382	20.261	34.770
1.382	20.265	34.772
1.382	20.274	34.769
1.383	20.278	34.770
1.382	20.287	34.770
1.384	20.294	34.769
1.385	20.298	34.768
1.386	20.294	34.768
1.386	20.325	34.770
1.386	20.328	34.770
1.386	20.333	34.766
1.387	20.339	34.767
1.388	20.347	34.769
1.388	20.355	34.768
1.388	20.368	34.769
1.389	20.382	34.769
1.390	20.377	34.768
1.390	20.385	34.768
1.390	20.411	34.769
1.391	20.421	34.768
1.391	20.427	34.768
1.391	20.430	34.768
1.392	20.435	34.765
1.392	20.435	34.768
1.392	20.435	34.769
1.392	20.439	34.764
1.392	20.421	34.767
1.393	20.448	34.769
1.393	20.463	34.768
1.394	20.478	34.768
1.395	20.488	34.765
1.395	20.499	34.767
1.396	20.505	34.766
1.396	20.511	34.767
1.396	20.514	34.767
1.396	20.520	34.766
1.397	20.523	34.764
1.397	20.519	34.765
1.399	20.549	34.767
1.399	20.558	34.767
1.400	20.568	34.764
1.400	20.572	34.764
1.401	20.578	34.767
1.402	20.581	34.766
1.402	20.584	34.764
1.403	20.572	34.766
1.404	20.594	34.764
1.404	20.600	34.765
1.405	20.612	34.764
1.405	20.621	34.765
1.405	20.630	34.762
1.406	20.639	34.765
1.406	20.644	34.764
1.406	20.654	34.761
1.407	20.658	34.762
1.407	20.666	34.764
1.408	20.676	34.764
1.410	20.698	34.764
1.411	20.718	34.764
1.412	20.738	34.764
1.413	20.749	34.763
1.414	20.756	34.762
1.414	20.768	34.761
1.415	20.780	34.764
1.416	20.768	34.760
1.415	20.781	34.764
1.416	20.801	34.763
1.416	20.810	34.762
1.417	20.825	34.761
1.417	20.841	34.763
1.419	20.859	34.760
1.421	20.891	34.760
1.423	20.913	34.762
1.423	20.928	34.760
1.424	20.927	34.761
1.424	20.962	34.761
1.425	20.969	34.760
1.425	20.979	34.761
1.426	20.983	34.761
1.426	20.988	34.760
1.426	20.993	34.761
1.427	20.996	34.761
1.428	21.007	34.759
1.430	20.993	34.757
1.430	21.018	34.759
1.431	21.022	34.760
1.432	21.026	34.761
1.433	21.036	34.760
1.434	21.040	34.760
1.435	21.046	34.757
1.435	21.050	34.759
1.436	21.052	34.757
1.436	21.051	34.757
1.436	21.040	34.756
1.436	21.059	34.757
1.438	21.068	34.755
1.439	21.073	34.758
1.440	21.082	34.757
1.442	21.085	34.757
1.443	21.090	34.756
1.444	21.093	34.757
1.444	21.096	34.756
1.444	21.095	34.758
1.445	21.098	34.755
1.445	21.103	34.756
1.446	21.106	34.758
1.446	21.110	34.756
1.448	21.112	34.758
1.449	21.118	34.757
1.450	21.121	34.754
1.451	21.127	34.761
1.451	21.127	34.756
1.451	21.108	34.757
1.451	21.130	34.756
1.452	21.136	34.754
1.452	21.138	34.754
1.453	21.139	34.754
1.453	21.139	34.753
1.454	21.141	34.757
1.454	21.143	34.754
1.455	21.143	34.755
1.456	21.135	34.755
1.456	21.128	34.756
1.457	21.153	34.754
1.458	21.154	34.758
1.459	21.156	34.753
1.459	21.154	34.757
1.459	21.155	34.754
1.460	21.156	34.755
1.461	21.156	34.753
1.461	21.156	34.754
1.461	21.137	34.754
1.462	21.163	34.756
1.462	21.165	34.756
1.463	21.165	34.755
1.464	21.167	34.754
1.464	21.166	34.755
1.464	21.166	34.754
1.464	21.167	34.756
1.465	21.167	34.754
1.465	21.164	34.752
1.466	21.151	34.753
1.467	21.176	34.753
1.467	21.178	34.751
1.468	21.179	34.754
1.469	21.179	34.752
1.469	21.181	34.753
1.470	21.182	34.753
1.470	21.184	34.754
1.471	21.190	34.750
1.471	21.187	34.754
1.471	21.188	34.752
1.472	21.190	34.752
1.472	21.191	34.751
1.474	21.196	34.749
1.475	21.194	34.753
1.475	21.195	34.751
1.475	21.197	34.753
1.475	21.199	34.754
1.476	21.198	34.754
1.477	21.182	34.752
1.478	21.208	34.749
1.479	21.212	34.751
1.480	21.215	34.753
1.481	21.217	34.750
1.481	21.216	34.752
1.481	21.219	34.755
1.481	21.222	34.753
1.482	21.224	34.750
1.483	21.208	34.753
1.485	21.219	34.750
1.486	21.233	34.752
1.487	21.238	34.752
1.488	21.237	34.751
1.488	21.240	34.752
1.489	21.240	34.752
1.490	21.240	34.749
1.490	21.240	34.754
1.491	21.233	34.748
1.493	21.230	34.753
1.495	21.256	34.750
1.495	21.257	34.749
1.496	21.257	34.750
1.496	21.260	34.752
1.496	21.257	34.751
1.497	21.259	34.748
1.497	21.261	34.751
1.497	21.263	34.750
1.498	21.246	34.752
1.499	21.264	34.751
1.500	21.271	34.751
1.500	21.270	34.752
1.501	21.272	34.750
1.502	21.273	34.748
1.502	21.272	34.750
1.503	21.272	34.752
1.503	21.274	34.750
1.503	21.271	34.751
1.503	21.272	34.749
1.504	21.271	34.751
1.504	21.272	34.750
1.506	21.270	34.750
1.506	21.273	34.750
1.507	21.271	34.748
1.508	21.272	34.748
1.509	21.273	34.751
1.509	21.273	34.752
1.509	21.255	34.751
1.510	21.252	34.751
1.511	21.273	34.746
1.512	21.274	34.746
1.513	21.275	34.748
1.512	21.273	34.749
1.513	21.274	34.749
1.513	21.273	34.749
1.514	21.273	34.749
1.514	21.267	34.748
1.514	21.250	34.747
1.515	21.275	34.747
1.515	21.275	34.749
1.515	21.274	34.748
1.515	21.273	34.750
1.516	21.273	34.750
1.518	21.272	34.749
1.518	21.272	34.749
1.519	21.274	34.747
1.520	21.251	34.749
1.519	21.266	34.749
1.520	21.275	34.749
1.520	21.274	34.748
1.521	21.276	34.747
1.521	21.273	34.751
1.521	21.273	34.749
1.521	21.272	34.750
1.522	21.274	34.747
1.523	21.273	34.749
1.525	21.251	34.750
1.525	21.272	34.750
1.525	21.273	34.748
1.526	21.272	34.749
1.526	21.272	34.748
1.526	21.273	34.750
1.526	21.272	34.749
1.527	21.272	34.748
1.527	21.274	34.747
1.527	21.259	34.749
1.527	21.253	34.752
1.527	21.273	34.750
1.528	21.273	34.750
1.527	21.274	34.748
1.528	21.274	34.752
1.529	21.273	34.748
1.528	21.272	34.751
1.528	21.272	34.749
1.529	21.271	34.750
1.529	21.250	34.751
1.528	21.262	34.750
1.529	21.273	34.749
1.528	21.274	34.750
1.528	21.274	34.752
1.528	21.271	34.749
1.528	21.271	34.750
1.528	21.271	34.751
1.528	21.271	34.748
1.528	21.259	34.749
1.529	21.251	34.750
1.528	21.270	34.753
1.529	21.271	34.751
1.528	21.271	34.750
1.528	21.268	34.752
1.528	21.268	34.750
1.527	21.267	34.751
1.527	21.268	34.748
1.528	21.267	34.750
1.527	21.246	34.751
1.528	21.268	34.750
1.528	21.269	34.751
1.528	21.270	34.750
1.528	21.269	34.750
1.527	21.268	34.749
1.528	21.268	34.750
1.528	21.268	34.751
1.528	21.269	34.750
1.528	21.246	34.751
1.529	21.265	34.753
1.528	21.272	34.751
1.527	21.269	34.750
1.527	21.269	34.749
1.528	21.269	34.752
1.527	21.269	34.749
1.528	21.270	34.751
1.527	21.270	34.751
1.528	21.270	34.748
