0.000516398
0.000363137
0.00046291
0.000363137
0.00057735
0.000516398
0.00046291
0.000516398
0.00046291
0.000522233
0.000512989
0.0005
0.000513553
0.000801315
0.000516398
0.00057735
0.00057735
0.000516398
0.000516398
0.000758395
0.000526361
0.00046291
0.000492366
0.00057735
0.00057735
0.000485071
0.000341565
0.000421637
0.000864438
0.000516398
0.00057735
0.00057735
0.000516398
0.000421637
0.00057735
0.00057735
0.000516398
0.00057735
0.000886405
0.000788811
0.000717741
0.00057735
0.000717741
0.00046291
0.00057735
0.00057735
0.000516398
0.000666667
0.00057735
0.00057735
0.00057735
0.00057735
0.00057735
0.000516398
0.00057735
0.00046291
0.000666667
0.000516398
0.00057735
0.00057735
0.000894427
0.00057735
0.00057735
0.000516398
0.000534522
0.000516398
0.000516398
0.00057735
0.00057735
0.00057735
0.00057735
0.000755929
0.00057735
0.000516398
0.00057735
0.000389249
0.00057735
0.000516398
0.00046291
0.00057735
0.00057735
0.000516398
0.000516398
0.00057735
0.00057735
0.00057735
0.000516398
0.00057735
0.00057735
0.00057735
0.00057735
0.000516398
0.000516398
0.00057735
0.000516398
0.000516398
0.00057735
0.00057735
0.00057735
0.00046291
0.000516398
0.000886405
0.0011547
0.000666667
0.000436436
0.000341565
0.000513553
0.000389249
0.000685994
0.000492366
0.000363137
0.000341565
0.000603023
0.000468807
0.000389249
0.0005
0.000468807
0.00046291
0.000516398
0.000516398
0.000516398
0.000389249
0.000447214
0.000666667
0.00057735
0.00057735
0.000755929
0.000534522
0.000516398
0.000363137
0.000516398
0.000492366
0.00057735
0.00057735
0.000894427
0.00057735
0.00057735
0.00057735
0.000516398
0.00173205
0.00057735
0.00057735
0.00057735
0.00057735
0.00057735
0.00057735
0.00057735
0.00046291
0.00057735
0.00057735
0.000516398
0.0011547
0.00057735
0.0011547
0.00057735
0.00046291
0.00057735
0.0023094
0.00046291
0.00057735
0.00057735
0.000534522
0.000755929
0.0011547
0.000516398
0.00057735
0.00057735
0.000516398
0.00057735
0.0010328
0.00131426
0.00173205
0.00057735
0.000534522
0.00057735
0.00057735
0.0018619
0.0010328
0.00057735
0.00057735
0.0011547
0.0010328
0.000516398
0.000516398
0.00057735
0.000534522
0.00057735
0.00057735
0.000516398
0.000516398
0.00057735
0.000516398
0.000516398
0.0011547
0.00057735
0.000894427
0.00057735
0.000534522
0.00057735
0.00046291
0.0011547
0.00057735
0.000516398
0.000894427
0.00057735
0.000516398
0.0010328
0.00057735
0.0011547
0.00057735
0.00154919
0.00057735
0.000516398
0.00057735
0.00416619
0.00057735
0.00057735
0.00057735
0.00057735
0.0010328
0.0023094
0.00057735
0.0011547
0.00288675
0.00173205
0.0011547
0.0010328
0.00057735
0.00057735
0.0034641
0.0011547
0.00057735
0.000516398
0.00057735
0.000894427
0.0046188
0.0011547
0.00173205
0.00206559
0.00173205
0.000516398
0.000516398
0.000516398
0.00057735
0.00057735
0.00057735
0.000516398
0.000516398
0.0034641
0.0010328
0.00225093
0.00057735
0.0023094
0.00254733
0.00057735
0.00057735
0.00396653
0.0011547
0.00057735
0.00057735
0.00057735
0.0011547
0.00057735
0.0011547
0.000666667
0.0011547
0.000534522
0.00057735
0.00057735
0.0010328
0.0023094
0.0011547
0.00057735
0.00116496
0.00057735
0.00057735
0.00057735
0.000516398
0.0010328
0.0011547
0.00057735
0.00288675
0.0011547
0.00173205
0.00154919
0.0011547
0.0010328
0.0011547
0.0011547
0.00057735
0.00057735
0.0011547
0.00519615
0.00057735
0.00057735
0.00519615
0.00057735
0.0011547
0.00057735
0.00057735
0.0011547
0.000894427
0.0011547
0.00173205
0.000516398
0.00057735
0.0011547
0.00057735
0.0023094
0.0011547
0.00057735
0.00288675
0.0011547
0.00057735
0.0011547
0.00519615
0.00057735
0.0023094
0.00516398
0.00057735
0.00057735
0.00173205
0.00057735
0.00057735
0.00136626
0.00046291
0.00175255
0.00057735
0.00057735
0.00173205
0.0011547
0.000516398
0.000894427
0.00057735
0.00057735
0.0057735
0.00288675
0.00173205
0.0046188
0.0011547
0.00177281
0.00057735
0.00057735
0.0010328
0.000516398
0.0023094
0.0011547
0.00389872
0.00178885
0.000894427
0.00138873
0.0011547
0.00057735
0.0011547
0.0023094
0.00057735
0.00173205
0.00173205
0.0023094
0.0011547
0.00136626
0.0011547
0.00519615
0.0011547
0.00173205
0.00057735
0.0023094
0.00288675
0.00173205
0.0011547
0.00057735
0.00057735
0.0011547
0.0034641
0.0034641
0.0010328
0.00057735
0.00057735
0.00057735
0.00057735
0.00057735
0.00057735
0.00519615
0.00544059
0.00057735
0.00173205
0.00057735
0.00728469
0.00057735
0.00178885
0.00173205
0.0023094
0.0011547
0.0011547
0.00057735
0.00173205
0.00057735
0.00225093
0.00868716
0.00818971
0.0023094
0.00057735
0.0121244
0.0011547
0.0011547
0.00057735
0.00057735
0.0034641
0.0011547
0.00635085
0.000886405
0.00894427
0.00288675
0.00508593
0.0080829
0.00057735
0.00635085
0.0011547
0.00288675
0.0011547
0.0057735
0.0011547
0.00173205
0.0080829
0.00057735
0.00173205
0.00057735
0.0011547
0.0011547
0.000516398
0.00267261
0.00519615
0.0010328
0.00273252
0.00288675
0.00136626
0.00173205
0.00288675
0.0023094
0.00046291
0.0034641
0.0011547
0.00225093
0.00536656
0.00057735
0.0212101
0.00866025
0.00288675
0.00057735
0.00136626
0.00301109
0.00850098
0.0092376
0.0069282
0.00519615
0.00595539
0.00057735
0.0080829
0.0069282
0.0032249
0.00173205
0.0010328
0.00519615
0.0046188
0.00404145
0.00866025
0.00288675
0.0023094
0.0011547
0.0152877
0.0196299
0.0010328
0.00519615
0.0178979
0.0023094
0.0023094
0.00288675
0.00057735
0.0023094
0.00288675
0.00981495
0.00647045
0.0138783
0.0023094
0.0023094
0.00750555
0.0214725
0.0034641
0.0011547
0.000516398
0.0023094
0.00638637
0.0190526
0.0011547
0.0225167
0.0011547
0.00595539
0.00539135
0.00635085
0.00536656
0.00314113
0.0011547
0.00750555
0.0092376
0.0023094
0.0032249
0.00288675
0.00404145
0.00273252
0.00404145
0.0046188
0.00635085
0.0046188
0.00750555
0.00173205
0.00288675
0.0046188
0.00519615
0.00288675
0.0046188
0.00057735
0.00245855
0.00154919
0.0011547
0.00173205
0.00288675
0.0254034
0.00409878
0.0011547
0.00750555
0.00057735
0.00266667
0.00508593
0.00173205
0.00057735
0.000516398
0.00057735
0.00981495
0.0103923
0.0162341
0.0069282
0.0011547
0.0034641
0.0253152
0.0046188
0.0057735
0.00635085
0.0057735
0.00057735
0.0057735
0.00212132
0.0046188
0.00497996
0.0271355
0.0057735
0.00981495
0.00519615
0.0011547
0.00136626
0.00173205
0.0023094
0.00781452
0.00707107
0.0037238
0.00204396
0.0034641
0.0184752
0.000755929
0.0011547
0.00519615
0.00539135
0.00288675
0.0011547
0.00750555
0.00136626
0.001
0.00424264
0.00288675
0.00635085
0.0173205
0.0090037
0.0034641
0.00057735
0.0046188
0.00568038
0.00173205
0.0178979
0.0219393
0.00497996
0.000707107
0.00057735
0.00173205
0.00236643
0.00288675
0.0057735
0.00357771
0.00707107
0.0034641
0.0034641
0.00288675
0.0034641
0.00581951
0.0080829
0.0011547
0.0046188
0.00519615
0.00353553
0.00777817
0.00212132
0.00389138
0.00314113
0.0069282
0.0046188
0.0080829
0.0011547
0.00626099
0.00981495
0.0034641
0.0069282
0.0040332
0.0023094
0.0046188
0.0034641
0.0288675
0.0034641
0.00636396
0.00404145
0.00288675
0.00212132
0.00173205
0.00173205
0.0046188
0.0023094
0.00494975
0.00635085
0.00635085
0.0034641
0.0057735
0.0276715
0.00675278
0.0069282
0.00370328
0.00173205
0.00494975
0.0069282
0.0046188
0.0023094
0.00057735
0.0034641
0.00282843
0.00777817
0.00450185
0.0057735
0.00866025
0.00848528
0.00173205
0.00519615
0.00282843
0.02498
0.0046188
0.0046188
0.00635085
0.00848528
0.00989949
0.0057735
0.00173205
0.0023094
0.00288675
0.0450333
0.0011547
0.00057735
0.00707107
0.0353553
0.00404145
0.0282902
0.00848528
0.00141421
0.00519615
0.0023094
0.0023094
0.00057735
0.0034641
0.00707107
0.00173205
0.00288675
0.0513842
0.0445477
0.000707107
0.00141421
0.00057735
0.00057735
0.0219393
0.0433013
0.0034641
0.0011547
0.00661168
0.0044121
0.023094
0.00707107
0.0069282
0.00154919
0.00636396
0.0069282
0.00503559
0.0103923
0.00288675
0.00519615
0.0253035
0.0265438
0.00694742
0.0277128
0.0262653
0.0011547
0.00492612
0.0040332
0.00057735
0.0247487
0.0018619
0.00619677
0.00519615
0.0057735
0.00848528
0.0034641
0.00750555
0.0092376
0.00635085
0.00282843
0.0034641
0.0023094
0.00519615
0.0023094
0.00750555
0.0034641
0.0046188
0.00288675
0.00057735
0.0360624
0.00494975
0.00057735
0.00404145
0.0023094
0.00519615
0.00635085
0.0057735
0.00404145
0.0080829
0.00141421
0.0352184
0.0034641
0.00288675
0.0034641
0.00173205
0.0092376
0.00057735
0.00494975
0.00848528
0.00675278
0.00519615
0.0069282
0.0263881
0.00565685
0.00141421
0.00288675
0.00424264
0.00282843
0.0516188
0.00282843
0.00450185
0.00173205
0.0034641
0.0023094
0.000707107
0.00287518
0.00491709
0.00057735
0.00636396
0.0046188
0.00848528
0.00282843
0.00404145
0.00212132
0.00519615
0.00057735
0.0023094
0.0046188
0.00353553
0.00848528
0.00519615
0.00057735
0.0069282
0.00288675
0.00818535
0.00494975
0.0103923
0.0080829
0.00707107
0.000707107
0.0023094
0.0103923
0.0046188
0.00282843
0.0034641
0.00287518
0.0011547
0.00057735
0.0084538
0.00403556
0.0090037
0.0034641
0.00404145
0.0034641
0.00519615
0.00141421
0.0421466
0.00848528
0.00353553
0.0034641
0.0069282
0.00338625
0.00848528
0.00141421
0.00288675
0.0011547
0.0042269
0.00981495
0.00389872
0.00288675
0.00424264
0.00494975
0.0069282
0.00497996
0.00057735
0.00353553
0.0023094
0.0011547
0.0080829
0.00424264
0.0450333
0.00499166
0.00282843
0.00314113
0.0438786
0.00636396
0.00981495
0.000516398
0.0018619
0.00404145
0.0109697
0.0057735
0.00519615
0.00424264
0.00635085
0.00170783
0.00494975
0.00404145
0.0459619
0.00404145
0.00424264
0.00254951
0.0023094
0.0057735
0.0057735
0.00314113
0.0023094
0.0023094
0.00848528
0.0023094
0.00092582
0.0018619
0.00212132
0.0023094
0.00424264
0.0046188
0.00057735
0.0011547
0.0282902
0.00404145
0.00707107
0.00282843
0.00404145
0.00494975
0.028416
0.0120208
0.00866025
0.0046188
0.00473286
0.00212132
0.00404145
0.00760701
0.0034641
0.00057735
0.00353553
0.00424264
0.00777817
0.00494975
0.00981495
0.0034641
0.00866025
0.00212132
0.00707107
0.0034641
0.00404145
0.0023094
0.0046188
0.00519615
0.00919239
0.0023094
0.00544059
0.00361478
0.00494975
0.00750555
0.0034641
0.00627922
0.0011547
0.00424264
0.0057735
0.00635085
0.0069282
0.00536656
0.00519615
0.0046188
0.0103923
0.0092376
0.0011547
0.00777817
0.00777817
0.0046188
0.0023094
0.0023094
0.0034641
0.00750555
0.0046188
0.00212132
0.00655744
0.00404145
0.00635085
0.0023094
0.00494975
0.0011547
0.0080829
0.00862168
0.0034641
0.00377492
0.00519615
0.0034641
0.00282843
0.0037238
0.0057735
0.00141421
0.00550757
0.00212132
0.00212132
0.00282843
0.0069282
0.0473762
0.00636396
0.00866025
0.0057735
0.00288675
0.00635085
0.0023094
0.00777817
0.0353553
0.00206559
0.00377964
0.00057735
0.0023094
0.00282843
0.00288675
0.011547
0.0046188
0.00404145
0.00361478
0.0034641
0.00288675
0.00750555
0.00802081
0.0011547
0.00565685
0.0011547
0.0023094
0.00288675
0.0023094
0.00404145
0.0034641
0.00494975
0.00707107
0.0042269
0.00404145
0.00057735
0.00212132
0.00981495
0.0311127
0.00636396
0.00989949
0.00057735
0.00546504
0.00141421
0.00141421
0.033234
0.00777817
0.00404145
0.00585947
0.00568624
0.0381838
0.0109697
0.00811583
0.00777817
0.00524087
0.00353553
0.0438406
0.00141421
0.0092376
0.00508593
0.0023094
0.00750555
0.0057735
0.00750555
0.00568038
0.0057735
0.0011547
0.0424264
0.00707107
0.00494975
0.0034641
0.0057735
0.00519615
0.00565685
0.00519615
0.0410122
0.0046188
0.0057735
0.00404145
0.00404145
0.00288675
0.0034641
0.000516398
0.00635085
0.00707107
0.0103923
0.0069282
0.00989949
0.00141421
0.00636396
0.00777817
0.0046188
0.0034641
0.00353553
0.0475843
0.00152753
0.00516398
0.00494975
0.00173205
0.00173205
0.00173205
0.0023094
0.00212132
0.00057735
0.0121244
0.00636396
0.000707107
0.501717
0.00586515
0.00206559
0.0034641
0.00565685
0.00635085
0.000894427
0.0023094
0.00057735
0.00309839
0.0010328
0.00057735
0.00057735
0.00519615
0.00848528
0.00519615
0.00981495
0.0494975
0.0023094
0.00212132
0.0480833
0.00519615
0.0103923
0.00308401
0.00282843
0.00282843
0.00282843
0.00141421
0.00404145
0.0011547
0.0034641
0.0034641
0.00750555
0.000516398
0.00497996
0.0325269
0.00361478
0.00057735
0.00173205
0.0034641
0.00424264
0.0010328
0.00057735
0.0011547
0.0037238
0.00212132
0.00057735
0.591207
0.00707107
0.00212132
0.00353553
0.00853229
0.00288675
0.000516398
0.00707107
0.00173205
0.0102762
0.0023094
0.00404145
0.0057735
0.00665833
0.00565685
0.596403
0.0069282
0.0046188
0.0023094
0.00450185
0.0403051
0.00819756
0.0080829
0.00811583
0.000707107
0.00404145
0.00456696
0.0034641
0.0046188
0.0424264
0.00777817
0.00565685
0.592361
0.0046188
0.00848528
0.00273252
0.0326956
0.00848528
0.00387298
0.00173205
0.00273252
0.52943
0.0069282
0.00750555
0.0080829
0.00565685
0.00282843
0.000707107
0.00173205
0.00635085
0.00057735
0.011547
0.00251661
0.00208167
0.0023094
0.00057735
0.00136626
0.00404145
0.0032249
0.00282843
0.518889
0.00777817
0.0109697
0.00472582
0.00707107
0.0424264
0.00777817
0.000707107
0.00450185
0.00173205
0.0023094
0.0011547
0.419505
0.00173205
0.00212132
0.00154919
0.00136626
0.00404145
0.00057735
0.0046188
0.00866025
0.00057735
0.00967471
0.000516398
0.00288675
0.00046291
0.00494975
0.0046188
0.549637
0.00565685
0.00212132
0.00636396
0.0401497
0.0132791
0.0057735
0.00565685
0.0046188
0.0384751
0.00848528
0.0046188
0.00282843
0.0034641
0.00353553
0.00494975
0.0046188
0.00365474
0.00212132
0.00519615
0.00282843
0.0551543
0.000707107
0.00424264
0.0473762
0.00519615
0.00636396
0.00282843
0.00494975
0.00771146
0.00636396
0.00288675
0.00282843
0.0057735
0.00636396
0.00450925
0.0092376
0.00707107
0.00848528
0.00288675
0.00288675
0.0011547
0.00707107
0.0459619
0.00424264
0.0023094
0.00353553
0.0011547
0.0061101
0.00288675
0.000816497
0.0046188
0.00981495
0.0080829
0.0023094
0.00565685
0.0057735
0.00707107
0.0106066
0.00636396
0.00288675
0.0011547
0.00494975
0.00777817
0.00848528
0.00057735
0.0069282
0.00707107
0.00282843
0.000707107
0.0011547
0.0480833
0.00282843
0.0034641
0.00404145
0.0034641
0.00057735
0.00173205
0.0011547
0.00919239
0.0011547
0.00522388
0.00774597
0.00404145
0.00277746
0.00445222
0.0010328
0.00636396
0.00544059
0.0011547
0.00288675
0.0148492
0.00565685
0.0046188
0.0080829
0.00777817
0.0057735
0.00707107
0.00057735
0.00141421
0.013435
0.0023094
0.0069282
0.00635085
0.00565685
0.00818535
0.00288675
0.0069282
0.00057735
0.00288675
0.00866025
0.00492612
0.00750555
0.0018619
0.00288675
0.00057735
0.0011547
0.00264575
0.00212132
0.0046188
0.00660627
0.0023094
0.00404145
0.00282843
0.00424264
0.00404145
0.00282843
0.00494975
0.0327159
0.0360624
0.00208167
0.00288675
0.0109697
0.00636396
0.00508593
0.0367696
0.0064291
0.000707107
0.00173205
0.0057735
0.00353553
0.002
0.000707107
0.00989949
0.000707107
0.00141421
0.00494975
0.00212132
0.00353553
0.0069282
0.00057735
0.00707107
0.00424264
0.00777817
0.0069282
0.00353553
0.0023094
0.00565685
0.0424264
0.00710634
0.0011547
0.00282843
0.00353553
0.00173205
0.00142984
0.000522233
0.00252357
0.00209364
0.000704792
0.00228092
0.00287518
0.00119523
0.0034641
0.00173205
0.00546504
0.0034641
0.00424264
0.00141421
0.00173205
0.000516398
0.00226779
0.00057735
0.00671317
0.00057735
0.0034641
0.0431335
0.00305505
0.00212132
0.00494975
0.0046188
0.00404145
0.0069282
0.00494975
0.00565685
0.0046188
0.00353553
0.00212132
0.00057735
0.00544059
0.0023094
0.00424264
0.00305505
0.00494975
0.0046828
0.039598
0.00173205
0.00357571
0.00389872
0.0034641
0.00353553
0.00353553
0.00353553
0.00212132
0.0057735
0.00707107
0.00353553
0.00282843
0.0034641
0.00424264
0.00919239
0.00635085
0.0516188
0.0034641
0.0023094
0.00519615
0.00636396
0.00586515
0.00449197
0.0034641
0.00212132
0.0516188
0.00635085
0.0032249
0.00565685
0.00404145
0.00550757
0.0069282
0.00571159
0.00417475
0.00217051
0.00136626
0.00707107
0.00777817
0.00282843
0.00212132
0.0046188
0.0023094
0.00282843
0.00635085
0.00508593
0.00353553
0.00565685
0.00494975
0.00282843
0.00494975
0.00519615
0.00707107
0.00282843
0.5404
0.00848528
0.0103923
0.00707107
0.00537742
0.0148492
0.0069282
0.00367575
0.00309839
0.00141421
0.00494975
0.00212132
0.00989949
0.0431335
0.00369685
0.00626099
0.000894427
0.0069282
0.00282843
0.00282843
0.00258199
0.00173205
0.00353553
0.00195505
0.0046188
0.00057735
0.00494975
0.00251661
0.0046188
0.00575036
0.00282843
0.00288675
0.000707107
0.00585947
0.00494975
0.00057735
0.039598
0.00141421
0.00494975
0.00273252
0.0046188
0.0057735
0.00904802
0.00565685
0.00737111
0.00519615
0.00303315
0.00465475
0.00404145
0.00282843
0.00141421
0.000707107
0.0011547
0.00057735
0.00288675
0.00565685
0.00057735
0.00404145
0.00519615
0.538668
0.00919239
0.00565685
0.00212132
0.00288675
0.0057735
0.0034641
0.00565685
0.00777817
0.00497996
0.00806639
0.00173205
0.544441
0.00848528
0.00636396
0.00750555
0.00635085
0.00288675
0.0034641
0.00389872
0.0410122
0.00404145
0.0057735
0.00519615
0.00353553
0.00278089
0.00057735
0.00057735
0.000937614
0.00404145
0.0046188
0.000707107
0.0034641
0.00707107
0.00424264
0.000707107
0.00680686
0.00404145
0.00404145
0.00130931
0.00057735
0.00141421
0.0358515
0.0023094
0.00898146
0.00404145
0.00057735
0.00173205
0.00472582
0.00251661
0.0106066
0.00208167
0.0046188
0.00707107
0.00919239
0.00636396
0.00057735
0.00404145
0.0011547
0.00288675
0.00546504
0.00057735
0.00707107
0.00351188
0.00251661
0.00424264
0.00494975
0.00636396
0.00057735
0.00141421
0.0046188
0.00636396
0.000707107
0.013435
0.00519615
0.00989949
0.00141421
0.0018619
0.00519615
0.00424264
0.00173205
0.00353553
0.0011547
0.0069282
0.00635085
0.0113137
0.00848528
0.0057735
0.00519615
0.00404145
0.00989949
0.0104435
0.00565685
0.013435
0.00057735
0.00565685
0.00212132
0.0509117
0.00314113
0.0010328
0.00287518
0.00057735
0.0080829
0.00519615
0.00404145
0.00288675
0.00282843
0.00288675
0.00141421
0.00635085
0.00282843
0.00635085
0.00635085
0.00424264
0.00707107
0.00777817
0.00636396
0.0138564
0.00353553
0.0057735
0.0150111
0.0386566
0.0011547
0.0311127
0.00057735
0.00057735
0.00458258
0.00519615
0.00866025
0.00494975
0.00424264
0.0106066
0.0410406
0.0069282
0.00424264
0.0445477
0.00494975
0.00539135
0.0046188
0.00141421
0.0034641
0.0473762
0.00750555
0.00404145
0.0046188
0.00288675
0.0051316
0.00989949
0.00684523
0.0388909
0.0034641
0.00404145
0.0046188
0.00424264
0.00942338
0.00636396
0.00357771
0.0046188
0.00173205
0.00404145
0.0069282
0.00353553
0.0046188
0.0057735
0.0092376
0.0057735
0.00251661
0.00173205
0.0551543
0.0046188
0.000707107
0.00404145
0.0523259
0.00282843
0.00777817
0.00173205
0.000707107
0.00636396
0.00404145
0.00057735
0.00424264
0.00424264
0.00404145
0.00057735
0.00324037
0.00250713
0.0080829
0.00806639
0.00647731
0.00930949
0.00173205
0.00636396
0.00636396
0.0487904
0.00636396
0.00989949
0.00707107
0.0034641
0.00519615
0.00466125
0.00324037
0.00636396
0.00251661
0.0509117
0.00404145
0.00282843
0.000894427
0.00919239
0.0537401
0.00848528
0.00282843
0.00494975
0.00353553
0.00404145
0.00707107
0.00866025
0.00424264
0.00494975
0.0023094
0.00635085
0.0023094
0.0135769
0.0046188
0.00619677
0.00758947
0.0099857
0.00057735
0.00424264
0.00565685
0.0069282
0.00424264
0.0010328
0.0057735
0.00519615
0.00057735
0.0057735
0.00424264
0.0037238
0.0069282
0.0040332
0.00424264
0.0121244
0.00057735
0.0118096
0.00314113
0.00494975
0.00565685
0.00424264
0.00494975
0.00057735
0.00519615
0.00707107
0.00282843
0.00173205
0.0452548
0.00404145
0.0011547
0.00654654
0.005058
0.00707107
0.00282843
0.00771146
0.0057735
0.00707107
0.0551543
0.00613052
0.00353553
0.0132791
0.00989949
0.0176777
0.00848528
0.00989949
0.00618241
0.00057735
0.0057735
0.00698979
0.00519615
0.0452548
0.0046188
0.00141421
0.0121244
0.00647045
0.00288675
0.00595539
0.0011547
0.00678233
0.00963933
0.00478714
0.0092376
0.0103923
0.0132791
0.00519615
0.00282843
0.00550757
0.00190863
0.00057735
0.0011547
0.0374767
0.00288675
0.00424264
0.00288675
0.0011547
0.00777817
0.00919239
0.00389872
0.00592814
0.00635085
0.0018619
0.00777817
0.0127017
0.00519615
0.0046188
0.00707107
0.0046188
0.00707107
0.00353553
0.0018619
0.00177281
0.00586515
0.00494975
0.00353553
0.00565685
0.0046188
0.00450925
0.00057735
0.046669
0.00141421
0.00626099
0.0643467
0.00282843
0.0127279
0.00565685
0.00057735
0.0056252
0.00636396
0.00141421
0.0069282
0.0103923
0.00781452
0.00494975
0.00288675
0.0106066
0.00723418
0.00057735
0.0069282
0.00282843
0.00130384
0.00565685
0.0034641
0.0010328
0.0010328
0.0119108
0.0044121
0.00777817
0.00057735
0.0544472
0.0046188
0.00707107
0.00636396
0.00424264
0.0107827
0.0057735
0.00519615
0.0080829
0.00636396
0.00273252
0.00173205
0.00424264
0.00707107
0.00458984
0.0011547
0.00173205
0.00544059
0.0075214
0.00707107
0.0069282
0.00404145
0.0080829
0.0011547
0.00850098
0.00565685
0.0034641
0.00173205
0.00443203
0.00608824
0.00173205
0.00404145
0.00424264
0.00353553
0.00989949
0.00508593
0.00848528
0.00353553
0.00355903
0.00212132
0.0678823
0.00282843
0.00212132
0.00636396
0.00565685
0.00424264
0.0120208
0.0011547
0.00141421
0.00288675
0.00636396
0.0069282
0.00536656
0.0558614
0.00424264
0.0034641
0.000707107
0.00141421
0.00565685
0.00141421
0.00549545
0.00707107
0.0069282
0.00811583
0.000516398
0.000516398
0.0046188
0.00424264
0.00141421
0.00173205
0.00919239
0.0579828
0.00777817
0.00288675
0.0011547
0.00288675
0.010315
0.0069282
0.00424264
0.0011547
0.0039734
0.00616802
0.00536656
0.0118096
0.0034641
0.00057735
0.019799
0.034356
0.000707107
0.0069282
0.0057735
0.00057735
0.00173205
0.0046188
0.00282843
0.00494975
0.00524087
0.00288675
0.00206155
0.00404145
0.00404145
0.00057735
0.00635085
0.00956382
0.00565685
0.00212132
0.0023094
0.00866025
0.00565685
0.00251661
0.00635085
0.00494975
0.00282843
0.000707107
0.0431335
0.00342261
0.00750555
0.0092376
0.0069282
0.00519615
0.00351188
0.0339411
0.00404145
0.00353553
0.00883176
0.00544059
0.00404145
0.00282843
0.000707107
0.0152403
0.00404145
0.000516398
0.00707107
0.0069282
0.00173205
0.0034641
0.00777817
0.00212132
0.00848528
0.0046188
0.00298608
0.00404145
0.0011547
0.00288675
0.00288675
0.00212132
0.00866025
0.00565685
0.00288675
0.00777817
0.0509117
0.0487904
0.028578
0.00530723
0.00057735
0.011547
0.00258199
0.00568038
0.00723418
0.00565685
0.00494975
0.00212132
0.00989949
0.00173205
0.00494975
0.00581951
0.00707107
0.00413118
0.00519615
0.00173205
0.00288675
0.00777817
0.00595539
0.00288675
0.00494975
0.00919239
0.0011547
0.00494975
0.0023094
0.00519615
0.00424264
0.01
0.00351188
0.00416333
0.053033
0.00160357
0.00523682
0.0011547
0.0127017
0.0034641
0.00288675
0.00848528
0.002
0.00152753
0.0544472
0.00707107
0.00212132
0.00519615
0.00519615
0.00494975
0.0042269
0.0034641
0.00981495
0.0057735
0.00750555
0.00539135
0.00378594
0.00282843
0.00173205
0.00568038
0.00173205
0.0057735
0.00268328
0.0034641
0.00212132
0.0092376
0.0103923
0.00919239
0.00141421
0.00353553
0.0011547
0.00141421
0.0092376
0.0011547
0.0046188
0.0057735
0.00848528
0.00866025
0.00057735
0.00472077
0.00424264
0.0011547
0.0046188
0.00707107
0.0586899
0.00057735
0.00173205
0.00141421
0.00378594
0.053033
0.00173205
0.00896023
0.00212132
0.00707107
0.0109697
0.00353553
0.00424264
0.00519615
0.000516398
0.00282843
0.0046188
0.00288675
0.00519615
0.0057735
0.00338625
0.00644981
0.0023094
0.0042269
0.00288675
0.0058366
0.00232632
0.003841
0.00282407
0.00365148
0.00370921
0.00193218
0.00424978
0.00138873
0.00116775
0.0111714
0.00288675
0.00282843
0.00644981
0.0037238
0.00288675
0.00519615
0.00288675
0.00404145
0.00173205
0.00057735
0.00985224
0.00424264
0.0034641
0.00057735
0.0080829
0.00801665
0.000516398
0.00173205
0.0042269
0.00494975
0.00288675
0.00057735
0.00057735
0.00750555
0.0069282
0.00636396
0.0011547
0.00282843
0.0102429
0.00331662
0.013435
0.00714643
0.00404145
0.00357771
0.0023094
0.00057735
0.00057735
0.00173205
0.00707107
0.00251661
0.00494975
0.00647045
0.00750555
0.00288675
0.00389872
0.00591663
0.00122927
0.00057735
0.00057735
0.00288675
0.00173205
0.0080829
0.00848528
0.00494975
0.0034641
0.00378594
0.00212132
0.0057735
0.00141421
0.00173205
0.00450185
0.00173205
0.00212132
0.00586515
0.00173205
0.0046188
0.0023094
0.00919239
0.0011547
0.0459619
0.00057735
0.00273252
0.0103923
0.0034641
0.00288675
0.00866025
0.0069282
0.00848528
0.00353553
0.0011547
0.0069282
0.0127017
0.0034641
0.0034641
0.00636396
0.00985224
0.00635085
0.0034641
0.000707107
0.0023094
0.00707107
0.00809389
0.00832809
0.0011547
0.0374767
0.00818026
0.0011547
0.00750555
0.00404145
0.00848528
0.00353553
0.00777817
0.000707107
0.00288675
0.00057735
0.0011547
0.00288675
0.0023094
0.0057735
0.00141421
0.0046188
0.005
0.00464758
0.0034641
0.0092376
0.00519615
0.00777817
0.00989949
0.0034641
0.00848528
0.0046188
0.0069282
0.00754983
0.004272
0.00494975
0.0080829
0.00404145
0.00634147
0.00866025
0.00848528
0.00519615
0.00519615
0.00409878
0.00404145
0.00519615
0.00565685
0.00288675
0.0046188
0.0046188
0.0032249
0.0032249
0.00057735
0.00282843
0.00494975
0.0092376
0.0011547
0.0113137
0.00635085
0.00282843
0.00519615
0.00492612
0.00212132
0.0092376
0.00173205
0.00750555
0.0011547
0.00919239
0.00777817
0.00282843
0.00595539
0.00524087
0.00282843
0.0010328
0.00539135
0.00288675
0.0046188
0.00282843
0.00173205
0.01419
0.0069857
0.00424264
0.00494975
0.00626099
0.00567576
0.0121436
0.0109697
0.0431335
0.000707107
0.0023094
0.00173205
0.00989949
0.00212132
0.0023094
0.00707107
0.0018619
0.00404145
0.00288675
0.00866025
0.00565685
0.00404145
0.00173205
0.00057735
0.0138564
0.00404145
0.00565685
0.0011547
0.0069282
0.00519615
0.0046188
0.0070993
0.00404145
0.0057735
0.00519615
0.0069282
0.00424264
0.00636396
0.00173205
0.00173205
0.0010328
0.00212132
0.00288675
0.00866025
0.000707107
0.00750555
0.00519615
0.00141421
0.00750555
0.00404145
0.0023094
0.00866025
0.0438406
0.00565685
0.00173205
0.00919239
0.0034641
0.00057735
0.00288675
0.00282843
0.00404145
0.00309839
0.0023094
0.0011547
0.00141421
0.0018619
0.00519615
0.00173205
0.00636396
0.00713676
0.00671884
0.00494975
0.0109697
0.00519615
0.00671317
0.00282843
0.00565685
0.0268701
0.00494975
0.00519615
0.00508593
0.00989949
0.00288675
0.00636396
0.00173205
0.00288675
0.00314113
0.00404145
0.0092376
0.00447214
0.0069282
0.00707107
0.00565685
0.00141421
0.0046188
0.00288675
0.0011547
0.00848528
0.0057735
0.00665833
0.00288675
0.00494975
0.0023094
0.00707107
0.00939503
0.00287518
0.00404145
0.00288675
0.00565685
0.00057735
0.00635085
0.0046188
0.0057735
0.00519615
0.00057735
0.00673477
0.00459814
0.00288675
0.0023094
0.0162635
0.0042269
0.00404145
0.0138564
0.00208167
0.00665833
0.0106066
0.00519615
0.0011547
0.00173205
0.0069282
0.00057735
0.0127017
0.0069282
0.0064291
0.00707421
0.0011547
0.00321455
0.00565685
0.0034641
0.00282843
0.00141421
0.00353553
0.00282843
0.000707107
0.00353553
0.00565685
0.00635085
0.00288675
0.00173205
0.00519615
0.00635085
0.0057735
0.00494975
0.00173205
0.00424264
0.00404145
0.00288675
0.00057735
0.00514782
0.00395511
0.00572588
0.0092376
0.000516398
0.00282843
0.0034641
0.00057735
0.00178885
0.0046188
0.00635085
0.00057735
0.00132916
0.00777817
0.0069282
0.00494975
0.00282843
0.00282843
0.00404145
0.0034641
0.0052915
0.00571159
0.0057735
0.00404145
0.00367575
0.00519615
0.00141421
0.0057735
0.0034641
0.00750555
0.0057735
0.00282843
0.000707107
0.00565685
0.00919239
0.0023094
0.00173205
0.0046188
0.0542709
0.00623355
0.0046188
0.0034641
0.00771146
0.00057735
0.0057735
0.0034641
0.0034641
0.0044121
0.00353553
0.00494975
0.00404145
0.00404145
0.00288675
0.00707107
0.00212132
0.00450185
0.00288675
0.00282843
0.00707107
0.00361478
0.0023094
0.000894427
0.0034641
0.00967471
0.00178885
0.0058064
0.00404145
0.0057735
0.00141421
0.00750555
0.0023094
0.0011547
0.0080829
0.00057735
0.011547
0.0034641
0.00636396
0.0011547
0.89778
0.0069282
0.00173205
0.00565685
0.0127017
0.0623538
0.00141421
0.909904
0.0109697
0.00565685
0.00282843
0.00804363
0.00424264
0.00595539
0.0080829
0.00173205
0.00309839
0.0023094
0.00635085
0.00848528
0.0011547
0.00353553
0.00608824
0.0623538
0.00173205
0.000707107
0.00288675
0.00707107
0.00550757
0.0427239
0.00057735
0.00288675
0.0055857
0.00392792
0.00781452
0.0427239
0.000707107
0.0034641
0.00981495
0.00173205
0.00541822
0.00473286
0.00404145
0.0369826
0.00635085
0.00141421
0.0034641
0.00519615
0.00777817
0.0484974
0.00282843
0.0023094
0.0069282
0.00424264
0.912791
0.0069282
0.00635085
0.00287518
0.00288675
0.00173205
0.00608824
0.0284153
0.0421466
0.00494975
0.00866025
0.0011547
0.0049208
0.0010328
0.0080829
0.00565685
0.00057735
0.00212132
0.00494975
0.00374975
0.00707107
0.00647045
0.477247
0.0069282
0.0102644
0.00338625
0.00409878
0.0046188
0.00173205
0.0433013
0.0034641
0.00636396
0.911059
0.919719
0.00273252
0.00288675
0.0150022
0.0300222
0.00707107
0.00503322
0.0105451
0.00866025
0.0098387
0.0069282
0.00057735
0.00288675
0.00707107
0.0011547
0.00348967
0.00141421
0.00173205
0.0092376
0.00565685
0.00208167
0.00361478
0.927225
0.00282843
0.00288675
0.0080829
0.00707107
0.00680686
0.00288675
0.0046188
0.00231455
0.00404145
0.0092376
0.00565685
0.00355903
0.0080829
0.0011547
0.0034641
0.0069282
0.00173205
0.0057735
0.0034641
0.00424264
0.0282902
0.00173205
0.00655744
0.00761285
0.00519615
0.00404145
0.0011547
0.00212132
0.00353553
0.0106066
0.00989949
0.00152753
0.0046188
0.0167432
0.00635085
0.00282843
0.0023094
0.0034641
0.00404145
0.0023094
0.0111505
0.00404145
0.0034641
0.0011547
0.0069282
0.0023094
0.00450925
0.00353553
0.00416333
0.00225093
0.931266
0.00811583
0.0118322
0.0057735
0.0011547
0.00408792
0.0010328
0.00057735
0.00494975
0.0106066
0.00635085
0.00152753
0.00635085
0.00734847
0.00288675
0.00282843
0.0092376
0.00424264
0.00404145
0.0103923
0.0046188
0.0069282
0.00282843
0.00288675
0.0118322
0.00404145
0.0046188
0.00565685
0.0046188
0.00519615
0.0011547
0.0018619
0.0046188
0.00866025
0.0102632
0.011547
0.00636396
0.00288675
0.0046188
0.002
0.00686607
0.00565685
0.00707107
0.00636396
0.0103923
0.00722957
0.00353553
0.0011547
0.00057735
0.0023094
0.00173205
0.0080829
0.00519615
0.00650641
0.0069282
0.0109697
0.0034641
0.00519615
0.00989949
0.00141421
0.0023094
0.0046188
0.00353553
0.00404145
0.00866025
0.0011547
0.0057735
0.00152753
0.00141421
0.0011547
0.0106066
0.0011547
0.00288675
0.00919239
0.00635085
0.00424264
0.0176777
0.00750555
0.00497996
0.00694742
0.00404145
0.00288675
0.00655744
0.00218763
0.00212132
0.00424264
0.00288675
0.00848528
0.0034641
0.00173205
0.00865544
0.00288675
0.00404145
0.0092376
0.00519615
0.0069282
0.00424264
0.00141421
0.00565685
0.0011547
0.00750555
0.00057735
0.00427618
0.00694742
0.0034641
0.940504
0.00141421
0.0069282
0.00707107
0.000707107
0.00702546
0.00822887
0.00750555
0.0109697
0.00357771
0.00565685
0.00258199
0.00981495
0.00404145
0.00715542
0.00057735
0.00635085
0.00848528
0.0023094
0.00750555
0.00212132
0.0011547
0.00707107
0.0023094
0.00777817
0.00212132
0.00866025
0.00057735
0.739034
0.00057735
0.0069282
0.00404145
0.0141421
0.00635085
0.00503322
0.00424264
0.0042269
0.0080829
0.0069282
0.00282843
0.0069282
0.0057735
0.0127279
0.0011547
0.00777817
0.0018619
0.0023094
0.00288675
0.0034641
0.00565685
0.00404145
0.00282843
0.0034641
0.00424264
0.00288675
0.00777817
0.00777817
0.00416333
0.00556776
0.0057735
0.00546504
0.00544949
0.0034365
0.00322951
0.00457762
0.00304047
0.00250843
0.00288567
0.00254033
0.00360216
0.00347259
0.00293558
0.00442846
0.00565523
0.00390546
0.00519615
0.0034641
0.0011547
0.0023094
0.000707107
0.0011547
0.00268328
0.0109697
0.00361478
0.0068313
0.00919239
0.0023094
0.00707107
0.00173205
0.00519615
0.0011547
0.00057735
0.00677249
0.00919239
0.00524087
0.910481
0.00989949
0.0080829
0.0121244
0.00212132
0.0011547
0.0023094
0.0080829
0.00389872
0.00494975
0.000707107
0.00811583
0.00212132
0.00424264
0.0034641
0.00404145
0.911059
0.00636396
0.0150111
0.000707107
0.00141421
0.00288675
0.00635085
0.00519615
0.00750555
0.00494975
0.0046188
0.00288675
0.0023094
0.0073212
0.0011547
0.0042269
0.00404145
0.0057735
0.0034641
0.00519615
0.0046188
0.00225093
0.0057735
0.00636396
0.0034641
0.00288675
0.0150111
0.00707107
0.00288675
0.0161658
0.0092376
0.013435
0.00288675
0.00173205
0.00750555
0.00643095
0.00353553
0.00848528
0.00288675
0.00981495
0.00539135
0.00404145
0.0034641
0.00173205
0.754701
0.00895917
0.00981495
0.00057735
0.0190526
0.00750555
0.00288675
0.00282843
0.0057735
0.976299
0.00848528
0.0057735
0.0034641
0.00282843
0.0068313
0.00919239
0.00206559
0.00175255
0.960711
0.00212132
0.00707107
0.000707107
0.00282843
0.00497853
0.000707107
0.0121244
0.00212132
0.00702377
0.00848528
0.00424264
0.0023094
0.00173205
0.00750555
0.000707107
0.0046188
0.0034641
0.00057735
0.00404145
0.0040267
0.00707107
0.00152753
0.00208167
0.00353553
0.0011547
0.00424264
0.00287518
0.00141421
0.00141421
0.0120357
0.00282843
0.00519615
0.00779744
0.984382
0.0092376
0.00636396
0.00288675
0.000707107
0.0080829
0.00636396
0.011547
0.00519615
0.00173205
0.0046188
0.00404145
0.0046188
0.0057735
0.00057735
0.0011547
0.00625643
0.00848528
0.00404145
0.0034641
0.0046188
0.644366
0.00519615
0.00288675
0.0057735
0.00273252
0.00282843
0.0034641
0.00781452
0.00173205
0.00057735
0.00213809
0.0046188
0.00154919
0.00057735
0.00531171
0.00717403
0.00777817
0.00585947
0.00694742
0.00173205
0.00173205
0.00212132
0.0155563
0.0121244
0.00424264
0.00288675
0.00424264
0.00777817
0.0069282
0.0023094
0.00919239
0.0080829
0.0170724
0.999971
0.00866025
0.00494975
0.00309839
0.00707107
0.0034641
0.0143481
0.00353553
0.00424264
0.00141421
0.0069282
0.65939
0.00519615
0.0023094
0.00282843
0.0057735
0.0120208
0.00404145
0.00057735
0.00750555
0.00636396
0.00424264
0.00519615
0.777258
0.0046188
0.0069282
0.011547
0.00750555
0.0057735
0.0046188
0.0046188
0.00565685
0.00212132
0.00495696
0.00413118
0.00863134
0.0011547
0.00378594
0.00360555
0.0011547
0.00519615
0.00404145
0.00057735
0.00750555
0.0034641
0.00154919
0.784423
0.0069282
0.0092376
0.00519615
0.00288675
0.00783308
0.0046188
0.00173205
1.01614
0.00362531
0.00671317
0.00173205
0.00848528
0.0046188
0.0103923
0.00154919
0.00848528
0.0046188
0.00619677
0.00635085
1.00921
0.00447214
0.00565685
0.00565685
0.00702377
0.00636396
0.00353553
0.0085049
0.00913601
0.0103666
0.00508593
0.00424264
0.00568038
0.0034641
1.00343
0.00536656
0.00282843
0.0011547
0.00519615
0.00405457
0.00981495
0.00404145
0.00141421
1.00921
0.00173205
0.0046188
0.00608824
0.00288675
0.0127279
0.00404145
0.0080829
0.00866025
0.0057735
0.00848528
0.0023094
0.00212132
0.00288675
0.00636396
0.00057735
0.00057735
0.0011547
0.00173205
1.00805
0.0080829
0.00565685
0.0023094
0.0156716
0.00206559
0.00619677
0.00919239
0.0011547
0.00519615
0.00519615
0.0106066
0.0057735
0.00424264
0.00314113
0.0127017
1.0069
0.00494975
0.0046188
0.00404145
0.0057735
0.00777817
0.0176777
0.00636396
0.00288675
0.0080829
0.00868716
0.00686086
0.0055857
0.0132791
0.00826136
0.0196299
0.00404145
0.0092376
0.0018619
0.0144338
0.00777817
0.00173205
0.0023094
0.0057735
0.0109697
0.00919239
1.0121
0.0023094
1.01383
0.00221108
0.000516398
0.00671317
0.00750555
0.0057735
0.00989949
0.0183848
0.00264575
0.00288675
0.00919239
0.00848528
0.00777817
0.00057735
0.00288675
0.00173205
0.0106066
0.0069282
0.00492805
0.00565685
0.0011547
0.00288675
0.00707107
0.00268328
0.00288675
0.00273252
0.00866025
0.00173205
0.0092376
0.00519615
0.0155885
0.0023094
0.00777817
0.0080829
0.0010328
0.00404145
0.000707107
0.0023094
0.00494975
0.0057735
0.0133965
0.0034641
0.0011547
0.0109697
0.00565685
0.0011547
0.0092376
0.00848528
0.0023094
0.00848528
0.00288675
0.00497996
0.0011547
0.00450185
0.00314113
0.0120208
0.0057735
0.0023094
0.00565685
0.00173205
0.00707107
0.00314113
0.0159081
0.0121765
0.0057735
0.0018619
0.00981495
0.00288675
0.0118771
0.0103923
0.0061101
0.0169706
0.00315348
0.00152753
0.004
0.0141421
0.00694742
1.03981
1.03577
0.0046188
0.00866025
0.0034641
0.00288675
0.00409878
0.00288675
0.00565685
0.00309839
0.00953939
0.00635085
0.00848528
0.00173205
0.0011547
0.0057735
0.00353553
0.00635085
0.00057735
0.00707107
0.00173205
0.0046188
1.04154
0.0011547
0.00173205
0.00635085
0.0034641
0.00173205
0.00750111
0.00866025
1.03692
0.00981495
0.00353553
0.00404145
0.00866025
0.00616441
0.000707107
0.00636396
0.00404145
0.00519615
0.00057735
0.00989949
0.00057735
0.0057735
0.00494975
0.00404145
0.0046188
0.0069282
0.00635085
0.0034641
0.00635085
0.00288675
0.0080829
0.00989949
0.0011547
0.00635085
0.0068313
0.0011547
0.00494975
0.00288675
0.00154919
0.00361478
0.0057735
0.0120208
0.0023094
0.004
0.011547
0.0046188
0.00981495
0.820873
1.05944
0.00288675
0.00919239
0.00707107
0.0106066
0.00258199
1.07098
1.06463
0.0069282
0.0034641
0.0092376
0.00057735
0.00750555
0.00494975
0.00288675
0.00424264
0.0090037
0.00057735
0.006245
0.00288675
0.00519615
0.00673477
0.0132791
0.00565685
1.00124
0.013435
0.00057735
0.00636396
0.00424264
1.06232
0.00288675
0.0034641
0.00853229
0.0103923
0.00282843
0.00519615
1.0681
0.00694742
0.0069282
0.0034641
0.0294449
0.00519615
0.0057735
0.00288675
0.00353553
0.00361478
0.00867948
0.0034641
0.0282902
0.0057735
0.00404145
0.00282843
0.00519615
0.00353553
0.0042269
0.00635085
0.00866025
0.00578174
0.0023094
0.00707107
0.00508593
0.00592211
0.00057735
0.0138564
0.00707107
0.00288675
0.0155885
0.00353553
0.0100797
0.0011547
0.0046188
0.00288675
0.0092376
0.00404145
0.00282843
0.00360555
0.00519615
0.0113137
0.0023094
0.00424264
0.00178885
0.00343835
0.00404709
0.00548591
0.00208478
0.00552523
0.00537484
0.004808
0.00322232
0.000492366
0.397178
0.37957
0.00601628
0.0050448
0.001
0.00405748
0.00436039
0.00357033
0.00322228
0.00479927
0.00291202
0.000942809
0.00545267
0.00599564
0.00600088
0.00362259
0.00220287
0.00429239
0.00531532
0.00602017
0.00473398
0.00538878
0.00268517
0.00524562
0.00511859
0.00491278
0.00238125
0.00350057
0.00486998
0.00309727
0.00534198
0.00654786
0.00407167
0.00051131
0.00451777
0.000924179
0.000800433
0.000516398
0.0120333
0.00519615
0.021362
0.00494975
0.0023094
0.00173205
0.0011547
0.00760701
0.004324
0.00248633
0.002
0.00866025
0.00046291
0.0023094
0.00057735
0.0069282
0.00595539
0.00057735
0.0023094
0.00057735
0.0080829
0.00057735
0.00057735
0.00057735
0.0011547
0.00057735
0.0018619
0.00173205
0.00831064
0.0178979
0.00057735
0.00173205
0.797521
0.769878
0.0011547
0.000886405
0.00750555
0.00392792
0.000516398
0.00480327
0.000516398
0.00597614
0.00057735
0.00057735
0.00671317
0.000886405
0.00057735
0.00225093
0.00640312
0.00358875
0.00750111
0.000937437
0.00464702
0.004426
0.00462742
0.00445705
0.00403966
0.00375943
0.000894427
0.0173205
0.00866025
0.00608276
0.0018619
0.0119108
0.00398482
0.00288675
0.0080829
0.00777817
0.0023094
0.0056252
0.00635085
0.0042269
0.0023094
0.00791623
0.0070993
0.00644291
0.00777817
0.0080829
0.0046188
0.0092376
0.0034641
0.00750555
0.00389872
0.0023094
0.0037238
0.00404145
0.00565685
0.00282843
0.0057735
0.00635085
0.00288675
0.00848528
0.00404145
0.0106066
0.00757188
0.00288675
0.0100532
1.07387
0.0034641
0.0080829
0.00919239
0.0057735
0.00707107
0.00494975
0.00309839
0.00841691
0.00494975
0.00173205
0.00519615
0.00715542
0.00848528
0.00635085
0.0080829
0.00357771
0.00288675
0.00282843
0.0113137
0.00357771
0.00173205
0.00154919
0.00057735
0.00288675
0.00519615
0.00519615
0.0069282
0.00519615
0.00424264
0.00353553
0.00353553
0.00173205
0.0057735
0.0046188
0.00777817
0.001
0.00565685
0.00173205
0.0069282
0.0108858
0.00173205
0.0103923
0.000707107
0.0046188
0.00178885
0.0103923
0.00519615
0.0080829
0.0103923
0.00057735
0.0141516
0.00288675
0.0113137
0.00707107
0.00848528
0.00282843
0.00404145
0.00173205
0.00981495
0.0113137
0.00212132
0.00519615
0.00519615
0.00212132
0.0106066
0.0057735
0.00750555
0.0161658
0.00057735
0.00173205
0.00989949
0.0155563
0.00494975
0.0023094
0.00136626
0.00848528
0.00341216
0.00353553
0.00272554
0.0034641
0.006245
0.0046188
0.00173205
0.00212132
0.00057735
0.00141421
0.00635085
0.00494975
0.0127227
0.00806639
0.00989949
0.00288675
0.00404145
0.00760701
0.00675278
0.00173205
0.00409878
0.0090185
0.00848528
0.00519615
0.00225093
0.00282843
0.00895917
0.00450185
0.0046188
0.00287518
0.00635085
0.00273252
0.00295146
0.00578888
0.0092376
0.0152409
0.00404145
0.0034641
0.00057735
0.0034641
0.0034641
0.00519615
0.0057735
0.0103923
0.011547
0.00519615
0.00404145
0.00282843
0.00357771
0.00404145
0.00212132
0.00173205
0.00141421
0.00388219
0.0034641
0.00722957
0.00057735
0.0023094
0.00424264
0.00866025
0.00361478
0.00750555
0.0011547
0.00413118
0.00282843
0.00212132
0.0092376
0.0113137
0.00975412
0.0011547
0.00694742
0.0069282
0.00804984
0.0057735
0.0011547
0.009
0.00212132
0.0080829
0.0092376
0.0046188
0.00288675
0.00519615
0.00282843
0.0069282
0.00303822
0.0011547
0.00057735
0.0057735
0.00057735
0.0092376
0.0037238
0.00057735
0.0113451
0.0034641
0.00519615
0.00141421
0.0109697
0.00777817
0.00173205
0.00136626
0.003
0.00288675
0.00519615
0.0080829
0.00057735
0.00492612
0.00057735
0.0069282
0.00173205
0.00178885
0.00353553
0.0109697
0.00282843
0.00282843
0.00173205
0.00519615
0.000707107
0.0080829
0.0072111
0.00332738
0.00353553
0.00282843
0.00472582
0.00603692
0.000894427
0.00675278
0.0176777
0.00494975
0.00273252
0.0127017
0.00353553
0.0011547
0.0141421
0.00628225
0.0069282
0.0011547
0.0109697
0.00636396
0.00635085
0.00374166
0.00494975
0.0011547
0.00282843
0.0240416
0.0034641
0.00750555
0.0034641
0.0103923
0.0068313
0.0046188
0.0069282
0.0034641
0.0057735
0.0018619
0.00473286
0.0046188
0.00424264
0.0046188
0.00794984
0.0046188
0.0034641
0.00353553
0.00848528
0.0023094
0.00777817
0.00519615
0.0034641
0.00923038
0.000707107
0.000707107
0.0057735
0.00152753
0.0064291
0.00494975
0.00647045
0.00919239
0.0144338
0.00404145
0.00866025
0.00288675
0.00539135
0.00404145
0.00715542
0.0138564
0.00519615
0.00567891
0.00595539
0.00546504
0.00173205
0.00565685
0.0011547
0.0046188
0.00728469
0.00585947
0.006245
0.00848528
0.0011547
0.0011547
0.0046188
0.00494975
0.0109697
0.00707107
0.00636396
0.0057735
0.0046188
0.00288675
0.00288675
0.00575036
0.00282843
0.00519615
0.0032249
0.023094
0.0011547
0.00057735
0.0034641
0.0121244
0.00497996
0.00750555
0.00964711
0.00404145
0.00777817
0.00404145
0.00750555
0.0023094
0.0069282
0.0135056
0.00404145
0.00707107
0.00722957
0.0132791
0.00866025
0.00806639
0.0011547
0.0108812
0.00717403
0.00811583
0.00288675
0.00636396
0.0080829
0.0069282
0.00519615
0.00288675
0.00777817
0.00544059
0.0127017
0.00707107
0.00404145
0.0057735
0.00458984
0.0069282
0.0198461
0.0098387
0.0080829
0.00919239
0.0046188
0.00057735
0.0069282
0.0011547
0.000516398
0.000707107
0.00707107
0.00635085
0.00225093
0.0034641
0.00057735
0.00424264
0.00636396
0.00353553
0.0150111
0.00404145
0.00750555
0.00635085
0.00519615
0.00404145
0.00141421
0.00848528
0.00434248
0.00404145
0.00057735
0.00777817
0.00550757
0.00212132
0.0162635
0.00404145
0.00635085
0.00473286
0.00353553
0.0023094
0.0034641
0.0127017
0.0023094
0.0106066
0.00212132
0.00424264
0.0023094
0.0034641
0.008544
0.00760701
0.011547
0.00404145
0.00413118
0.00635085
0.00057735
0.00282843
0.00282843
0.0055857
0.00519615
0.00404145
0.00424264
0.0034641
0.00981495
0.00173205
0.0023094
0.0141421
0.00919239
0.0011547
0.00636396
0.0069282
0.00057735
0.0144338
0.0023094
0.000707107
0.00954314
0.0092376
0.00636396
0.00404145
0.00859457
0.00519615
0.00635085
0.00404145
0.00519615
0.0169706
0.010583
0.0127279
0.00173205
0.00288675
0.00173205
0.0034641
0.00212132
0.00424264
0.00565685
0.00675278
0.00404145
0.00750555
0.00251661
0.00353553
0.00519615
0.00424264
0.0068313
0.00595539
0.00353553
0.0069282
0.00173205
0.0011547
0.00057735
0.00212132
0.00404145
0.00602771
0.00404145
0.00173205
0.00853229
0.00586515
0.00494975
0.00057735
0.0057735
0.00424264
0.00565685
0.0106927
0.00212132
0.0138229
0.0055857
0.00206559
0.00494975
0.00141421
0.00154919
0.0040332
0.00353553
0.0057735
0.00648417
0.00515475
0.0057735
0.00684523
0.00282843
0.00811583
0.00173205
0.00057735
0.00190693
0.00275379
0.00518239
0.006245
0.0023094
0.000894427
0.0138564
0.00636396
0.0069282
0.0121244
0.00424264
0.00636396
0.00173205
0.0018619
0.0046188
0.0121244
0.00338625
0.00635085
0.0080829
0.00424264
0.00424264
0.0011547
0.00750555
0.00694742
0.00450185
0.00424264
0.00424264
0.00288675
0.0138564
0.00288675
0.00981495
0.00565685
0.00282843
0.0155563
0.00635085
0.00282843
0.00288675
0.00794625
0.0046188
0.00212132
0.0010328
0.0034641
0.0011547
0.0143128
0.0044121
0.00282843
0.00288675
0.0098759
0.00178885
0.0011547
0.00389872
0.00236643
0.0011547
0.00212132
0.0057735
0.00565685
0.000894427
0.00353553
0.00353553
0.00057735
0.0046188
0.00353553
0.000707107
0.00635085
0.00777817
0.00141421
0.00328634
0.00122474
0.000707107
0.00568624
0.011547
0.0023094
0.00750555
0.00771146
0.0080829
0.0127017
0.00831064
0.00424264
0.00282843
0.00380643
0.0023094
0.00635085
0.0023094
0.0138564
0.00519615
0.00305894
0.00917969
0.0069282
0.00750555
0.00424264
0.0057735
0.00519615
0.0052915
0.00750111
0.00404145
0.0011547
0.00565685
0.00288675
0.00494975
0.00288675
0.0046188
0.00057735
0.0124258
0.00173205
0.0034641
0.0023094
0.0130945
0.00404145
0.0069282
0.00288675
0.0023094
0.00750555
0.00777817
0.0034641
0.0037238
0.00057735
0.00707107
0.00258199
0.00567761
0.00519615
0.00497996
0.0046188
0.00404145
0.00930949
0.00494975
0.0110393
0.0046188
0.0023094
0.0150111
0.0103923
0.00537188
0.00866025
0.0023094
0.00353553
0.0011547
0.00225093
0.00288675
0.0034641
0.0127017
0.0069282
0.0034641
0.00866025
0.0092376
0.0103923
0.0184752
0.00378594
0.0011547
0.00848528
0.0046188
0.00173205
0.00288675
0.0106066
0.00212132
0.0034641
0.0023094
0.00173205
0.00635085
0.00539135
0.0130357
0.00519615
0.00519615
0.00404145
0.0121244
0.00750555
0.00057735
0.00636396
0.00057735
0.0046188
0.00750111
0.00314113
0.00288675
0.0132791
0.00728469
0.0069282
0.0080829
0.00173205
0.0034641
0.00404145
0.00774597
0.00297979
0.0120208
0.0103923
0.0011547
0.00057735
0.00964711
0.00288675
0.00288675
0.0034641
0.00519615
0.00565685
0.00353553
0.00424264
0.0057735
0.0109697
0.00173205
0.0202073
0.00848528
0.0023094
0.00404145
0.005
0.00424264
0.0118322
0.00298142
0.0034641
0.00288675
0.011547
0.0034641
0.00288675
0.00288675
0.0057735
0.0011547
0.0121244
0.0069282
0.00550757
0.0034641
0.00546504
0.00288675
0.00282843
0.00853229
0.00173205
0.00173205
0.0011547
0.0046188
0.00635085
0.00497996
0.00636396
0.0046188
0.00404145
0.00434933
0.00707107
0.0023094
0.00760701
0.00919239
0.00981495
0.00707107
0.00173205
0.0109301
0.00353553
0.0057735
0.0011547
0.00288675
0.0023094
0.0073212
0.00212132
0.00282843
0.00409878
0.0034641
0.0011547
0.0034641
0.00288675
0.0057735
0.00173205
0.00628225
0.00236643
0.00423421
0.0034641
0.00404145
0.0034641
0.00288675
0.0207846
0.0196299
0.0178979
0.00519615
0.0170646
0.0161658
0.0046188
0.0080829
0.00361478
0.0080829
0.00969536
0.00212132
0.00057735
0.0023094
0.00288675
0.00777817
0.0046188
0.00173205
0.00057735
0.00519615
0.0057735
0.000707107
0.0011547
0.00635085
0.00404145
0.00212132
0.00282843
0.00989949
0.0138564
0.0046188
0.00273252
0.0069282
0.00288675
0.00404145
0.00946573
0.00565685
0.000707107
0.00636396
0.0023094
0.0127017
0.00894427
0.000516398
0.0023094
0.0145694
0.00686086
0.0034641
0.00278089
0.00866025
0.00258199
0.00565685
0.00494975
0.00288675
0.0092376
0.0057735
0.0034641
0.00057735
0.00554076
0.00141421
0.00989949
0.0190526
0.0092376
0.00173205
0.0023094
0.0052915
0.000707107
0.00424264
0.0113578
0.000707107
0.00565685
0.00282843
0.0057735
0.00750555
0.0069282
0.00565685
0.00404145
0.0092376
0.00635085
0.0046188
0.0046188
0.0069282
0.0155885
0.0023094
0.00357771
0.00519615
0.00866025
0.00556776
0.00636396
0.00636396
0.0011547
0.00760701
0.0034641
0.00519615
0.00173205
0.00494975
1.13565
1.13738
0.00288675
0.00173205
0.00141421
0.0023094
0.0057735
0.882593
0.00424264
0.00282843
0.0034641
0.0150111
0.0034641
0.0023094
0.00404145
0.00777817
0.0113137
0.00404145
0.0034641
0.00404145
0.00212132
0.00519615
0.00288675
1.15239
0.0046188
0.0069282
0.00057735
0.00057735
0.0069282
0.00524087
0.00173205
0.00353553
0.00750555
0.0150111
0.00643852
0.00519615
0.0103923
0.00353553
0.00494975
0.0044121
0.0023094
0.00462138
0.00635085
0.00866025
0.0109697
0.011547
0.00636396
0.00404145
0.00777817
0.00449603
0.00623253
0.00626169
0.00205287
0.00309839
0.00508593
0.0023094
0.0023094
0.0046188
0.00173205
0.00212132
0.00288675
0.00169031
0.0132791
0.00777817
0.0023094
0.00565685
0.0057735
0.00635085
0.00173205
0.00251661
0.00673477
0.00057735
0.00636396
0.00288675
0.00173205
0.0257837
0.00173205
0.00288675
0.0092376
0.0023094
0.00282843
0.00178885
0.00862554
0.0011547
0.006245
0.00750555
0.0069282
0.00722957
0.0165184
0.0144338
0.00136626
0.0023094
0.00793725
0.0113137
0.00750555
0.00404145
0.0106066
0.00282843
0.00212132
0.00282843
0.00497996
0.00848528
0.0113137
0.0023094
0.00288675
0.00057735
0.0161658
0.0023094
0.00853229
0.00057735
0.00206559
0.0034641
0.0011547
0.0116733
0.00635085
0.0080829
0.00811583
0.0167432
0.00750555
0.00409878
0.00173205
0.00392792
0.0034641
0.0046188
0.00519615
0.0023094
0.0138564
0.0103923
0.0040332
0.00420883
0.0046188
0.0109697
0.0011547
0.0178979
0.0037238
0.00141421
0.00919239
0.00750555
0.00057735
0.0138564
0.00706602
0.0046188
0.00707107
0.00314113
0.00057735
0.00057735
0.00212132
0.0034641
0.00575036
0.011974
0.0057735
0.0046188
0.00404145
0.00288675
0.00539135
0.00707107
0.00777817
0.001
0.0113578
0.0129228
0.00757345
0.00353553
0.00212132
0.00644981
0.00288675
0.00636396
0.00848528
0.0080829
0.0057735
0.0034641
0.000707107
0.00508593
0.00777817
0.00777817
0.00288675
0.00404145
0.00057735
0.00282843
1.14027
0.00636396
0.00519615
0.00619677
0.0205061
0.00519615
0.0046188
1.14056
0.00152753
0.00282843
0.00636396
0.0046188
0.0113137
0.0112694
0.00832666
0.00282843
0.0023094
0.0080829
0.00404145
0.00282843
0.00424264
0.000707107
0.0138564
0.00288675
0.0127017
0.0046188
0.0148492
0.0133167
0.0136626
0.0069282
0.00989949
0.0247487
0.0011547
0.00424264
0.00288675
0.00282843
0.00707107
0.0023094
0.00635085
0.0034641
0.0046188
0.00848528
0.0106066
0.0212132
0.0102811
0.0069282
0.00353553
0.0092376
0.0069282
0.0034641
0.0023094
0.0046188
0.0011547
0.0069282
0.0240416
0.00494975
0.00536523
0.0023094
0.00288675
0.00494975
0.0046188
0.00519615
0.0034641
0.00173205
0.00635085
0.00777817
0.00353553
0.00212132
0.00794984
0.00236643
0.0023094
0.00173205
0.0023094
0.0165489
0.0092376
0.00734847
0.00750555
0.0023094
0.00057735
0.0111355
0.00478714
0.00353553
0.00173205
0.0103666
0.0127017
0.0023094
0.0057735
0.00404145
0.00057735
0.0011547
0.0109697
0.00288675
0.00288675
0.013435
0.00282843
0.00494975
0.00519615
0.00141421
0.00288675
0.0113137
0.00866025
0.00775979
0.00404145
0.0161658
0.0034641
0.00404145
0.0069282
0.00575036
0.00154919
0.0069282
0.00212132
0.00314113
0.00494975
0.0103923
0.00282843
0.0044121
0.0069282
0.00981495
0.0167432
0.0046188
0.00635085
0.0057735
0.0011547
0.00922316
0.0046188
0.0113137
0.0046188
0.00717403
0.0092376
0.00981495
0.00288675
0.0087076
0.00572588
0.00173205
0.00212132
0.0141421
0.00850098
0.0061101
0.00750111
0.0011547
0.0011547
0.00230217
0.00450925
0.0023094
0.00919239
0.00494975
0.00919239
0.00282843
0.0092376
0.0034641
0.00981495
0.0011547
0.0103923
0.0034641
0.00404145
0.00586515
0.00141421
0.0161658
0.0057735
0.00173205
0.0034641
0.00519615
0.00057735
0.00675278
0.0109087
0.0098387
0.0161658
0.0011547
0.00519615
0.00404145
0.0080829
0.0103923
0.0023094
0.0023094
0.00288675
0.00848528
0.00282843
0.0120208
0.00288675
0.0023094
0.00497853
0.000707107
0.0155563
0.00635085
0.00288675
0.00636396
0.00404145
0.00707107
0.00636396
0.00173205
0.00424264
0.00173205
0.00173205
0.0046188
0.00981495
0.0034641
0.0106066
0.00212132
0.000707107
0.00519615
0.00519615
0.00404145
0.00212132
0.0023094
0.0057735
0.0106066
0.00353553
0.0106066
0.00404145
0.0178979
0.0155563
0.00741058
0.00919239
0.010116
0.00424264
0.00057735
0.0034641
0.0052915
0.0100167
0.00848528
0.0144338
0.0011547
0.013435
0.00494975
0.0138564
0.00288675
0.0106066
0.0011547
0.00635085
0.0132791
0.0103923
0.0011547
0.00288675
0.0057735
0.0092376
0.00777817
0.0069282
0.0092376
0.0023094
0.00424264
0.00636396
0.00212132
0.00404145
0.00981495
0.00282843
0.00707107
0.00635085
0.00357771
0.00361478
0.00353553
0.00519615
0.00152753
0.0121792
0.0034641
0.0103923
0.00141421
0.0034641
0.00636396
0.00404145
0.00819756
0.00848528
0.00141421
0.00282843
0.00282843
0.00282843
0.0034641
0.0069282
0.00636396
0.0034641
0.00353553
0.00519615
0.0138564
0.0167432
0.0057735
0.0179852
0.0046188
0.00424264
0.0178979
0.0023094
0.00305505
0.00212132
0.00178885
0.00494975
0.011547
0.013435
0.004
0.0113137
0.00989949
0.00777817
0.0069282
0.00919239
0.00173205
0.00288675
0.00403556
0.0100797
0.00973269
0.000421637
0.0101242
0.0069282
0.0034641
0.000707107
0.00404145
0.00057735
0.013435
0.0023094
0.00989949
0.00212132
0.00565685
0.0120554
0.0057735
0.00173205
0.0034641
0.0139427
0.0121161
0.00989949
0.0155563
0.0080829
0.0023094
0.0127227
0.0034641
0.0162635
0.0069282
0.00707107
0.00919239
0.0069282
0.0034641
0.0057735
0.0207846
0.0011547
0.0183848
0.00282843
0.00636396
0.0057735
0.0196299
0.0046188
0.0110151
0.00404145
0.0092376
0.00942338
0.00154919
0.0023094
0.00519615
0.00404145
0.00519615
0.0046188
0.00282843
0.00404145
0.00057735
0.0118096
0.0046188
0.00628225
0.00777817
0.00750555
0.0011547
0.00282843
0.0032249
0.00519615
0.00472582
0.0057735
0.00866025
0.00750555
0.0051316
0.00866025
0.0121244
0.00288675
0.0011547
0.00707107
0.0046188
0.00519615
0.00777817
0.00707107
0.00420317
0.0046188
0.00781452
0.0161658
0.00565685
0.00353553
0.00173205
0.0173205
0.00811583
0.0155563
0.00141421
0.0061101
0.00723418
0.0085049
0.00212132
0.00777817
0.00707107
0.0150111
0.0109697
0.00707107
0.00565685
0.00568624
0.00636396
0.00565685
0.0023094
0.0057735
0.000707107
0.0122093
0.0037238
0.00057735
0.00288675
0.00404145
0.0121244
0.0023094
0.00282843
0.00212132
0.00141421
0.00212132
0.0023094
0.0046188
0.00424264
0.0023094
0.00750555
0.00173205
0.0106066
0.00981495
0.00314113
0.00424264
0.0011547
0.00919239
0.00141421
0.00636396
0.0057735
0.0034641
0.00173205
0.0127017
0.0085049
0.00288675
0.00519615
0.0069282
0.00212132
0.00141421
0.0127279
0.00424264
0.00173205
0.0057735
0.0155885
0.00355903
0.00635085
0.0057735
0.00141421
0.000707107
0.00750555
0.00519615
0.00707107
0.0046188
0.00636396
0.00850098
0.0138564
0.0057735
0.0165489
0.0271355
0.0138564
0.00866025
0.00212132
0.007
0.0120208
0.0106066
0.0427239
0.0183206
0.00750555
0.0034641
0.0034641
0.0034641
0.00212132
0.00351188
0.00173205
0.00173205
0.0018619
0.00645866
0.00404145
0.00919239
0.0057735
0.00288675
0.00404145
0.00282843
0.0046188
0.00519615
0.0069282
0.0069282
0.0034641
0.00707107
0.00057735
0.0023094
0.00956382
0.019543
0.0129923
0.00287518
0.01
0.00494975
0.00565685
0.00057735
0.00848528
0.0011547
0.000666667
0.00831064
0.0057735
0.0057735
0.00404145
0.0011547
0.0046188
0.00173205
0.00519615
0.0034641
0.00989949
0.00424264
0.0057735
0.00636396
0.000707107
0.00494975
0.00750555
0.0011547
0.00981495
0.0127017
0.0057735
0.00212132
0.00404145
0.0071863
0.00750555
0.0069282
0.0046188
0.00777817
0.0023094
0.00282843
0.00806639
0.00636396
0.00519615
0.0113137
0.0034641
0.011547
0.00288675
0.0150111
0.0109697
0.00141421
0.011547
0.0011547
0.00360555
0.0057735
0.0127279
0.00848528
0.00636396
0.0190526
0.00510338
0.0138564
0.000707107
0.00288675
0.00404145
0.0169706
0.0034641
0.0057735
0.000707107
0.0046188
0.00353553
0.0034641
0.00212132
0.00416333
0.006245
0.00989949
0.00635085
0.011547
0.00254951
0.00635085
0.00919239
0.0132791
0.0162635
0.0121244
0.00647045
0.0109697
0.00635085
0.00494975
0.00473286
0.00057735
0.0023094
0.00404145
0.00519615
0.00722957
0.0138564
0.0046188
0.00606512
0.00178885
0.00057735
0.000707107
0.0046188
0.00057735
0.00626099
0.0120208
0.0034641
0.0034641
0.00364692
0.0169706
0.0023094
0.00288675
0.0040332
0.00848528
0.00503322
0.00750555
0.0046188
0.00173205
0.00404145
0.00754983
0.00648074
0.0069282
0.0127279
0.0113137
0.00519615
0.00136626
0.0046188
0.000707107
0.013435
0.00525085
0.00506952
0.00636396
0.00494975
0.00288675
0.0150111
0.00565685
0.0034641
0.00404145
0.00450925
0.00404145
0.00057735
0.00519615
0.00338625
0.0080829
0.00268328
0.00353553
0.00494975
0.0109697
0.00261861
0.00777817
0.00848528
0.0046188
0.00635085
0.0109697
0.00777817
0.00282843
0.000707107
0.00173205
0.0051316
0.0042269
0.00282843
0.00636396
0.00173205
0.00288675
0.00635085
0.0080829
0.00636396
0.0150111
0.00866025
0.00777817
0.00458258
0.0046188
0.00359398
0.00141421
0.00288675
0.00848528
0.00919239
0.00866025
0.003
0.0092376
0.0138564
0.00173205
0.00282843
0.0034641
0.0083865
0.00519615
0.00424264
0.00519615
0.0127017
0.0115511
0.00173205
0.0143643
0.00353553
0.0187901
0.00644981
0.00866025
0.00212132
0.00650641
0.0167432
0.0113959
0.0023094
0.0130333
0.0109697
0.00353553
0.00173205
0.0092376
0.0080829
0.00288675
0.0023094
0.0064291
0.00282843
0.00565685
0.00353553
0.00141421
0.0118322
0.00173205
0.00777817
0.00212132
0.0136137
0.0202073
0.00575036
0.00057735
0.0150111
0.0148492
0.000707107
0.0011547
0.00750555
0.0069282
0.000707107
0.000516398
0.0118771
0.0023094
0.0127279
0.00636396
0.0119304
0.00212132
0.00707107
0.00424264
0.0161658
0.00750555
0.0178979
0.00519615
0.00282843
0.00494975
0.0109697
0.00894427
0.00212132
0.00519615
0.00519615
0.0011547
0.00494975
0.00353553
0.00424264
0.0069282
0.0057735
0.00503322
0.00353553
0.00404145
0.00519615
0.00404145
0.00723418
0.0034641
0.00494975
0.00494975
0.0173205
0.0127279
0.011547
0.00777817
0.00635085
0.00565685
0.0046188
0.000707107
0.00141421
0.0023094
0.00173205
0.0144338
0.0109697
0.00287518
0.0103923
0.00989949
0.00353553
0.00141421
0.0034641
0.00635085
0.00404145
0.00494975
0.00494975
0.0323316
0.006
0.00361478
0.00989949
0.00404145
0.0011547
0.0080829
0.0106066
0.00602771
0.00519615
0.0106066
0.00288675
0.00424264
0.00288675
0.00282843
0.00635085
0.00919239
0.00282843
0.00288675
0.00519615
0.0080829
0.00777817
0.00546504
0.00141421
0.00424264
0.00866025
0.0023094
0.00866025
0.00636396
0.00981495
0.00282843
0.0225167
0.0080829
0.00636396
0.00404145
0.0034641
0.0069282
0.0069282
0.00636396
0.00404145
0.00565685
0.00288675
0.00519615
0.00282843
0.00519615
0.00866025
0.0080829
0.00494975
0.00777817
0.00353553
0.0046188
0.0142244
0.00981495
0.00519615
0.00899206
0.0080829
0.00353553
0.0034641
0.0011547
0.00586515
0.00660627
0.00288675
0.00288675
0.011547
0.0011547
0.0046188
0.00636396
0.0034641
0.0011547
0.00225093
0.0057735
0.0109697
0.00288675
0.0175575
0.00173205
0.00173205
0.00353553
0.00424264
0.00744759
0.00492612
0.0121244
0.0113137
0.00404145
0.00212132
0.00644981
0.0127279
0.00636396
0.0142642
0.00494975
0.00353553
0.00626099
0.00404145
0.00282843
0.0063456
0.00750555
0.0150444
0.0106066
0.0190919
0.0108197
0.0173205
0.0057735
0.00635085
0.00353553
0.00424264
0.00282843
0.00565685
0.0046188
0.000707107
0.00057735
0.0080829
0.00565685
0.00494975
0.0150111
0.000707107
0.0113137
0.00309839
0.0032249
0.0069282
0.00777817
0.00353553
0.00494975
0.0141421
0.00212132
0.00404145
0.00424264
0.00750555
0.00424264
0.00282843
0.00636396
0.00494975
0.00981495
0.00848528
0.0120208
0.0144338
0.00288675
0.00565685
0.00173205
0.0034641
0.0011547
0.00424264
0.00750555
0.0069282
0.0011547
0.0080829
0.00288675
0.0092376
0.0092376
0.00141421
0.000707107
0.00141421
0.00981495
0.0057735
0.00635085
0.00635085
0.00424264
0.00141421
0.0190919
0.0190919
0.0141421
0.00424264
0.0034641
0.00212132
0.00212132
0.0106066
0.00494975
0.003
0.0011547
0.00141421
0.0057735
0.00288675
0.00288675
0.00404145
0.0046188
0.00636396
0.00707107
0.0070946
0.00707107
0.00353553
0.00173205
0.00707107
0.00424264
0.0127279
0.00288675
0.0092376
0.00636396
0.00282843
0.00288675
0.00715542
0.00750555
0.00404145
0.00338062
0.0046188
0.0057735
0.0127279
0.00057735
0.0034641
0.0034641
0.000707107
0.000707107
0.00654654
0.00750555
0.0161658
0.00424264
0.00288675
0.0080829
0.00650641
0.0107984
0.00212132
0.00173205
0.0127017
0.00361478
0.00519615
0.00136626
0.0034641
0.00057735
0.00750555
0.00930949
0.00750555
0.000707107
0.00212132
0.00057735
0.0011547
0.0046188
0.00519615
0.00353553
0.00565685
0.0196299
0.0046188
0.0069282
0.00268328
0.0011547
0.00404145
0.0132791
0.00057735
0.00273252
0.00565685
0.00862554
0.0011547
0.00694742
0.00777817
0.00919239
0.0069282
0.00141421
0.0040332
0.00595539
0.00057735
0.0046188
0.00353553
0.00750555
0.00288675
0.00288675
0.00981495
0.00353553
0.00919239
0.00288675
0.00750555
0.0034641
0.00288675
0.00424264
0.0023094
0.00750555
0.0069282
0.00424264
0.00989949
0.0127279
0.00707107
0.00981495
0.0178979
0.0057735
0.00565685
0.00497996
0.004
0.00919239
0.0150111
0.00173205
0.0046188
0.00057735
0.00707107
0.0236023
0.0034641
0.00173205
0.0046188
0.00848528
0.0077275
0.0184752
0.00173205
0.034641
0.0023094
0.0103923
0.00282843
0.00282843
0.00981495
0.000707107
0.0011547
0.00862168
0.00057735
0.00907377
0.00141421
0.00173205
0.00282843
0.0121244
0.00519615
0.00152753
0.00212132
0.00848528
0.00282843
0.00282843
0.00831064
0.014038
0.0152927
0.00508593
0.0127504
0.0046188
0.0069282
0.00981495
0.0109697
0.0011547
0.019799
0.00608824
0.00450185
0.00424264
0.00282843
0.00424264
0.00409878
0.0057735
0.00173205
0.0212132
0.00057735
0.00636396
0.00404145
0.00636396
0.00750555
0.00707107
0.0080829
0.00707107
0.0034641
0.0121244
0.000707107
0.00550757
0.00424264
0.0011547
0.00353553
0.00866025
0.0011547
0.0069282
0.00141421
0.0120208
0.0127279
0.00848528
0.00329502
0.00404145
0.011547
0.00305505
0.00494975
0.00173205
0.00587367
0.019799
0.011
0.00866025
0.00173205
0.0121244
0.0057735
0.00353553
0.00141421
0.00494975
0.00519615
0.00473286
0.00717403
0.0054707
0.00707107
0.00424264
0.00457347
0.0148492
0.0106066
0.00919239
0.0023094
0.00750555
0.00212132
0.0109697
0.00848528
0.00919239
0.00288675
0.0115289
0.0011547
0.00793725
0.00212132
0.00866025
0.0057735
0.00635085
0.0131757
0.00282843
0.00848528
0.00282843
0.00750555
0.0057735
0.0023094
0.00750555
0.00173205
0.00494975
0.00404145
0.015629
0.00404145
0.0150111
0.00212132
0.00494975
0.011547
0.0011547
0.00173205
0.0023094
0.0057735
0.00565685
0.000707107
0.00314113
0.0011547
0.00458984
0.00494975
0.0113137
0.00458258
0.00497996
0.00314113
0.00212132
0.0040332
0.00635085
0.00173205
0.00057735
0.00268328
0.0055857
0.00173205
0.0242487
0.00777817
0.00225093
0.0248261
0.0057735
0.00707107
0.00282843
0.00848528
0.0057735
0.00550757
0.0034641
0.0118096
0.011547
0.00314113
0.0132791
0.017621
0.00707107
0.0176777
0.00777817
0.00288675
0.00424264
0.0155563
0.00424264
0.0109697
0.0187901
0.00154919
0.00057735
0.00644981
0.0161658
0.00989949
0.00848528
0.00141421
0.0217071
0.00057735
0.00437163
0.0011547
0.0023094
0.00212132
0.00707107
0.0034641
0.00494975
0.00565685
0.00057735
0.0103923
0.00212132
0.00919239
0.00141421
0.00602771
0.00236643
0.00494975
0.00282843
0.00353553
0.0162635
0.00494975
0.00404145
0.0080829
0.00636396
0.00503322
0.00494975
0.00777817
0.00424264
0.00173205
0.00424264
0.0011547
0.0023094
0.0011547
0.0080829
0.0183848
0.0113137
0.0023094
0.0109697
0.00494975
0.0057735
0.00404145
0.00212132
0.0057735
0.00173205
0.00212132
0.0102632
0.00351188
0.0011547
0.00057735
0.013435
0.00212132
0.0190919
0.0023094
0.00494975
0.0148492
0.00565685
0.0202073
0.00057735
0.00057735
0.0150111
0.00781452
0.0034641
0.0080829
0.000707107
0.0011547
0.00404145
0.00519615
0.00353553
0.00353553
0.00636396
0.00057735
0.0121244
0.00404145
0.0011547
0.00519615
0.0144338
0.0121244
0.00424264
0.0057735
0.00635085
0.00057735
0.0150111
0.0069282
0.00404145
0.019799
0.00565685
0.00694365
0.00288675
0.00404145
0.00707107
0.0113137
0.00494975
0.011547
0.0034641
0.00057735
0.0148492
0.0103923
0.00141421
0.00777817
0.0037238
0.0103923
0.00173205
0.00314113
0.00404145
0.00777817
0.00057735
0.00273252
0.00519615
0.00635085
0.00353553
0.0023094
0.00212132
0.0069282
0.00519615
0.00565685
0.00866025
0.0080829
0.0034641
0.00644981
0.0178979
0.0173205
0.00777817
0.00404145
0.0121244
0.00635085
0.00424264
0.00636396
0.0011547
0.00636396
0.0236714
0.0080829
0.00848528
0.00680686
0.0106066
0.00959166
0.0080829
0.0046188
0.00389872
0.0023094
0.0173205
0.00353553
0.0184752
0.00494975
0.00212132
0.00404145
0.00565685
0.00635085
0.00404145
0.00494975
0.00173205
0.00136626
0.00353553
0.00981495
0.021362
0.00635085
0.00212132
0.0119108
0.0069282
0.00353553
0.00288675
0.00212132
0.0061101
0.0127017
0.0069282
0.00141421
0.00404145
0.00287518
0.0132791
0.0043589
0.00919239
0.00282843
0.00404145
0.0166233
0.0034641
0.00750555
0.00866025
0.00282843
0.0011547
0.00866025
0.011547
0.00866025
0.00494975
0.00636396
0.00288675
0.0057735
0.0127279
0.00282843
0.00635085
0.00288675
0.0132791
0.00404145
0.00236643
0.00282843
0.00519615
0.0046188
0.0247487
0.00981495
0.0080829
0.00173205
0.0034641
0.0023094
0.00519615
0.00565685
0.00057735
0.00750555
0.00282843
0.00404145
0.00141421
0.00273252
0.00565685
0.0011547
0.00989949
0.013435
0.00535413
0.00212132
0.00212132
0.00057735
0.00848528
0.0034641
0.00896023
0.00057735
0.00424264
0.00989949
0.00650641
0.00212132
0.00848528
0.0092376
0.00173205
0.00895917
0.0138564
0.00781452
0.00173205
0.00212132
0.0046188
0.00288675
0.00404145
0.0011547
0.00057735
0.0011547
0.00353553
0.0155563
0.00794984
0.0103923
0.0034641
0.00173205
0.00494975
0.00288675
0.0023094
0.0161658
0.000707107
0.00136626
0.00866025
0.00288675
0.00989949
0.013435
0.00424264
0.00282843
0.0162635
0.00424264
0.00212132
0.0138564
0.001
0.00494975
0.004
0.00173205
0.00494975
0.0069282
0.00424264
0.019799
0.0034641
0.00707107
0.0120775
0.0106066
0.0207846
0.00635085
0.0148492
0.0131859
0.0011547
0.00636396
0.00353553
0.0136137
0.00565685
0.0109697
0.0108444
0.0109697
0.00173205
0.00258199
0.00057735
0.00173205
0.0011547
0.00288675
0.00544059
0.00173205
0.00057735
0.0011547
0.0080829
0.0057735
0.00057735
0.00981156
0.00282843
0.0155288
0.00309839
0.00636396
0.0046188
0.00424264
0.00777817
0.00404145
0.00866025
0.00602771
0.00057735
0.00404145
0.0123143
0.00565685
0.0183848
0.00173205
0.011639
0.00514782
0.00268328
0.0034641
0.00212132
0.00404145
0.002
0.0068313
0.00494975
0.00173205
0.00288675
0.00212132
0.00750555
0.013435
0.0106066
0.011547
0.0011547
0.0023094
0.0127279
0.00859457
0.0103923
0.00636396
0.00173205
0.00636396
0.0034641
0.00496208
0.0010328
0.00514782
0.00057735
0.0057735
0.00282843
0.00508593
0.00351188
0.00981495
0.00404145
0.0085049
0.0126491
0.00989949
0.0034641
0.00989949
0.00919239
0.00750555
0.0106066
0.0127279
0.00057735
0.00288675
0.0034641
0.00635085
0.00494975
0.009
0.00575036
0.0120208
0.019799
0.00057735
0.00136626
0.00894427
0.0034641
0.0023094
0.00173205
0.00173205
0.0011547
0.0190526
0.0092376
0.00848528
0.00264575
0.00141421
0.0155885
0.00981495
0.0109697
0.019799
0.0069282
0.0121244
0.0046188
0.00930054
0.00636396
0.00173205
0.0121244
0.00404145
0.00404145
0.0109697
0.0226274
0.0106066
0.0162635
0.0183848
0.0011547
0.0046188
0.0105153
0.00288675
0.00057735
0.0132791
0.00519615
0.00519615
0.00282843
0.00635085
0.0106066
0.0023094
0.00929994
0.00173205
0.00919239
0.0117443
0.00141421
0.00288675
0.00282843
0.00057735
0.00565685
0.00750555
0.0132791
0.01249
0.0023094
0.0109697
0.00057735
0.0161658
0.0011547
0.0837158
0.00981495
0.00251661
0.00236643
0.023094
0.0144338
0.0011547
0.00565685
0.00282843
0.00635085
0.00565685
0.00707107
0.00057735
0.00450925
0.0046188
0.0080829
0.00636396
0.0034641
0.00173205
0.00981495
0.00057735
0.00707107
0.00989949
0.0120968
0.0010328
0.00981495
0.0141421
0.0106066
0.00777817
0.00565685
0.00057735
0.0109697
0.00494975
0.0040332
0.0069282
0.00404145
0.00212132
0.0176777
0.00173205
0.00057735
0.0141421
0.0106066
0.00173205
0.00777817
0.00225093
0.00212132
0.00519615
0.00635085
0.00057735
0.0046188
0.00919239
0.000894427
0.00866025
0.00494975
0.00636396
0.00866025
0.00404145
0.00212132
0.00777817
0.00173205
0.0132791
0.0034641
0.00389872
0.00519615
0.00804984
0.004
0.00565685
0.00989949
0.00173205
0.00288675
0.0023094
0.0138564
0.00981495
0.000516398
0.00278089
0.0110071
0.00173205
0.00519615
0.0057735
0.0103923
0.0011547
0.00777817
0.00404145
0.00494975
0.00636396
0.00288675
0.00630079
0.00141421
0.0057735
0.0034641
0.00288675
0.0057735
0.0046188
0.00848528
0.00494975
0.00057735
0.0142642
0.0080829
0.00848528
0.000516398
0.00404145
0.0023094
0.0207846
0.00314113
0.0011547
0.0080829
0.00353553
0.00404145
0.00173205
0.0011547
0.00173205
0.0011547
0.0127017
0.00057735
0.0129409
0.00338625
0.0023094
0.000516398
0.0011547
0.0069282
0.00635085
0.00981495
0.0032249
0.00989949
0.00989949
0.00777817
0.00635085
0.00057735
0.0092376
0.0011547
0.00057735
0.00057735
0.00057735
0.0023094
0.00057735
0.0034641
0.00173205
0.00057735
0.0080829
0.00777817
0.00544059
0.00173205
0.0032249
0.0023094
0.0184752
0.00057735
0.00288675
0.0141421
0.00424264
0.0023094
0.0106066
0.000707107
0.0125831
0.00360555
0.00472582
0.0118322
0.00173205
0.00750555
0.0102632
0.0092376
0.00351188
0.0092376
0.00586515
0.0092376
0.00707107
0.00981495
0.00288675
0.0051316
0.00635085
0.00707107
0.0011547
0.00409878
0.00707107
0.0226274
0.00205287
0.00173205
0.0111833
0.00353553
0.013435
0.0148492
0.0023094
0.0046188
0.011547
0.0103923
0.00565685
0.0069282
0.0155885
0.00853229
0.00750555
0.0011547
0.0155885
0.0034641
0.00057735
0.00450185
0.00424264
0.0046188
0.00519615
0.00360555
0.0069282
0.0011547
0.00494975
0.0023094
0.0113137
0.00173205
0.00057735
0.00494975
0.0092376
0.0127017
0.00635085
0.00404145
0.00988826
0.00361478
0.00236643
0.00057735
0.0155563
0.00273252
0.00057735
0.00353553
0.00565685
0.0104083
0.00361478
0.00173205
0.0183848
0.0057735
0.0046188
0.0034641
0.00447214
0.00981156
0.00628225
0.00919239
0.00750555
0.00981495
0.00636396
0.00404145
0.026163
0.00981495
0.00919239
0.00919239
0.000707107
0.0034641
0.0034641
0.00565685
0.0148492
0.00925563
0.0138564
0.0121244
0.0023094
0.00702377
0.0144338
0.00519615
0.0069282
0.00519615
0.0011547
0.0011547
0.0034641
0.00707107
0.00404145
0.00707107
0.0011547
0.00057735
0.00519615
0.00981495
0.00057735
0.00635085
0.00305505
0.00635085
0.0155563
0.0144338
0.0011547
0.0023094
0.0121244
0.0011547
0.00919239
0.00251661
0.00424264
0.013732
0.00288675
0.00424264
0.0080829
0.00848528
0.00305505
0.00057735
0.0023094
0.00777817
0.00273252
0.00449603
0.0023094
0.0116962
0.0023094
0.0144338
0.00519615
0.00353553
0.00057735
0.00057735
0.00647045
0.00303124
0.00895164
0.00296407
0.0034641
0.0023094
0.00173205
0.00353553
0.011547
0.0121244
0.0143944
0.00424264
0.00895917
0.0138564
0.00288675
0.00636396
0.0046188
0.00602771
0.00404145
0.0023094
0.0023094
0.0018619
0.00141421
0.00288675
0.00424264
0.00635085
0.0011547
0.0011547
0.0011547
0.00777817
0.00494975
0.00057735
0.00519615
0.00288675
0.00586515
0.0172743
0.00565685
0.0011547
0.00416333
0.0144338
0.00494975
0.0139714
0.00866025
0.008
0.00862168
0.00057735
0.000516398
0.0061101
0.0212132
1.01729
0.00288675
0.0169706
0.00536656
0.00565685
0.00832666
0.00707107
0.00989949
0.00353553
0.00212132
0.00057735
0.00519615
0.00707107
0.0023094
0.00565685
0.00288675
0.0110604
0.00866025
0.00212132
0.00057735
0.0161658
0.0011547
0.0080829
0.00750555
0.0103666
0.00424264
0.00141421
0.0127279
0.0126596
0.0103923
0.00057735
0.0046188
0.00136626
0.00173205
0.0129099
0.00635085
0.0132791
0.00288675
0.00565685
0.00353553
0.0069282
0.00777817
0.00173205
0.00707107
0.00141421
0.00424264
0.00777817
0.00519615
0.00424264
0.0108332
0.00141421
0.00750555
0.00282843
0.00154919
0.00288675
0.0023094
0.00173205
0.00353553
0.00136626
0.0011547
0.0092376
0.0275772
0.00268328
0.0011547
0.0011547
0.0106066
0.0150111
0.00404145
0.0109697
0.013435
0.00288675
0.00057735
0.00575036
0.00989949
0.00353553
0.00494975
0.00565685
0.00777817
0.00848528
0.00057735
0.00494975
0.00424264
0.00057735
0.0034641
0.00848528
0.0069282
0.00282843
0.0106066
0.00707107
0.0034641
0.0121244
0.00635085
0.00387298
0.00282843
0.00057735
0.000707107
0.00565685
0.00565685
0.0011547
0.00989949
0.00810643
0.00141421
0.00282843
0.00848528
0.0277128
0.00707107
0.00288675
0.0155885
0.00057735
0.0023094
0.0010328
0.0034641
0.00424264
0.00212132
0.00956382
0.00919239
0.00212132
0.0127017
0.00434248
0.00295758
0.0101338
0.00787769
0.0011547
0.0034641
0.00690652
0.00404145
0.00519615
0.00404145
0.00707107
0.0172627
0.0132791
0.0120208
0.00960902
0.00057735
0.0011547
0.00057735
0.00254951
0.00636396
0.011547
0.00288675
0.00707107
0.00282843
0.00848528
0.00353553
0.0023094
0.0113255
0.0134784
0.0011547
0.0325269
0.00424264
0.0092376
0.00325137
0.00777817
0.00057735
0.00535413
0.0127279
0.0120208
0.00793725
0.00212132
0.0112694
0.00173205
0.000707107
0.0106066
0.00404145
0.0023094
0.00866025
0.00494975
0.0034641
0.00494975
0.00635085
0.0127017
0.00989949
0.00282843
0.00282843
0.0023094
0.00635085
0.0011547
0.00288675
0.00565685
0.00212132
0.00750555
0.0080829
0.0034641
0.00282843
0.00707107
0.00057735
0.00404145
0.00178885
0.0011547
0.0113137
0.000894427
0.00424264
0.0011547
0.0011547
0.0157771
0.00989949
0.0069282
0.0034641
0.0046188
0.00650641
0.00550757
0.0121244
0.0011547
0.00424264
0.00057735
0.00057735
0.0130512
0.0046188
0.0092376
0.00173205
0.0120208
0.0127279
0.00636396
0.00707107
0.0141421
0.00288675
0.0114419
0.0034641
0.00057735
0.00424264
0.0109697
0.0011547
0.000516398
0.00777817
0.00141421
0.00636396
0.00173205
0.00212132
0.00057735
0.0113137
0.011547
0.0011547
0.0176777
0.00353553
0.0141421
0.00258199
0.00494975
0.00057735
0.0169706
0.0275772
0.00503322
0.00141421
0.000516398
0.00282843
0.0118322
0.0106066
0.00919239
0.00777817
0.0120208
0.00565685
0.0162635
0.00282843
0.00777817
0.00057735
0.00288675
0.018735
0.015695
0.00964365
0.00057735
0.00404145
0.0106066
0.00173205
0.0162635
0.00636396
0.0068313
0.00613052
0.0346482
0.0176777
0.0162635
0.00057735
0.0051316
0.0190526
0.00173205
0.00494975
0.00565685
0.00636396
0.00282843
0.00273252
0.00288675
0.0080829
0.0109697
0.00282843
0.00848528
0.0132791
0.00353553
0.0339411
0.00866025
0.00565685
0.00565685
0.0381838
0.00719126
0.0011547
0.0127227
0.013435
0.00750555
0.0023094
0.0289914
0.00173205
0.00057735
0.00057735
0.00985224
0.00750555
0.00450925
0.00178885
0.00636396
0.0183848
0.0148492
0.0011547
0.0023094
0.0205061
0.00929157
0.00777817
0.0121244
0.842931
0.650697
0.00057735
0.00057735
0.00057735
0.0138564
0.0080829
0.0103923
0.00173205
0.00136626
0.0121244
0.0011547
0.0132791
0.00057735
0.00057735
0.00116496
0.0113959
0.0011547
0.00057735
0.000894427
0.00154919
0.0129099
0.000516398
0.0105017
0.0107537
0.000886405
0.0010328
0.0102545
0.00160357
0.00125831
0.00624985
0.0085703
0.00136626
0.00636396
0.0162635
0.0034641
0.00212132
0.00919239
0.793279
0.0011547
0.00057735
0.832901
0.00781025
0.00173205
0.00057735
0.00848528
0.00353553
0.00212132
0.00357571
0.00288675
0.0011547
0.0023094
0.0132791
0.00212132
0.00636396
0.0109697
0.00494975
0.00636396
0.00288675
0.00212132
0.0109909
0.0046188
0.00057735
0.00173205
0.00057735
0.00636396
0.00565685
0.0113137
0.00919239
0.0148492
0.0034641
0.0109697
0.0023094
0.00173205
0.011547
0.010562
0.00353553
0.00141421
0.00424264
0.000707107
0.00866025
0.00057735
0.00141421
0.0148492
0.00351188
0.00494975
0.0011547
0.00707107
0.0092376
0.0211975
0.000707107
0.00282843
0.0162635
0.00353553
0.0046188
0.00848528
0.00282843
0.00424264
0.00754983
0.00173205
0.00777817
0.00353553
0.00565685
0.0074162
0.00173205
0.0106066
1.27537
0.0080829
0.011547
0.0144338
1.25747
0.00635085
0.00636396
0.00141421
0.0113137
0.00777817
0.0131757
0.00707107
0.00353553
0.00424264
0.0141421
0.967775
0.00057735
0.00985224
0.00141421
0.011547
0.00636396
0.00136626
0.00057735
0.00777817
0.0113137
0.00057735
0.00707107
0.0212132
0.00707107
0.00848528
0.00353553
0.00057735
0.00956382
0.00305505
0.00141421
1.19916
0.00265718
0.00264575
0.000937437
0.0131757
0.00565685
0.00750555
0.00974252
0.00494975
0.0162635
0.00848528
0.0023094
0.0109697
0.00057735
0.0046188
0.0141421
0.0011547
0.00353553
0.0113137
0.00057735
0.0148492
0.00424264
0.0011547
0.00057735
0.00424264
0.00173205
0.00057735
0.00057735
0.00173205
0.0034641
0.00136626
0.00173205
0.00636396
0.0121244
0.00565685
0.00707107
0.00424264
0.0121244
0.00763763
0.00919239
0.0127017
0.00057735
0.00288675
0.00212132
0.00057735
0.0183848
0.00707107
0.00777817
0.00565685
0.00424264
0.00424264
0.00141421
0.0113137
0.00057735
0.00424264
0.00565685
0.00494975
0.00141421
0.00173205
0.00550757
0.00919239
0.00707107
0.00173205
0.00212132
0.00848528
0.0023094
0.00212132
0.00565685
0.00305505
0.00173205
0.00057735
0.00057735
0.0011547
0.00707107
0.00777817
0.00353553
0.0176777
0.00141421
0.0113137
0.00565685
0.013435
0.0023094
0.0113725
0.0011547
0.0113137
0.00288675
0.00173205
0.005
0.00707107
0.00519615
0.00494975
0.0155563
0.00353553
0.0011547
0.00173205
0.00212132
0.00494975
0.0011547
0.0127017
0.00212132
0.00404145
0.00424264
0.00141421
0.000894427
0.00173205
0.00494975
0.00236643
0.0011547
0.00057735
0.00353553
0.0148492
0.00282843
0.00173205
0.00519615
0.0010328
0.0092376
0.00173205
0.00424264
0.0120208
0.00919239
0.00565685
0.00519615
0.00288675
0.00173205
0.00173205
0.00057735
0.000534522
0.00494975
0.0023094
0.00057735
0.0109697
0.00404145
0.000516398
0.00245855
0.00130931
0.011547
0.000707107
0.0011547
0.0105956
0.0023094
0.0190919
0.00057735
0.00057735
0.00636396
0.00636396
0.00212132
0.0011547
0.00494975
0.0061101
0.00494975
0.00057735
0.00057735
0.00173205
0.00173205
0.0127017
0.0116962
0.0113137
0.00212132
0.0190919
0.0132791
0.00173205
0.00353553
0.00793725
0.0113137
0.007
0.000707107
0.00565685
0.00057735
0.00212132
0.0106066
0.00173205
0.0161658
0.00750555
0.00141421
0.0113137
0.00282843
0.00707107
0.00636396
0.000707107
0.00282843
0.00707107
0.0205061
0.00665833
0.0127279
0.00282843
0.0023094
0.0169706
0.0240416
0.00404145
0.00057735
0.00353553
0.00494975
0.00989949
0.00848528
0.0101448
0.00707107
0.0023094
0.00173205
0.00981495
0.000755929
0.00519615
0.0212132
0.0113137
0.00173205
0.00698468
0.00961455
0.00527142
0.00205287
0.0042269
0.0107909
0.0034641
0.0010328
0.00057735
0.00092582
0.00173205
0.00057735
0.00969307
0.0011547
0.0113608
0.00057735
0.000894427
0.0011547
0.00173205
0.0122093
0.0044121
0.00136626
0.0069857
0.00136626
0.000755929
0.00057735
0.0132791
0.000516398
0.000516398
0.00173205
0.0129099
0.00057735
0.00750555
0.0080829
0.00057735
0.0035051
0.00981495
0.0132791
0.0034641
0.00173205
0.00154919
0.011547
0.0080829
0.00774597
0.00913601
0.0011547
0.00635085
0.00866025
0.00057735
0.0011547
0.000894427
0.00057735
0.0018619
0.00852708
0.0102956
0.00057735
0.00057735
0.0010328
0.00882421
0.0144338
0.00811583
0.00057735
0.0010328
0.0010328
0.0107373
0.00057735
0.0011547
0.00539135
0.0011547
0.000894427
0.000516398
0.00057735
0.00057735
0.0011547
0.0132791
0.00057735
0.00288675
0.000516398
0.00057735
0.00057735
0.0103923
0.0144338
0.023094
0.00057735
0.00866025
0.0023094
0.0011547
0.0090037
0.0011547
0.0150111
0.000864438
0.000894427
0.00801665
0.00353553
0.0106066
0.013435
0.0103923
0.00173205
0.000516398
0.000516398
0.00057735
0.011547
0.0109697
0.00057735
0.0011547
0.00154919
0.00288675
0.0010328
0.0131757
0.0023094
0.00057735
0.00288675
0.0023094
0.00057735
0.00057735
0.00981495
0.000886405
0.00057735
0.00057735
0.00173205
0.0011547
0.0109697
0.00492612
0.00862554
0.00057735
0.00057735
0.000886405
0.00519615
0.0011547
0.00057735
0.00057735
0.000894427
0.0011547
0.0092376
0.00404145
0.00173205
0.00057735
0.00057735
0.00057735
0.00314113
0.00288675
0.0011547
0.00057735
0.00057735
0.00057735
0.0011547
0.0011547
0.0213812
0.0508068
0.0271355
0.0011547
0.000516398
0.00057735
0.00057735
0.00057735
0.0011547
0.000894427
0.0010328
0.00519615
0.00981495
0.00141421
0.00875785
0.00057735
0.00057735
0.0124258
0.0011547
0.00636396
0.0046188
0.00919239
0.00777817
0.00565685
0.00494975
0.00057735
0.00655744
0.00636396
0.00565685
0.0169706
0.00777817
0.0120208
0.00057735
0.00321455
0.00919239
0.0132791
0.0205061
0.00057735
0.0023094
0.0023094
0.00353553
0.00636396
0.0010328
0.00976615
0.00190238
0.00228963
0.0121244
0.00173205
0.0011547
0.00636396
0.00057735
0.00707107
0.0205061
0.0011547
0.0148492
0.0138564
0.00565685
0.0136504
0.012842
0.00212132
0.00057735
0.0115326
0.00777817
0.0138564
0.00353553
0.0011547
0.0118025
0.0148492
0.00057735
0.0121244
0.00919239
0.0011547
0.0106066
0.00565685
0.00565685
0.00707107
0.00141421
0.00424264
0.0109697
0.0141421
0.012897
0.00212132
0.00057735
0.0113137
0.013435
0.0141421
0.00776745
0.0190919
0.00494975
0.00282843
0.0169706
0.00494975
0.0011547
0.00404145
0.00989949
0.00173205
0.00777817
0.00141421
0.013435
0.0011547
0.00636396
0.0176163
0.00636396
0.019799
0.00989949
0.013435
0.00424264
0.00919239
0.0034641
0.00212132
0.0034641
0.00212132
0.0120208
0.00707107
0.00424264
0.00353553
0.00565685
0.00848528
0.0162635
0.00057735
0.003
0.00848528
0.00141421
0.00282843
0.00565685
0.0011547
0.00981495
0.00212132
0.0069282
0.00424264
0.00848528
0.00057735
0.013435
0.00494975
0.00353553
0.00989949
0.00057735
0.005
0.0162635
0.0176777
0.00424264
0.00989949
0.00424264
0.0148492
0.0023094
0.0011547
0.00141421
0.00424264
0.00424264
0.0023094
0.00057735
0.0149332
0.00353553
0.0176777
0.00565685
0.000707107
0.00777817
0.00353553
0.0177764
0.00750111
0.00565685
0.00141421
0.00636396
0.00225093
0.000603023
0.0100222
0.001557
0.00831064
0.00173205
0.00878382
0.000755929
0.0013355
0.0010328
0.00501865
0.0118322
0.00154919
0.00717403
0.00130931
0.0011547
0.000707107
0.0106066
0.00212132
0.0141421
0.00989949
0.0106066
0.00404145
0.0116762
0.00989949
0.00152753
0.00141421
0.00848528
0.0113137
0.00777817
0.0183848
0.00353553
0.00777817
0.00424264
0.00282843
0.00424264
0.00212132
0.00353553
0.00212132
0.00424264
0.00989949
0.00282843
0.0311127
0.00424264
0.0480833
0.00141421
