0.00546504
0.00046291
0.00250713
0.00258199
0.00057735
0.00136626
0.0023094
0.00519615
0.0147573
0.0046188
0.00057735
0.00057735
0.0011547
0.006
0.0115441
0.0119912
0.0145663
0.0011547
0.0206103
0.023094
0.0023094
0.00173205
0.0023094
0.00309839
0.00287518
0.00057735
0.00057735
0.00250713
0.0032249
0.000894427
0.0011547
0.0012673
0.00368782
0.00227058
0.00635085
0.00236643
0.0033731
0.0011547
0.00220389
0.00276457
0.0101412
0.0132791
0.00389872
0.0057735
0.00635085
0.00057735
0.00288675
0.00236643
0.00302372
0.00173205
0.00288675
0.0011547
0.00835477
0.0236714
0.0140697
0.00450641
0.00136626
0.00057735
0.00575036
0.0149514
0.019835
0.010315
0.0177062
0.00173205
0.00046291
0.000516398
0.000389249
0.000421637
0.000389249
0.00173205
0.00288675
0.0173205
0.00057735
0.0023094
0.0010328
0.00508593
0.0035051
0.00812677
0.00441022
0.0130489
0.0168954
0.0167658
0.0147874
0.00057735
0.0057735
0.00173205
0.00177281
0.00173205
0.00349489
0.00173205
0.0023094
0.0011547
0.0092376
0.00288675
0.0155885
0.0173205
0.00519615
0.00705084
0.00329502
0.00228963
0.00206559
0.00276457
0.00314113
0.00136626
0.00206559
0.00057735
0.00154919
0.000894427
0.0018619
0.000516398
0.0107827
0.0122093
0.00686185
0.0102607
0.010542
0.00449197
0.0165108
0.015121
0.0136929
0.01195
0.0118074
0.0126981
0.0190526
0.00057735
0.00378594
0.0063314
0.00160357
0.00178885
0.00380789
0.00361478
0.00433235
0.00158114
0.000718795
0.000341565
0.00253461
0.0063456
0.00707883
0.00355278
0.00694365
0.0118096
0.00276457
0.00295758
0.00057735
0.00288675
0.00802809
0.00923924
0.0110791
0.0078475
0.00344518
0.00519615
0.00362706
0.00276297
0.00231574
0.000516398
0.00046291
0.000389249
0.00849706
0.0136999
0.0104879
0.0103037
0.0145798
0.00895917
0.00173205
0.000516398
0.00136626
0.00469042
0.00057735
0.0023094
0.0046188
0.00404145
0.0011547
0.00981495
0.0102892
0.0023094
0.01958
0.00879197
0.0129252
0.0120097
0.0091794
0.0127251
0.00635085
0.00332738
0.00473286
0.00914955
0.00374166
0.00122927
0.00185164
0.00442217
0.00046291
0.00154919
0.00287518
0.00057735
0.00327062
0.00437526
0.00136626
0.00491614
0.00338625
0.00288675
0.00404145
0.00102711
0.00580491
0.00837987
0.00859221
0.0102632
0.00774597
0.0057735
0.00288675
0.00185164
0.00265922
0.0011547
0.0092376
0.0069282
0.0149738
0.00473286
0.0046188
0.021362
0.00173205
0.0011547
0.00057735
0.00057735
0.00154919
0.00057735
0.00046291
0.00057735
0.00057735
0.0011547
0.000516398
0.00057735
0.00046291
0.00057735
0.00057735
0.0018619
0.00183787
0.00057735
0.0011547
0.0011547
0.000516398
0.0011547
0.00057735
0.00057735
0.00057735
0.00057735
0.00057735
0.00057735
0.00057735
0.00057735
0.00057735
0.0011547
0.0011547
0.00107497
0.00057735
0.00057735
0.00173205
0.00057735
0.00173205
0.00057735
0.000516398
0.00057735
0.00057735
0.0011547
0.00046291
0.00173205
0.00057735
0.00173205
0.00057735
0.00057735
0.00057735
0.00057735
0.0023094
0.00154919
0.000894427
0.00057735
0.000516398
0.00057735
0.00057735
0.00057735
0.00057735
0.00057735
0.00057735
0.00057735
0.00057735
0.00173205
0.00057735
0.00057735
0.00173205
0.00057735
0.00057735
0.00173205
0.00057735
0.00057735
0.00057735
0.00057735
0.00057735
0.00057735
0.00173205
0.0011547
0.00057735
0.00057735
0.00057735
0.00057735
0.000707107
0.00057735
0.0023094
0.00057735
0.0023094
0.000516398
0.00057735
0.00288675
0.00057735
0.00353553
0.00057735
0.000707107
0.00282843
0.000707107
0.00057735
0.00057735
0.0363731
0.0357957
0.00353553
0.00282843
0.0415692
0.000707107
0.00353553
0.000516398
0.00424264
0.00057735
0.000707107
0.000516398
0.00494975
0.00424264
0.00057735
0.00057735
0.00057735
0.000516398
0.000516398
0.000516398
0.000707107
0.00057735
0.00353553
0.000516398
0.00057735
0.00057735
0.00057735
0.00057735
0.00057735
0.0034641
0.000707107
0.000707107
0.00057735
0.000707107
0.000363137
0.00057735
0.00057735
0.00057735
0.000707107
0.000707107
0.000707107
0.00057735
0.000707107
0.00057735
0.00057735
0.00057735
0.00057735
0.000516398
0.000516398
0.00057735
0.000707107
0.000707107
0.000707107
0.000707107
0.00057735
0.00057735
0.000707107
0.000707107
0.00057735
0.00057735
0.000707107
0.00057735
0.00057735
0.000516398
0.00057735
0.00057735
0.00288675
0.0034641
0.000707107
0.0023094
0.00057735
0.00057735
0.000707107
0.00057735
0.000707107
0.000707107
0.000516398
0.000492366
0.000238833
0.000707107
0.000421637
0.00057735
0.00057735
0.00057735
0.000707107
0.00057735
0.000707107
0.000516398
0.00057735
0.000707107
0.00057735
0.000707107
0.00057735
0.00057735
0.00057735
0.00057735
0.000707107
0.00057735
0.00141421
0.00057735
0.00057735
0.00057735
0.000707107
0.00057735
0.00057735
0.00057735
0.0756329
0.00057735
0.00057735
0.00057735
0.00057735
0.00057735
0.00057735
0.000516398
0.000516398
0.00057735
0.00057735
0.00057735
0.00057735
0.000516398
0.000516398
0.00057735
0.000516398
0.000468807
0.000492366
0.000421637
0.0010328
0.000516398
0.00057735
0.000516398
0.00046291
0.00057735
0.00057735
0.000516398
0.000516398
0.000468807
0.000516398
0.00057735
0.000516398
0.000485071
0.000516398
0.000516398
0.000516398
0.000468807
0.000516398
0.000513553
0.000513553
0.000468807
0.00051131
0.000470679
0.000499554
0.00051131
0.000516398
0.00057735
0.00046291
0.000516398
0.000516398
0.000534522
0.00046291
0.000389249
0.000516398
0.00057735
0.000516398
0.000516398
0.000389249
0.00046291
0.000485071
0.000421637
0.00046291
0.000492366
0.0005
0.00050361
0.000363137
0.0005
0.000421637
0.00046291
0.00057735
0.00057735
0.000421637
0.00057735
0.00057735
0.000707107
0.0011547
0.000707107
0.000516398
0.00057735
0.0011547
0.000707107
0.00057735
0.00057735
0.00057735
0.001
0.00057735
0.00057735
0.000707107
0.000707107
0.00057735
0.00057735
0.00057735
0.000707107
0.0011547
0.0011547
0.000707107
0.00057735
0.00141421
0.000707107
0.00057735
0.00057735
0.000707107
0.00141421
0.000707107
0.00057735
0.00057735
0.00057735
0.00057735
0.00057735
0.00057735
0.000516398
0.0011547
0.000707107
0.000707107
0.090644
0.000707107
0.000707107
0.00057735
0.000707107
0.090644
0.00057735
0.000707107
0.000707107
0.00057735
0.000707107
0.000707107
0.00057735
0.000707107
0.00141421
0.00057735
0.000707107
0.00057735
0.00141421
0.000707107
0.0011547
0.0011547
0.000707107
0.0011547
0.00057735
0.00141421
0.00141421
0.00057735
0.00057735
0.000707107
0.000707107
0.000707107
0.00057735
0.000707107
0.00212132
0.00057735
0.00057735
0.00057735
0.000707107
0.000707107
0.000707107
0.00057735
0.000707107
0.00057735
0.00057735
0.00141421
0.000886405
0.0958401
0.00141421
0.000707107
0.000707107
0.000707107
0.0011547
0.000707107
0.00057735
0.000707107
0.00057735
0.000707107
0.000707107
0.000707107
0.00141421
0.00057735
0.000707107
0.00141421
0.00057735
0.00057735
0.000707107
0.00057735
0.00141421
0.00141421
0.00057735
0.00141421
0.00057735
0.00141421
0.000707107
0.00057735
0.00057735
0.000707107
0.00057735
0.00141421
0.000707107
0.00141421
0.00141421
0.00353553
0.000707107
0.000707107
0.000707107
0.000516398
0.00057735
0.00057735
0.00057735
0.00057735
0.00173205
0.00173205
0.0023094
0.00057735
0.00057735
0.00141421
0.00057735
0.00057735
0.00173205
0.00057735
0.00057735
0.00173205
0.00057735
0.00057735
0.00057735
0.00519615
0.0011547
0.0011547
0.00057735
0.00057735
0.00057735
0.00057735
0.00057735
0.0023094
0.000516398
0.0011547
0.00173205
0.00057735
0.00057735
0.00057735
0.00288675
0.000516398
0.00057735
0.00057735
0.0010328
0.000516398
0.0011547
0.000516398
0.00057735
0.00057735
0.00057735
0.00057735
0.00057735
0.000516398
0.0011547
0.0057735
0.00057735
0.00173205
0.00057735
0.000894427
0.00057735
0.00057735
0.0046188
0.00057735
0.00057735
0.00404145
0.00057735
0.00057735
0.00057735
0.00173205
0.0011547
0.00057735
0.0023094
0.0011547
0.00057735
0.00057735
0.00057735
0.0155885
0.00519615
0.00930054
0.00057735
0.0080829
0.0011547
0.00057735
0.0011547
0.00057735
0.0011547
0.0178979
0.00057735
0.0023094
0.00057735
0.00057735
0.00173205
0.000516398
0.00519615
0.00173205
0.00057735
0.00057735
0.0023094
0.00288675
0.00057735
0.00057735
0.00288675
0.00057735
0.0011547
0.0010328
0.00519615
0.00057735
0.00057735
0.00057735
0.0011547
0.000534522
0.00057735
0.00057735
0.00057735
0.00173205
0.000516398
0.0023094
0.000516398
0.00057735
0.0023094
0.00288675
0.00057735
0.000516398
0.000516398
0.000516398
0.00173205
0.00287518
0.00173205
0.00057735
0.00173205
0.00057735
0.0011547
0.0011547
0.00288675
0.00173205
0.00173205
0.00173205
0.0011547
0.00057735
0.00057735
0.00338625
0.00287518
0.00057735
0.0110393
0.00309839
0.0092376
0.00791623
0.00981495
0.00057735
0.00057735
0.0103475
0.0121374
0.00057735
0.000516398
0.0010328
0.0011547
0.00116496
0.00057735
0.00057735
0.00288675
0.00136626
0.00057735
0.0010328
0.00173205
0.00175255
0.00206559
0.00057735
0.00057735
0.00057735
0.00057735
0.00057735
0.00057735
0.00057735
0.00057735
0.0011547
0.00173205
0.00173205
0.0011547
0.00173205
0.00057735
0.00057735
0.00057735
0.00057735
0.00057735
0.00154919
0.00057735
0.0011547
0.00057735
0.00517863
0.00173205
0.002
0.00057735
0.0034641
0.0044121
0.00634147
0.0057735
0.00361478
0.0127017
0.0068313
0.0044121
0.00797724
0.0023094
0.00057735
0.000516398
0.000516398
0.000516398
0.0123933
0.0125326
0.0123935
0.00057735
0.0127017
0.00057735
0.00057735
0.00057735
0.00057735
0.0011547
0.00057735
0.00057735
0.00288675
0.0023094
0.00057735
0.000516398
0.00057735
0.00057735
0.00057735
0.00057735
0.000516398
0.0023094
0.00057735
0.00057735
0.00403556
0.00273252
0.00628225
0.00544059
0.00875249
0.00750111
0.00404145
0.0080829
0.00404145
0.0069282
0.00265922
0.00057735
0.000666667
0.0010328
0.00046291
0.00057735
0.0040332
0.0105424
0.00547446
0.00717403
0.00519615
0.00057735
0.00057735
0.0132791
0.013898
0.0147241
0.0121244
0.000516398
0.0135876
0.00057735
0.00173205
0.00057735
0.0011547
0.0105451
0.00492612
0.00989276
0.00272947
0.0173205
0.0150111
0.00750555
0.00057735
0.00057735
0.00057735
0.00057735
0.000516398
0.00136626
0.0108364
0.00938786
0.00862554
0.00057735
0.00956382
0.00887113
0.0108033
0.00173205
0.00173205
0.0080829
0.00635085
0.00057735
0.00136626
0.0034641
0.00057735
0.000516398
0.00450185
0.00916515
0.00786947
0.0122445
0.0132315
0.00309839
0.00925727
0.0130333
0.00645732
0.00837022
0.0069282
0.00404145
0.0023094
0.011547
0.00154919
0.00883428
0.00057735
0.00309839
0.00946573
0.00330289
0.0129718
0.00361478
0.00539135
0.0144338
0.00057735
0.00057735
0.0034641
0.00680336
0.00169031
0.0080829
0.00288675
0.00205287
0.00403556
0.000755929
0.0073212
0.0051757
0.00595539
0.00057735
0.010328
0.00928901
0.00541603
0.00581951
0.000516398
0.000755929
0.00620394
0.0044121
